ra<-c(1,1.00424,1.00843,1.01263,1.01684,1.02106,1.02529,1.02954,1.03379,1.03806,1.04234,1.04663,1.05093,1.05525,1.05957,1.06391,1.06826,1.07263,1.077,1.08138,1.08578,1.09019,1.09461,1.09905,1.10349,1.10795,1.11242,1.1169,1.12139,1.1259,1.13042,1.13495,1.13949,1.14404,1.14861,1.15319,1.15778,1.16238,1.16699,1.17162,1.17626,1.18091,1.18557,1.19025,1.19494,1.19964,1.20435,1.20907,1.21381,1.21856,1.22332,1.2281,1.23288,1.23768,1.24249,1.24732,1.25215,1.257,1.26186,1.26674,1.27163,1.27652,1.28144,1.28636,1.2913,1.29625,1.30121,1.30618,1.31117,1.31617,1.32118,1.32621,1.33125,1.3363,1.34136,1.34644,1.35153,1.35663,1.36174,1.36687,1.37201,1.37717,1.38233,1.38751,1.3927,1.39791,1.40313,1.40836,1.4136,1.41886,1.42413,1.42941,1.43471,1.44002,1.44534,1.45068,1.45602,1.46139,1.46676,1.47215,1.47755,1.48296,1.48839,1.49383,1.49929,1.50475,1.51023,1.51573,1.52123,1.52675,1.53229,1.53784,1.5434,1.54897,1.55456,1.56016,1.56577,1.5714,1.57704,1.5827,1.58836,1.59404,1.59974,1.60545,1.61117,1.61691,1.62266,1.62842,1.6342,1.63999,1.64579,1.65161,1.65744,1.66328,1.66914,1.67501,1.6809,1.6868,1.69271,1.69864,1.70458,1.71054,1.71651,1.72249,1.72849,1.7345,1.74052,1.74656,1.75261,1.75868,1.76476,1.77086,1.77696,1.78309,1.78922,1.79537,1.80154,1.80772,1.81391,1.82012,1.82634,1.83258,1.83882,1.84509,1.85137,1.85766,1.86397,1.87029,1.87662,1.88297,1.88933,1.89571,1.9021,1.90851,1.91493,1.92137,1.92782,1.93428,1.94076,1.94725,1.95376,1.96028,1.96682,1.97337,1.97993,1.98651,1.99311,1.99972,1.78566,1.56575,1.36468,1.18161,1.01568,1.00386,1.00825,1.01265,1.01706,1.02148,1.02591,1.03036,1.03483,1.0393,1.04379,1.04829,1.0528,1.05733,1.06187,1.06642,1.07098,1.07556,1.08015,1.08476,1.08937,1.094,1.09865,1.1033,1.10797,1.11266,1.11735,1.12206,1.12678,1.13152,1.13627,1.14103,1.14581,1.1506,1.1554,1.16021,1.16504,1.16988,1.17474,1.17961,1.18449,1.18939,1.1943,1.19922,1.20416,1.20911,1.21407,1.21905,1.22404,1.22904,1.23406,1.23909,1.24413,1.24919,1.25427,1.25935,1.26445,1.26957,1.27469,1.27983,1.28499,1.29016,1.29534,1.30054,1.30575,1.31097,1.31621,1.32146,1.32673,1.33201,1.3373,1.34261,1.34793,1.35327,1.35862,1.36398,1.36936,1.37475,1.38016,1.38558,1.39102,1.39647,1.40193,1.40741,1.4129,1.41841,1.42393,1.42946,1.43501,1.44057,1.44615,1.45174,1.45735,1.46297,1.46861,1.47426,1.47992,1.4856,1.49129,1.497,1.50272,1.50846,1.51421,1.51998,1.52576,1.53155,1.53736,1.54319,1.54903,1.55488,1.56075,1.56663,1.57253,1.57845,1.58437,1.59032,1.59627,1.60225,1.60823,1.61424,1.62025,1.62629,1.63233,1.6384,1.64447,1.65056,1.65667,1.66279,1.66893,1.67508,1.68125,1.68743,1.69363,1.69984,1.70607,1.71231,1.71857,1.72485,1.73114,1.73744,1.74376,1.75009,1.75644,1.76281,1.76919,1.77559,1.782,1.78842,1.79487,1.80132,1.8078,1.81429,1.82079,1.82731,1.83385,1.8404,1.84696,1.85355,1.86014,1.86676,1.87339,1.88003,1.88669,1.89337,1.90006,1.90677,1.91349,1.92023,1.92698,1.93376,1.94054,1.94734,1.95416,1.961,1.96785,1.97471,1.9816,1.98849,1.99541,1.93517,1.70288,1.48997,1.29559,1.11889,1.00099,1.00496,1.00894,1.01292,1.01692,1.02093,1.02495,1.02898,1.03302,1.03708,1.04114,1.04521,1.04929,1.05339,1.05749,1.06161,1.06573,1.06987,1.07402,1.07818,1.08235,1.08653,1.09072,1.09492,1.09913,1.10335,1.10758,1.11183,1.11608,1.12035,1.12463,1.12891,1.13321,1.13752,1.14184,1.14617,1.15052,1.15487,1.15923,1.16361,1.16799,1.17239,1.1768,1.18122,1.18565,1.19009,1.19454,1.19901,1.20348,1.20797,1.21246,1.21697,1.22149,1.22602,1.23056,1.23511,1.23968,1.24425,1.24884,1.25344,1.25804,1.26267,1.2673,1.27194,1.27659,1.28126,1.28594,1.29062,1.29532,1.30003,1.30476,1.30949,1.31424,1.31899,1.32376,1.32854,1.33333,1.33813,1.34295,1.34777,1.35261,1.35746,1.36232,1.36719,1.37207,1.37697,1.38188,1.38679,1.39172,1.39667,1.40162,1.40658,1.41156,1.41655,1.42155,1.42656,1.43159,1.43662,1.44167,1.44673,1.4518,1.45688,1.46198,1.46708,1.4722)

time<-seq(0,2880,by=6)
rap = ra*100

par(mar=c(4,5,4,0.5),xpd=TRUE)
plot(time,rap,type="n",
xlim=c(0,2880),ylim=c(0,200),
xlab="Minutes",ylab=expression("Volume percentage of initial value"),
cex.lab=1.8,cex.axis=2)
lines(time,rap,col="red",lwd=3)

