0: 217,80,311,120
1: 172,326,385
2: 310
3: 324,131,239,226
4: 296,283
5: 68,113,271
6: 155,306,362,392
7: 144,255
8: 268,244
9: 197,395
10: 316,337,164,327
11: 127,167,320,346
12: 108,21,241,324
13: 46,302,391,176
14: 165,358,273
15: 393,312,231
16: 360,170,190,265
17: 298,107,329,308
18: 230,234,299,118
19: 334,286,148,152,357
20: 186,227,393
21: 349,12
22: 109,203,208,352
23: 139,153,313
24: 249,192
25: 142,216,300,138,94,246
26: 335,145,284
27: 102,210,162,205,381,83
28: 125,314
29: 139,237,351,209
30: 231,275,279,378
31: 328,269
32: 262,372
33: 234,112
34: 74,222,254
35: 129,211
36: 240,319,291
37: 287,274
38: 201,224,386,101,202
39: 130,43,309
40: 187,48,172,223,258,280
41: 103,383,230,348
42: 125,243,269,347,185,365
43: 39,127,309,236
44: 207,103,230
45: 159,386,189
46: 13,182,195,302,391,396
47: 123,377
48: 202,40,233,223,280,201,224,124
49: 155,306,260,367
50: 263,374,161
51: 397,400
52: 276,146
53: 163,240,319
54: 363,157,180
55: 250,263,356
56: 278,288,182,396,379,177
57: 213,292
58: 73,272,215,280,270,136
59: 198,204,242,297,117
60: 140,325,257,256
61: 336,304
62: 270,126,189,257
63: 187,387,376,144
64: 336,106,247
65: 158,337,361
66: 322
67: 370,194,368
68: 161,232,5,181
69: 289,355,132,252
70: 209,298,107,179,328
71: 375,173
72: 248,133,168,283
73: 58,272,387,266
74: 34,315
75: 352,116,259,214
76: 399,199,266
77: 226,220,122
78: 82,174,389
79: 294,143,114
80: 109,238,0,120
81: 208,262,120,317,372,342
82: 78,389,343
83: 235,27,277,151,340,89,305
84: 198,379,384,177,333
85: 281,293,358
86: 295,253,88
87: 225,104,273,229
88: 253,307,193,86
89: 128,237,83,235,243
90: 99,398,335,369
91: 364,184,153,388
92: 140,206,373,191
93: 330,347
94: 246,357,25,216,285,300
95: 160,166,262,352,154
96: 149,245,318,321
97: 129,232,267,137
98: 181,121,221,218
99: 90,107,398,171,141,329
101: 278,174,38,201
102: 27,200,210,205,381
103: 41,229,207,44,230
104: 273,87,225
105: 254,244,268,119
106: 151,247,184,64,277
107: 99,179,70,17,298
108: 212,12,140,324
109: 22,80,238,214
110: 349,294,253
111: 364,184,203,208,264
112: 149,245,290,33,234
113: 285,5,271
114: 312,231,143,275,79
115: 252,282,228,248
116: 251,259,285,300,75
117: 331,170,59,204,242,297
118: 316,351,390,164,167,18,299
119: 236,127,222,244,254,105
120: 342,0,81,80
121: 98,218,297
122: 322,220,77
123: 228,377,282,47
124: 212,48,233,223,224,241,126
125: 42,314,347,28,239
126: 224,202,233,62,124,257
127: 145,43,309,290,236,11,119
128: 89,237,243,269
129: 35,97,161,211,246,303
130: 39,344
131: 239,3,324
132: 338,69
133: 168,283,72
134: 163,213,394
135: 248,283,343
136: 270,58,215
137: 301,97,267
138: 246,25,142,216,353
139: 158,237,23,351,390,29,313
140: 92,206,108,212,60
141: 268,329,99
142: 25,293,353,138
143: 231,275,400,114,79
144: 7,354,63
145: 127,284,309,26
146: 52,201,224,241,339,380
147: 360,242,227,295
148: 19,152,357
149: 96,112,245,321
150: 215,258,280
151: 106,340,277,183,83,305
152: 219,301,19,334,148
153: 207,264,91,23,388
154: 279,378,95,286
155: 49,306,6,219,392,334
156: 355,249
157: 180,345,54
158: 65,139,342,390,162
159: 266,270,45,272,189
160: 95,286,352
161: 129,68,232,303,50
162: 317,158,210,27,381
163: 53,240,134
164: 245,311,327,10,118,316
165: 14,358
166: 95,260,262
167: 118,316,11,346
168: 133,250,283,72,175,248
169: 323,366,298,308,322
170: 117,331,190,265,310,16
171: 261,99,398
172: 326,385,1,40
173: 381,330,71
174: 78,101,278,288
175: 332,168
176: 356,13,302
177: 196,333,84,379,56,278
178: 361,369
179: 366,107,70,298,328
180: 157,336,304,54,363
181: 98,221,302,68,232
182: 46,396,56
183: 304,274,235,151,305
184: 111,364,264,91,388,106
185: 42,365,287
186: 265,20,362,227
187: 63,40,350,387,197
188: 383,348
189: 159,62,45,386,325
190: 170,265,310,16
191: 373,92,325,359
192: 315,24,371
193: 307,382,88
194: 368,67,370
195: 46,221,341,391,396
196: 177,375,333,380
197: 9,376,395,187
198: 59,84,242,384,367
199: 399,255,394,76
200: 275,378,400,102
201: 38,146,224,339,101,48,333,380
202: 48,272,38,224,386,126
203: 22,111,364,208
204: 59,242,297,117
205: 381,235,330,102,27
206: 140,92,373,256
207: 153,229,44,103
208: 22,111,364,81,203,264
209: 70,346,351,29
210: 102,27,317,372,162
211: 35,129
212: 108,124,140,241
213: 134,292,57
214: 259,75,109
215: 150,58,136
216: 25,285,353,138,94,246
217: 0
218: 98,121,297
219: 152,392,334,155
220: 323,226,77,122
221: 195,181,98,302
222: 34,119,254
223: 233,258,280,40,48,124
224: 38,146,201,241,126,202,48,124
225: 87,104
226: 3,220,77
227: 362,147,186,20,295
228: 123,240,248,115,282
229: 238,207,87,103
230: 18,44,41,103
231: 30,143,275,362,114,15
232: 97,161,68,181
233: 223,280,48,126,124
234: 33,18,112
235: 205,83,243,183,89,305
236: 119,127,43
237: 139,29,128,89
238: 273,229,109,80
239: 131,125,3
240: 53,163,228,36,319
241: 146,224,382,212,124,12
242: 59,198,204,326,384,117,147
243: 42,235,269,330,347,128,89
244: 8,119,320,105
245: 96,112,149,164,318,327,290,309
246: 129,138,94,25,216
247: 106,64
248: 72,228,135,168,283,115
249: 156,24
250: 55,168,263,356
251: 116,259,368
252: 115,292,69,355,343
253: 294,88,110,86
254: 105,222,34,119
255: 7,399,199
256: 206,60
257: 62,126,60
258: 150,223,280,385,40
259: 116,251,281,75,214
260: 166,49
261: 171
262: 95,166,352,32,81,372
263: 50,55,250,374
264: 111,364,184,208,153,277,388
265: 170,186,190,16
266: 159,73,76
267: 97,137
268: 141,8,105
269: 42,243,347,128,31
270: 159,62,136,58,272
271: 5,113
272: 202,58,73,159,270
273: 14,104,238,87
274: 183,304,37
275: 30,231,143,200,378,114
276: 52
277: 264,83,106,151,340
278: 56,288,101,177,174,339
279: 30,154,378,286
280: 150,233,223,258,58,40,48
281: 85,259,293,368,358
282: 115,123,228
283: 133,168,72,248,135,4
284: 145,338,327,26
285: 113,116,216,300,94
286: 19,334,160,154,279
287: 37,185,365
288: 56,278,174
289: 69
290: 112,245,127,309
291: 36
292: 252,213,355,57
293: 85,142,281
294: 79,253,110,349
295: 147,227,86
296: 4
297: 59,204,218,117,121
298: 70,17,107,179,169,328
299: 18,118,346
300: 25,116,285,94,357
301: 137,152,357
302: 13,46,181,221,176
303: 129,161,374
304: 180,183,336,274,61
305: 183,83,235,151
306: 155,49,362,6
307: 326,193,384,88
308: 329,17,169
309: 39,127,145,43,245,290
310: 2,331,170,190
311: 164,0
312: 114,15
313: 139,23
314: 125,349,28
315: 192,74,371
316: 10,118,164,327,167
317: 372,342,162,210,81
318: 96,245,327,338
319: 53,240,36,332
320: 346,244,11
321: 96,149
322: 122,66,169,323
323: 169,220,366,322
324: 3,108,12,131
325: 386,60,189,191
326: 172,242,307,384,1
327: 164,245,318,338,10,316,284
328: 31,366,179,70,298
329: 141,99,17,308
330: 205,93,381,173,243,347
331: 117,170,392,310
332: 175,319
333: 196,177,380,84,201
334: 19,286,152,219,155
335: 26,90,369
336: 64,180,304,61
337: 10,65,390,361
338: 132,318,327,284
339: 146,201,278,380
340: 151,277,83
341: 195,391,376
342: 120,317,158,372,81
343: 135,82,252
344: 130
345: 157
346: 209,320,167,299,11
347: 93,125,42,243,269,330
348: 188,41
349: 110,21,294,314
350: 187,387
351: 118,139,390,29,209
352: 75,95,160,262,22
353: 142,216,138
354: 391,396,144
355: 69,156,252,292
356: 55,176,250
357: 301,94,300,19,148
358: 14,165,85,281
359: 191
360: 16,147
361: 178,369,65,337
362: 231,306,6,227,186
363: 54,180
364: 111,184,203,208,264,91
365: 42,185,287
366: 179,169,323,328
367: 198,49
368: 194,251,281,67
369: 90,178,335,361
370: 67,194
371: 192,315
372: 317,342,262,32,210,81
373: 191,92,206
374: 50,263,303
375: 196,71,380
376: 197,341,63
377: 123,47
378: 30,154,200,275,279
379: 84,396,56,177
380: 196,375,333,146,201,339
381: 205,173,330,102,27,162
382: 193,241
383: 188,41
384: 84,198,242,307,326
385: 172,1,258
386: 38,325,202,45,189
387: 63,73,187,350
388: 184,264,91,153
389: 82,78
390: 118,139,158,337,351
391: 13,46,195,341,354
392: 331,219,155,6
393: 15,20
394: 199,134
395: 9,197
396: 46,182,195,354,379,56
397: 51,400
398: 90,99,171
399: 255,199,76
400: 143,200,51,397