0: 128,34,4,134,24,102,292,346,1,13,75,245,3,23,291,101,108,300,6,129,7,35,284,20,2,339,5,25,293
1: 8,12,74,204,244,52,13,75,245,246,238,70,10,14,76,3,23,291,101,252,80,0,4,24,102,292,5,25,293
2: 33,129,333,7,35,284,20,339,96,277,19,95,283,238,70,21,10,97,285,32,124,332,0,4,24,102,292,5,25,293
3: 23,291,101,290,107,27,100,22,299,12,74,244,19,95,283,1,13,75,245,128,34,0,4,24,102,292
4: 128,34,0,134,24,102,292,346,1,13,75,245,3,23,291,101,108,300,6,129,7,35,284,20,2,339,5,25,293
5: 36,340,130,25,293,26,104,294,1,13,75,245,246,98,21,97,285,14,76,301,29,109,103,33,129,333,7,35,284,20,2,339,0,4,24,102,292
6: 30,307,108,300,113,107,27,299,301,29,109,252,80,0,4,134,353,24,102,292,346,28
7: 40,33,129,333,380,35,284,20,2,339,152,123,331,32,124,332,128,34,0,4,134,24,102,292,346,36,340,130,5,25,293
8: 12,41,74,204,244,52,1,13,75,245,246,238,70,10,47,53,205,14,76,203,51,57
9: 42,46,64,68,69,196,230,236,237,12,74,96,244,19,95,283,238,70,10
10: 65,11,71,231,239,238,70,47,9,69,237,8,204,96,52,1,13,75,245,284,20,2
11: 48,246,66,71,72,98,198,232,239,240,238,70,21,10,97,285,47,14,76,103
12: 9,69,237,8,74,73,243,204,244,52,1,13,75,245,15,3,78,79,203,23,251,291,101,51
13: 8,12,74,204,244,52,1,75,245,246,238,70,10,14,76,3,23,291,101,252,80,0,4,24,102,292,5,25,293
14: 11,246,71,239,247,53,205,77,76,8,204,52,1,13,75,245,17,81,253,103,5,25,293
15: 55,56,78,79,210,251,258,107,27,299,12,74,244,252,80
16: 17,58,62,81,86,252,85,212,218,253,260,259,80,57,211
17: 301,29,58,109,81,82,86,252,212,253,254,260,16,80,103,246,14,76
18: 320,326,120,91,271,88,277,278,272,92,119,319,325
19: 9,69,237,96,95,283,94,282,3,23,291,101,123,331,90,276,284,20,2
20: 33,129,333,7,35,284,2,339,96,277,19,95,283,238,70,21,10,97,285,32,124,332,0,4,24,102,292,5,25,293
21: 11,278,71,98,239,97,92,285,103,33,333,125,284,20,2,5,25,293
22: 3,78,23,291,101,290,100,73,243,94,282,289,99,337,127,298,106
23: 3,291,101,290,107,27,100,22,299,12,74,244,19,95,283,1,13,75,245,128,34,0,4,24,102,292
24: 128,34,0,4,134,102,292,346,1,13,75,245,3,23,291,101,108,300,6,129,7,35,284,20,2,339,5,25,293
25: 36,340,130,5,293,26,104,294,1,13,75,245,246,98,21,97,285,14,76,301,29,109,103,33,129,333,7,35,284,20,2,339,0,4,24,102,292
26: 341,131,5,25,293,104,294,98,247,77,110,302,103,105,295,126,342,286
27: 15,3,78,79,23,251,291,101,108,300,107,6,299,37,128,345,133,34,298,112,306,106,353
28: 139,140,39,347,354,38,135,30,307,108,300,113,6,301,29,109,114,308,134,353,346
29: 301,17,109,114,81,252,110,302,253,308,80,103,108,300,6,28,39,347,135,5,25,293
30: 265,84,312,307,108,300,113,6,114,85,308,259,112,306,353,28,116,313
31: 117,118,122,123,142,145,146,338,323,324,330,331,365,371,372
32: 119,123,142,331,325,124,332,373,33,129,333,147,7,35,284,20,2,339
33: 129,326,333,120,125,148,7,35,374,284,20,2,339,21,97,285,32,124,332,36,340,130,5,25,293
34: 37,128,345,133,0,4,134,24,102,292,346,3,23,291,101,107,27,299,123,338,331,129,7,35,339
35: 40,33,129,333,380,7,284,20,2,339,152,123,331,32,124,332,128,34,0,4,134,24,102,292,346,36,340,130,5,25,293
36: 341,131,39,340,130,347,135,5,25,293,33,129,333,125,7,35,153,381,339
37: 128,344,385,345,386,132,133,138,351,156,34,352,112,306,134,353,346,107,27,299
38: 139,140,28,39,158,162,347,394,354,135,161,393,387,157,134,353,346
39: 140,28,36,158,340,130,347,348,354,389,38,135,136,301,29,109,134,346
40: 373,129,380,147,7,35,153,381,339,152,163,379,151,387,157
41: 8,204,174,52,197,170,175,176,47,203,51,57
42: 9,46,64,69,190,196,230,237,197,65,43,191,231,47
43: 65,44,191,192,231,166,167,187,188,47,42,197
44: 43,48,66,191,192,193,198,232,167,188
45: 46,68,189,195,196,236,168,194,50,202
46: 9,42,45,69,195,196,237,169,197,50,202,47,203,51
47: 65,11,43,48,71,191,198,231,239,238,70,10,53,205,42,46,196,8,41,204,52,197
48: 11,44,49,71,192,198,199,239,171,47,53,205
49: 48,72,193,198,199,240,172,200,206,54
50: 45,46,195,196,201,73,243,202,173,55,203,51
51: 55,56,203,210,46,196,8,12,41,74,204,244,174,52,50,202,57
52: 8,12,41,74,204,244,1,13,75,245,246,238,70,10,47,53,205,14,76,203,51,57
53: 48,246,198,176,47,205,14,76,8,204,52,58,212,206,54
54: 59,207,213,206,49,177,199,247,53,205,77
55: 15,56,78,79,203,209,210,215,250,251,258,51,73,243,50,202
56: 15,55,60,79,203,210,216,251,258,179,211,51,57
57: 181,58,212,16,180,8,41,204,52,56,203,210,179,211,51
58: 181,17,59,62,81,212,213,218,253,16,57,53,205,211
59: 214,58,82,212,213,219,182,254,206,54
60: 56,210,215,216,258,220,211,183,61,217
61: 62,222,85,218,259,217,60,184,216,220,211,221
62: 58,222,86,212,185,218,219,260,16,61,217,211
63: 64,68,189,229,230,236,223,228,89,275
64: 9,42,63,69,229,230,237,224,96,65,231,90,276
65: 43,66,191,231,232,225,238,70,10,47,42,64,230,96,277
66: 65,11,44,278,67,71,192,231,232,233,239,226,92
67: 66,72,193,232,233,240,227,234,279,93
68: 9,45,63,69,195,229,236,237,235,73,243,94,282
69: 9,42,46,64,68,196,230,236,237,12,74,96,244,19,95,283,238,70,10
70: 65,11,71,231,239,238,10,47,9,69,237,8,204,96,52,1,13,75,245,284,20,2
71: 11,48,246,66,72,98,198,232,239,240,238,70,21,10,97,285,47,14,76,103
72: 11,49,67,71,98,199,233,239,240,247,241,77,286
73: 68,236,12,74,243,242,244,50,202,55,78,290,100,22
74: 9,69,237,8,12,73,243,204,244,52,1,13,75,245,15,3,78,79,203,23,251,291,101,51
75: 8,12,74,204,244,52,1,13,245,246,238,70,10,14,76,3,23,291,101,252,80,0,4,24,102,292,5,25,293
76: 11,246,71,239,247,53,205,14,77,8,204,52,1,13,75,245,17,81,253,103,5,25,293
77: 246,72,98,240,247,14,76,248,82,254,206,54,103,26,104,294
78: 15,55,79,250,251,258,290,107,27,100,22,299,12,74,73,243,244,298,106
79: 15,55,56,78,210,251,258,107,27,299,12,74,244,252,80
80: 301,29,17,109,81,252,85,253,259,16,1,13,75,245,15,79,251,108,300,211,6
81: 301,29,17,58,109,82,86,252,212,253,254,260,16,80,103,246,14,76
82: 17,255,59,81,87,110,213,302,261,253,254,247,77
83: 111,215,305,250,257,258,263,256
84: 30,265,258,312,307,113,85,259,264,112,306
85: 86,252,260,259,16,61,80,217,30,265,84,307,211,113
86: 266,17,62,114,81,87,85,218,261,253,308,260,259,16
87: 267,115,262,82,309,86,219,261,254,260
88: 271,270,277,272,225,268,319,91,18
89: 63,229,275,269,94,282,117,323,274,90,276
90: 118,324,276,64,230,270,89,275,96,277,19,95,283
91: 320,326,120,18,271,88,277,278,272,92,119,319,325
92: 278,66,232,272,279,21,97,93,285,277,326,120,121,91,18
93: 278,67,233,227,279,280,92,273,121,286
94: 68,236,281,89,275,19,95,283,282,290,100,22,122,330
95: 9,69,237,96,19,283,94,282,3,23,291,101,123,331,90,276,284,20,2
96: 9,64,69,230,237,277,19,95,283,65,231,238,70,10,90,276,284,20,2
97: 11,278,71,98,239,21,92,285,103,33,333,125,284,20,2,5,25,293
98: 11,71,72,239,240,247,21,97,285,77,103,125,126,286,5,25,293,26,104,294
99: 289,337,127,281,242,290,100,22,288,336,297
100: 3,78,23,291,101,290,22,73,243,94,282,289,99,337,127,298,106
101: 3,23,291,290,107,27,100,22,299,12,74,244,19,95,283,1,13,75,245,128,34,0,4,24,102,292
102: 128,34,0,4,134,24,292,346,1,13,75,245,3,23,291,101,108,300,6,129,7,35,284,20,2,339,5,25,293
103: 301,29,17,109,81,110,302,253,11,246,71,98,239,247,21,97,285,14,77,76,5,25,293,26,104,294
104: 341,131,5,25,293,26,294,98,247,77,110,302,103,105,295,126,342,286
105: 303,248,295,296,126,342,287,26,104,294
106: 344,132,351,298,297,111,78,305,290,107,27,100,22,299
107: 15,3,78,79,23,251,291,101,108,300,27,6,299,37,128,345,133,34,298,112,306,106,353
108: 30,307,300,113,107,27,6,299,301,29,109,252,80,0,4,134,353,24,102,292,346,28
109: 301,29,17,114,81,252,110,302,253,308,80,103,108,300,6,28,39,347,135,5,25,293
110: 301,29,115,303,109,82,309,302,254,103,348,136,26,104,294
111: 83,304,305,257,311,351,298,112,306,106
112: 37,345,133,138,351,352,306,353,30,111,84,305,312,307,113,107,27,299
113: 30,265,84,312,307,108,300,6,114,85,308,259,112,306,353,28,116,313
114: 301,29,115,109,309,86,308,260,314,30,307,113,140,28,354
115: 114,309,87,110,302,261,315,308,310,141,348,355,136
116: 313,30,265,312,307,113,314,316,359
117: 31,118,122,323,324,330,365,317,322,89,275
118: 31,119,117,142,323,324,325,90,276,270,318
119: 319,118,142,324,325,32,124,332,277,326,120,91,18,367,143
120: 33,320,326,333,327,121,368,125,91,144,334,18,278,92,119,325
121: 328,326,327,120,125,126,334,286,278,279,280,92,93
122: 31,117,123,145,337,338,323,330,331,371,127,329,94,282
123: 31,122,146,338,330,331,372,32,124,332,19,95,283,129,7,35,339,128,34
124: 119,123,142,331,325,32,332,373,33,129,333,147,7,35,284,20,2,339
125: 33,326,333,120,121,126,148,334,374,286,98,21,97,285,36,340,130
126: 121,125,334,342,287,286,98,105,295,335,341,131,26,104,294
127: 150,289,122,99,378,337,338,330,290,100,22,336,344,132
128: 37,345,133,34,0,4,134,24,102,292,346,3,23,291,101,107,27,299,123,338,331,129,7,35,339
129: 40,33,333,380,7,35,284,20,2,339,152,123,331,32,124,332,128,34,0,4,134,24,102,292,346,36,340,130,5,25,293
130: 341,36,131,39,340,347,135,5,25,293,33,129,333,125,7,35,153,381,339
131: 341,36,340,130,348,389,136,26,104,294,126,342,154,382
132: 37,343,344,385,345,133,351,298,106,337,127
133: 37,128,344,385,345,386,132,138,351,156,34,352,112,306,134,353,346,107,27,299
134: 37,128,345,133,34,0,4,353,24,102,292,346,108,300,6,129,7,35,339,28,39,347,38,135
135: 140,28,36,39,158,340,130,347,348,354,389,38,136,301,29,109,134,346
136: 140,341,349,131,141,39,347,348,354,355,389,135,115,309,110,302
137: 391,351,350,357
138: 396,392,37,345,133,351,160,352,112,306,353,358
139: 398,140,360,28,162,394,354,38,397,161,393,353,359
140: 139,360,28,141,39,395,158,162,347,348,394,354,355,38,135,136,114,308
141: 140,361,395,348,354,355,136,115,309,356
142: 31,119,118,146,324,366,372,325,32,124,332,373,147,367,143
143: 363,373,368,144,147,367,119,142,325
144: 364,369,326,120,368,148,334,374,367,143
145: 150,31,370,122,146,378,338,330,365,371,372
146: 31,123,142,145,338,331,371,372,373,147,379,151
147: 373,40,380,148,374,367,143,152,142,146,372,32,124,332
148: 373,33,333,368,125,144,149,147,334,375,374,153,381
149: 376,369,148,334,375,374,154,382
150: 145,378,337,338,371,127,379,385,151,377
151: 163,379,386,156,387,157,150,146,378,338,372,40,380,152
152: 373,40,129,380,147,7,35,153,381,339,163,379,151,387,157
153: 40,380,148,374,381,154,382,152,36,388,158,340,130
154: 149,375,153,381,382,341,131,389,383
155: 384,385,391
156: 392,379,37,385,345,386,133,160,151,387,157
157: 163,379,161,386,393,156,151,387,40,380,152,388,158,38
158: 140,388,39,162,347,394,354,389,38,135,153,381,161,393,387,157
159: 390,388,395,389
160: 396,392,161,386,393,138,391,156,352
161: 392,393,160,387,157,139,158,162,394,38,397
162: 398,139,140,388,395,158,394,354,38,161,393
163: 379,151,387,157,40,380,152
164: 175
165: 190,169,197,166
166: 43,191,167,165,170,197
167: 43,44,191,192,166,171
168: 45,195,169,173
169: 46,196,168,174,197,165,170
170: 175,169,41,197,166,171
171: 48,198,167,172,176,170
172: 49,177,199,171
173: 168,174,50,202,178
174: 169,41,173,175,203,179,51
175: 180,164,170,41,174,176
176: 177,171,53,205,175,41,181
177: 172,176,182,206,54
178: 173,209,179
179: 56,210,180,183,178,174,57
180: 175,184,179,181,57
181: 58,212,185,182,57,180,176
182: 181,59,213,177
183: 60,184,216,179
184: 211,180,183,185,61,217
185: 181,62,218,184
186: 190,224,187
187: 43,191,188,225,186
188: 43,44,191,192,187,226
189: 45,63,190,195,229
190: 42,189,165,186
191: 65,43,44,192,231,166,167,187,188,47,42,197
192: 43,44,48,66,191,193,198,232,167,188
193: 44,49,67,192,199,233
194: 45,195,235,201
195: 45,46,68,189,196,236,168,194,50,202
196: 9,42,45,46,69,195,237,169,197,50,202,47,203,51
197: 42,46,196,169,41,165,170,43,191,166,47
198: 11,44,48,49,71,192,199,239,171,47,53,205
199: 48,49,72,193,198,240,172,200,206,54
200: 49,199,241,207
201: 194,242,50,202,208
202: 45,46,195,196,201,73,243,50,173,55,203,51
203: 55,56,210,51,46,196,8,12,41,74,204,244,174,52,50,202,57
204: 8,12,41,74,244,52,1,13,75,245,246,238,70,10,47,53,205,14,76,203,51,57
205: 48,246,198,176,47,53,14,76,8,204,52,58,212,206,54
206: 59,207,213,54,49,177,199,247,53,205,77
207: 214,248,206,54,200
208: 249,201,209,250
209: 55,215,250,178,208
210: 15,55,56,60,79,203,216,251,258,179,211,51,57
211: 56,60,184,210,216,58,62,252,85,212,218,259,16,61,80,217,57
212: 181,17,58,59,62,81,213,218,253,16,57,53,205,211
213: 214,58,59,82,212,219,182,254,206,54
214: 255,59,207,213
215: 55,60,83,209,216,250,257,258
216: 56,60,210,215,258,220,211,183,61,217
217: 62,222,85,218,259,61,60,184,216,220,211,221
218: 58,62,222,86,212,185,219,260,16,61,217,211
219: 59,62,87,213,218,261
220: 60,216,61,217,264,221
221: 265,220,222,61,217
222: 266,62,218,61,217,221
223: 63,229,224,269
224: 64,230,270,223,186,225
225: 65,231,187,226,271,88,224,277
226: 66,232,272,188,225,227
227: 67,233,226,279,93,273
228: 63,229,235,274
229: 63,64,68,189,230,236,223,228,89,275
230: 9,42,63,64,69,229,237,224,96,65,231,90,276
231: 65,43,66,191,232,225,238,70,10,47,42,64,230,96,277
232: 65,11,44,278,66,67,71,192,231,233,239,226,92
233: 66,67,72,193,232,240,227,234,279,93
234: 67,233,241,280
235: 68,236,194,228,281,242
236: 9,45,63,68,69,195,229,237,235,73,243,94,282
237: 9,42,46,64,68,69,196,230,236,12,74,96,244,19,95,283,238,70,10
238: 65,11,71,231,239,70,10,47,9,69,237,8,204,96,52,1,13,75,245,284,20,2
239: 11,48,246,66,71,72,98,198,232,240,238,70,21,10,97,285,47,14,76,103
240: 11,49,67,71,72,98,199,233,239,247,241,77,286
241: 72,240,200,234,248,287,286
242: 235,201,73,243,249,289,99
243: 68,236,12,74,73,242,244,50,202,55,78,290,100,22
244: 9,69,237,8,12,74,73,243,204,52,1,13,75,245,15,3,78,79,203,23,251,291,101,51
245: 8,12,74,204,244,52,1,13,75,246,238,70,10,14,76,3,23,291,101,252,80,0,4,24,102,292,5,25,293
246: 11,71,239,247,53,205,14,77,76,8,204,52,1,13,75,245,17,81,253,103,5,25,293
247: 246,72,98,240,14,77,76,248,82,254,206,54,103,26,104,294
248: 255,207,105,295,247,241,77
249: 256,208,242,250,297
250: 55,78,83,209,215,257,258,256,249,208
251: 15,55,56,78,79,210,258,107,27,299,12,74,244,252,80
252: 301,29,17,109,81,85,253,259,16,80,1,13,75,245,15,79,251,108,300,211,6
253: 301,29,17,58,109,81,82,86,252,212,254,260,16,80,103,246,14,76
254: 17,255,59,81,82,87,110,213,302,261,253,247,77
255: 262,214,303,248,82,254
256: 249,83,304,250,257
257: 111,83,215,305,250,258,263,256
258: 15,55,56,60,78,79,83,84,210,215,216,250,251,257
259: 86,252,85,260,16,61,80,217,30,265,84,307,211,113
260: 266,17,62,114,81,86,87,85,218,261,253,308,259,16
261: 267,115,262,82,309,86,87,219,254,260
262: 255,87,261,310
263: 83,257,311,264
264: 265,84,312,220,263
265: 30,84,307,113,266,85,259,264,221,116,313
266: 267,222,86,260,314,265
267: 266,87,261,315
268: 271,88
269: 270,223,89,275,317
270: 224,269,271,88,318,118,324,90,276
271: 88,270,277,272,225,268,319,91,18
272: 278,226,92,273,271,88,320,91,18
273: 272,227,279,93,321
274: 322,228,281,89,275
275: 63,229,89,269,94,282,117,323,274,90,276
276: 118,324,90,64,230,270,89,275,96,277,19,95,283
277: 96,271,88,65,278,231,225,92,119,325,90,276,91,18,284,20,2
278: 66,232,272,279,21,97,92,93,285,277,326,120,121,91,18
279: 278,67,233,227,280,92,93,273,121,286
280: 234,279,93,328,121,287,286
281: 235,94,282,289,99,274,329
282: 68,236,281,89,275,19,95,283,94,290,100,22,122,330
283: 9,69,237,96,19,95,94,282,3,23,291,101,123,331,90,276,284,20,2
284: 33,129,333,7,35,20,2,339,96,277,19,95,283,238,70,21,10,97,285,32,124,332,0,4,24,102,292,5,25,293
285: 11,278,71,98,239,21,97,92,103,33,333,125,284,20,2,5,25,293
286: 121,125,126,287,72,98,240,241,279,280,93,26,104,294
287: 126,286,241,280,105,295,335
288: 289,99
289: 99,337,127,281,242,290,100,22,288,336,297
290: 3,78,23,291,101,100,22,73,243,94,282,289,99,337,127,298,106
291: 3,23,101,290,107,27,100,22,299,12,74,244,19,95,283,1,13,75,245,128,34,0,4,24,102,292
292: 128,34,0,4,134,24,102,346,1,13,75,245,3,23,291,101,108,300,6,129,7,35,284,20,2,339,5,25,293
293: 36,340,130,5,25,26,104,294,1,13,75,245,246,98,21,97,285,14,76,301,29,109,103,33,129,333,7,35,284,20,2,339,0,4,24,102,292
294: 341,131,5,25,293,26,104,98,247,77,110,302,103,105,295,126,342,286
295: 303,248,105,296,126,342,287,26,104,294
296: 105,295
297: 343,298,106,249,304,289,99
298: 344,132,351,106,297,111,78,305,290,107,27,100,22,299
299: 15,3,78,79,23,251,291,101,108,300,107,27,6,37,128,345,133,34,298,112,306,106,353
300: 30,307,108,113,107,27,6,299,301,29,109,252,80,0,4,134,353,24,102,292,346,28
301: 29,17,109,114,81,252,110,302,253,308,80,103,108,300,6,28,39,347,135,5,25,293
302: 301,29,115,303,109,82,309,110,254,103,348,136,26,104,294
303: 255,110,302,105,295,310,349
304: 111,305,256,350,297
305: 111,83,304,257,311,351,298,112,306,106
306: 37,345,133,138,351,352,112,353,30,111,84,305,312,307,113,107,27,299
307: 30,265,84,312,108,300,113,6,114,85,308,259,112,306,353,28,116,313
308: 301,29,115,109,114,309,86,260,314,30,307,113,140,28,354
309: 115,114,87,110,302,261,315,308,310,141,348,355,136
310: 115,262,303,309,356
311: 111,305,312,263,357
312: 30,84,311,307,113,264,112,306,358,116,313
313: 116,30,265,312,307,113,314,316,359
314: 266,114,315,308,360,116,313
315: 267,115,309,314,361
316: 116,313
317: 117,323,269,318
318: 362,270,319,118,324,317
319: 119,325,271,88,318,363,320,91,18
320: 364,326,120,91,18,272,321,319
321: 273,320,327
322: 117,323,274,329
323: 31,117,118,122,324,330,365,317,322,89,275
324: 31,119,117,118,142,323,325,90,276,270,318
325: 119,319,118,142,324,32,124,332,277,326,120,91,18,367,143
326: 33,320,333,327,120,121,368,125,91,144,334,18,278,92,119,325
327: 328,369,326,120,121,334,321
328: 327,121,280,335
329: 370,122,330,322,281,336
330: 31,117,122,123,145,337,338,323,331,371,127,329,94,282
331: 31,122,123,146,338,330,372,32,124,332,19,95,283,129,7,35,339,128,34
332: 119,123,142,331,325,32,124,373,33,129,333,147,7,35,284,20,2,339
333: 33,129,326,120,125,148,7,35,374,284,20,2,339,21,97,285,32,124,332,36,340,130,5,25,293
334: 369,326,327,120,121,368,125,126,144,148,149,375,374
335: 376,328,126,342,287
336: 289,99,337,127,329,343,377
337: 150,289,122,99,378,338,330,127,290,100,22,336,344,132
338: 150,31,122,123,145,146,378,337,330,331,371,372,127,379,128,34,151
339: 40,33,129,333,380,7,35,284,20,2,152,123,331,32,124,332,128,34,0,4,134,24,102,292,346,36,340,130,5,25,293
340: 341,36,131,39,130,347,135,5,25,293,33,129,333,125,7,35,153,381,339
341: 36,131,340,130,348,389,136,26,104,294,126,342,154,382
342: 126,105,295,335,341,349,131,383,26,104,294
343: 384,344,132,297,350,336
344: 37,343,385,345,132,133,351,298,106,337,127
345: 37,128,344,385,386,132,133,138,351,156,34,352,112,306,134,353,346,107,27,299
346: 37,128,345,133,34,0,4,134,353,24,102,292,108,300,6,129,7,35,339,28,39,347,38,135
347: 140,28,36,39,158,340,130,348,354,389,38,135,136,301,29,109,134,346
348: 140,341,349,131,141,39,347,354,355,389,135,136,115,309,110,302
349: 390,348,136,303,342,356
350: 304,343,137
351: 37,344,345,132,133,137,138,352,298,112,306,106,111,305
352: 396,392,37,345,133,138,351,160,112,306,353,358
353: 37,345,133,138,352,112,306,134,346,30,307,108,300,113,107,27,6,299,139,28,38
354: 139,140,360,28,141,39,395,158,162,347,348,394,355,38,135,136,114,308
355: 140,361,141,395,348,354,136,115,309,356
356: 310,349,141,355
357: 358,311,137
358: 357,359,312,396,138,352
359: 358,139,360,397,116,313
360: 398,139,140,361,354,314,359
361: 360,141,355,315
362: 318,366,363
363: 364,367,143,362,319
364: 363,320,368,144
365: 31,117,145,323,366,371
366: 142,365,362,399
367: 363,373,368,144,147,143,119,142,325
368: 364,369,326,120,144,148,334,374,367,143
369: 327,368,144,149,334,375
370: 145,371,329,377
371: 150,31,370,122,145,146,378,338,330,365,372
372: 31,123,142,145,146,338,331,371,373,147,379,151
373: 40,380,148,147,374,367,143,152,142,146,372,32,124,332
374: 373,33,333,368,125,144,148,149,147,334,375,153,381
375: 376,369,148,149,334,374,154,382
376: 149,375,335,383
377: 384,150,370,378,336
378: 150,145,337,338,371,127,379,385,151,377
379: 163,386,156,151,387,157,150,146,378,338,372,40,380,152
380: 373,40,129,147,7,35,153,381,339,152,163,379,151,387,157
381: 40,380,148,374,153,154,382,152,36,388,158,340,130
382: 149,375,153,381,154,341,131,389,383
383: 390,376,342,154,382
384: 343,385,155,377
385: 384,37,344,345,386,132,133,391,155,156,150,378
386: 392,379,37,385,345,133,156,160,151,387,157
387: 163,379,161,386,393,156,151,157,40,380,152,388,158,38
388: 158,162,394,389,159,153,381,387,157
389: 390,341,388,131,39,395,158,347,348,159,135,136,154,382
390: 349,389,159,383
391: 392,385,137,155,160
392: 396,161,386,393,138,391,156,160,352
393: 392,161,160,387,157,139,158,162,394,38,397
394: 398,139,140,388,395,158,162,354,38,161,393
395: 140,141,162,394,354,355,389,159
396: 392,138,160,352,397,358
397: 398,139,396,161,393,359
398: 139,360,162,394,397
399: 366