0: 1,95,786,651,70,13,551,466,245,4,283,493,862
1: 95,695,760,237,746,786,70,0,551,238,830,774,667,466,245
2: 777,283,332,324,90,70,551,499,124,539,627,32
3: 817,681,435,826,290,291,720,856,526,510
4: 493,101,0,13,245,443,102,5,24,862,634,128
5: 917,932,804,293,245,443,102,4,24,514,862,634,434,25
6: 711,628,109,737,641,300,299,664,81,116,308,30
7: 292,642,123,777,332,331,493,20,744,752,128
8: 170,586,198,41,599,742,724,623,918,197,787,838,47
9: 12,517,95,768,739,720,522,651,619,547,501,19
10: 637,66,92,762,636,97,876,696,757,692,627,581,285
11: 679,48,597,902,636,98,53,541,740,686,54,72,576
12: 9,95,609,291,720,786,651,13,619,74
13: 12,291,786,651,0,245,553,515,74,443,734,4,493,101
14: 212,914,545,496,672,463,920,902,541,833,706,17,513
15: 483,553,703,856,515,251,526,883,708,435,27
16: 75,429,855,628,60,57,211,591,61,80,528,81,618
17: 706,571,855,684,560,213,212,58,591,824,14,593,545,253
18: 503,704,811,697,821,268,778
19: 122,123,722,283,324,547,9,517,768,522,651,719,633,689
20: 24,33,744,581,514,862,752,7,777,493
21: 692,447,339,929,637,293,97,286,104,126,896,488,894
22: 676,700,78,497,681,73,242,464,544,747,826,845
23: 27,652,345,352,577,911,635,625,106,461,487,678,112
24: 20,33,744,339,514,869,862,5,4,634,128,25,715
25: 565,789,434,699,347,35,340,793,715,5,24,339,869,634
26: 294,710,729,552,535,815,716,103,896,511,588,302
27: 37,23,577,505,911,906,435,15,703,635,515,510,625
28: 699,394,301,795,354,589,30,477,858
29: 430,711,109,582,638,560,592,552,641,135,302
30: 114,589,822,858,6,109,638,116,308,699,28,301
31: 620,122,788,657,713,118,621,735,418
32: 648,33,773,581,752,285,539,612,777,2
33: 20,692,648,447,24,744,339,333,581,514,869,32,752,130,285,929
34: 380,662,616,865,373,642,338,646,151,807,40
35: 565,347,471,129,766,25,340,931,339,527,869,130,882,39
36: 341,615,758,125,816,334,527,868,765,154,374,131,928
37: 438,27,634,345,128,505,906,553,703,515,102,101
38: 465,685,419,825,688,835,542,386,353
39: 388,159,685,827,525,130,471,35,766,590,472,546,154,882
40: 542,151,642,688,346,565,129,34,616,373,153,827
41: 170,586,8,742,723,470,406,426,653,787,838,408,849
42: 165,46,197,518,787,836,520,613,797,555
43: 167,191,601,187,613,660
44: 665,192,750
45: 663,893,168,173
46: 165,168,195,732,518,42,782,520,190,411,482
47: 197,787,838,836,51,8,623,918,237,746,555,774
48: 11,774,53,232,198,686,54,623
49: 534,77,834,915,733,425,686,445,759,240,72
50: 427,209,178,201,630,771,202
51: 470,196,838,836,47,918,556,695,609,237,71,745,540
52: 674,781,179,437,556,180,580,723,205,610,831
53: 11,830,48,71,774,541,740,76,599,54,918,545,204
54: 172,586,198,686,445,599,496,171,545,11,48,53
55: 771,203,215,56,427,691,708,839,210,107,526
56: 674,183,179,203,60,215,55,673,702,210,107,631,814
57: 205,211,610,591,179,580,80,75,855,16,684
58: 185,181,213,212,901,603,610,591,62,824,593,182,17
59: 206,921,753,182,864
60: 183,179,56,211,217,702,61,80,631,16,528,509,814
61: 718,222,221,60,211,217,16,528,509,85,618
62: 185,58,901,591,593,671,718,409,618
63: 566,274,275,223,229,68,189,799
64: 749,224,231,567,785,675,677,96,705,879,186,416,555,65
65: 760,746,70,416,555,231,64,785,705,422,880,570,238
66: 679,10,92,643,636,98,226,876,278,67,93
67: 233,279,913,922,759,480,226,278,66,93
68: 228,479,189,547,501,799,274,63,754,229,517,739
69: 797,739,416,619,195,244,604,749,879,236,189,501
70: 1,95,768,760,0,65,551,785,90,422,238,283,2,627
71: 830,774,53,76,51,918,695,745,734,204,584
72: 240,576,892,686,49,77,759,679,11,98
73: 676,22,681,691,630,464,243,826,476,526
74: 553,856,252,734,540,883,476,12,609,291,720,786,13
75: 571,204,855,16,628,684,584,641,932,580,57,745,79,252,80,300,734
76: 830,71,804,53,293,541,740,917,571,204,246,582,584
77: 199,500,672,49,445,496,240,72,576,561,833
78: 249,208,676,700,614,22,497,681,691
79: 553,703,251,252,80,300,210,631,299,823,883,75,628,259
80: 79,252,210,631,179,60,580,57,75,16,628,528
81: 266,890,473,85,618,308,260,6,429,16,711,628,528,664
82: 255,659,513,644,772,815,803,253,103,239,706,430,246
83: 263,727,806,682,680
84: 575,578,791,311
85: 266,81,890,618,867,222,61,221,528
86: 267,266,618,260,593,671,429,219,639,730
87: 261,262,315,730,469,592,712,694,309,115
88: 225,272,629,698,704,697
89: 633,440,330,460,583,689,479,94,547,117,322
90: 230,277,785,96,422,768,70,499,719,843,859,2
91: 696,273,537,320,119,451,503,120,539,811,757,285
92: 637,10,66,278,800,93,696,519,488
93: 241,898,709,892,278,233,67,800,66,92,98
94: 281,544,479,547,747,290,522,89,633,460,801,453
95: 9,1,12,768,760,786,651,70,0,283
96: 224,230,64,277,785,677,705,90,422,924,859
97: 637,10,762,636,804,293,740,466,692,581,21,514,929
98: 679,11,637,597,66,636,740,241,72,576,93,892
99: 700,817,912,288,747,290,801,453,336,683,598,608
100: 336,377,608,461,337,850,453,852,446,498,132,577,127
101: 292,4,852,722,493,291,651,13,515,37,128,127,906
102: 553,703,300,443,299,5,737,932,4,438,37,634,108,505
103: 248,82,772,815,716,295,247,104,239,511,26
104: 286,239,637,597,293,246,552,815,103,21,896,511
105: 310,808,888
106: 350,625,784,693,461,23,352,111,764,137,487,678
107: 251,210,631,56,55,250,708,806,441,814,417,258
108: 438,505,299,102,737,789,699,521,858
109: 6,29,711,737,638,641,135,699,30
110: 600,776,822,638,694,315,301,309,141
111: 506,764,257,900,263,727,680,625,693,106,487
112: 306,487,832,669,521,678,853,635,305,23,652,731,911
113: 396,489,413,669,853,477,854,474
114: 589,439,30,822,116,308,847,444
115: 361,690,356,141,712,87,315,587,309,751
116: 473,308,847,6,494,529,717,664,307,669,521,114,589,30,858
117: 562,323,322,274,754,89,689
118: 657,713,468,886,31,366,910,735,418
119: 320,91,451,478,120,539,612,648,773,326,285,495,368,367,144
120: 696,320,119,91,645,792,780,326,495,368
121: 328,617,645,848,278,279,800,696,519
122: 31,123,19,788,324,323,657,719,633,330,689,621
123: 292,670,620,7,122,722,332,446,19,788,324,331
124: 657,284,481,612,2,324,486
125: 433,519,126,428,615,758,36,816,488,334,645,868,495
126: 896,428,511,125,816,488,286,21,348
127: 498,128,132,133,577,906,292,852,670,722,446,101,100
128: 438,37,634,133,346,127,906,292,4,642,7,493,101,24,744,715
129: 565,35,715,744,869,153,882,40
130: 648,447,33,339,333,527,868,869,35,546,154,882,374,39
131: 554,149,376,928,341,758,36,383,472,765,154,525,382
132: 701,498,133,352,577,127,906,344,100,377,461,385
133: 701,338,498,345,666,128,132,346,127,906,670,642,151
134: 436,647,386,465,393,392,905
135: 434,699,340,793,302,29,109,552
136: 309,710,564,557,751,729,602,302,141
137: 624,138,784,828,106,352,678,391
138: 351,624,605,137,358,707,678,563
139: 354,736,477,854,835,394,795,489,353,825,668,161
140: 354,736,397,600,507,439,776,585,837,490,574,398
141: 115,355,490,361,356,315,309,557,751,136,600,776,585,110
142: 399,536,755,524,662,372,842,596,147,367,143,725
143: 152,147,741,725,596,536,524,142
144: 369,148,367,725,374,119,478,648,773,326,333,743,368
145: 370,330,337,621,670,620,446,498,568,721,421,865,761
146: 380,492,508,524,421,662,857,150
147: 590,153,143,741,725,904,755,524,662,142,616,373
148: 381,369,546,726,741,725,144,374
149: 573,131,375,881,381,472,765,813,382
150: 873,146,421,857,379
151: 646,156,542,386,807,40,642,701,688,338,666,133,346,34
152: 143,904,524
153: 590,147,882,333,129,755,616,373,40
154: 472,765,546,374,527,130,341,36,884,131,39,525
155: 414,889,156,379,378,385
156: 646,491,436,647,379,386,378,151,807,626,385,701,155
157: 387,388,465,685,819,827,616,590,530,163,542
158: 387,162,388,159,685,419,668,450,916,395,569
159: 388,158,39,450,525,916,395,766,390,884,404
160: 652,666,423,707,489,853,386,626,353,656,474,392
161: 523,474,392,905,489,413,139,825,769
162: 387,158,465,685,419,819,393,569
163: 646,647,542,616,157,465
164: 406,653,408,175,174,437
165: 46,197,732,518,42,907,787,520,190,613,482,601
166: 601,907,849,170
167: 750,601,187,457,43,919,192,724
168: 169,173,46,195,732,518,45
169: 168,173,470,426,732,518,653,661
170: 8,41,742,724,601,166,197,907,787,849
171: 172,586,599,54,176,205,914,545
172: 586,54,665,650,887,171,463,177,914
173: 169,168,195,196,518,661,244,45,663,630,202,476
174: 437,925,164,653,661
175: 781,164,408,831
176: 181,205,177,610,831,824,914,586,599,723,171
177: 176,181,502,914,172,650
178: 50,209,661,925,927
179: 674,183,60,52,180,580,56,57,211,610,80
180: 674,781,183,179,52,184,767,211,610,846
181: 176,767,185,502,212,177,58,603,610,831,824
182: 59,206,921,753,502,213,58,901,603
183: 674,179,60,180,56,211,217,702,748,846
184: 781,180,687,767,748,846
185: 767,181,211,58,603,610,591,62,718,409,402
186: 520,190,411,613,660,231,64,567,675,879
187: 167,191,457,43,919,660,188,655
188: 226,193,558,655,187,457
189: 228,236,68,501,566,63,223,604,749,229,69,739
190: 520,411,613,482,186,165,46
191: 187,43,919,613,660,231,655,570,555
192: 198,44,686,665,724,167,750,733
193: 226,796,188,558,442,457,759
194: 228,235,242,236,464,544,845,572
195: 168,173,46,518,244,893,236,69
196: 173,470,518,661,244,836,51,202,556,476,540
197: 165,42,787,47,613,601,170,8,724,623,555
198: 586,8,686,54,742,665,192,724,48
199: 500,77,200,561,207
200: 458,561,207,199
201: 663,572,630,50,242,464,676
202: 771,203,455,630,173,196,661,50,476,839
203: 674,771,202,455,556,580,215,56,55,839,210,540
204: 75,571,684,584,205,545,71,53,76,745
205: 176,57,610,824,545,599,723,171,918,52,580,745,204,684
206: 59,753,182,920,672,463,502
207: 200,561,199,672,644,738,763
208: 249,614,78,250,871,691,802
209: 50,427,178,771,455,215,927
210: 839,79,251,252,80,107,631,540,883,203,580,56,55
211: 185,57,610,591,183,179,60,180,217,846,718,61,16,618
212: 181,502,213,58,824,14,914,545,920,17
213: 212,58,593,921,753,182,920,17,253
214: 255,659,449,513,738,753,864
215: 771,203,455,56,55,427,209,870
216: 531,673,702,220,258
217: 531,702,846,183,60,211,61,221,509
218: 901,593,921,671,639
219: 659,449,253,593,560,592,86,261,639,730
220: 452,594,575,509,814,258,840,861,216
221: 649,222,61,217,531,265,594,509,454,85,867
222: 671,718,649,61,221,85,618
223: 63,275,604,749,783,567,229,677,189
224: 270,64,516,629,675,677,96,705,698,924
225: 88,459,558,655,272,271,880,277,705,698,422
226: 188,876,278,459,193,558,272,903,227,913,67,66
227: 226,442,913
228: 194,236,68,544,479,189,501,799
229: 749,230,677,63,754,275,223,68,189,517,739
230: 229,785,677,96,90,754,517,768,739,719,859
231: 64,705,613,186,660,191,655,880,570,555,65
232: 679,48,643,457,919,686,724,623,796,558,570
233: 279,595,67,800,878,714,480,234,898,93
234: 898,533,709,233,800,878,714,512
235: 194,281,431,544,479,747,845,930
236: 228,194,464,243,189,501,448,663,893,195,69,619
237: 1,695,609,797,760,746,786,416,555,836,51,47
238: 762,643,667,422,880,1,746,70,65,627
239: 247,576,104,833,597,902,246,82,644,103
240: 72,892,425,49,77,834,480
241: 247,286,898,533,576,93,709,892,895,637,597,98
242: 194,464,845,201,572,676,22,497
243: 236,464,544,501,826,663,630,476,720,619,73
244: 173,195,196,518,836,476,69,609,797,619
245: 830,804,466,1,695,0,13,443,734,5,584,932,4,862
246: 706,917,571,430,582,552,597,902,293,541,740,76,104,239,82,815
247: 295,241,458,533,576,561,239,895,248,644,103
248: 456,255,303,644,772,763,716,103,295,247
249: 256,208,700,614,933,78,420,304,871,912,802
250: 208,691,802,708,107,682,441
251: 483,15,703,635,900,79,210,107,631,823,708,403,259,417
252: 553,745,79,80,74,300,210,734,540,883,580,75
253: 659,82,449,513,803,219,213,593,921,753,706,17,430,560
254: 659,535,303,712,772,803,261,262
255: 214,248,659,82,513,644,738,772,763
256: 249,614,304,871,467
257: 933,420,304,802,483,900,727,682,680,625,693,298,111
258: 220,452,814,216,673,702,107,806,441
259: 403,528,529,814,840,664,79,251,631,823
260: 267,266,81,86,694,308,891,711,638,592,730,469,822
261: 87,262,639,730,254,659,449,219
262: 261,87,254,712
263: 83,727,680,506,111,611
264: 594,575,578,454,923
265: 528,594,575,529,509,840,454,923,221,867
266: 267,81,86,890,462,85,618,260
267: 266,86,809,260,891,639,730,469
268: 284,499,475,778,843,629,18,704,821
269: 276,756
270: 224,516,756,677,924,276,859
271: 225,459,903,277,422,499,503,704,539,811,757,627
272: 225,226,88,903
273: 696,537,91,503,757,876,278,903,548,617
274: 63,754,275,798,68,117
275: 274,63,754,223,783,229,756,677,276
276: 317,504,719,269,859,754,275,270,756
277: 96,705,90,422,924,225,271,499,843,704
278: 226,876,279,913,67,800,66,92,93,696,273,121,617
279: 233,913,67,800,878,278,121,617
280: 335,287,433,519,428,622,709,328,512
281: 235,288,479,94,747,930,282,440,460,801
282: 460,583,801,899,281
283: 777,2,332,19,324,493,95,768,651,70,0,551
284: 268,499,504,124,820,843,325,821
285: 692,648,33,627,581,32,495,10,696,119,91,539,757
286: 241,104,709,895,637,21,126,428,511,488
287: 335,296,280,412,428,543,805,295,533,709,895
288: 281,431,747,700,99,801,598
289: 790
290: 94,747,826,291,720,522,817,99,3,510,453
291: 12,720,522,651,13,290,3,856,515,74,510,852,101
292: 670,642,7,123,722,331,493,101,128,127
293: 637,597,804,740,97,76,104,917,5,246,552,21,514,929,434,894
294: 342,349,310,710,564,348,26,779,729,808,872,716,511
295: 247,533,895,248,716,841,103,287,511,543,805
296: 335,287,412,543,805,342,559
297: 350,683,693,874,405,298,933,304,549
298: 350,625,297,683,693,608,461,933,257,420,817
299: 703,79,300,102,823,6,628,737,664,108,505,521
300: 553,703,79,252,443,734,299,102,6,75,628,737,641,932
301: 699,28,394,602,793,638,354,776,585,110,30,822
302: 135,588,29,638,592,552,535,309,710,26,136,729
303: 456,254,248,535,772,716,888
304: 256,249,933,257,802,467,727,297,693,874
305: 403,680,494,791,635,306,487,307,832,521,112
306: 358,313,307,832,669,112,853,305
307: 313,312,306,311,832,669,521,494,529,717,305,116
308: 770,81,890,473,116,847,260,444,6,711,664,114,30,822
309: 710,751,136,592,535,712,694,87,315,302,110,115,141
310: 294,105,710,751,808,535,712,716,888,690
311: 357,313,312,611,307,832,84,791
312: 313,311,307,578,717,316,632,538
313: 312,306,311,606,307,669,359,538
314: 770,890,885,473,462,847,867,717,454,923,316
315: 87,587,469,694,309,600,110,115,361,141
316: 578,717,923,314,312,632
317: 318,276,657,713,468,504,812,562,323
318: 317,468,812,897
319: 362,778,820,484
320: 321,537,119,91,451,478,860,120,364,368
321: 537,320,548,792
322: 562,117,323,89,330,583,658
323: 562,117,322,317,657,713,719,689,621,122
324: 122,123,283,2,332,19,788,657,719,124
325: 451,478,860,612,821,284,481,820,485
326: 648,868,495,119,120,780,334,368,369,144,374
327: 328,775,645,792,848,908,433
328: 121,327,775,512,848,280,433,519,622
329: 370,337,460,583,899,790
330: 89,370,633,337,850,460,583,658,145,621,322,122,446
331: 292,670,620,642,7,123,332,788,866,752,755,662,372,373
332: 7,123,777,283,2,788,324,866,331,752
333: 648,33,773,752,130,866,755,153,546,725,144,882,374
334: 36,125,780,326,868,369,374,728,928
335: 296,280,287,433,412,428,615,622,758
336: 343,790,683,100,377,608,99,337,453
337: 329,370,330,850,460,145,446,336,100,377,498,761
338: 701,498,133,670,642,34,865,378,151,807
339: 447,24,33,527,21,869,130,929,35,25,340,894,931
340: 135,588,389,347,35,766,25,602,793,894,931,339,729
341: 758,36,816,527,383,348,884,154,131
342: 559,349,383,294,550,348,779,296,412,758,805
343: 350,790,336,683,344,640,377,384
344: 350,343,828,640,377,461,132,352,818
345: 438,37,23,652,666,133,346,423,731,505,911,906
346: 688,438,634,345,666,128,133,423,642,565,789,715,151,40
347: 565,835,471,394,35,766,25,602,340,793,795,450
348: 342,294,779,729,884,527,341,126,896,511,758,816,588,931
349: 342,559,294,550,564,808,872
350: 297,343,784,683,693,344,106,461,298,549
351: 506,605,764,138
352: 23,652,132,344,828,106,461,137,678,391
353: 386,688,666,160,423,835,489,139,38,825,392
354: 736,140,589,139,439,776,585,28,394,301
355: 490,356,141,557,585,574
356: 115,355,141,557,751
357: 358,611,311,832,926,605
358: 357,396,707,306,606,678,853,926,138,563
359: 360,589,632,837,854,909,313,410,669,538
360: 359,507,439,837,909,410
361: 115,490,141,315,587,600
362: 319,886,812,820,851
363: 407,842,485,596,536
364: 485,743,368,320,478,860
365: 713,468,366,910,607
366: 407,910,365,713,118,607,418
367: 725,144,119,478,612,866,486,773,842,485,596,755,142
368: 364,743,424,320,119,478,120,780,326,369,144
369: 148,726,144,374,780,326,334,743,424,368
370: 329,330,337,583,658,145,568,579,654,721
371: 579,607,721,492,508
372: 399,755,492,662,142,735,620,788,866,331,486,842
373: 755,662,34,616,642,331,147,153,40
374: 369,148,765,546,144,154,648,326,333,868,130,36,334,928
375: 573,149,376,928,381,765,726
376: 131,375,728,928,615
377: 343,336,344,100,337,498,132,761,384
378: 156,379,807,385,701,338,498,155,761
379: 156,829,378,807,150,857,155
380: 146,524,662,34,616,857,646
381: 148,472,765,546,726,741,530,573,149,375
382: 383,554,149,131,881,813,525
383: 342,390,550,779,884,341,758,554,131,382
384: 818,761,343,640,377,654
385: 156,378,626,701,132,414,155,818
386: 646,156,134,436,542,151,626,353,688,666,160,38,392
387: 162,388,158,157,465,432,685,819
388: 387,158,157,432,159,813,685,39,525,916,472,530
389: 395,766,602,340,390,779,729,884
390: 383,779,872,884,389,395,159,404
391: 626,828,352,624,137,707,414,401,794,656
392: 523,656,474,905,161,160,489,134,436,386,353,825
393: 162,465,419,825,134,905,569
394: 835,28,347,301,395,602,795,354,736,139,585,668,450
395: 389,394,766,602,390,557,585,158,159,668,450,404
396: 358,113,410,606,413,474
397: 736,140,837,854,398,769
398: 574,569,769,736,140,397,668
399: 536,492,508,524,662,142,735,372,407
401: 414,818,828,640,391,863
402: 718,409,687,185,846
403: 259,680,494,452,529,417,791,840,305,635,251,823
404: 395,390,159,916
405: 297,683,598,912
406: 653,408,849,164,41
407: 363,366,842,399,536,508,735,418
408: 406,653,164,41,723,175,437,831
409: 718,402,532,185,62
410: 396,413,360,359,837,538
411: 520,190,186,782,46,604,567,879
412: 335,296,287,428,511,758,805,342
413: 396,113,489,410,854,474,161
414: 401,155,794,818,889,391,385
415: 799,930,798,810
416: 69,797,739,760,237,619,555,65,749,64,785,879
417: 403,680,452,483,900,251,107,806,682
418: 492,735,118,621,31,620,407,366,607,721
419: 162,158,465,38,685,825,668,450,393,835,569
420: 249,933,257,817,681,802,708,435,483,625,298
421: 146,492,865,145,150,568,721
422: 277,96,705,90,225,459,271,880,70,65,238,627
423: 688,438,345,666,346,160,731,565,789,795,477,353
424: 368,792,780,908,369
425: 877,733,49,834,922,759,480,240
426: 169,732,907,653,787,849,41
427: 50,209,870,771,215,55,691
428: 335,280,287,433,519,126,412,125,488,286,709,895
429: 855,16,711,560,591,593,81,86,618
430: 29,706,246,582,560,552,82,815,803,253
431: 235,288,747,845,700,497
432: 387,388,813,916
433: 335,280,519,428,615,622,125,328,327,645,728
434: 135,25,894,293,917,5,582,552
435: 420,817,3,483,15,515,510,625,608,27
436: 491,156,134,647,386,626,656,392
437: 674,781,174,455,52,556,925,164,653,661,408
438: 37,634,108,345,128,346,423,505,102,789
439: 354,360,140,114,589,600,507,776,837,909
440: 89,810,798,281,479,930
441: 806,682,870,673,250,107,258
442: 193,227,922
443: 553,300,734,102,13,245,5,932,4
444: 770,308,847,891,114,600,822
445: 686,54,496,887,49,77
446: 670,123,722,633,330,337,850,145,100,498,127
447: 692,648,33,339,527,21,868,130,929
448: 663,572,875,893,236
449: 214,659,253,219,921,753,261,639
450: 158,159,685,419,668,835,347,471,394,395,766
451: 320,325,119,91,478,860,539,811,612,821
452: 403,220,575,814,417,258,840,861,806
453: 850,460,801,94,290,99,336,100,608
454: 264,265,594,923,221,314,885,867
455: 674,771,203,202,437,215,925,927,661,209
456: 248,303,763,841
457: 167,187,919,796,188,193,558,232
458: 200,247,898,533,561
459: 225,226,876,558,271,880,903,422,643,627
460: 329,89,633,282,330,337,850,583,801,453,281,94
461: 350,625,344,100,106,608,298,23,132,352,577
462: 314,770,266,890,885,809,891
463: 672,844,172,496,650,887,502,14,914,206,920
464: 194,242,236,544,243,826,845,663,201,572,630,676,22,73
465: 387,162,157,38,685,419,819,393,163,134,542
466: 830,762,804,667,97,245,1,0,551,581,514,862
467: 727,256,304,871
468: 318,317,713,118,886,812,365,910
469: 87,315,730,267,694,260,891
470: 169,196,518,653,787,838,836,51,41,556
471: 565,835,347,35,766,685,39,450,827
472: 381,765,546,530,154,149,131,388,813,39,525
473: 314,770,81,890,116,308,847,867,529,717,664,923
474: 523,656,392,161,160,396,707,113,489,413
475: 268,778,897
476: 609,619,630,173,196,244,836,202,243,73,839,74,540
477: 589,139,854,858,423,731,28,795,113,489,669
478: 320,325,119,451,860,612,485,364,368,367,144
479: 228,281,235,68,544,94,547,501,799,930,89,440
480: 233,595,922,67,759,714,425,240,898,892
481: 886,124,820,325,612,486,842,851,485
482: 190,165,46,732
483: 15,900,251,257,420,708,435,417,625
484: 851,319,860,485
485: 364,596,481,325,478,860,363,484,842,367
486: 788,866,481,124,612,842,735,372,367
487: 611,832,678,112,635,680,305,625,106,23,111,605
488: 519,126,428,125,637,92,286,692,21,495
489: 113,413,160,139,477,854,353,825,474,392,161
490: 355,361,141,140,600,507,776,585
491: 646,156,829,436,647
492: 399,146,508,421,662,372,418,865,620,371,721
493: 292,4,7,283,101,651,0,13,20,862,128
494: 403,529,664,305,823,116,307,521
495: 692,648,326,868,285,696,119,120,645,519,125,488
496: 445,54,672,463,77,14,902,833
497: 676,700,614,78,22,242,431
498: 701,338,132,133,127,337,145,670,446,100,377,761,378
499: 284,268,843,277,90,271,704,539,811,821,2
500: 199,672,77,844,915
501: 228,236,68,544,479,243,189,547,9,69,739,720,619
502: 181,212,177,603,914,650,463,206,182,920
503: 18,273,537,91,704,811,697,271,903
504: 317,276,657,284,719,812,843,859
505: 438,27,37,108,345,911,703,299,102,521
506: 351,111,605,764,263,611
507: 360,140,600,439,909,490
508: 399,146,492,407,371
509: 528,220,265,594,814,840,60,217,531,702,61,221
510: 856,515,290,291,817,3,435,852,608,27,577
511: 126,412,896,805,295,286,104,895,716,103,294,348,26
512: 328,878,234,280,622
513: 214,255,659,82,644,738,253,672,14,753,920,833
514: 20,692,24,33,581,862,929,804,293,97,466,5
515: 15,553,703,856,510,291,13,435,101,27,37
516: 270,224,629,924
517: 9,768,739,754,230,229,68,547,719,689,19
518: 165,169,168,173,470,46,195,196,732,42,244,787,836,797
519: 280,433,428,125,488,800,92,709,696,328,121,645,495
520: 190,411,613,186,165,46,42,879,797,555
521: 307,669,112,635,299,494,305,116,108,731,505,911,858
522: 9,291,720,651,94,547,290,633,850,852,722,19
523: 474,392,905,161
524: 399,536,380,146,662,142,152,147,143
525: 388,159,813,39,766,884,472,154,131,382
526: 15,839,856,55,681,691,73,708,3
527: 447,339,868,130,341,36,816,35,931,348,154
528: 259,265,529,509,840,664,60,61,80,16,628,81,85,867
529: 403,259,528,265,494,575,840,717,664,923,473,116,307
530: 381,590,472,546,388,157,813
531: 217,216,702,221,594,509
532: 671,409,901
533: 295,241,234,247,458,898,709,895,287
534: 49,844,915,887
535: 254,303,712,772,815,803,716,302,310,309,710,26
536: 399,524,142,363,407,596,143
537: 321,273,320,91,503,548
538: 313,312,410,606,359,632
539: 119,91,451,811,757,612,271,499,2,627,32,285
540: 839,745,252,74,210,734,883,196,51,203,556,580,476,609
541: 11,902,53,740,76,14,545,706,571,246
542: 163,646,386,151,40,688,616,157,465,38,685,827
543: 296,287,805,295,841,559
544: 228,194,235,464,479,243,94,747,501,826,845,720,22
545: 205,212,824,14,914,599,54,171,53,541,706,17,571,204,684
546: 381,590,148,472,765,741,530,154,882,374,333,130,39
547: 68,479,94,501,754,9,517,522,89,633,689,19
548: 617,792,848,321,273,537
549: 764,350,297,784,693,874
550: 342,349,383,872
551: 1,70,0,762,466,777,283,2,627,581
552: 29,430,246,582,293,104,815,896,135,434,588,302,894,26
553: 15,703,515,79,252,74,300,443,734,102,883,13,932,37
554: 131,383,382
555: 797,237,746,416,65,520,613,191,197,42,47,623,231,64,570
556: 674,203,437,52,580,470,196,661,51,540
557: 564,136,872,395,602,585,355,356,141
558: 225,226,188,459,193,655,880,570,457,643,232
559: 342,349,808,296,543,805
560: 29,706,17,571,430,429,855,711,582,592,641,593,253,219
561: 200,247,458,576,207,833,199,672,77,644
562: 117,323,322,317
563: 138,358,707
564: 349,294,710,557,751,136,779,729,872
565: 789,835,347,471,35,129,25,795,715,688,346,423,40
566: 63,604,189
567: 749,783,64,675,677,879,411,186,223,604
568: 579,654,721,873,370,145,421,761
569: 398,162,158,419,668,393
570: 558,880,191,623,231,746,555,65,643,232
571: 706,917,75,17,204,855,246,582,684,584,560,641,545,541,76
572: 448,663,201,194,242,464
573: 149,375,381
574: 398,736,140,585,355
575: 264,220,265,84,452,594,529,578,840,861,923
576: 241,247,72,561,239,833,892,77,11,597,902,98
577: 27,23,132,127,906,510,852,100,608,461
578: 264,84,575,717,923,316,312
579: 568,371,607,721,370,658
580: 674,179,203,52,556,205,57,745,252,80,210,540,75
581: 20,692,33,627,514,32,862,285,551,10,762,97,466,777
582: 29,917,571,430,246,560,552,641,76,434
583: 329,89,370,282,330,460,658,899,322
584: 917,75,571,204,641,932,71,245,76,734
585: 354,736,140,776,394,301,395,602,557,355,490,141,574
586: 172,198,8,41,599,54,742,665,723,171,176
587: 315,115,361
588: 340,302,894,931,552,896,348,26,729
589: 354,359,114,439,30,477,837,854,858,116,28,669
590: 147,153,546,741,530,882,904,616,157,39,827
591: 185,57,211,58,610,62,824,593,17,429,855,16,684,618
592: 29,711,638,560,803,219,694,260,87,730,302,309
593: 213,58,901,591,62,921,671,218,17,429,560,253,219,86,618
594: 264,220,265,575,509,454,531,221
595: 233,922,714,480,877
596: 485,743,363,842,536,142,367,143
597: 11,637,902,98,293,740,241,576,104,239,246
598: 790,683,405,288,99
599: 586,8,54,723,171,918,838,176,205,545,53
600: 140,507,439,776,110,822,444,315,490,361,141
601: 167,750,43,166,919,613,165,197,170,724
602: 389,347,394,301,395,340,793,557,136,729,585
603: 185,181,502,58,901,182
604: 566,223,782,411,749,567,879,189,69
605: 351,506,138,357,611,487,832,678
606: 358,313,396,926,538
607: 579,371,721,365,658,621,366,418
608: 625,336,683,100,461,298,817,99,435,510,453,577
609: 476,12,695,797,237,786,619,244,836,51,74,540
610: 176,767,185,181,205,57,211,58,831,591,824,179,52,180,684
611: 357,487,311,832,263,680,791,506,605
612: 325,119,451,478,539,481,124,866,486,773,32,367
613: 520,190,186,660,191,601,43,165,197,42,231,555
614: 256,249,208,700,78,497
615: 335,433,758,36,125,376,728,928
616: 380,34,373,590,147,153,904,163,646,542,40,157,827
617: 548,121,848,278,279,273
618: 266,81,86,85,211,591,62,593,671,718,222,61,429,16
619: 9,476,12,69,609,797,739,720,786,416,244,236,243,501
620: 31,670,123,788,331,145,621,721,492,662,372,418,865
621: 330,658,145,323,713,31,620,122,607,721,418
622: 335,280,433,328,512
623: 8,724,197,47,570,746,555,48,774,232
624: 138,137,828,391
625: 693,106,608,461,298,257,420,435,483,635,900,27,23,111,487
626: 156,436,386,391,385,701,666,160,707,656
627: 581,285,422,459,271,70,551,238,10,762,539,757,2
628: 6,75,855,16,641,79,80,300,299,823,528,664,81
629: 224,516,698,924,88,268,704,697
630: 663,201,173,50,202,464,243,476,73
631: 79,251,80,210,107,60,56,259,814
632: 359,909,717,847,316,312,538
633: 89,330,850,460,689,94,547,522,122,722,446,19
634: 438,37,128,346,102,5,4,24,789,25,715
635: 703,900,251,403,680,305,625,27,23,911,487,521,112
636: 679,11,637,10,66,762,643,98,667,740,97
637: 10,597,92,636,98,293,97,241,286,104,692,21,488
638: 29,711,109,592,694,260,301,302,110,30,822
639: 261,730,671,218,449,219,267,86
640: 343,344,401,818,384
641: 6,29,75,571,855,711,628,109,582,737,584,560,932,300
642: 292,670,7,331,744,338,128,133,346,715,34,373,151,40
643: 679,238,66,762,636,667,232,459,558,880,570
644: 248,255,82,513,738,763,672,247,561,239,207,833
645: 121,327,792,848,780,696,120,495,433,519,125
646: 163,491,156,647,542,386,151,807,380,34,616,857
647: 163,646,491,156,134,436
648: 692,447,33,773,326,333,868,32,130,285,495,119,144,374
649: 222,221
650: 172,463,844,502,177
651: 9,12,95,291,522,0,13,722,283,19,493,101
652: 23,345,666,352,160,731,911,707,678,112,853
653: 169,470,406,426,661,408,164,41,174,437
654: 568,873,370,761,384
655: 225,188,558,880,660,191,187,231,705,698
656: 474,392,160,707,436,626,391
657: 317,713,504,118,719,886,124,323,31,122,324
658: 370,330,583,621,322,579,607,721
659: 254,214,255,82,449,513,772,803,253,219,261
660: 613,186,191,187,43,231,675,655
661: 169,173,196,653,178,202,174,437,455,556,925,927
662: 399,380,146,492,524,34,142,372,865,373,620,331,147
663: 448,45,201,572,630,893,173,236,464,243
664: 259,528,494,529,299,823,6,628,81,473,116,308
665: 172,586,198,44,742,192,887
666: 701,688,652,345,133,346,160,423,386,151,626,353
667: 238,830,762,774,643,636,740,466,1,746
668: 158,419,450,835,394,395,736,139,569,398
669: 313,306,113,307,521,112,853,116,731,359,589,477,858
670: 292,620,642,123,446,331,145,338,498,133,127,865
671: 222,532,901,62,593,218,86,618,639
672: 500,463,77,496,14,206,920,561,207,833,513,644
673: 216,702,870,56,441,258
674: 781,183,179,203,437,455,52,556,180,580,56
675: 224,64,567,186,660
676: 78,22,497,691,73,201,242,464
677: 749,270,783,224,230,64,567,229,756,785,96,275,223,859
678: 358,707,487,112,853,106,23,652,352,605,138,137
679: 11,66,643,636,98,232,686,796,759,72
680: 403,417,791,305,257,635,900,83,263,111,611,487
681: 78,22,420,817,691,73,708,3,826,526
682: 83,727,806,441,250,257,871,802,417
683: 350,297,343,790,336,598,608,405,298,912,99
684: 75,17,571,204,855,205,57,610,591,824,545
685: 387,162,388,158,157,465,38,419,39,450,827,835,471,542
686: 198,445,54,192,724,733,49,796,679,11,48,232,72
687: 184,767,402
688: 666,346,423,565,835,542,386,151,40,353,38
689: 89,633,754,547,517,117,323,719,122,19
690: 115,712,310,751
691: 208,676,78,250,681,73,708,427,55,526
692: 648,447,33,581,21,514,285,495,929,637,10,97,488
693: 350,625,297,106,874,298,933,257,304,111,764,549
694: 260,638,592,87,315,469,309,110,822
695: 1,609,237,786,51,918,830,71,774,245,745,734
696: 273,91,120,757,876,278,10,92,121,645,285,495,519
697: 18,503,704,629,88
698: 224,629,705,924,225,88,655
699: 789,135,28,301,25,793,109,737,108,30
700: 249,614,78,22,497,912,99,288,431,747
701: 338,498,666,132,133,156,378,151,626,385
702: 217,216,531,673,183,60,56,509,814,258
703: 15,553,635,515,79,251,300,299,102,823,27,37,505,911
704: 18,503,811,697,277,629,88,271,268,499
705: 224,231,64,277,96,698,422,924,225,655,880,65
706: 17,571,430,246,560,14,545,541,82,253
707: 358,678,853,652,160,138,626,391,656,474,563
708: 250,420,681,691,55,483,15,251,107,526
709: 241,234,286,533,93,895,800,280,287,519,428
710: 294,310,309,564,26,751,136,729,535,712,302
711: 6,29,429,109,638,560,592,641,81,308,260
712: 254,535,87,262,310,309,710,751,115,690
713: 317,657,468,118,365,323,621,31,366
714: 233,595,480,234,898
715: 565,129,25,642,24,744,869,634,128,346
716: 248,535,303,772,841,103,295,511,805,294,310,26,808
717: 529,578,923,314,473,116,847,316,312,307,632
718: 222,409,61,402,185,211,62,618
719: 276,657,504,859,754,230,90,517,768,323,689,122,19,324
720: 9,12,291,522,619,544,243,501,826,290,3,856,74
721: 568,579,371,607,370,658,145,621,620,492,421,418
722: 292,852,123,446,19,101,522,651,633,850,127
723: 586,41,599,838,408,52,176,205,831
724: 170,198,8,686,742,192,623,167,750,601,919,197,232
725: 147,148,367,143,741,144,333,755,142
726: 381,369,148,375
727: 83,263,467,682,257,304,111
728: 376,928,780,908,433,615,334
729: 294,710,564,348,26,136,779,588,389,602,340,302
730: 261,87,639,469,592,219,267,86,260
731: 652,345,423,911,669,521,112,853,477,858
732: 165,169,168,46,426,518,907,482
733: 425,686,192,49,796,759
734: 553,745,252,74,300,443,540,695,13,71,245,75,584,932
735: 399,372,418,118,31,788,486,407,842
736: 354,140,397,139,585,394,668,574,398
737: 6,109,641,300,299,102,108,699
738: 214,255,513,644,763,207
739: 9,517,69,768,416,619,749,230,229,785,68,189,501
740: 11,830,597,636,98,804,53,667,293,541,97,76,246
741: 381,590,147,148,143,546,725,904
742: 170,586,198,8,41,665,724
743: 364,596,368,369,144
744: 20,24,33,869,752,642,7,128,129,715
745: 252,734,540,51,918,580,205,695,71,75,204
746: 1,760,237,555,65,47,623,570,238,774,667
747: 281,235,288,431,544,94,826,290,845,700,22,99,801
748: 846,183,184
749: 64,567,229,677,879,223,604,189,69,739,416
750: 167,601,44,192,724
751: 310,309,710,564,136,712,115,690,356,141
752: 20,33,744,773,333,32,7,777,332,866,331,755
753: 59,206,921,182,920,213,214,449,513,253
754: 274,275,230,229,68,547,517,117,276,719,689
755: 142,372,373,866,331,333,752,147,367,153,725
756: 270,783,677,275,276,269
757: 696,273,91,539,811,876,271,903,10,627,285
758: 335,341,412,615,36,125,816,342,383,348,131
759: 922,67,480,733,425,49,796,193,679,72,892
760: 1,95,237,746,786,70,416,65,785
761: 384,337,145,377,498,568,654,873,378
762: 238,10,643,636,667,97,466,551,627,581
763: 456,248,255,644,738,207
764: 351,506,111,549,693,106
765: 381,472,546,154,374,36,149,131,375,928
766: 389,347,471,35,395,340,884,159,39,450,525
767: 185,181,610,831,687,781,184,180
768: 9,517,95,739,70,230,785,90,719,283,19
769: 398,397,161
770: 314,890,473,462,308,847,891,444
771: 203,202,455,215,55,50,427,209
772: 254,248,255,659,535,82,303,815,803,716,103
773: 648,333,32,752,119,612,866,367,144
774: 830,48,71,53,667,47,623,918,1,695,746
775: 328,327,848
776: 354,140,600,439,585,110,301,490,141
777: 7,283,2,332,551,20,581,32,752
778: 319,268,475,820,18,821
779: 342,383,390,294,564,348,729,872,884,389
780: 645,792,908,120,326,334,424,368,369,728
781: 674,175,437,52,184,180,767,831
782: 411,46,604
783: 567,756,677,275,223
784: 350,828,106,137,549
785: 230,64,677,96,90,768,739,760,70,416,65
786: 1,12,95,695,609,760,237,0,13,619,74
787: 165,470,197,426,518,42,838,47,170,8,41
788: 31,620,122,123,332,324,866,331,486,735,372
789: 565,699,25,795,438,634,108,346,423
790: 343,336,683,598,329,289
791: 403,680,84,305,611,311,832
792: 548,327,645,780,908,321,120,424
793: 135,699,347,301,25,602,340
794: 414,391
795: 565,789,835,28,347,394,423,139,477
796: 193,457,733,686,759,679,232
797: 69,609,237,416,619,555,520,518,42,244,836
798: 274,415,930,440,810
799: 228,68,415,479,930,63
800: 233,279,878,278,92,234,93,709,121,519
801: 282,460,453,281,288,94,747,99
802: 249,208,250,257,420,304,871,682
803: 254,659,535,82,772,815,253,430,592
804: 830,293,740,97,466,245,76,917,5,514,862
805: 296,287,412,511,543,295,716,342,559
806: 83,682,441,107,452,417,258
807: 646,156,379,378,151,338,34,865,857
808: 559,349,294,310,105,716
809: 267,462
810: 440,798,415,930
811: 18,91,451,503,704,539,757,821,271,499
812: 362,318,317,468,504,886,897
813: 388,432,525,472,530,149,881,382
814: 259,220,452,509,258,840,60,56,702,107,631
815: 535,82,772,803,103,104,430,246,552,26
816: 341,126,758,36,125,527,868,348
817: 933,420,681,99,3,435,290,510,608,298
818: 414,401,384,344,828,640,385
819: 387,162,157,465
820: 362,319,284,481,886,778,325,821,851
821: 18,325,451,811,284,268,499,778,820
822: 114,600,110,30,638,694,308,260,444,301
823: 703,79,251,299,628,403,259,494,664
824: 176,181,205,212,58,610,591,545,17,684
825: 38,419,393,489,139,353,392,905,161
826: 464,544,243,747,290,720,22,681,73,3
827: 157,685,39,471,616,590,882,542,40
828: 784,344,352,624,137,401,818,391
829: 491,379,857
830: 71,774,804,53,667,740,466,245,76,1,695
831: 176,767,181,610,408,723,781,175,52
832: 357,306,611,487,311,307,112,791,305,605
833: 576,561,239,496,672,77,14,902,513,644
834: 49,915,425,240
835: 565,347,471,394,795,688,139,353,38,685,419,668,450
836: 470,196,518,42,244,51,47,476,609,797,237
837: 360,359,140,397,589,439,854,410
838: 470,787,51,47,8,41,599,723,918
839: 210,540,526,203,202,55,476
840: 403,259,528,220,265,452,575,529,509,814
841: 456,716,295,543
842: 363,407,481,486,485,596,142,735,372,367
843: 284,268,499,504,859,277,90,924
844: 500,534,463,650,887
845: 194,235,242,464,431,544,747,22
846: 217,748,183,184,180,211,402
847: 314,770,473,116,308,444,717,114,632
848: 548,328,121,327,617,775,645
849: 406,426,907,166,170,41
850: 633,330,337,460,453,522,852,722,446,100
851: 484,362,481,886,820
852: 722,101,291,522,510,850,100,577,127
853: 358,707,306,113,669,678,112,652,160,731
854: 359,397,589,139,477,837,113,489,413
855: 75,17,571,429,16,628,684,560,641,57,591
856: 15,515,74,526,883,510,291,720,3
857: 380,146,150,646,829,379,807
858: 589,30,477,116,108,731,28,669,521
859: 276,504,719,843,270,230,677,96,90
860: 320,325,451,478,484,485,364
861: 220,452,575
862: 20,24,581,514,0,804,466,245,5,4,493
863: 401
864: 59,214
865: 492,421,662,34,145,670,620,338,807
866: 332,788,331,486,612,773,333,752,755,372,367
867: 314,890,473,85,221,528,265,454
868: 648,447,326,527,130,495,36,125,816,334,374
869: 24,33,744,339,130,35,129,25,715
870: 427,215,673,441
871: 256,249,208,802,467,682
872: 349,390,294,550,564,557,779
873: 150,568,654,761
874: 297,693,304,549
875: 448
876: 226,278,459,903,10,66,696,273,757
877: 425,595,922
878: 233,279,800,234,512
879: 749,64,567,520,411,186,604,69,416
880: 225,459,558,655,570,231,705,422,65,238,643
881: 149,813,382
882: 590,153,546,333,130,35,129,39,827
883: 15,553,856,79,252,74,210,540
884: 383,390,348,779,341,389,766,154,159,525
885: 314,462,454
886: 362,657,468,118,481,812,820,851
887: 172,445,665,534,463,844
888: 303,310,105
889: 414,155
890: 314,770,266,81,473,462,85,308,867
891: 267,770,462,260,444,469
892: 241,240,898,72,576,93,759,480,98
893: 448,45,663,195,236
894: 434,588,340,931,293,552,339,21,929,896
895: 295,241,247,286,533,709,287,428,511
896: 126,511,104,552,21,588,894,931,348,26
897: 318,475,812
898: 241,234,458,533,93,892,233,714,480
899: 329,282,583
900: 483,635,251,257,680,417,625,111
901: 58,603,62,593,921,182,671,532,218
902: 11,597,541,496,14,576,239,833,246
903: 226,876,459,272,271,273,503,757
904: 590,152,147,741,616
905: 523,392,161,134,825,393
906: 27,37,345,128,132,133,577,127,101
907: 165,426,732,849,166,170
908: 327,792,780,424,728
909: 360,359,632,507,439
910: 366,365,468,118
911: 27,23,652,345,731,505,703,635,521,112
912: 249,700,933,99,683,405
913: 279,922,67,226,278,227
914: 176,502,212,177,14,545,172,171,463,920
915: 500,534,49,834
916: 388,158,432,159,404
917: 571,5,246,582,584,804,293,76,434
918: 8,599,838,51,47,205,695,71,774,53,745
919: 167,191,601,187,457,724,232
920: 206,753,672,463,502,213,212,14,914,513
921: 59,753,182,213,901,593,218,449,253
922: 913,595,67,759,480,425,877,442
923: 264,265,575,529,578,717,454,314,473,316
924: 270,224,277,516,629,96,705,698,843
925: 174,437,455,927,661,178
926: 357,358,606
927: 455,925,661,209,178
928: 131,376,375,728,615,36,334,765,374
929: 692,447,33,339,21,514,293,97,894
930: 281,235,415,479,799,798,440,810
931: 588,35,340,894,339,527,896,348
932: 75,5,584,641,245,553,300,443,734,102
933: 249,257,420,304,817,912,297,693,298