0: 9,237,245,291,1,12,4,238,70,13,75,5,292,24,95,283,20
1: 9,237,96,0,245,12,51,8,4,47,238,70,75
2: 332,32,324,95,283,124,284,277,90,10,119,91,285,20
3: 15,74,78,107,299,27,243,291,12,290,94,100,23,101
4: 11,71,76,246,293,97,238,70,0,245,1,13,75,5,339,20
5: 6,29,109,300,301,0,4,293,13,339,102,35,25
6: 109,30,300,301,81,85,5,13,79,251,299,27,108,102,28
7: 292,332,32,123,24,331,372,129,373,130,339,128,151,34,102,346,40,35,380
8: 196,197,245,1,51,41,48,205,198,53,47,52,75,204
9: 69,237,244,243,96,0,245,291,1,12,51,74
10: 65,278,66,232,226,97,238,70,272,277,2,92,91,285
11: 48,66,71,72,98,198,76,232,239,4,246,293,97,238,70
12: 9,237,243,0,245,291,1,51,15,74,13,3,252
13: 15,79,299,252,27,0,12,4,6,75,300,5,102
14: 29,17,206,103,253,82,212,213,205,76,239,53,246,77
15: 74,55,56,13,3,78,79,210,251,258,107,299,252,27,12
16: 17,58,62,81,57,86,260,85,212,61,259,211,79,80
17: 29,14,75,16,253,81,212,204,205,76,53,246
18: 272,88,271,319,284,325,320,91
19: 68,229,230,291,90,94,324,89,276,95,283
20: 285,339,0,4,97,238,70,292,332,32,24,95,283,2
21: 92,286,33,333,125,126,285,36,339,98,293,104,97,26,340
22: 249,208,235,242,243,73,290,78,298,99
23: 37,344,345,100,132,133,351,352,112,106,101,3,107,299,298,27,343
24: 292,332,32,123,331,127,95,283,129,7,0,20,128,34,102,101
25: 26,28,35,347,135,340,293,29,109,301,5,302,339
26: 341,25,135,294,340,293,104,29,103,302,126,21
27: 15,13,3,251,107,299,6,300,108,37,345,133,102,23,112,101
28: 35,347,354,38,25,6,109,300,301,108,102,346,353
29: 14,17,109,301,103,253,81,5,302,76,246,293,26,25
30: 6,300,85,308,251,307,265,108,113,114,116,313
31: 117,118,122,123,142,145,146,338,323,324,330,331,365,366,371,372,124
32: 292,332,123,24,331,372,95,283,129,124,7,2,373,33,119,333,285,339,20
33: 373,119,326,333,120,148,285,36,130,334,339,21,374,332,32
34: 37,128,151,345,386,132,133,102,346,101,292,123,24,338,331,127,129,7
35: 28,39,347,25,340,5,129,7,130,339,102,346
36: 33,333,125,126,148,130,334,21,375,374,153,131,154,341,340
37: 108,128,345,386,132,133,34,352,102,23,346,112,353,101,299,27
38: 139,28,157,39,158,347,394,354,161,346,134,353
39: 154,40,157,388,35,158,380,347,389,38,340,130,153,346,134
40: 157,39,380,372,129,7,373,130,153,151,346,134,152,163
41: 170,174,175,176,196,197,8,171,52,204
42: 46,64,190,96,197,231,165,186,187,65,43,191,47
43: 65,44,191,192,188,47,166,167,187,42,197
44: 65,43,48,49,66,191,192,193,198,232,188,167
45: 195,236,244,73,168,173,194,201,202,50
46: 42,64,69,190,195,196,244,197,165,169
47: 65,43,48,191,198,238,70,42,96,197,245,1,8
48: 11,44,49,54,205,71,192,198,53,171,47,167,8
49: 44,48,54,72,192,193,198,199,240,172
50: 74,55,203,209,202,173,178,45,244,73,201
51: 9,196,237,244,245,1,12,8,74,203,52,252,204
52: 80,203,174,41,175,179,180,196,51,8,57,204
53: 48,54,205,198,76,171,246,77,176,8,14,75,17,206,212,204
54: 48,49,205,72,198,199,53,171,77,172,176,206
55: 15,74,56,78,203,209,210,215,202,250,258,50
56: 259,15,211,55,60,79,80,203,210,215,216,258,252,179
57: 58,16,212,204,176,185,181,180,211,80,52
58: 16,62,57,212,213,218,219,185,181
59: 82,213,218,219,182,214
60: 259,211,56,210,215,216,258,183,220
61: 16,62,85,259,211,221,217,222
62: 58,16,86,260,61,218,219,185,222
63: 189,229,275,223,228,274
64: 42,46,69,189,190,229,230,96,231,186,223,224
65: 43,44,66,191,192,232,188,226,10,47,238,70,42,96,277,231
66: 65,11,44,278,67,71,192,98,232,226,10,238,70
67: 278,66,72,193,98,232,233,93,240,279,227,241,234
68: 69,229,236,243,19,291,228,281,235,94,89
69: 9,46,64,68,189,190,195,229,236,237,244,96
70: 65,11,66,71,232,4,97,10,47,238,96,0,245,1,20
71: 11,48,66,72,98,198,76,232,239,4,246,293,97,238,70
72: 11,49,54,67,71,98,199,239,240,77,200,241
73: 45,236,244,243,194,235,242,201,22,74,78,202,50
74: 15,55,3,78,203,202,50,252,9,237,244,243,73,12,51
75: 17,204,0,245,1,8,205,76,53,4,246,13,252
76: 11,205,71,239,53,4,246,77,293,29,14,75,17
77: 54,205,72,199,76,239,53,247,246,200,14,206,103,207
78: 15,74,55,3,250,107,298,73,290,22
79: 259,15,56,13,80,210,251,258,252,6,300,16,81,85
80: 259,211,56,79,203,210,52,252,179,16,57,204
81: 6,29,17,109,300,301,16,253,86,260,85,308,79
82: 14,254,59,206,103,253,207,213,247,214,255
83: 215,305,250,257,258,107,256,263
84: 259,305,251,258,307,264,221,263,312,220,265
85: 6,30,300,16,81,86,260,308,61,259,79,251,265,266
86: 16,62,261,253,81,87,260,85,308,219,266
87: 254,261,253,86,260,308,219,309,262,267,315
88: 225,272,271,270,277,268,18
89: 282,117,122,94,323,330,276,281,68,19,275,274,322
90: 230,96,277,19,324,276,95,283,284,2
91: 92,325,119,320,326,120,285,272,10,18,2
92: 326,120,121,125,91,285,21,278,98,93,97,10
93: 278,67,98,279,234,92,286,121,125,280
94: 282,122,330,127,89,68,243,19,291,290,3,100
95: 292,332,32,123,24,324,331,283,2,0,19,291,90,20
96: 9,42,64,69,230,237,277,245,90,231,1,65,47,238,70
97: 11,71,98,239,4,293,10,238,70,92,285,339,21,20
98: 11,66,67,71,72,232,93,239,293,104,97,241,92,286,21
99: 289,297,343,336,290,22,298,282,100
100: 132,23,101,290,3,282,94,337,127,99
101: 37,128,345,100,132,133,34,102,23,3,299,27,292,24,127
102: 108,37,128,345,133,34,346,101,13,299,27,6,300,5,292,24,129,7,28,35
103: 29,14,254,253,82,302,239,247,77,293,104,255,26,303
104: 98,239,247,293,295,241,103,286,126,21,26
105: 248,255,295,296,294,349,303
106: 344,351,23,112,111,305,107,298,304,350
107: 15,3,78,83,305,250,251,257,258,299,298,27,23,112,106
108: 37,345,133,352,113,102,112,353,251,299,307,27,6,30,300,28
109: 6,29,300,301,81,308,5,302,28,110,25,135
110: 114,141,354,135,109,301,308,309,302,315
111: 351,306,106,305,311,263,304,357
112: 108,37,345,133,352,23,306,106,305,251,107,299,307,27
113: 108,161,353,306,307,30,114,139,358,397,359,116,313
114: 139,140,110,354,30,308,314,315,113,360,359,116,313
115: 141,355,309,310,315,356,361
116: 359,313,307,30,312,265,314,113,114,316
117: 31,118,122,323,324,330,365,89,276,275,317,322
118: 31,117,323,324,366,276,124,284,362,318,317,325
119: 373,325,33,326,333,120,368,91,144,367,285,332,32,124,2
120: 92,33,119,320,326,333,327,121,368,125,91,144,285,334
121: 92,328,320,326,327,120,125,278,93,321,273,280
122: 31,282,117,145,94,337,323,330,365,371,127,89,329,322
123: 292,31,332,32,24,338,324,331,372,127,95,283,129,124,7,128,34
124: 31,332,32,118,123,142,324,331,372,284,2,325,119,367
125: 376,92,286,328,326,327,120,121,126,36,334,21,93,335
126: 286,125,36,21,131,104,295,335,26,341,294,340,342
127: 292,282,122,123,94,24,337,338,330,331,128,100,132,34,101
128: 37,151,345,386,132,133,34,102,346,101,292,123,24,338,331,127,129,7
129: 292,332,32,123,24,331,372,7,373,130,339,128,151,34,102,346,40,35,380
130: 373,33,333,148,36,339,374,153,129,7,40,35,39,380,340
131: 376,126,36,375,335,154,341,342,383
132: 37,128,344,385,345,386,100,133,34,23,378,101,337,338,127
133: 108,37,128,345,386,132,34,352,102,23,346,112,353,101,299,27
134: 151,386,156,346,40,157,39,380,38,163,387
135: 26,141,110,347,348,354,25,136,340,109,301,302
136: 390,341,141,395,347,348,389,135,294,302,356,349,303
137: 138,391,351,350,357
138: 396,392,137,391,351,160,352,306,357,358
139: 114,140,394,354,38,161,113,353,397,398,360,359
140: 114,139,141,395,394,354,355,361,398,360
141: 140,395,110,348,354,355,135,136,115,309,356,361
142: 31,146,366,372,124,147,367,399,143
143: 399,363,142,147,367
144: 119,369,320,326,327,120,368,367,148,334,374,364
145: 31,122,146,337,338,330,365,371,150,370,378
146: 31,142,145,338,366,371,372,147,150,399
147: 142,146,372,373,367,399,143,152
148: 373,33,333,368,144,36,130,334,375,374,153
149: 381,375,382
150: 145,146,371,370,377,378
151: 379,128,386,34,346,134,338,372,129,7,40,380,163
152: 381,147,153,40,157,380,163
153: 373,148,36,130,374,154,40,157,388,39,380,381,152
154: 341,382,388,39,389,340,36,375,153,131
155: 384,385,391,156
156: 392,379,385,386,391,155,160,134
157: 40,388,39,158,380,38,153,134,152,163,387
158: 157,388,39,395,162,347,394,389,38,159
159: 390,382,388,395,158,389
160: 396,392,161,386,138,391,156,352,353
161: 396,392,160,113,353,139,38,393,397
162: 158,394,393,398
163: 379,151,134,40,157,380,152,387
164: 175
165: 169,166,42,46,190,197
166: 170,167,165,197,43,191
167: 170,166,197,43,44,48,191,192,198,171
168: 169,173,45,195
169: 165,168,174,46,196,197
170: 166,41,167,197,171
171: 48,54,205,198,53,172,170,41,167,176,197
172: 177,49,54,199,171
173: 168,174,178,45,203,202,50
174: 169,173,41,178,175,179,196,203,52
175: 179,174,41,164,180,52
176: 181,177,41,54,205,53,171,206,57,212,204
177: 176,182,181,172,206
178: 179,173,174,203,209,202,50
179: 178,183,175,174,180,211,56,80,203,210,52
180: 185,184,183,175,179,211,52,57
181: 176,182,185,177,58,206,57,212
182: 181,177,59,206,213,218
183: 184,179,180,211,60,216
184: 183,185,180,211,217
185: 181,180,184,211,58,62,57,218
186: 187,224,42,64,190,231
187: 186,225,42,231,43,191,188
188: 65,43,44,191,192,193,226,187,227
189: 63,64,69,190,195,229,236,223
190: 42,46,64,69,189,195,165,186
191: 65,43,44,192,188,47,166,167,187,42,197
192: 65,43,44,48,49,66,191,193,198,232,188,167
193: 44,49,67,192,233,240,188,227
194: 235,242,45,236,73,201
195: 45,46,69,189,190,236,168
196: 46,244,197,51,8,169,174,41,203,52
197: 42,46,196,8,165,169,170,166,41,167,43,191,171,47
198: 11,44,48,49,54,205,71,192,53,171,47,167,8
199: 49,54,72,77,172,200,206,207
200: 241,72,199,240,247,77,207
201: 208,194,242,45,73,209,202,50
202: 74,55,203,209,50,173,178,45,244,73,201
203: 74,55,56,80,210,202,52,50,252,173,174,178,179,196,51
204: 75,17,57,212,41,176,51,8,205,53,80,52,252
205: 48,54,198,76,53,171,246,77,176,8,14,75,17,206,212,204
206: 14,82,207,212,213,176,182,181,177,54,205,199,53,77
207: 206,82,199,247,77,200,214
208: 249,201,22,242,209,250
209: 55,215,202,250,50,178,208,201
210: 259,15,211,55,56,60,79,80,203,215,216,258,252,179
211: 259,56,60,80,210,216,184,183,179,185,180,16,57,61,217
212: 14,17,58,16,206,57,213,204,176,181,205,53
213: 14,58,59,206,253,82,212,218,219,182
214: 59,82,207
215: 55,56,60,83,209,210,216,250,257,258
216: 259,211,56,60,210,215,258,183,220
217: 221,220,184,211,61
218: 58,59,62,213,219,182,185
219: 58,59,62,261,253,86,87,260,213,218
220: 264,221,217,259,60,84,216
221: 264,220,265,217,259,84,61,222,266
222: 266,62,61,221
223: 224,269,63,64,189,229,230
224: 186,223,270,225,64,230,277,231
225: 272,88,271,187,224,277,231,226
226: 65,278,66,232,188,10,225,272,227,277,231
227: 272,278,67,193,233,188,226,279,273
228: 281,235,63,68,236,274
229: 63,64,68,69,189,230,236,19,275,223,276
230: 64,229,96,277,19,90,231,223,224,270,269,276
231: 42,64,230,96,277,186,187,224,225,65,226
232: 65,11,44,278,66,67,71,192,98,226,10,238,70
233: 67,193,240,279,227,234
234: 241,67,233,93,240,279,286,280
235: 228,194,281,242,68,236,243,73,22
236: 45,68,69,189,195,229,244,243,73,228,194,235
237: 9,69,244,243,96,0,245,291,1,12,51,74
238: 65,11,66,71,232,4,97,10,47,70,96,0,245,1,20
239: 11,71,72,98,76,247,246,77,293,104,97,14,103
240: 49,67,72,193,233,200,241,234
241: 200,295,234,67,72,98,240,247,104,286,287
242: 194,235,73,208,201,22
243: 9,68,236,237,244,73,291,12,290,235,22,74,3,94
244: 9,45,46,69,196,236,237,243,73,51,74,202,50
245: 9,237,96,0,1,12,51,8,4,47,238,70,75
246: 11,205,71,76,239,53,4,77,293,29,14,75,17
247: 239,77,104,200,295,241,103,82,207,248
248: 105,255,247,295
249: 256,208,22,250,298,297
250: 55,78,83,209,215,257,258,107,298,256,249,208
251: 259,15,79,84,305,258,107,299,307,27,6,30,300,85,265,108,112
252: 15,74,56,13,79,80,203,210,12,51,75,204
253: 29,14,254,17,261,103,81,82,86,87,260,308,213,219,302
254: 261,103,253,82,87,309,302,310,255,262,303
255: 105,310,248,262,254,103,82,303
256: 249,83,250,257,298,304
257: 83,215,305,250,258,107,256,263
258: 259,15,55,56,60,79,83,84,210,215,216,305,250,251,257,107
259: 211,56,60,79,84,80,210,216,251,258,16,85,61,221,220,265
260: 16,62,261,253,81,86,87,85,308,219,266
261: 254,253,86,87,260,308,219,309,262,267,315
262: 310,255,254,261,87,309
263: 264,311,83,84,305,257,111
264: 221,263,312,220,265,84
265: 264,221,312,259,84,251,307,30,85,266,116,313
266: 314,267,222,315,86,260,85,308,221,265
267: 315,266,261,87
268: 88,271
269: 223,270,230,275,317,276
270: 224,269,88,271,230,277,318,276,284
271: 225,272,88,270,277,268,18
272: 225,227,88,271,278,226,10,18,273,91
273: 321,272,227,278,279,121
274: 322,228,281,63,275,89
275: 63,229,269,317,274,117,323,89,276
276: 117,118,323,324,89,284,270,269,229,230,19,90,275,318,317
277: 230,96,90,231,224,270,225,88,271,65,226,10,284,2
278: 66,67,232,93,226,10,279,272,227,273,92,121
279: 278,67,233,93,227,234,273,280
280: 93,279,234,286,328,121
281: 228,235,68,274,282,89
282: 122,94,337,330,127,89,281,290,329,289,99,336,100
283: 292,332,32,123,24,324,331,95,2,0,19,291,90,20
284: 118,324,276,124,2,270,277,90,318,18,325
285: 92,33,119,326,333,120,91,339,21,20,97,10,332,32,2
286: 125,126,21,98,93,104,295,241,234,335,280,287
287: 335,296,295,241,286
288: 289,297
289: 99,297,336,288,282
290: 243,22,3,78,298,282,94,99,100
291: 9,68,237,243,0,19,12,3,94,95,283
292: 332,32,123,24,331,127,95,283,129,7,0,20,128,34,102,101
293: 11,71,98,76,239,4,246,104,97,29,103,5,339,21,26,25,340
294: 26,341,348,136,295,302,105,126,342,349,303
295: 241,247,104,105,248,286,126,296,287,294
296: 287,295,105
297: 289,99,343,304,350,249,288,298
298: 78,250,107,290,256,249,22,99,297,304,23,106
299: 15,13,3,251,107,27,6,300,108,37,345,133,102,23,112,101
300: 6,109,30,301,81,85,5,13,79,251,299,27,108,102,28
301: 6,29,109,300,81,308,5,302,28,110,25,135
302: 29,254,109,301,103,253,309,26,110,348,25,135,136,294,303
303: 356,349,254,103,309,302,105,310,255,348,136,294
304: 297,350,256,298,106,111
305: 83,84,251,257,258,107,307,311,263,112,306,106,111
306: 138,351,352,113,112,111,305,307,311,357,358
307: 84,305,251,30,312,265,108,113,112,306,116,313
308: 109,30,301,261,253,81,86,87,260,85,309,314,315,266,114,110
309: 254,261,87,308,302,310,262,315,141,110,115,303
310: 255,262,254,309,115,356,303
311: 263,312,305,306,111,357
312: 264,311,265,84,307,316,116,313
313: 359,116,307,30,312,265,314,113,114,316
314: 315,266,308,114,316,360,116,313
315: 314,267,266,261,87,308,309,114,110,115,361
316: 312,314,359,116,313
317: 318,269,275,117,118,323,276
318: 362,319,317,270,118,276,284
319: 362,318,18,363,325
320: 325,326,327,120,121,368,91,144,321,18,364
321: 273,320,327,121
322: 329,274,117,122,323,330,365,89
323: 31,117,118,122,324,330,365,89,276,275,317,322
324: 31,117,118,123,323,331,276,95,283,124,284,2,19,90
325: 119,320,91,367,362,319,18,364,363,118,124,284
326: 92,33,119,320,333,327,120,121,368,125,91,144,285,334
327: 328,369,320,326,120,121,368,125,144,334,321
328: 327,121,125,335,280
329: 370,322,282,122,337,330,336
330: 31,282,117,122,145,94,337,323,365,371,127,89,329,322
331: 292,31,332,32,123,24,338,324,372,127,95,283,129,124,7,128,34
332: 292,32,123,24,331,372,95,283,129,124,7,2,373,33,119,333,285,339,20
333: 373,33,119,326,120,148,285,36,130,334,339,21,374,332,32
334: 376,33,369,326,333,327,120,368,125,144,148,36,375,374
335: 287,376,286,328,125,126,131
336: 289,99,343,377,329,282,337
337: 282,122,145,338,330,371,127,329,370,377,336,100,132,378
338: 31,123,145,146,337,331,371,372,127,379,128,151,132,34,378
339: 33,333,285,130,21,20,4,293,97,5,332,32,129,7,35,25,340
340: 154,26,341,35,39,347,389,25,135,293,126,36,130,339,21
341: 390,154,26,348,389,136,294,340,126,36,131,342
342: 349,383,126,131,390,341,294
343: 99,297,336,350,384,344,23
344: 384,385,132,391,351,352,23,106,343,350
345: 108,37,128,386,132,133,34,352,102,23,346,112,353,101,299,27
346: 37,128,151,345,386,133,34,102,134,353,129,7,40,28,35,39,380,38
347: 28,35,39,395,158,348,354,389,38,25,135,136,340
348: 390,341,141,395,347,389,135,136,294,302,356,349,303
349: 356,342,303,105,390,348,136,294
350: 297,343,304,344,137,351,106
351: 344,137,138,352,23,306,106,111,350,357
352: 392,108,37,344,345,386,133,138,391,351,160,23,112,353,306
353: 392,108,37,161,345,386,133,160,352,113,346,139,28,38
354: 114,139,140,28,141,395,110,347,394,38,135
355: 140,141,395,115,356,361
356: 349,303,310,141,348,355,136,115
357: 358,311,137,138,351,306,111
358: 357,396,138,113,306
359: 360,116,313,113,114,139,397,316
360: 361,398,359,314,114,139,140
361: 360,315,140,141,355,115
362: 318,319,363,118,366,325
363: 362,319,364,325,367,143
364: 363,325,320,368,144
365: 31,117,122,145,323,330,366,371,322
366: 31,118,142,146,365,362,399
367: 373,325,119,368,144,363,142,124,147,143
368: 119,369,320,326,327,120,144,367,148,334,374,364
369: 327,368,144,334,375
370: 329,145,337,371,150,377
371: 31,122,145,146,337,338,330,365,150,370,378
372: 31,332,32,123,142,146,338,331,129,124,147,7,373,151,40,380
373: 33,119,333,367,148,130,374,153,332,32,372,129,147,7,40,380
374: 373,33,333,368,144,148,36,130,334,375,153
375: 376,369,148,36,334,374,131,154,149
376: 125,334,375,131,335
377: 336,370,337,150,384,378
378: 384,379,385,132,145,337,338,371,150,377
379: 151,385,386,156,378,338,163
380: 40,157,39,372,129,7,373,130,153,151,346,134,152,163
381: 149,152,153,388
382: 154,388,159,383,149
383: 342,131,390,382
384: 344,385,155,378,343,377
385: 384,379,344,386,132,391,155,156,378
386: 392,379,37,128,151,385,345,132,133,156,160,34,352,346,134,353
387: 134,157,393,163
388: 154,382,157,39,158,389,159,153,381
389: 390,154,341,388,39,395,158,347,348,159,136,340
390: 341,348,389,159,136,342,349,383
391: 392,344,385,137,138,155,156,160,352
392: 396,161,386,138,391,156,160,352,353
393: 162,396,161,397,387
394: 139,140,395,158,162,354,38,398
395: 140,141,158,347,348,394,354,355,389,159,136
396: 392,161,138,160,393,358,397
397: 396,161,113,139,393,398,359
398: 360,139,140,162,394,397
399: 143,142,146,366,147