0: 12,95,245,291,1,551,4,13,292,493
1: 12,95,245,47,237,70,0,65,551,238,71,466,627
2: 283,324,277,70,90,627,499,271,539
3: 15,74,515,526,435,243,78,290
4: 466,245,0,551,443,5,493,20,514,634,24
5: 584,552,582,245,4,76,293,466,443,514,25,24,434
6: 300,81,528,628,638,299,494,473,308,30,108,301,521,116
7: 292,34,373,123,283,332,331,493,129,20,32,128
8: 586,198,41,470,197,176,47,51,48,599
9: 517,95,291,229,243,416,547,619,501,19
10: 92,581,285,278,459,238,66,97,627,91
11: 576,238,48,54,71,72,53,76,232,293,97,466,541,597,636
12: 476,95,245,291,1,237,0,609,74,13
13: 553,74,515,252,443,12,245,291,0,102,101
14: 213,545,463,502,212,206,496,207,513
15: 553,74,55,3,252,210,107,540,526
16: 75,17,429,628,591,211,57,61,79,80
17: 75,205,429,16,246,213,545,560,571,593,591,212,58,610
18: 451,503,271,319,268,499
19: 292,633,122,283,9,517,95,291,90
20: 129,33,339,581,32,514,551,4,7,493,24
21: 33,339,488,447,514,104,293,97,434,588
22: 201,288,78,497,290,242,73,464,544
23: 27,37,345,133,352,112,577,461
24: 35,25,434,4,5,493,129,20,339,514,128,634
25: 565,135,35,340,347,24,434,108,602,109,301,300,5,582,339,438
26: 135,136,340,588,302,103,552,430,535,294,348
27: 37,23,102,101,505,577,553,515,635,483
28: 139,38,30,347,394,354,108,301,477,423
29: 302,246,260,560,552,430,571,582,592,641,135,110,109
30: 28,354,108,301,6,638,308,477,589
31: 123,142,124,332,323,324,372,418,621,118
32: 129,20,33,539,119,333,581,285,612,373,7,283,332,486
33: 129,20,339,374,326,333,581,21,32,130,285,447,514,97,527
34: 373,7,372,331,620,128,346,127,338,40,380,151,616
35: 565,471,39,25,340,347,24,527,40,129,339
36: 334,374,154,125,447,341,131,376,126,375
37: 438,27,23,128,102,101,345,133,346,127,505,577
38: 565,471,28,419,347,40,353,346,423,542,157
39: 450,471,389,525,35,527,154,130,546,388
40: 565,471,38,35,34,373,129,128,346,153,151,542,616,157
41: 170,586,8,169,470,406,408,176
42: 69,520,47,237,244,416,555,46,518
43: 190,613,186,231,187
44: 172,586,198,445,534,167,192
45: 448,572,168,173,195,464,630,236,244
46: 165,168,195,518,482,411,42,69,520
47: 42,1,237,51,555,65,609,470,197,8,48,71,623
48: 11,238,54,71,623,53,232,599,197,198,8,47
49: 54,72,192,534,425,240,480,77,595
50: 173,178,209,630,201,427,202
51: 47,609,470,196,8,556,599,580,204
52: 408,175,179,437,180,556,176,57
53: 11,48,54,71,76,599,541,204,205,545
54: 576,11,48,49,72,192,496,53,232,541,198,445
55: 15,203,258,210,107,202,526,215,56,208,78,250,420,427
56: 179,215,55,60,203,258,210,202
57: 185,610,179,52,211,180,80,16
58: 182,185,218,212,532,603,610,62,17,213,593,591
59: 182,218,213,214,449,513
60: 259,80,258,210,631,183,179,211,56,217,216,220,509
61: 62,211,185,402,217,16,591,509,222,85,618,221
62: 61,185,218,409,58,532,593,591,222,86,618
63: 275,566,223,274,68,189,229
64: 186,224,230,231,567,520,229,96,416
65: 95,47,1,237,96,70,416,555,231,238,570
66: 238,67,98,232,97,636,226,278,459,92,10
67: 66,72,193,98,226,227,278,442,233,279,234,480,595,93
68: 274,479,63,517,229,547,89,117
69: 42,189,520,229,236,237,244,416,619,46,195
70: 95,1,96,90,65,551,277,422,627,283,2
71: 11,238,48,53,76,599,466,245,47,1,204
72: 576,11,49,54,67,192,193,98,232,636,241,480
73: 464,544,630,476,243,201,22,78,526
74: 15,553,13,3,515,252,540,526,476,12,291,243,609
75: 17,204,16,584,571,628,79,252,80
76: 11,71,53,293,466,541,597,245,204,5,246,545,584,582
77: 240,480,561,534,199,500,576,49,496,207
78: 249,208,22,420,290,73,243,55,3,526,435
79: 580,252,80,299,631,75,16,628
80: 580,60,79,210,631,179,211,57,75,16
81: 6,429,260,528,560,571,628,641,638,473,308
82: 254,255,207,513,239,247,246,253,430
83: 256,250,257,441,417,263,452
84: 403,311,263,452,575,578
85: 222,266,454,473,618,221,61,528,265,509
86: 267,618,62,219,260,593
87: 219,302,260,592,254,262,267,315,444,261,110,309
88: 225,272,629,271
89: 322,460,583,440,274,68,479,117
90: 517,95,96,70,230,277,270,276,283,19,324,2
91: 273,537,451,503,271,120,278,459,272,539,119,285,495,10
92: 519,488,495,10,278,637,66,98,97,93
93: 234,286,278,279,512,67,98,519,92,280
94: 544,479,243,547,290,282,453,460,522
95: 9,12,291,1,237,96,70,0,90,416,65,551,292,283,19
96: 95,229,70,90,416,65,224,230,231,64,277
97: 11,238,104,637,66,293,466,627,636,92,33,581,21,488,285,514,10
98: 637,66,67,72,636,241,286,93,92
99: 297,343,336,461,598,405,290,453,608
100: 132,127,577,608,337,453,446,498,522,510,336
101: 27,37,128,102,127,634,291,13,515,443,292,493,510
102: 438,27,37,101,505,634,553,13,443,299,635,300
103: 246,552,430,104,239,597,511,26,588
104: 637,293,97,597,103,21,488,511,434,588
105: 349,294,456,303,535
106: 625,352,112,350,304,137,461,351,111,487
107: 15,55,251,258,210,417,483,250,257,420
108: 28,30,25,109,301,6,300,438,477,505,423
109: 135,25,108,301,29,300,582,641,638
110: 135,136,141,354,301,29,302,260,87,638,315,444,308,309,600
111: 351,506,257,263,305,304,625,106,611,487,605
112: 23,345,352,505,106,635,305,306,487,521
113: 358,313,396,306,521,489,160,345,477,413
114: 589,439,638,314,473,444,308,116
115: 587,315,141,356,310,309,361
116: 313,521,6,312,307,529,494,314,473,316,308,114,589,632
117: 122,323,275,274,68,517,562,317,276,89,322
118: 284,468,366,31,124,323,324
119: 539,326,333,32,144,367,285,612,91,451,478,120
120: 121,321,537,320,368,424,91,519,334,119,326,495,327
121: 321,273,120,617,278,548,328,519
122: 633,117,123,19,323,324,621,330
123: 292,31,633,7,122,283,332,324,331,620,621
124: 31,142,332,324,486,284,118,481,499,612
125: 334,326,36,488,495,447,433,428,126
126: 342,412,428,511,36,125,488,447,341,588
127: 37,128,101,100,133,338,577,292,34,446,331,498,510
128: 438,37,101,133,346,127,634,34,7,493,129,565,24,40
129: 20,33,339,333,32,130,373,7,128,565,35,24,40
130: 129,33,374,333,154,447,39,527,153,546
131: 376,36,154,341,525,383,375,554,149,382
132: 385,100,133,577,377,498,343,384,344,461
133: 626,37,23,128,385,345,386,132,346,352,127,338,577,151
134: 163,392,436,542,386,465
135: 26,136,25,110,340,602,109,301,29,302,552,641
136: 135,26,141,110,602,302,535,356,390,310,309,348,564,557
137: 350,401,344,549,352,391,106,351,138,624
138: 487,563,605,624,160,137,352,351
139: 28,419,394,353,477,489,161,413
140: 398,439,490,600,354,585
141: 136,110,354,585,356,309,557,600,115,355
142: 31,124,372,486,418,366,481,363,407,399,536,492,508,596
143: 152,147,399,536,524,596
144: 334,119,374,326,333,367,368,478,369,148
145: 371,446,498,620,621,370,377,330,337,568,421
146: 379,492,421,150
147: 152,148,153,143,373,333,367,524,596
148: 381,147,369,375,546,374,333,144,367
149: 554,573,131,381,472,375,382
150: 568,146,379,421,378
151: 163,491,156,436,542,616,34,386,133,346,338,40,380,379
152: 590,147,143,524
153: 590,147,546,373,130,40,616,157
154: 374,36,130,447,341,131,525,39,527,381,375,546
155: 156,378,384,385,414
156: 155,491,436,151,385,386
157: 387,388,465,471,38,40,590,153,163,542,616
158: 387,162,432,159,569,450,394
159: 388,158,432,450,389,525,395,404
160: 358,474,138,306,113,489,563,626,353,345,352,391,392
161: 398,397,139,419,396,489,392,162,569,523
162: 387,158,465,393,569,419,161
163: 491,134,436,151,542,616,157,465
164: 408,175,437,406
165: 46,426,613,482,166,190,411
166: 165,426,613,170,601
167: 198,44,601,457,191,192
168: 169,173,46,195,518,482,45,244
169: 168,173,470,196,426,518,41,174,437
170: 586,198,41,601,406,426,166
171: 172,586,445,463,176,177
172: 44,171,445,463,500,177
173: 169,168,196,518,45,50,178,174,455,630,244,202
174: 178,437,455,169,173
175: 408,52,164,437,180
176: 181,212,177,610,586,8,171,41,408,52,599,205
177: 176,181,502,172,171,463
178: 174,455,209,173,50,202
179: 183,52,455,211,180,556,56,57,580,60,80,203
180: 183,175,179,52,211,184,185,402,57
181: 176,185,212,177,603,610
182: 218,502,58,532,59,206,213
183: 179,211,180,184,402,217,60
184: 183,180,402
185: 181,402,57,409,58,603,610,180,62,61,591
186: 224,231,64,567,43,190,187
187: 225,188,457,558,191,43,186,231
188: 225,187,457,558
189: 69,229,236,566,63,604
190: 43,411,165,613,186,520
191: 187,457,167,198,601,623,192,232
192: 49,54,72,193,232,167,198,44,457,425,191
193: 67,72,192,232,226,442,457,558,425
194: 228,235,242,464,501,572
195: 168,46,411,448,45,69,236
196: 169,173,470,518,437,455,556,244,51,609
197: 470,426,613,198,8,601,47,555,48,623
198: 170,586,8,44,601,167,197,191,48,54,623,192
199: 500,200,77,561,207
200: 561,199
201: 208,22,497,427,50,242,73,464,630
202: 55,203,540,526,173,50,178,455,56,630,427
203: 55,580,210,202,540,179,455,556,56
204: 75,205,584,245,51,71,53,76,599,580,252
205: 17,204,545,176,212,610,53,599
206: 463,182,502,14,207,513
207: 214,82,513,199,500,206,496,247,77,561,14
208: 249,201,78,250,497,427,614,55
209: 178,215,50,427
210: 15,55,580,60,80,203,258,107,540,631,56
211: 183,179,180,402,57,217,61,60,80,16,509
212: 176,181,502,58,610,14,17,205,213,545
213: 14,219,17,246,253,545,560,593,182,218,502,212,58,59,449,513
214: 207,513,59
215: 56,209,250,427,55,441
216: 531,60,258,441,220,594
217: 531,183,211,402,61,60,509,221
218: 182,58,532,59,62,213,593,639,449
219: 429,260,213,253,560,87,592,593,639,449,86
220: 403,265,594,575,509,216,259,60,258
221: 222,454,85,217,61,265,594,509
222: 85,618,221,62,61
223: 230,567,275,63,229
224: 186,230,231,64,277,516,270,225,96
225: 88,188,187,422,558,224,231,277,570,271
226: 227,278,459,272,558,66,67,193
227: 226,278,442,279,67
228: 194,235,415,479,501
229: 9,517,69,189,96,416,619,63,223,230,64,68
230: 223,224,64,277,567,270,275,517,229,96,90,276,269
231: 186,224,64,43,225,187,422,96,555,65,570
232: 11,238,48,54,66,72,623,192,193,570,636,558,191
233: 279,512,442,67,234,480,595
234: 241,286,458,480,533,93,233,512,67,280
235: 228,194,281,242,415,431,544,479
236: 69,189,244,619,45,195,464,501
237: 42,476,12,95,69,47,1,244,416,65,609,619
238: 11,48,66,71,232,97,466,570,627,636,422,1,65,551,10
239: 576,541,597,247,246,103,82
240: 480,77,595,49
241: 234,247,286,458,480,533,561,576,72,98
242: 194,235,464,431,201,22,497
243: 9,476,291,547,619,73,544,501,94,78,290,74,3,526,522
244: 42,476,69,236,237,619,45,168,173,196,518
245: 12,1,0,609,4,71,76,466,13,252,443,204,5,584
246: 29,17,213,103,253,545,560,552,430,571,76,239,541,597,82
247: 295,241,458,533,561,239,248,255,207,82
248: 456,255,247
249: 256,208,298,78,405,420,614
250: 256,208,420,215,55,107,441,83
251: 259,258,107,299,417,483,631,403,305,494
252: 15,553,74,580,13,79,443,540,245,609,75,204,584
253: 219,246,213,560,430,592,254,82,449,513
254: 255,262,82,303,639,449,535,253,87,430,592
255: 456,254,248,82,303,535,247,430,294
256: 249,250,257,420,467,83
257: 256,298,420,107,417,483,83,263,305,304,625,111
258: 55,60,251,210,107,441,417,631,56,216,220
259: 60,251,299,631,528,403,220,265,509,494
260: 29,219,429,81,560,87,592,638,267,266,86,444,308,110
261: 87,254,262,639
262: 254,303,87,261,310
263: 403,84,452,305,257,417,83,111,611
264: 575,578
265: 220,594,575,529,509,494,259,528,454,85,221
266: 314,267,473,444,462,85,618,308,260
267: 266,86,469,444,260,87
268: 319,475,629,18
269: 318,317,276,504,275,230,270
270: 224,230,277,516,90,504,269,271
271: 18,91,451,503,277,270,629,225,88,459,422,272,499,2
272: 226,88,278,459,273,91,503,271
273: 121,537,91,503,617,278,272
274: 68,415,275,63,89,440,117
275: 63,223,230,274,276,269,117
276: 317,504,269,275,230,517,90,117,324
277: 224,230,270,225,422,96,70,90,271,2
278: 226,227,459,272,279,66,67,93,121,273,91,519,92,495,10
279: 233,512,227,278,67,93
280: 287,433,428,622,512,234,286,93,328,519
281: 235,415,479,440
282: 453,94,288,336,598
283: 292,7,123,332,19,324,2,95,70,90,551,32
284: 362,319,504,118,499,124,324
285: 33,539,119,326,581,32,495,10,97,91
286: 241,234,533,93,98,280,287,428
287: 335,296,280,412,428,295,286,533
288: 22,405,290,431,544,282,598
289: 598
290: 288,22,78,405,544,94,243,3,435,453,99,608
291: 9,12,95,243,0,74,13,515,292,633,19,522,510,101
292: 633,7,123,283,332,446,19,331,493,522,510,95,291,0,101,127
293: 11,104,637,76,97,466,597,5,552,21,514,434
294: 559,349,105,348,295,456,255,535,342,412,511,26
295: 247,533,543,456,287,412,511,294
296: 335,287,412,543,559
297: 350,99,343,304,461,298,405
298: 249,405,257,420,435,297,304,625,608
299: 259,553,79,251,635,631,6,300,628,494,102,505
300: 6,584,571,582,628,641,443,299,438,102,505,634,25,108,109,301
301: 135,28,30,25,110,354,108,109,6,300,641,638,308
302: 29,87,430,592,535,135,26,136,110,309
303: 254,255,262,535,310,105
304: 350,297,298,257,625,106,351,111
305: 403,311,263,307,257,251,635,417,483,625,112,111,611,487
306: 357,358,313,113,611,487,521,160,311,112
307: 403,311,312,529,305,494,313,521,116
308: 266,473,444,6,260,81,638,30,110,301,116,114
309: 310,302,87,315,136,141,110,115
310: 356,309,262,303,136,115
311: 312,307,84,305,357,313,306,611
312: 311,307,529,578,316,313,116
313: 358,306,113,521,606,116,311,312,307,359,632,413
314: 266,454,473,462,316,116,114
315: 469,444,87,110,309,361,600,115,587
316: 314,312,116,632
317: 318,276,468,504,269,562,117,323
318: 362,317,468,504,475,269
319: 362,484,284,268,475,499,18,451,325
320: 321,537,368,478,120,364
321: 121,537,320,424,120,548
322: 89,330,583,562,117,323
323: 31,117,122,324,607,621,562,317,468,118,322,330
324: 31,122,123,283,124,332,323,2,90,276,284,118
325: 451,478,319,481,499,612,485,364
326: 334,33,119,374,333,125,144,285,495,447,120
327: 433,615,424,120,328,334
328: 121,519,280,433,327,615,622
329: 370,377,330,337,583
330: 329,370,322,337,460,583,371,122,145,446,323,621
331: 292,34,7,123,372,620,127
332: 292,31,7,123,283,124,324,486,32
333: 129,33,119,374,326,32,144,367,130,373,486,147,148
334: 374,326,36,125,144,368,120,433,376,327,615,369,375
335: 296,287,342,412,428,622
336: 99,343,598,282,377,337,453,100
337: 329,370,377,330,453,460,145,446,498,336,100
338: 133,127,34,498,620,421,151,378
339: 129,20,33,21,447,514,35,25,340,24,434,527
340: 135,26,389,35,25,434,527,588,602,339,348
341: 36,154,447,342,131,126,389,525,527,383,390,348
342: 335,412,126,341,559,383,294,348
343: 350,99,297,336,384,344,461,640,377,132
344: 350,343,401,384,137,461,385,132,352,391
345: 626,438,353,37,23,133,346,352,477,112,505,423,113,160
346: 626,438,353,37,128,345,386,133,423,34,565,38,40,151,542
347: 565,450,471,38,389,28,35,25,394,602
348: 349,390,294,564,341,342,26,389,136,340,588
349: 559,294,105,348,564
350: 297,343,304,344,137,549,461,106,351
351: 506,111,350,304,137,549,106,138,487,605
352: 626,23,345,133,391,112,106,344,137,461,138,487,160
353: 626,345,386,346,423,139,38,419,489,160,392
354: 28,30,141,110,394,585,602,301,638,140,600
355: 141,585,356,557,574,490
356: 310,564,557,136,141,115,355
357: 306,611,606,605,311
358: 313,396,474,306,113,563,606,160
359: 360,397,589,632,439,413,538,313
360: 359,397,439,507,538
361: 490,600,315,115,587
362: 318,319,484,284,468,366,475
363: 407,484,481,142,485,536,596
364: 485,320,368,478,325
365: 366,607
366: 362,365,468,118,142,418,607,407
367: 119,333,144,612,478,486,485,596,147,148
368: 320,424,478,120,334,144,364,369
369: 148,375,368,334,144
370: 329,377,330,337,371,145,568,579
371: 145,418,607,620,621,370,330,568,579,492,421
372: 31,34,373,142,331,486,620,399,380,492,524
373: 34,7,372,486,129,333,32,40,147,153,616
374: 334,33,326,333,36,154,144,130,447,148,375
375: 381,369,148,334,374,36,154,131,376,149
376: 131,615,334,36,375
377: 329,370,337,145,498,343,336,384,640,132,568,378
378: 155,377,498,384,385,338,150,568,379,421
379: 146,421,150,491,151,378
380: 524,34,372,151,616
381: 148,472,375,530,546,154,149
382: 131,525,383,472,554,149
383: 390,550,341,342,131,525,554,382
384: 343,401,344,640,377,385,132,155,378
385: 626,132,133,391,384,344,155,156,378
386: 626,353,133,346,156,392,134,436,151,542
387: 162,158,157,465,432
388: 157,432,159,525,39,590,530,546
389: 450,525,39,395,340,347,527,602,341,390,348,159
390: 383,348,564,557,341,389,136,395,404
391: 626,385,352,401,344,137,624,160,414
392: 134,626,353,386,474,489,160,161,523
393: 162,465,523
394: 450,139,28,395,419,347,354,585,602,398,158,569
395: 450,389,394,585,404,602,390,557,159
396: 358,474,113,489,397,161,410,413
397: 398,360,359,161,410,413,396
398: 140,397,574,161,394,569
399: 536,492,508,524,142,372,143
401: 384,344,137,640,391,624,414
402: 185,183,211,180,184,217,61
403: 263,220,307,84,452,529,305,494,259,251,417
404: 395,390,557,159
405: 249,288,298,290,99,297,598
406: 170,41,408,164
407: 363,366,142,418,536,508
408: 175,52,164,437,406,41,176
409: 185,532,603,62
410: 397,538,396
411: 190,165,46,195,482,604,520
412: 335,296,287,342,428,511,126,295,559,294
413: 359,397,589,477,139,313,396,113,489
414: 401,391,624,155
415: 228,281,235,274,479,440
416: 9,42,95,69,229,237,96,65,619,64
417: 251,258,107,257,83,403,263,452,305
418: 31,371,142,607,621,366,407,492,508
419: 139,38,394,353,161,162,465
420: 256,249,298,78,250,257,55,107,483,435
421: 146,379,492,371,145,620,338,150,568,378
422: 225,459,558,231,277,70,238,570,627,271
423: 438,353,345,346,477,505,565,38,28,108
424: 321,368,120,327
425: 442,457,49,192,193,595
426: 165,169,470,197,613,518,166,170
427: 208,201,50,215,209,55,202
428: 335,280,287,433,412,126,286,125,488
429: 219,17,16,260,81,560,571,593,591,618
430: 29,302,246,103,253,552,592,254,255,82,535,26
431: 235,242,288
432: 387,388,158,159
433: 280,327,428,615,622,328,519,334,125
434: 25,340,24,588,104,293,5,552,582,339,21,514
435: 3,483,298,78,420,290,625,608
436: 163,491,156,134,151,386
437: 408,175,52,164,174,455,556,169,196
438: 37,128,102,345,346,505,423,634,300,565,25,108
439: 360,359,140,114,589
440: 89,281,274,415
441: 258,215,216,250,83
442: 227,425,233,67,193,595
443: 13,252,245,4,300,5,584,102,101,634
444: 267,266,315,469,308,260,87,110,114,600
445: 172,44,171,463,534,500,54,496
446: 292,633,145,498,522,330,337,453,460,100,127
447: 33,339,374,326,36,21,154,125,488,130,341,126,527
448: 45,572,195
449: 254,639,513,218,59,219,213,253
450: 471,389,39,395,347,394,158,159
451: 18,537,91,503,271,325,319,499,539,119,612
452: 403,263,84,575,417,83
453: 282,337,460,94,290,446,522,99,336,100
454: 314,473,462,85,221,265,529
455: 178,179,174,437,556,173,196,203,202
456: 248,255,295,543,294,105
457: 188,187,558,425,191,167,192,193
458: 241,234,247,480,533,561
459: 226,278,422,272,66,91,271,10
460: 89,330,337,453,94,633,446,522
461: 350,99,297,343,344,625,23,132,352,577,106,608
462: 314,266,454
463: 172,171,445,500,502,177,206,496,14
464: 194,242,73,630,45,572,236,201,22
465: 387,162,157,393,419,163,134,542
466: 11,238,4,71,76,293,97,245,1,551,5,514
467: 256
468: 362,318,317,366,118,323
469: 267,315,444
470: 169,196,197,426,518,8,41,47,51
471: 565,450,38,35,39,347,40,157
472: 381,530,149,382
473: 314,266,454,85,308,6,81,528,529,116,114
474: 358,396,489,563,160,392
475: 362,318,319,268
476: 12,237,244,243,609,619,73,74,540,526
477: 345,505,423,139,28,30,108,113,521,489,589,413
478: 320,368,325,119,144,367,612,485,364
479: 228,281,235,68,415,544,94,547,89
480: 241,234,240,458,77,595,233,49,67,72
481: 484,325,142,124,486,612,363,485,596
482: 165,168,46,411
483: 251,107,635,435,257,420,305,625,27
484: 362,319,481,363
485: 364,481,478,325,367,363,596
486: 373,142,124,332,372,481,333,32,367,612
487: 138,306,611,605,305,352,112,106,351,111
488: 92,21,125,447,104,637,97,428,126
489: 396,474,113,160,353,477,139,161,413,392
490: 361,140,507,600,355
491: 163,156,436,151,379
492: 399,146,508,421,371,142,372,418,620
493: 292,7,0,551,4,20,128,101,634,24
494: 403,265,307,529,259,251,299,6,528,116
495: 519,92,326,125,285,278,91,120
496: 576,54,541,445,463,500,77,14,207
497: 208,201,22,614,242
498: 145,446,377,337,100,132,127,338,378
499: 319,284,18,451,271,325,124,2,539
500: 199,172,445,463,534,496,77,207
501: 228,194,544,9,236,243,547,619
502: 182,212,177,463,206,14,213
503: 18,273,537,91,451,271,272
504: 318,317,276,284,269,270
505: 438,27,37,102,345,477,112,423,299,635,300,108
506: 351,111,611,605
507: 360,490
508: 399,536,492,142,418,407
509: 220,265,211,217,61,259,60,528,85,221
510: 292,522,291,515,101,100,127,577
511: 412,126,104,295,103,588,294
512: 233,279,234,93,280
513: 214,207,82,449,59,206,14,213,253
514: 20,33,339,581,21,4,293,97,466,5,24,434
515: 553,74,13,3,291,510,27,101,577
516: 224,270,629
517: 9,229,90,230,68,276,117,19
518: 169,168,173,470,46,196,426,42,244
519: 92,495,278,93,121,120,328,280,433
520: 42,69,190,411,46,604,64,567
521: 313,306,113,116,6,307,477,112
522: 292,633,446,510,94,291,243,453,460,100
523: 161,392,393
524: 399,380,372,152,147,143
525: 389,39,154,341,131,383,388,159,382
526: 15,74,55,3,202,540,73,476,243,78
527: 389,35,39,340,33,339,154,130,447,341
528: 6,81,628,259,265,509,494,473,85
529: 403,312,265,307,578,494,454,473,116
530: 381,590,472,546,388
531: 217,216,594
532: 182,218,409,58,603,62
533: 295,241,234,247,286,458,287
534: 44,445,500,49,77
535: 254,255,303,302,430,26,136,294,105
536: 399,508,596,142,363,407,143
537: 321,273,320,91,451,503,120
538: 360,359,632,410
539: 119,32,285,612,499,91,451,2
540: 15,74,580,252,203,210,202,526,476,609
541: 576,11,54,496,53,76,239,597,246,545
542: 163,134,151,616,386,346,38,40,157,465
543: 295,456,296
544: 235,73,479,501,94,243,547,288,22,290
545: 14,17,205,246,213,212,53,76,541
546: 381,590,148,153,530,154,130,39,388
547: 9,243,68,544,479,501,94
548: 121,321,617
549: 350,137,351
550: 383,554
551: 95,1,70,0,238,4,466,627,283,493,20,581
552: 29,5,246,103,430,582,293,135,26,434
553: 15,74,13,515,252,299,635,27,102
554: 149,131,383,550,382
555: 42,47,65,197,613,231,623,570
556: 179,52,437,455,196,51,580,203
557: 356,390,564,136,141,395,585,404,355
558: 225,226,188,187,422,457,193,232,570
559: 349,294,296,342,412
560: 29,219,17,429,246,260,213,253,81,571,592
561: 200,241,247,458,77,199,207
562: 317,322,117,323
563: 358,474,138,624,160
564: 356,349,390,348,557,136
565: 471,38,35,25,347,40,129,438,128,346,423
566: 63,189
567: 186,604,223,230,64,520
568: 150,579,370,377,371,145,421,378
569: 162,158,394,398,161
570: 238,623,232,231,225,422,558,555,65
571: 29,75,17,300,429,246,81,584,560,582,628,641
572: 448,45,194,464
573: 149
574: 398,355
575: 264,220,265,84,452,594,578
576: 11,54,72,496,239,541,597,241,77
577: 27,37,23,100,132,133,127,608,515,510,461
578: 264,312,84,575,529
579: 568,370,371
580: 79,252,80,203,210,540,179,556,51,204
581: 20,33,32,285,514,10,551,97,627
582: 29,300,5,584,552,571,641,76,25,434,109
583: 329,89,322,330
584: 75,204,300,5,571,582,245,76,252,443
585: 141,395,394,354,557,140,355
586: 170,198,8,44,171,41,176
587: 115,315,361
588: 26,340,434,104,103,21,511,126,348
589: 359,114,439,413,477,30,116
590: 152,153,530,546,616,388,157
591: 17,429,16,593,185,58,610,62,61,618
592: 29,219,302,260,253,560,87,430,254
593: 219,17,429,213,591,218,58,62,86,618
594: 220,265,575,216,531,221
595: 240,480,442,425,233,49,67
596: 536,481,142,367,363,485,147,143
597: 576,11,104,637,76,293,239,541,246,103
598: 99,289,336,288,405,282
599: 48,71,53,8,176,51,204,205
600: 361,140,490,315,444,141,110,354
601: 170,198,167,197,613,166,191
602: 135,389,136,395,25,340,347,394,354
603: 185,181,409,58,532
604: 567,411,189,520
605: 357,138,611,487,351,506,111
606: 357,358,313
607: 371,323,418,365,366
608: 625,100,577,298,290,435,99,461
609: 476,12,245,47,237,51,196,74,252,540
610: 176,185,181,57,212,58,17,205,591
611: 357,306,487,605,311,263,305,506,111
612: 539,119,32,367,481,451,478,325,124,486
613: 165,197,426,166,43,190,601,555
614: 249,208,497
615: 433,376,327,622,328,334
616: 163,151,542,34,373,40,380,590,153,157
617: 121,273,548
618: 222,266,86,85,62,61,429,593,591
619: 9,476,69,229,236,237,244,243,416,501
620: 371,34,123,145,372,331,621,338,492,421
621: 31,371,122,123,145,323,418,620,330
622: 335,280,433,615,328
623: 48,232,570,197,198,191,47,555
624: 138,563,401,137,391,414
625: 106,608,298,257,483,435,305,304,461,111
626: 353,385,345,386,133,346,352,391,160,392
627: 238,97,422,1,70,551,2,581,10
628: 6,75,300,16,81,528,571,641,79,299
629: 516,88,268,271
630: 73,464,45,173,50,201,202
631: 259,60,79,251,80,258,210,299
632: 359,538,316,313,116
633: 292,122,123,446,19,522,291,460
634: 438,128,102,101,4,443,300,493,24
635: 553,299,483,305,27,102,112,505
636: 11,238,637,66,72,98,232,97
637: 104,98,293,97,597,636,92,488
638: 6,260,81,641,308,30,110,354,109,301,114
639: 254,449,218,219,261
640: 343,401,384,377
641: 29,300,81,571,582,628,638,135,109,301