0: 292,123,4,24,331,2,20,284,245,75,1,19,95,283,3,13,23,291,101,129,7,35,339,128,34,102,5,25
1: 245,8,12,74,75,204,244,52,246,238,70,10,47,14,76,13,252,80,292,0,4,24
2: 292,0,4,24,32,124,332,20,284,96,19,95,283,238,70,21,10,97,285,277,33,333
3: 13,78,23,299,291,101,290,22,100,107,27,12,74,244,19,95,283,292,0,4,24,127,128,34,102
4: 292,0,123,24,331,2,20,284,245,75,1,19,95,283,3,13,23,291,101,129,7,35,339,128,34,102,5,25
5: 39,340,130,347,135,25,293,13,301,29,109,292,0,4,24,33,129,333,7,35,339,102
6: 301,29,108,300,109,252,85,259,80,30,13,299,307,113,107,27,102,353,28
7: 40,33,129,333,380,152,35,339,292,0,123,4,24,331,32,124,332,128,34,102,346,134,340,130,5,25
8: 245,41,75,204,52,1,246,47,53,205,14,76,203,51,57
9: 42,45,46,64,68,69,196,230,236,237,12,74,73,243,96,244,19,95,283,238,70,10
10: 65,11,66,71,231,232,239,238,70,21,97,285,47,9,69,237,245,75,96,1,2,20,284
11: 48,246,66,71,72,98,198,232,239,240,238,70,21,10,97,285,293,14,76
12: 9,69,237,245,74,75,73,243,244,1,15,3,13,78,79,203,23,251,291,101,51
13: 15,3,79,23,251,299,291,101,107,27,245,12,74,75,244,1,108,300,252,6,80,292,0,4,24,102,5,25
14: 11,246,71,239,247,293,53,205,77,76,245,8,75,204,52,1,17,103,81,253
15: 55,56,13,78,79,210,251,258,299,107,27,12,74,244,252,80
16: 17,58,62,81,57,86,252,85,217,212,218,253,260,259,61,80,211
17: 301,29,58,109,103,81,82,86,252,212,213,253,254,308,260,16,80,246,14,76
18: 320,326,120,91,271,88,278,272,92,277,119,319,325
19: 9,69,237,96,95,283,282,94,3,23,291,101,292,0,123,4,24,331,90,276,2,20,284
20: 292,0,4,24,32,124,332,2,284,96,19,95,283,238,70,21,10,97,285,277,33,333
21: 11,278,71,98,239,238,70,10,97,92,285,293,2,20,284,33,333,125
22: 3,78,23,291,101,290,100,298,73,243,242,282,94,127,289,99
23: 3,13,78,299,291,101,290,22,100,107,27,12,74,244,19,95,283,292,0,4,24,127,128,34,102
24: 292,0,123,4,331,2,20,284,245,75,1,19,95,283,3,13,23,291,101,129,7,35,339,128,34,102,5,25
25: 39,340,130,347,135,5,293,13,301,29,109,292,0,4,24,33,129,333,7,35,339,102
26: 341,131,294,104,342,98,247,293,77,303,103,110,302,105,295,126
27: 15,3,13,78,79,23,251,299,291,101,107,108,300,6,37,128,345,133,34,102,112,353,306,106
28: 139,140,39,347,354,38,135,114,30,307,113,301,29,108,300,109,6,308,102,346,134,353
29: 301,17,108,300,109,103,81,110,302,6,253,308,293,28,39,347,135,5,25
30: 84,307,113,265,108,300,85,6,259,116,313,312,112,353,306,28,114
31: 117,118,122,123,142,145,146,338,323,324,330,331,365,371,372
32: 119,123,142,331,325,124,332,2,20,284,373,33,129,333,147,7,35,339
33: 129,326,333,120,125,148,7,35,374,339,36,21,97,285,32,124,332,2,20,284,340,130,5,25
34: 37,128,345,386,133,102,346,134,3,23,299,291,101,107,27,292,0,123,4,24,338,331,127,129,7,35,339
35: 40,33,129,333,380,7,152,339,292,0,123,4,24,331,32,124,332,128,34,102,346,134,340,130,5,25
36: 33,333,125,126,148,149,334,375,374,153,381,154,382,341,131,340,130
37: 128,344,345,386,132,133,138,351,34,352,102,346,134,112,353,306,106,299,107,27
38: 139,387,140,28,157,39,158,162,347,394,354,135,161,386,393,346,134,353
39: 140,28,158,340,130,347,348,354,389,38,135,136,5,25,301,29,109,346,134
40: 373,129,380,147,7,152,35,153,381,339,163,379,151,346,134,387,157
41: 8,204,52,197,170,175,176,47,53,205,174,57
42: 9,46,64,69,190,196,230,237,96,197,65,43,191,231,47
43: 65,44,191,192,231,167,187,188,47,166,42,197
44: 43,48,66,191,192,193,198,232,167,188
45: 9,46,68,69,195,196,236,237,194,73,243,203,51,50,202
46: 9,42,45,69,196,237,169,197,47,203,51
47: 65,43,48,191,198,231,238,70,10,42,46,196,245,8,41,75,204,52,1,197
48: 11,44,49,71,72,192,198,199,239,240,171,47,53,205
49: 48,72,193,198,199,240,172,200,54,206
50: 55,203,51,202,45,201,73,243,173
51: 55,56,203,210,174,50,202,45,46,196,8,12,74,204,244,52
52: 245,8,41,75,204,1,246,47,53,205,14,76,203,51,57
53: 48,246,198,176,205,14,76,54,206,8,41,204,52,58,57,212,213
54: 49,177,199,207,247,53,205,77,206,213
55: 15,56,78,79,203,209,210,215,250,251,258,51,50,202,73,243
56: 15,55,60,79,203,210,216,251,258,179,211,51,57
57: 181,58,212,16,180,8,41,204,52,176,53,205,56,210,179,211
58: 181,17,62,81,57,212,213,218,253,16,53,205
59: 213,219,182,214
60: 56,210,215,216,258,220,211,183,217,61
61: 62,222,85,217,218,259,16,60,184,216,220,211,265,221
62: 58,222,86,217,212,185,218,219,260,16,61
63: 64,68,189,229,230,236,223,228,89,275
64: 9,42,63,69,229,230,237,223,224,96,65,231,90,276
65: 43,66,191,231,232,225,238,70,10,47,277,42,64,230,96
66: 65,11,44,278,67,71,192,231,232,233,239,226,238,70,10,92
67: 66,72,193,232,233,240,227,234,279,93
68: 9,45,63,69,229,236,237,235,73,243,282,94
69: 9,42,45,46,64,68,196,230,236,237,12,74,73,243,96,244,19,95,283,238,70,10
70: 65,11,66,71,231,232,239,238,21,10,97,285,47,9,69,237,245,75,96,1,2,20,284
71: 11,48,246,66,72,98,198,232,239,240,238,70,21,10,97,285,293,14,76
72: 11,48,49,67,71,193,98,198,199,233,239,240,247,241,77
73: 9,45,68,69,236,237,12,74,243,242,244,55,78,290,22,100,50,202
74: 9,69,237,245,12,75,73,243,244,1,15,3,13,78,79,203,23,251,291,101,51
75: 245,8,12,74,204,244,52,1,246,238,70,10,47,14,76,13,252,80,292,0,4,24
76: 11,246,71,239,247,293,53,205,14,77,245,8,75,204,52,1,17,103,81,253
77: 246,72,98,240,207,247,293,14,76,54,206,248,103,82,213,254,294,104,26
78: 15,3,55,79,23,250,251,258,299,291,101,290,22,100,107,27,298,12,74,73,243,244,106
79: 15,55,56,13,78,210,251,258,299,107,27,12,74,244,252,80
80: 17,108,300,81,252,85,6,253,259,16,245,75,1,15,13,79,251
81: 301,29,17,58,109,103,82,86,252,212,213,253,254,308,260,16,80,246,14,76
82: 17,255,103,81,87,110,213,302,261,253,254,308,247,77
83: 111,215,305,250,257,258,256,263
84: 30,258,307,113,265,85,259,264,312,112,306
85: 108,300,86,252,217,6,260,259,16,61,80,30,84,307,113,265
86: 266,17,62,81,87,85,218,219,261,253,308,260,259,16
87: 267,262,82,86,219,261,254,308,260,115,309
88: 271,272,225,277,268,319,270,91,18
89: 63,229,275,269,282,94,117,323,274,90,276
90: 118,324,276,270,64,230,89,275,269,96,19,95,283,277
91: 320,326,120,18,271,88,278,272,92,277,119,319,325
92: 278,66,232,272,279,21,97,93,285,277,326,120,121,91,18
93: 278,67,233,227,279,280,92,273,121,286
94: 68,236,89,275,19,95,283,282,290,22,100,122,330,127,281
95: 9,69,237,96,19,283,282,94,3,23,291,101,292,0,123,4,24,331,90,276,2,20,284
96: 9,42,64,69,230,237,19,95,283,65,231,238,70,10,277,90,276,2,20,284
97: 11,278,71,98,239,238,70,21,10,92,285,293,2,20,284,33,333,125
98: 11,71,72,239,240,247,21,97,285,293,77,103,125,126,286,294,104,26
99: 289,242,290,22,100,298,281,336,297,288
100: 3,78,23,291,101,290,22,298,73,243,242,282,94,127,289,99
101: 3,13,78,23,299,291,290,22,100,107,27,12,74,244,19,95,283,292,0,4,24,127,128,34,102
102: 37,128,345,133,34,346,134,353,3,13,23,299,291,101,107,27,108,300,6,292,0,4,24,129,7,35,339,28,5,25
103: 301,29,17,109,81,82,110,302,253,254,246,98,247,293,14,77,76,294,104,26
104: 341,131,294,26,342,98,247,293,77,303,103,110,302,105,295,126
105: 295,303,248,126,287,296,294,104,26,342
106: 37,344,345,132,133,351,112,306,111,78,305,299,107,27,298
107: 15,3,13,78,79,23,251,299,291,101,27,108,300,6,37,128,345,133,34,102,112,353,306,106
108: 301,29,300,109,252,85,6,259,80,30,13,299,307,113,107,27,102,353,28
109: 301,29,17,108,300,103,81,110,302,6,253,308,293,28,39,347,135,5,25
110: 301,29,303,109,103,82,302,254,308,348,136,294,104,26,115,309
111: 83,304,305,257,311,298,351,112,306,106
112: 37,345,133,138,351,352,312,353,306,106,30,111,84,305,299,307,113,107,27
113: 30,84,307,265,108,300,85,6,259,116,313,312,112,353,306,28,114
114: 139,140,360,28,354,30,307,113,308,116,313,314
115: 141,348,355,136,315,309,87,110,302,261,308,310
116: 313,314,30,307,113,265,316,312,114,359
117: 31,118,122,323,324,330,365,317,322,89,275
118: 31,119,117,142,323,324,325,90,276,270,318
119: 319,118,142,324,325,32,124,332,326,120,91,18,367,143
120: 33,320,326,333,121,368,125,91,144,334,18,278,92,119,325
121: 328,326,327,120,125,334,286,278,279,280,92,93
122: 31,117,123,145,337,338,323,330,331,371,127,282,94,329
123: 292,31,0,122,146,4,24,338,330,331,372,127,32,124,332,19,95,283,129,7,35,339,128,34
124: 119,123,142,331,325,32,332,2,20,284,373,33,129,333,147,7,35,339
125: 33,326,333,120,121,126,334,286,36,98,21,97,285,293
126: 125,334,286,36,98,105,295,335,287,341,131,294,104,26,342
127: 122,123,337,338,330,331,282,94,3,23,291,101,290,22,100,128,344,132,34
128: 37,345,386,133,34,102,346,134,3,23,299,291,101,107,27,292,0,123,4,24,338,331,127,129,7,35,339
129: 40,33,333,380,7,152,35,339,292,0,123,4,24,331,32,124,332,128,34,102,346,134,340,130,5,25
130: 341,131,39,158,340,347,135,5,25,33,129,333,7,35,153,381,339,36,346,134
131: 341,349,340,130,348,389,136,383,294,104,26,342,126,154,382,36
132: 37,343,344,385,345,133,351,106,337,127
133: 37,128,344,345,386,132,138,351,34,352,102,346,134,112,353,306,106,299,107,27
134: 37,128,345,386,133,34,102,346,353,40,129,380,7,152,35,339,387,28,157,39,158,340,130,347,38,135
135: 140,28,39,158,340,130,347,348,354,389,38,136,5,25,301,29,109,346,134
136: 140,341,349,131,141,39,347,348,354,355,389,135,115,309,110,302
137: 391,351,350,357
138: 396,392,37,345,133,351,160,352,112,353,306,358
139: 398,140,360,28,162,394,354,38,397,114,161,393,353,359
140: 139,360,28,141,39,395,158,162,347,348,394,354,355,38,135,136,114
141: 140,361,395,348,354,355,136,115,309,356
142: 31,119,118,146,324,366,372,325,32,124,332,373,147,367,143
143: 364,363,373,368,144,147,367,119,142,325
144: 364,369,326,120,368,148,334,374,367,143
145: 31,370,122,146,337,338,330,365,371,372,150,378
146: 31,123,142,145,338,331,371,372,373,147,379,151
147: 373,40,380,148,152,374,367,143,142,146,372,32,124,332
148: 373,33,333,368,144,149,147,334,375,374,153,381,36
149: 376,369,148,334,375,374,154,382,36
150: 379,385,151,378,145,337,338,371,377
151: 163,379,386,156,150,378,146,338,372,40,380,152,387,157
152: 373,40,129,380,147,7,35,153,381,339,163,379,151,346,134,387,157
153: 40,380,148,152,374,381,154,382,36,388,158,340,130
154: 149,375,153,381,382,36,341,388,131,389,383
155: 384,385,391,156
156: 392,379,385,386,391,155,160,151
157: 387,158,38,40,380,152,163,379,161,386,393,151,346,134
158: 387,140,157,388,39,162,340,130,347,394,354,389,38,135,153,381,346,134
159: 390,388,395,389
160: 396,392,161,386,393,138,391,156,352
161: 392,393,160,139,387,157,162,394,38,397
162: 398,139,140,395,158,394,354,38,161,393
163: 379,151,40,380,152,387,157
164: 175
165: 166,190,169,197
166: 170,165,197,43,191,167
167: 43,44,191,192,171,166
168: 195,169,173
169: 46,196,168,197,165,170,174
170: 166,175,169,41,197,171
171: 48,198,167,172,176,170
172: 49,177,199,171
173: 168,178,174,50,202
174: 203,179,51,175,169,41,173
175: 164,170,180,41,176,174
176: 177,171,53,205,175,41,181,57
177: 172,176,54,206,182
178: 173,209,179
179: 56,210,174,211,180,178,183,57
180: 175,184,179,211,181,57
181: 58,57,212,185,182,180,176
182: 181,59,213,177
183: 60,184,216,179,211
184: 211,180,183,217,185,61
185: 181,62,218,184
186: 190,224,187
187: 43,191,188,225,186
188: 43,44,191,192,187,226
189: 63,190,195,229,223
190: 42,189,165,186
191: 65,43,44,192,231,167,187,188,47,166,42,197
192: 43,44,48,66,191,193,198,232,167,188
193: 44,49,67,72,192,199,233,240
194: 45,195,235,201
195: 45,189,168,194
196: 9,42,45,46,69,237,169,197,47,203,51
197: 42,46,196,169,41,165,170,166,43,191,47
198: 11,44,48,49,71,72,192,199,239,240,171,47,53,205
199: 48,49,72,193,198,240,172,200,54,206
200: 49,199,207,241
201: 194,242,208,50,202
202: 55,203,51,50,45,201,73,243,173
203: 55,56,210,174,51,50,202,45,46,196,8,12,74,204,244,52
204: 245,8,41,75,52,1,246,47,53,205,14,76,203,51,57
205: 48,246,198,176,53,14,76,54,206,8,41,204,52,58,57,212,213
206: 49,177,199,207,247,53,205,77,54,213
207: 247,200,77,54,206,248,214
208: 249,201,209,250
209: 55,215,250,178,208
210: 15,55,56,60,79,203,216,251,258,179,211,51,57
211: 56,60,184,210,216,179,180,183,57,217,16,61
212: 181,17,58,62,81,57,213,218,253,16,53,205
213: 17,58,59,81,82,212,219,182,253,254,247,53,205,77,54,206
214: 207,255,59
215: 55,60,83,209,216,250,257,258
216: 56,60,210,215,258,220,211,183,217,61
217: 62,222,85,218,259,16,61,60,184,216,220,211,265,221
218: 58,62,222,86,217,212,185,219,260,16,61
219: 59,62,86,87,213,218,261,260
220: 60,216,217,61,264,221
221: 220,265,222,217,61
222: 266,62,217,218,61,221
223: 63,64,189,229,230,224,269
224: 64,230,223,186,225,270
225: 65,231,187,226,277,271,88,224
226: 66,232,272,188,225,227
227: 67,233,226,279,93,273
228: 63,229,235,274
229: 63,64,68,189,230,236,223,228,89,275
230: 9,42,63,64,69,229,237,223,224,96,65,231,90,276
231: 65,43,66,191,232,225,238,70,10,47,277,42,64,230,96
232: 65,11,44,278,66,67,71,192,231,233,239,226,238,70,10,92
233: 66,67,72,193,232,240,227,234,279,93
234: 67,233,241,280
235: 68,236,194,228,242,281
236: 9,45,63,68,69,229,237,235,73,243,282,94
237: 9,42,45,46,64,68,69,196,230,236,12,74,73,243,96,244,19,95,283,238,70,10
238: 65,11,66,71,231,232,239,70,21,10,97,285,47,9,69,237,245,75,96,1,2,20,284
239: 11,48,246,66,71,72,98,198,232,240,238,70,21,10,97,285,293,14,76
240: 11,48,49,67,71,72,193,98,198,199,233,239,247,241,77
241: 72,240,200,234,248,287
242: 235,201,73,243,249,290,22,100,298,289,99
243: 9,45,68,69,236,237,12,74,73,242,244,55,78,290,22,100,50,202
244: 9,69,237,245,12,74,75,73,243,1,15,3,13,78,79,203,23,251,291,101,51
245: 8,12,74,75,204,244,52,1,246,238,70,10,47,14,76,13,252,80,292,0,4,24
246: 11,71,239,247,293,53,205,14,77,76,245,8,75,204,52,1,17,103,81,253
247: 246,72,98,240,207,293,14,77,76,54,206,248,103,82,213,254,294,104,26
248: 255,207,247,241,77,105,295
249: 256,208,242,250,298,297
250: 55,78,83,209,215,257,258,298,256,249,208
251: 15,55,56,13,78,79,210,258,299,107,27,12,74,244,252,80
252: 17,108,300,81,85,6,253,259,16,80,245,75,1,15,13,79,251
253: 301,29,17,58,109,103,81,82,86,252,212,213,254,308,260,16,80,246,14,76
254: 17,255,103,81,82,87,110,213,302,261,253,308,247,77
255: 262,303,248,82,254,214
256: 249,83,304,250,257
257: 111,83,215,305,250,258,256,263
258: 15,55,56,60,78,79,83,84,210,215,216,250,251,257
259: 108,300,86,252,85,217,6,260,16,61,80,30,84,307,113,265
260: 266,17,62,81,86,87,85,218,219,261,253,308,259,16
261: 267,262,82,86,87,219,254,308,260,115,309
262: 255,87,261,310
263: 264,83,257,311
264: 263,84,220,265,312
265: 30,84,307,113,266,85,217,259,61,264,221,116,313
266: 267,222,86,260,265,314
267: 266,87,261,315
268: 271,88
269: 223,89,275,317,90,276,270
270: 118,324,90,276,271,88,224,269,318
271: 88,272,225,277,268,319,270,91,18
272: 278,226,92,271,88,273,320,91,18
273: 272,227,279,93,321
274: 281,322,228,89,275
275: 63,229,89,269,282,94,117,323,274,90,276
276: 118,324,90,270,64,230,89,275,269,96,19,95,283,277
277: 65,278,231,225,92,271,88,96,90,276,2,20,284,91,18
278: 66,232,272,279,21,97,92,93,285,277,326,120,121,91,18
279: 278,67,233,227,280,92,93,273,121,286
280: 234,279,93,328,121,286,287
281: 274,235,282,94,329,289,99
282: 68,236,89,275,19,95,283,94,290,22,100,122,330,127,281
283: 9,69,237,96,19,95,282,94,3,23,291,101,292,0,123,4,24,331,90,276,2,20,284
284: 292,0,4,24,32,124,332,2,20,96,19,95,283,238,70,21,10,97,285,277,33,333
285: 11,278,71,98,239,238,70,21,10,97,92,293,2,20,284,33,333,125
286: 328,121,125,126,98,279,280,93,287
287: 335,296,241,280,105,295,126,286
288: 336,297,289,99
289: 99,242,290,22,100,298,281,336,297,288
290: 3,78,23,291,101,22,100,298,73,243,242,282,94,127,289,99
291: 3,13,78,23,299,101,290,22,100,107,27,12,74,244,19,95,283,292,0,4,24,127,128,34,102
292: 0,123,4,24,331,2,20,284,245,75,1,19,95,283,3,13,23,291,101,129,7,35,339,128,34,102,5,25
293: 11,246,71,98,239,247,21,97,285,14,77,76,301,29,109,103,125,294,104,26,5,25
294: 341,131,104,26,342,98,247,293,77,303,103,110,302,105,295,126
295: 105,303,248,126,287,296,294,104,26,342
296: 287,105,295
297: 336,288,249,304,298,343,289,99
298: 111,78,304,305,250,290,22,100,242,249,297,289,106,99
299: 15,3,13,78,79,23,251,291,101,107,27,108,300,6,37,128,345,133,34,102,112,353,306,106
300: 301,29,108,109,252,85,6,259,80,30,13,299,307,113,107,27,102,353,28
301: 29,17,108,300,109,103,81,110,302,6,253,308,293,28,39,347,135,5,25
302: 301,29,303,109,103,82,110,254,308,348,136,294,104,26,115,309
303: 255,110,302,105,295,310,349,294,104,26
304: 111,305,298,256,350,297
305: 111,83,304,257,311,298,351,112,306,106
306: 37,345,133,138,351,352,312,112,353,106,30,111,84,305,299,307,113,107,27
307: 30,84,113,265,108,300,85,6,259,116,313,312,112,353,306,28,114
308: 301,29,17,109,81,82,86,87,110,302,261,253,254,260,28,114,115,309
309: 141,348,355,136,315,115,87,110,302,261,308,310
310: 262,303,115,309,356
311: 111,305,263,312,357
312: 112,306,30,84,311,307,113,264,116,313,358
313: 116,314,30,307,113,265,316,312,114,359
314: 116,313,266,360,315,114
315: 361,115,309,267,314
316: 116,313
317: 117,323,269,318
318: 362,319,118,324,317,270
319: 119,325,271,88,362,318,363,320,91,18
320: 364,326,327,120,91,18,272,321,319
321: 273,320,327
322: 117,323,274,329
323: 31,117,118,122,324,330,365,317,322,89,275
324: 31,119,117,118,142,323,325,90,276,270,318
325: 119,319,118,142,324,32,124,332,326,120,91,18,367,143
326: 33,320,333,120,121,368,125,91,144,334,18,278,92,119,325
327: 328,369,320,121,334,321
328: 327,121,286,280,335
329: 370,122,337,330,281,322,336
330: 31,117,122,123,145,337,338,323,331,371,127,282,94,329
331: 292,31,0,122,123,146,4,24,338,330,372,127,32,124,332,19,95,283,129,7,35,339,128,34
332: 119,123,142,331,325,32,124,2,20,284,373,33,129,333,147,7,35,339
333: 33,129,326,120,125,148,7,35,374,339,36,21,97,285,32,124,332,2,20,284,340,130,5,25
334: 369,326,327,120,121,368,125,126,144,148,149,375,374,36
335: 287,376,328,126,342
336: 297,288,377,329,337,343,289,99
337: 370,122,145,338,330,371,127,329,336,377,344,132,150,378
338: 31,122,123,145,146,337,330,331,371,372,127,379,128,34,151,150,378
339: 40,33,129,333,380,7,152,35,292,0,123,4,24,331,32,124,332,128,34,102,346,134,340,130,5,25
340: 341,131,39,158,130,347,135,5,25,33,129,333,7,35,153,381,339,36,346,134
341: 349,131,340,130,348,389,136,383,294,104,26,342,126,154,382,36
342: 341,349,131,383,294,104,26,105,295,126,335
343: 384,344,132,350,336,297
344: 37,343,385,345,132,133,351,106,337,127
345: 37,128,344,386,132,133,138,351,34,352,102,346,134,112,353,306,106,299,107,27
346: 37,128,345,386,133,34,102,134,353,40,129,380,7,152,35,339,387,28,157,39,158,340,130,347,38,135
347: 140,28,39,158,340,130,348,354,389,38,135,136,5,25,301,29,109,346,134
348: 140,341,349,131,141,39,347,354,355,389,135,136,115,309,110,302
349: 390,341,131,348,136,342,303,356
350: 304,343,137,351
351: 37,344,345,132,133,137,138,352,112,306,106,111,305,350
352: 396,392,37,345,133,138,351,160,112,353,306,358
353: 37,345,133,138,352,102,346,134,112,306,30,299,307,113,107,27,108,300,6,139,28,38
354: 139,140,360,28,141,39,395,158,162,347,348,394,355,38,135,136,114
355: 140,361,141,395,348,354,136,115,309,356
356: 310,349,141,355
357: 358,311,137
358: 357,359,396,138,352,312
359: 358,116,313,139,360,397
360: 398,139,140,361,354,114,314,359
361: 360,141,355,315
362: 318,319,366,363
363: 364,367,143,362,319
364: 363,320,368,144,367,143
365: 31,117,145,323,366,371
366: 142,365,362,399
367: 364,363,373,368,144,147,143,119,142,325
368: 364,369,326,120,144,148,334,374,367,143
369: 327,368,144,149,334,375
370: 145,337,371,329,377
371: 31,370,122,145,146,337,338,330,365,372,150,378
372: 31,123,142,145,146,338,331,371,373,147,379,151
373: 40,380,148,147,152,374,367,143,142,146,372,32,124,332
374: 373,33,333,368,144,148,149,147,334,375,153,381,36
375: 376,369,148,149,334,374,154,382,36
376: 149,375,335,383
377: 336,370,337,384,150,378
378: 379,385,151,150,145,337,338,371,377
379: 163,386,156,151,150,378,146,338,372,40,380,152,387,157
380: 373,40,129,147,7,152,35,153,381,339,163,379,151,346,134,387,157
381: 40,380,148,152,374,153,154,382,36,388,158,340,130
382: 149,375,153,381,154,36,341,388,131,389,383
383: 390,341,131,342,376,154,382
384: 343,385,155,377
385: 384,344,386,132,391,155,156,150,378
386: 392,379,37,128,385,345,133,156,160,34,151,346,134,387,157,38
387: 157,158,38,40,380,152,163,379,161,386,393,151,346,134
388: 158,389,159,153,381,154,382
389: 390,341,388,131,39,395,158,347,348,159,135,136,154,382
390: 349,389,159,383
391: 392,385,137,155,156,160
392: 396,161,386,393,138,391,156,160,352
393: 392,161,160,139,387,157,162,394,38,397
394: 398,139,140,395,158,162,354,38,161,393
395: 140,141,162,394,354,355,389,159
396: 392,138,160,352,397,358
397: 398,139,396,161,393,359
398: 139,360,162,394,397
399: 366