0: 1,237,70,245,291,12,4,13,292,95,283,24,20,101
1: 47,237,96,70,0,245,65,238,71,4
2: 95,32,123,283,124,332,324,331,70,277,90,10,284,20,119,285
3: 15,27,74,13,78,290,94,243,291,12,100,101
4: 11,238,71,76,293,97,1,70,0,245,13,5,24,20,339
5: 29,75,300,76,293,4,13,24,339,102,25
6: 300,308,81,85,79,299,251,265,108,30,109,301
7: 129,373,20,33,130,339,292,34,32,332,24,128,40,35
8: 48,205,71,53,196,197,41,171,198,52,47,245,51,204
9: 94,19,68,69,229,236,237,244,243,96,291,12
10: 65,238,278,66,97,272,226,70,277,2,92,91,285
11: 238,48,54,66,71,72,98,76,232,293,239,97,4,246
12: 9,237,0,245,51,291,15,74,13,3,252
13: 15,27,3,252,299,0,245,12,4,75,300,5,24,101,102
14: 17,246,213,253,212,206,54,205,77,239,53,207,82
15: 27,74,55,13,3,78,252,203,210,299,107,12
16: 75,17,61,58,81,85,86,211,185,62,57,259,79,80
17: 14,75,58,16,246,213,253,81,212,57,205,76,53
18: 268,320,272,319,325,284,271,119,91
19: 9,94,68,229,96,291,90,276,89,95,117,122,283,324
20: 129,7,33,285,339,70,0,97,4,292,2,95,32,283,332,24
21: 92,33,326,125,285,36,339,104,98,293,97,286,126,340
22: 249,208,201,288,298,250,235,242,73,78,290
23: 106,37,344,345,100,132,133,112,352,27,107,99,343
24: 292,0,4,13,5,129,7,20,339,128,101,102,35
25: 135,26,28,35,340,347,109,301,293,29,5,339
26: 135,25,340,348,104,293,29,302,103,303,294
27: 15,13,3,299,107,108,37,23,112,101,102
28: 139,30,35,25,347,354,38,109,301,108,353,345,346,102
29: 75,302,300,5,246,103,253,81,76,293,135,26,25,109,301
30: 139,28,110,354,109,301,6,308,307,108,113,114,116
31: 118,122,123,142,124,323,324,331,365,366,371,372,399,146
32: 292,2,34,123,124,332,331,372,129,373,7,20,33,119,333,285
33: 129,373,7,20,374,326,333,148,285,36,130,339,21,32,332,340
34: 292,32,123,332,338,331,372,127,129,373,7,128,151,133,40,380
35: 40,28,39,25,340,347,38,24,129,7,130,339,128,346,102
36: 33,374,326,125,375,148,334,21,131,376,126,154,341,340
37: 23,128,345,386,133,346,101,102,27
38: 40,28,157,35,39,158,347,394,161,353,346,134,387,162
39: 154,40,157,35,158,340,347,389,38,153,130,388
40: 157,35,39,38,34,129,373,7,153,130,128,151,346,134,380
41: 170,171,174,164,196,197,175,52,176,8
42: 46,69,190,47,96,165,43,197,186,231,64,65,191
43: 165,197,166,186,187,42,190,191
44: 172,167,49,192
45: 195,236,244,73,168,173,50,194
46: 42,69,190,195,244,165,169,168,196,197
47: 42,1,237,197,198,65,48,71,191,8
48: 65,11,54,71,191,192,8,232,198,47
49: 54,72,192,193,77,172,44,199,240
50: 178,173,45,73,201,209,202
51: 237,244,245,12,196,52,8,74,204,252,203
52: 175,179,180,174,196,41,57,51,8,204,80,203
53: 54,205,71,8,76,171,176,57,204,14,75,17,212
54: 11,48,49,205,71,77,53,172,171,198,14
55: 15,74,56,78,203,209,210,215,202,258,107,250
56: 55,60,203,209,210,215,178,179
57: 176,185,181,180,52,211,205,53,204,80,17,58,16,212
58: 219,17,16,213,212,86,182,185,181,218,62,57
59: 214,82,182,218,219,213
60: 259,56,80,210,183,179,211,217,216
61: 16,85,86,211,62,217,259,221,222
62: 185,218,61,58,16,86,222
63: 228,274,223,275,68,189,229
64: 186,223,224,231,230,42,69,189,190,229,96
65: 238,48,191,232,10,231,225,226,42,47,1,96,70,277
66: 11,238,278,67,72,98,232,93,97,10,226,92
67: 278,66,72,193,93,227,279,233,234,240
68: 9,94,19,229,236,243,228,281,235,274,63,89
69: 9,42,46,189,190,195,229,236,237,244,96,64
70: 1,96,0,277,90,65,238,4,10,2,95,283,20
71: 11,238,48,54,205,8,76,53,4,47,1,245
72: 11,49,66,67,193,98,77,232,239,241,240
73: 45,236,244,243,50,194,235,201,22,74,78,202
74: 15,55,3,78,203,202,244,243,73,51,12
75: 29,17,300,5,16,81,245,205,76,53,13,79,204,252,80
76: 11,205,71,293,53,4,245,29,75,17,5,246
77: 49,54,72,239,172,199,206,200,241,247,240,14,207
78: 15,74,55,3,290,107,73,22,298,250
79: 259,252,80,210,299,251,6,75,300,16,81,85
80: 60,79,204,252,203,210,179,180,52,211,57,75,16
81: 6,29,75,17,300,308,16,260,253,85,86,79,109,301
82: 59,214,255,207,254,247,14,219,213,103,253
83: 256,250,215,257,258,263
84: 264,311,263,312,220,265,307,259,305,251,258
85: 6,61,308,16,81,86,259,79,251,221,265,266
86: 219,61,308,58,16,260,81,85,62,267,222,266
87: 302,260,261,254,267,315,309,110
88: 225,272,271,268
89: 329,322,282,281,274,94,19,68,117,122,337,330
90: 19,96,70,277,230,276,284,2,95,283,324
91: 92,119,326,120,285,272,10,18,320
92: 326,120,121,125,91,285,21,278,66,98,93,97,10
93: 278,66,67,98,279,241,234,92,121,280,286
94: 9,19,68,243,291,281,235,3,290,89,282,122,337,100
95: 292,2,123,283,324,331,19,70,0,291,90,20
96: 9,42,19,69,229,1,237,70,277,90,231,64,230,65
97: 11,238,66,98,293,4,10,92,20,285,339,21
98: 11,104,66,72,293,93,239,97,241,92,21,286
99: 297,343,289,336,298,290,282,23,100
100: 23,132,101,94,291,3,290,282,337,127,99
101: 37,128,100,133,102,0,291,27,13,3,292,127,24
102: 108,37,128,345,346,101,27,13,299,300,5,24,28,35
103: 29,302,246,253,104,293,239,247,255,82,303,254,26
104: 98,293,239,295,241,103,21,286,126,26,294
105: 349,294,295,248,255,303,296
106: 306,23,351,112,352,298,305,257,107,350,304,111
107: 15,27,55,78,305,257,258,298,250,106,23,112
108: 306,345,112,113,102,27,305,299,251,6,307,28,30
109: 135,28,30,25,110,354,301,6,29,302,300,308,81
110: 135,309,30,141,354,109,301,302,308,87,315,114
111: 357,305,257,311,263,304,106,306,351
112: 106,306,108,23,345,352,27,305,107
113: 306,108,353,345,160,307,139,30,358,313,396,359,116
114: 361,360,359,140,116,308,314,315,139,30,110,354
115: 310,309,141,356,361,355
116: 359,114,308,312,265,307,314,316,113,30,313
117: 122,323,324,275,19,317,276,89,322
118: 31,124,323,324,365,366,362,318,317,276,325,284
119: 326,333,368,91,144,367,285,325,18,364,320,2,32,124,332
120: 92,326,327,121,125,91,321,273,320
121: 92,120,125,279,278,93,321,273,280,328
122: 31,117,123,337,323,324,330,331,127,94,19,291,89
123: 292,31,2,95,34,32,122,283,124,332,324,331,372,127
124: 31,2,32,118,123,142,332,324,331,372,325,284,119,333,367
125: 92,326,327,120,121,36,334,21,335,328,286,376,126
126: 335,286,131,376,104,125,36,21,341,342,294
127: 292,34,122,123,337,338,331,291,100,132,133,101
128: 37,133,346,101,102,292,34,24,129,7,40,35
129: 373,7,20,33,130,339,292,34,32,332,24,128,40,35
130: 129,373,7,33,153,339,40,35,39,340
131: 376,126,375,36,154,341,342,383,149,382
132: 23,344,385,100,133,378,377,337,338,127,343,336,384
133: 37,23,128,151,386,132,346,101,34,338,127
134: 392,353,151,386,346,40,157,38,163,156,387
135: 26,136,141,25,110,347,348,354,109,301,29,302
136: 135,309,141,395,348,303,356,349,390
137: 350,344,391,351,352,138
138: 357,358,396,137,306,391,351,160,352
139: 28,30,394,354,161,353,113,398,360,359,140,114,397
140: 361,398,360,114,355,139,141,395,394,354
141: 135,309,136,395,110,354,315,356,361,140,355,115
142: 31,124,366,372,367,363,399,143,147
143: 399,142,367,363,147
144: 119,369,374,326,333,368,367,148,334,364
145: 337,338,330,371,370,377,150,146
146: 399,150,31,145,338,371,372,379
147: 152,142,372,373,153,374,333,367,148,143,380
148: 33,153,374,333,368,375,144,36,334,147
149: 381,375,131,382
150: 146,370,377,145,338,378,379
151: 386,133,346,134,34,338,40,380,163,379,156
152: 381,147,153,380,163
153: 373,374,148,130,154,40,157,39,380,381,152,147,388
154: 159,341,39,340,389,153,375,36,131,383,381,388,382
155: 156,384,385,391,378
156: 155,379,392,151,385,386,134,391
157: 40,39,38,153,134,380,163,387,388
158: 159,39,395,347,394,389,38,387,162,388
159: 154,395,158,389,383,390,388,382
160: 392,353,345,386,391,352,113,396,138
161: 139,394,38,392,353,396,398,397,393,162
162: 387,158,394,161,38,398,393
163: 151,134,157,380,152,387
164: 174,41,175
165: 169,43,197,166,42,46,190
166: 170,167,198,165,43,197
167: 170,166,44,198,191,192
168: 169,173,196,45,46,195
169: 165,168,174,196,197,46
170: 166,41,167,171,198,197
171: 172,170,41,177,198,176,54,205,8,53
172: 44,171,177,199,206,49,54,77
173: 168,174,196,178,50,45,244,203,202
174: 169,173,164,196,41,175,52
175: 180,52,174,164,41
176: 181,57,41,171,177,205,53,212
177: 172,171,176,181,206,212
178: 179,50,173,56,203,209,202
179: 178,183,180,52,211,56,60,80,203,210
180: 184,175,179,52,211,185,57,80
181: 176,182,185,57,177,58,212
182: 181,218,206,58,213,212,59
183: 184,179,211,217,60
184: 183,180,211,185,217
185: 181,62,57,184,180,211,58,16
186: 224,231,64,43,187,42,190
187: 225,188,43,186,231,191
188: 227,187,226,191,192,193,232
189: 69,190,195,229,236,223,64,63
190: 42,46,69,189,195,165,43,186,64
191: 65,48,192,232,43,197,167,198,188,187,42,47
192: 48,49,191,193,232,167,44,198,188
193: 49,67,72,192,232,227,188,233,240
194: 228,235,242,45,236,73,201
195: 45,46,69,189,190,236,244,168
196: 169,168,173,174,197,41,52,46,244,51,8
197: 165,169,43,196,170,166,41,198,42,46,47,191,8
198: 170,166,167,171,197,47,48,54,191,192,8
199: 172,206,49,77,200,207
200: 241,247,240,199,77,207
201: 208,22,50,194,242,73
202: 74,55,203,209,173,178,50,244,73
203: 15,74,55,56,252,80,210,202,173,178,179,52,51
204: 252,80,52,57,245,51,205,8,53,75
205: 54,71,8,76,53,171,176,57,204,14,75,17,212
206: 182,172,177,199,77,14,213,212,207
207: 214,82,199,206,77,200,247,14
208: 249,201,22,250,209
209: 55,56,215,202,178,50,208,250
210: 259,15,55,56,60,79,252,80,203,299,251,258,179
211: 184,183,179,180,185,57,217,259,60,80,61,16
212: 14,17,58,213,177,176,182,181,206,57,205,53
213: 14,219,17,58,253,212,182,206,59,82
214: 59,207,82
215: 55,56,209,258,83,250,216
216: 220,217,60,215
217: 184,183,211,259,60,61,221,220,216
218: 182,62,219,58,59
219: 58,260,213,253,86,218,59,82,261,254
220: 264,221,84,216,217,259
221: 220,265,217,259,61,85,222,266
222: 266,62,61,86,221
223: 269,64,275,230,63,189,229
224: 186,270,231,64,230,225,277
225: 88,187,226,224,231,277,65,271
226: 225,272,227,188,277,65,278,66,232,10
227: 188,279,226,233,278,67,193
228: 194,281,235,274,63,68,236
229: 9,19,68,69,189,236,96,223,64,230,63
230: 269,223,224,270,64,229,96,277,90,276
231: 186,224,64,225,187,42,96,277,65
232: 65,11,238,48,66,72,191,192,193,188,226
233: 227,279,67,193,234,240
234: 241,240,279,233,67,93,280
235: 228,194,281,242,94,68,236,243,73,22,290
236: 9,45,68,69,189,195,229,244,243,73,228,194,235
237: 9,69,47,1,244,96,0,245,51,12
238: 65,11,66,71,232,97,4,10,1,70
239: 11,104,72,98,77,293,241,247,14,246,103
240: 200,241,234,233,49,67,72,193,77
241: 200,295,234,247,240,104,72,98,77,93,239,286
242: 194,235,201,288,22
243: 9,94,68,236,244,73,291,235,74,3,290
244: 9,45,46,69,195,236,237,243,73,51,173,196,74,202
245: 1,237,0,51,12,71,8,76,4,13,204,252,75
246: 29,14,17,103,253,11,76,293,239
247: 200,295,241,77,239,103,248,255,207,82
248: 255,295,247,105
249: 256,208,22,298,250
250: 256,249,208,22,298,83,55,78,209,215,257,258,107
251: 259,79,210,305,299,258,6,85,265,307,84,108
252: 15,13,79,204,80,203,210,245,51,12,75
253: 29,14,219,17,302,246,260,213,103,81,82,254
254: 310,255,262,82,303,261,219,302,260,103,253,87
255: 248,82,303,254,247,103,105
256: 249,298,83,250,257,304
257: 305,258,107,256,298,83,250,263,106,111
258: 259,55,210,215,305,251,257,107,83,250,263,84
259: 60,79,210,251,258,211,217,61,16,85,221,220,265,84
260: 219,302,308,253,81,86,87,254
261: 262,254,219,87,267
262: 310,261,254
263: 264,311,84,83,305,257,258,111
264: 263,312,220,84
265: 221,312,307,84,259,251,6,85,266,116
266: 314,267,222,308,85,86,221,265
267: 266,315,86,87,261
268: 18,270,88,319,271
269: 223,270,275,230,276
270: 269,224,230,277,318,276,284,271,268
271: 284,270,225,272,88,277,268,18
272: 88,226,278,10,271,18,273,91
273: 321,272,279,278,120,121
274: 228,281,63,275,68,89,322
275: 269,223,274,63,317,117
276: 318,317,284,269,270,230,19,90,117,118,324
277: 96,70,90,224,270,231,230,225,226,65,10,284,271,2
278: 66,67,93,10,272,227,279,226,273,92,121
279: 227,233,278,67,93,234,273,121,280
280: 286,279,93,234,121
281: 228,235,274,94,68,89,282
282: 329,89,281,94,290,337,99,289,336,100
283: 292,2,95,123,324,331,19,70,0,291,90,20
284: 362,318,319,276,325,271,270,277,90,18,2,118,124,324
285: 92,20,33,119,326,91,339,21,97,10,2,32,332
286: 335,280,287,126,104,98,93,295,241,125,21
287: 335,296,286,295
288: 22,242,289
289: 99,297,336,288,282
290: 3,78,235,94,243,22,298,282,99,100
291: 9,94,19,243,0,12,3,292,95,122,283,127,100,101
292: 95,34,32,123,283,332,331,127,24,0,291,129,7,20,128,101
293: 11,104,98,76,239,97,4,29,5,246,103,339,21,26,25
294: 342,349,105,104,295,303,126,26,341,348
295: 241,247,104,248,296,287,286,105,294
296: 287,295,105
297: 350,99,343,289,304,298
298: 256,249,22,250,78,290,257,107,99,297,304,106
299: 15,27,13,79,210,251,6,300,108,102
300: 6,29,75,5,81,13,79,299,102,109,301
301: 135,28,30,25,110,354,109,6,29,302,300,308,81
302: 29,260,103,253,87,303,254,135,309,26,110,109,301
303: 310,255,254,302,103,309,26,136,356,349,105,294
304: 350,297,256,298,106,111
305: 251,257,258,107,311,263,307,84,106,306,108,112,111
306: 106,108,345,351,112,352,113,305,311,307,357,358,111,138
307: 311,312,265,84,305,251,306,108,113,30,313,116
308: 6,260,81,85,86,314,266,315,30,110,109,301,114,116
309: 136,141,110,302,87,310,303,315,115
310: 262,303,254,309,356,115
311: 263,312,307,84,305,306,357,313,111
312: 264,311,265,307,84,316,313,116
313: 358,311,312,307,316,113,359,116
314: 266,315,316,308,114,116
315: 314,267,308,87,309,141,110,361,114
316: 314,312,313,359,116
317: 318,276,275,322,117,118,323,365
318: 362,319,317,276,284,270,118
319: 362,318,325,284,268,18
320: 321,18,364,325,119,120,91
321: 273,320,327,120,121
322: 89,274,317,117,323,330,365
323: 31,117,118,122,324,330,365,317,322
324: 31,2,95,117,118,122,123,283,124,323,331,19,90,276,284
325: 362,319,284,18,364,320,118,124,119,367,363
326: 92,33,119,333,120,368,125,91,144,285,36,334,21
327: 369,120,125,334,321,328,376
328: 335,376,327,121,125
329: 89,370,282,337,330,336
330: 122,145,337,323,365,371,329,89,370,322
331: 292,31,2,95,34,32,122,123,283,124,332,324,372,127
332: 292,2,34,32,123,124,331,372,129,373,7,20,33,119,333,285
333: 373,33,119,374,326,368,144,367,148,32,124,332,147
334: 369,374,326,327,368,125,375,144,148,36,376
335: 287,328,286,376,126,125
336: 99,343,289,329,282,377,337,132
337: 122,145,338,330,127,94,329,89,370,282,377,336,100,132
338: 34,145,337,372,127,151,132,133,378,150,146,379
339: 129,7,20,33,285,130,21,293,97,4,5,24,35,25,340
340: 154,26,341,35,39,25,347,348,389,33,36,130,339,21
341: 154,340,348,389,36,131,126,342,383,294,390
342: 349,383,294,390,131,126,341
343: 350,99,297,336,384,23,344,132
344: 23,385,132,391,352,350,343,384,137
345: 306,108,353,37,23,386,346,112,160,352,113,102,28
346: 353,37,128,151,345,386,133,134,102,40,28,35,38
347: 135,28,35,39,395,158,25,340,394,354,389,38
348: 135,26,341,136,340,389,349,294,390
349: 356,342,105,294,390,303,136,348
350: 297,343,304,137,106,344,351
351: 106,306,352,350,137,357,111,138
352: 106,306,23,344,345,386,391,351,112,160,137,138
353: 392,345,386,346,134,160,113,139,28,161,38,396
354: 139,135,28,30,141,110,347,394,109,301,140,114
355: 361,140,141,395,115
356: 349,310,303,136,141,115
357: 358,111,138,311,306,351
358: 357,313,396,138,306,113
359: 360,114,397,116,316,113,139,313
360: 361,398,359,140,114,397,139
361: 360,140,114,355,315,141,115
362: 318,319,325,284,118,366,363
363: 362,325,364,142,366,367,143
364: 320,325,119,369,368,144,367,363
365: 31,118,323,330,366,371,317,322
366: 31,118,142,365,362,363,399
367: 119,333,368,144,325,364,142,124,363,143,147
368: 119,369,374,326,333,144,367,148,334,364
369: 327,368,144,334,364
370: 329,377,145,337,330,371,150
371: 31,145,330,365,370,146
372: 31,34,32,123,142,124,332,338,331,373,146,380,147
373: 129,7,33,153,333,130,34,32,332,372,40,380,147
374: 33,153,333,368,375,144,148,36,334,147
375: 374,148,36,334,131,376,154,381,149
376: 335,328,131,126,327,125,375,36,334
377: 370,145,337,336,384,132,378,150
378: 385,132,377,338,384,150,155,379
379: 156,338,151,378,150,146
380: 34,372,373,153,151,40,157,152,147,163
381: 149,152,153,375,154,388,382
382: 388,131,159,154,383,381,149
383: 342,390,131,159,154,341,382
384: 343,377,344,385,132,378,155
385: 344,386,132,391,378,384,155,156
386: 392,353,37,151,385,345,133,346,134,391,160,352,156
387: 162,134,157,158,38,163,393
388: 382,153,159,154,157,39,158,381
389: 159,154,341,39,395,158,340,347,348,390
390: 342,349,383,159,341,136,395,348,389
391: 392,344,385,386,160,352,137,138,155,156
392: 353,386,134,391,160,161,396,156,393
393: 392,161,387,162
394: 139,395,158,347,354,161,38,398,140,162
395: 159,136,141,158,347,394,389,390,140,355
396: 358,138,392,353,160,113,161,397
397: 398,360,359,139,161,396
398: 360,140,397,139,394,161,162
399: 143,146,31,142,366