0: 9,237,96,70,245,291,1,12,238,4,13,283,95,24,20
1: 47,237,0,245,51,238,71,8,4
2: 32,123,283,124,332,324,331,95,70,277,90,10,284,20,119,285
3: 15,74,78,27,94,243,291,290,12,100,101
4: 11,238,71,76,293,97,246,0,245,1,13,75,5,24,20,339
5: 29,75,109,300,301,76,293,4,246,13,24,339,102,35,25
6: 109,300,81,301,85,308,79,251,299,265,108,102,30
7: 373,20,33,130,339,129,292,34,32,332,24,128,40,35
8: 48,205,71,198,53,196,197,41,171,52,176,47,1,51,204
9: 94,68,69,229,236,237,244,243,96,0,291,12,19
10: 65,238,278,66,97,226,272,70,277,2,92,91,285
11: 238,66,71,72,98,76,232,293,239,97,4,246
12: 9,237,0,245,291,51,15,74,13,3,252
13: 15,79,252,299,27,0,245,12,4,75,300,5,24,101,102
14: 29,17,206,103,253,212,213,54,205,76,239,53,246,77,247,207,82
15: 74,55,13,3,78,252,203,210,258,107,299,27,12
16: 17,58,62,81,57,86,85,61,259,211,79,80
17: 29,14,75,58,16,253,81,57,212,213,205,76,53,246
18: 268,320,272,319,325,284,271,119,91
19: 117,122,283,324,95,9,94,68,229,291,90,276,89
20: 285,339,7,129,70,0,238,97,4,292,2,32,283,332,95,24
21: 92,33,125,126,285,36,339,104,98,293,97,286,340
22: 249,208,201,298,235,242,73,290,78,250
23: 106,37,344,345,100,132,133,112,352,107,27,350,99,343
24: 292,0,4,13,5,20,339,7,129,128,101,102,35
25: 135,26,28,35,340,347,293,29,109,5,301,339
26: 135,341,136,25,340,348,104,293,29,302,103,303,294
27: 15,13,3,107,299,108,37,100,112,101,102,23
28: 139,30,35,25,347,354,38,109,301,108,353,102,346
29: 14,75,17,302,109,300,5,103,253,81,301,76,293,239,246,26,25
30: 139,28,354,6,109,301,308,307,108,113,114,116
31: 118,123,142,145,124,338,323,324,331,365,366,371,372,399,146
32: 292,2,34,123,124,332,331,373,20,33,119,333,285,7,129
33: 374,326,333,148,285,36,130,339,21,7,129,32,332,340
34: 292,380,32,123,332,338,331,372,127,373,7,129,128,151,133,40
35: 40,28,39,25,340,347,38,5,24,130,339,7,129,128,102,346
36: 376,33,374,326,125,126,148,130,334,21,375,131,154,341,340
37: 108,128,345,386,133,112,101,102,23,346,27
38: 40,28,157,35,39,158,347,394,353,161,346,134,387,162
39: 159,154,40,157,35,158,340,347,389,38,153,130,388
40: 157,35,39,38,380,34,373,153,130,7,129,128,151,346,134
41: 170,171,174,164,196,197,175,52,176,8
42: 46,64,69,190,47,96,43,165,197,186,231,65,191
43: 42,190,165,197,166,186,187,191
44: 172,167,49,192,193
45: 195,236,244,73,168,173,50,194
46: 42,69,190,195,244,165,169,168,196,197
47: 42,237,1,197,65,48,71,191,198,8,232
48: 54,71,191,192,198,8,232,197,167,171,47
49: 54,72,192,193,77,172,44,240,199
50: 173,178,45,73,201,209,202
51: 237,244,245,1,12,196,52,8,74,204,252,203
52: 178,175,179,180,173,174,196,41,51,8,204,80,203,57
53: 54,205,71,8,76,246,171,176,204,14,75,17,57,212
54: 48,49,205,71,198,53,77,172,171,14,206
55: 15,74,56,78,203,209,210,215,202,250,258,107
56: 55,60,203,209,210,215,216,258,178,179
57: 17,58,16,212,180,52,176,185,181,205,53,211,204,80
58: 17,16,62,57,86,219,212,213,182,185,181,218
59: 214,82,182,218,219,213
60: 259,211,56,80,210,216,183,179,220,217
61: 16,62,86,85,259,211,221,217,222
62: 58,16,86,61,185,218,222
63: 228,274,223,68,189,229,275
64: 42,69,189,190,229,230,96,186,223,224,231
65: 238,191,232,226,10,231,225,42,47,96,70,277
66: 11,238,278,67,72,98,232,93,97,226,10,92
67: 278,66,72,193,93,227,279,233,234,240
68: 9,94,229,236,243,228,281,235,274,63,89,19
69: 9,42,46,64,189,190,195,229,236,237,244,96
70: 96,0,277,90,65,238,10,2,283,95,20
71: 11,238,48,54,205,198,8,76,232,53,4,246,47,1
72: 11,49,66,67,193,98,232,239,77,241,240
73: 45,236,244,243,50,194,235,242,201,22,74,78,202
74: 15,55,3,78,252,203,202,244,243,73,51,12
75: 29,17,300,5,81,245,205,76,53,4,246,13,79,204,252
76: 11,205,71,293,239,53,4,246,29,14,75,17,5
77: 49,54,72,239,200,241,247,240,199,14,206,207
78: 15,74,55,3,250,107,73,290,22,298
79: 13,252,80,210,251,299,6,75,300,16,81,85
80: 211,60,79,204,252,203,210,179,180,52,16,57
81: 6,29,75,17,302,109,300,16,253,301,86,260,85,308,79
82: 59,214,255,207,247,14,254,103,253,213
83: 256,215,250,257,263
84: 264,311,263,312,220,265,307,259,305,251,258
85: 6,16,81,86,308,61,259,79,251,221,265,266
86: 58,16,62,81,219,260,85,61,222,266
87: 254,309,261,260,308,267,315
88: 225,272,271,268
89: 329,322,282,281,274,94,68,117,122,330,19
90: 230,96,70,277,284,276,2,283,324,19,95
91: 92,119,326,120,285,272,10,18,320
92: 326,120,121,125,91,285,21,278,66,98,93,97,10
93: 278,66,67,98,279,241,234,92,121,280,286
94: 9,68,243,291,290,281,235,3,282,89,122,19,100
95: 292,2,123,283,324,331,19,70,0,291,90,20
96: 9,42,64,69,229,230,237,70,0,277,90,231,65
97: 11,238,66,98,293,4,10,92,20,285,339,21
98: 11,104,66,72,293,93,239,97,241,92,21,286
99: 297,343,336,290,298,289,282,100,23
100: 132,133,101,23,94,290,3,27,282,122,337,127,99
101: 37,128,100,133,102,291,13,3,27,292,127,24
102: 108,37,128,345,101,346,13,299,27,6,300,5,24,28,35
103: 29,14,254,302,253,104,293,239,247,255,82,26,303
104: 98,293,239,295,241,247,103,126,21,286,26,294
105: 349,303,294,295,248,255,296
106: 351,112,352,23,298,305,257,107,350,304,111
107: 15,55,78,305,250,257,258,27,298,106,112,23
108: 306,37,345,112,113,102,305,251,299,27,6,307,28,30
109: 6,29,302,300,5,81,301,308,135,28,30,25,110,354
110: 135,141,354,302,109,309,301,308,315,114
111: 357,305,257,311,263,106,306,351
112: 106,306,108,37,345,352,23,305,107,27
113: 306,108,353,345,307,139,30,358,313,396,359,116
114: 361,360,359,315,116,308,314,139,140,30,110,354
115: 356,309,310,141,355,361,315
116: 359,114,312,265,307,314,316,113,30,313
117: 118,122,323,324,19,275,317,276,322,89
118: 31,117,124,323,324,365,366,362,318,317,284,276
119: 326,333,368,91,144,367,285,325,18,364,320,2,32,124,332
120: 92,326,327,121,125,91,321,273,320
121: 92,327,120,125,279,278,93,321,273,280,328
122: 117,123,337,323,324,330,331,127,19,94,282,89,100
123: 292,31,2,34,32,122,283,124,332,338,323,324,331,372,127,95
124: 31,2,32,118,123,142,332,324,331,366,372,325,284,119,333,367
125: 376,92,326,327,120,121,126,36,334,21,335,328,286
126: 376,125,36,21,104,335,286,131,341,342,294
127: 292,34,122,123,337,338,331,100,132,133,101
128: 37,133,101,102,346,292,34,24,7,129,40,35
129: 373,20,33,130,339,7,292,34,32,332,24,128,40,35
130: 373,33,153,374,148,36,339,7,129,40,35,39,340
131: 376,126,36,375,154,341,342,383,382
132: 344,385,386,100,133,378,23,337,338,127,343,377,336,384
133: 37,128,151,386,100,132,101,23,34,338,127
134: 392,353,151,386,346,40,157,38,163,156,387
135: 26,136,141,25,110,340,347,348,354,389,302,109,301
136: 135,26,341,141,348,389,356,349,303,294,390
137: 344,138,391,351,350,357
138: 306,137,391,351,160,352,357,358,396
139: 140,28,30,394,354,353,161,113,398,360,359,114,397
140: 139,141,395,394,354,355,361,398,360,114
141: 135,140,136,395,110,347,348,354,355,309,356,115
142: 31,124,366,372,363,147,367,399,143,146
143: 399,363,142,147,367
144: 119,369,374,326,333,368,367,148,334,364
145: 31,337,338,330,365,371,370,150,146
146: 399,150,31,142,145,338,371,372,379
147: 373,153,333,367,380,142,372,143,152
148: 33,153,374,326,333,368,144,36,130,334,375
149: 381,375,382
150: 146,370,145,337,338,371,377,378,379
151: 386,133,346,134,380,34,338,40,163,379,156
152: 381,380,147,153
153: 373,147,374,148,130,380,154,40,157,39,381,152,388
154: 159,341,39,340,389,153,36,375,131,383,388,382
155: 156,384,385,391,378
156: 155,379,392,151,385,386,391,134
157: 40,39,158,38,380,153,134,163,387,388
158: 159,157,39,395,347,394,38,387,388,162
159: 154,39,395,158,389,383,390,388,382
160: 392,353,345,386,138,391,352,396
161: 392,353,139,38,396,397,393,162
162: 387,393,161,158,394,38,398
163: 380,151,134,157,387
164: 174,41,175
165: 169,197,166,42,46,190,43
166: 170,167,165,197,43
167: 170,166,44,171,197,48,191,192,198
168: 169,173,196,45,46,195,244
169: 165,168,174,196,197,46
170: 166,41,167,171,197
171: 172,170,41,167,177,197,176,48,54,205,198,8,53
172: 44,171,177,49,54,199,206
173: 168,174,50,196,178,52,45,244,203,202
174: 169,173,164,196,41,175,52
175: 180,52,174,164,41
176: 181,41,171,177,205,8,53,57,212
177: 172,171,176,181,206,212
178: 179,52,173,50,56,203,209,202
179: 178,183,180,52,211,56,60,80,203
180: 184,183,175,179,52,185,211,80,57
181: 176,182,185,177,58,57,212
182: 181,218,58,206,212,213,59
183: 184,179,180,211,60,216,217
184: 183,180,185,211,217
185: 181,184,180,211,58,62,57
186: 224,231,187,42,64,190,43
187: 225,188,186,231,43,191
188: 227,187,191,192,193,232,226
189: 64,69,190,195,229,236,223,63
190: 42,46,64,69,189,195,43,165,186
191: 65,48,192,198,232,197,167,188,187,42,47,43
192: 48,49,191,193,198,232,167,44,188
193: 49,67,72,192,44,227,188,233,240
194: 228,235,242,45,236,73,201
195: 45,46,69,189,190,236,244,168
196: 169,168,173,174,197,41,52,46,244,51,8
197: 165,169,196,170,166,41,167,171,42,46,47,43,48,191,198,8
198: 48,54,71,191,192,8,232,197,167,171,47
199: 200,172,49,77,206,207
200: 241,247,240,199,77,207
201: 208,22,50,194,242,73
202: 74,55,203,209,173,50,178,244,73
203: 15,74,55,56,252,80,210,202,173,178,179,52,51
204: 252,80,52,245,51,205,8,53,75,57
205: 54,71,8,76,53,246,171,176,204,14,75,17,57,212
206: 14,212,213,172,177,182,54,77,199,207
207: 214,82,77,200,247,199,14,206
208: 249,201,22,209,250
209: 55,56,215,202,250,50,178,208
210: 259,15,55,56,60,79,252,80,203,251,258,299
211: 259,60,80,184,183,179,180,185,16,57,61,217
212: 14,17,58,206,57,213,177,176,182,181,205,53
213: 14,17,58,206,253,219,212,182,59,82
214: 59,207,82
215: 55,56,209,216,250,258,83
216: 56,60,215,183,220
217: 221,220,184,183,259,211,60,61
218: 182,58,62,219,59
219: 254,58,261,253,86,260,213,218,59
220: 264,221,217,84,259,60,216
221: 220,265,217,259,85,61,222,266
222: 266,62,86,61,221
223: 269,63,64,189,229,230,275
224: 186,270,231,225,64,230,277
225: 272,88,187,224,231,277,65,226,271
226: 65,278,66,232,10,225,272,227,188
227: 188,279,233,278,67,193,226,273
228: 194,281,235,274,63,68,236
229: 9,64,68,69,189,230,236,96,223,63,19
230: 64,229,96,277,90,269,223,224,270,276
231: 186,224,225,187,42,64,96,277,65
232: 65,11,238,48,66,71,72,191,192,198,226,188,47
233: 227,279,67,193,234,240
234: 241,240,279,233,67,93,280,286
235: 228,194,281,242,94,68,236,243,73,290,22
236: 9,45,68,69,189,195,229,244,243,73,228,194,235
237: 9,69,47,244,96,0,245,1,51,12
238: 65,11,66,71,232,97,4,10,70,0,1,20
239: 11,104,72,98,76,293,246,77,241,247,29,14,103
240: 200,241,234,233,49,67,72,193,77
241: 200,295,234,247,240,104,72,98,93,239,77,286
242: 194,235,73,201,22
243: 9,94,68,236,244,73,291,290,235,74,3
244: 9,45,46,69,195,236,237,243,73,51,168,173,196,74,202
245: 237,0,1,51,12,4,13,204,252,75
246: 11,205,71,76,293,239,53,4,29,14,75,17,5
247: 200,295,241,104,239,77,14,103,248,255,207,82
248: 255,295,247,105
249: 256,208,22,298,250
250: 55,78,209,215,257,258,107,256,249,208,22,298,83
251: 259,79,210,305,258,299,6,85,265,84,307,108
252: 15,74,13,79,204,80,203,210,245,51,12,75
253: 29,14,254,17,302,103,81,219,260,213,82
254: 302,309,261,103,253,87,219,260,310,255,262,82,303
255: 248,82,247,254,103,303,105
256: 249,298,83,250,257,304
257: 305,250,258,107,256,83,263,106,111
258: 259,15,55,56,210,215,305,250,251,257,107,263,84
259: 211,60,210,251,258,16,85,61,221,220,265,217,84
260: 254,302,253,81,86,87,219,308
261: 254,87,219,262,267
262: 310,254,261
263: 264,311,84,83,305,257,258,111
264: 311,263,312,220,84
265: 221,312,84,307,259,251,6,85,266,116
266: 314,267,222,86,85,308,221,265
267: 266,261,87,315
268: 18,88,271
269: 223,270,230,275,317,276
270: 269,224,230,277,318,284,271,276
271: 284,270,225,272,88,277,268,18
272: 225,88,278,226,10,271,18,273,91
273: 321,272,227,279,278,120,121
274: 228,281,63,68,275,322,89
275: 269,223,274,63,317,276,322,117
276: 318,317,284,269,270,230,275,90,117,118,324,19
277: 230,96,70,90,224,270,231,225,65,10,284,271,2
278: 66,67,93,226,10,272,227,279,273,92,121
279: 227,233,278,67,93,234,273,121,280
280: 328,286,279,93,234,121
281: 228,235,274,94,68,282,89
282: 329,289,89,281,94,290,122,337,99,336,100
283: 292,2,123,324,331,19,95,70,0,291,90,20
284: 362,318,319,325,271,276,270,277,90,18,2,118,124,324
285: 92,20,33,119,326,91,339,21,97,10,2,32,332
286: 335,280,287,104,98,93,295,241,234,125,126,21
287: 335,296,286,295
288: 289
289: 282,288,99,297,336
290: 94,243,235,22,298,3,78,282,99,100
291: 9,94,243,0,12,3,292,283,19,95,101
292: 34,32,123,283,332,331,127,95,24,291,20,7,129,128,101
293: 11,104,98,76,239,97,4,246,29,5,103,339,21,26,25
294: 342,349,303,105,104,126,26,341,136,348
295: 241,247,104,248,296,287,286,105
296: 287,295,105
297: 350,99,343,304,298,289
298: 256,249,22,290,78,250,107,99,297,304,106
299: 15,13,79,210,251,27,6,300,108,102
300: 6,29,75,109,5,81,301,13,79,299,102
301: 6,29,302,109,300,5,81,308,135,28,30,25,110,354
302: 29,254,109,309,103,253,81,301,260,135,26,110,303
303: 356,349,294,105,254,302,309,103,310,255,26,136,348
304: 350,297,256,298,106
305: 251,257,258,107,311,263,84,307,106,306,108,112,111
306: 108,345,138,351,112,352,113,305,311,307,357,358,111
307: 311,312,265,84,305,251,306,108,113,30,313,116
308: 6,109,81,301,87,260,85,266,30,110,315,114
309: 254,302,87,310,141,110,356,303,115,315
310: 262,254,309,356,303,115
311: 264,263,312,84,307,305,306,357,313,111
312: 264,311,265,84,307,316,313,116
313: 358,311,312,307,316,113,359,116
314: 266,316,315,114,116
315: 361,114,309,87,308,314,267,110,115
316: 314,312,313,359,116
317: 318,276,269,275,322,117,118,323
318: 362,319,317,284,276,270,118
319: 362,318,325,284,18
320: 321,18,364,325,119,120,91
321: 273,320,327,120,121
322: 89,274,275,317,117,323,330
323: 31,117,118,122,123,324,330,331,365,317,322
324: 31,2,117,118,122,123,283,124,323,331,19,95,90,284,276
325: 362,319,363,284,18,364,320,124,119,367
326: 92,33,119,374,333,120,368,125,91,144,148,285,36,334
327: 376,369,120,121,125,334,321,328
328: 335,280,376,327,121,125
329: 370,282,89,337,330
330: 122,145,337,323,365,371,329,370,322,89
331: 292,31,2,34,32,122,123,283,124,332,338,323,324,372,127,95
332: 292,2,34,32,123,124,331,373,20,33,119,333,285,7,129
333: 373,147,33,119,374,326,368,144,367,148,32,124,332
334: 376,369,374,326,327,368,125,144,148,36,375
335: 287,328,286,376,125,126
336: 99,343,377,289,282,337,132
337: 122,145,338,330,371,127,329,370,282,377,336,100,132,378,150
338: 31,34,123,145,337,331,371,372,127,151,132,133,378,150,146,379
339: 20,33,285,130,21,7,129,293,97,4,5,24,35,25,340
340: 135,154,26,341,35,39,25,347,389,33,36,130,339,21
341: 154,26,136,340,348,389,126,36,131,342,349,383,294,390
342: 349,383,294,390,126,131,341
343: 350,99,297,336,384,344,132,23
344: 385,132,137,391,351,352,23,350,343,384
345: 306,108,353,37,386,112,160,352,113,102,23,346
346: 353,37,128,151,345,386,102,134,40,28,35,38
347: 135,28,35,141,39,395,158,25,340,394,354,389,38
348: 135,26,341,136,141,389,356,349,303,294,390
349: 356,342,303,294,390,105,341,136,348
350: 297,343,304,106,344,137,351,23
351: 106,306,344,137,138,352,350,357,111
352: 106,306,344,345,138,391,351,112,160,23
353: 392,161,345,386,160,113,346,134,139,28,38,396
354: 139,135,140,28,30,141,110,347,394,109,301,114
355: 140,141,395,356,115,361
356: 349,303,115,309,310,136,141,348,355
357: 358,111,311,306,137,138,351
358: 357,313,396,306,138,113
359: 360,114,397,116,316,113,139,313
360: 361,398,359,114,139,140
361: 360,315,114,140,355,115
362: 318,319,363,325,284,118,366
363: 362,325,364,142,366,367,143
364: 320,363,325,119,369,368,144,367
365: 31,118,145,323,330,366,371
366: 31,118,142,124,365,362,363,399
367: 147,119,333,368,144,363,325,364,142,124,143
368: 119,369,374,326,333,144,367,148,334,364
369: 327,368,144,334,364
370: 329,145,337,330,371,377,150
371: 31,145,337,338,330,365,370,150,146
372: 31,380,34,123,142,124,338,331,373,147,146
373: 147,153,333,130,7,129,380,34,32,332,372,40
374: 33,153,326,333,368,144,148,36,130,334,375
375: 376,374,148,36,334,131,154,381,149
376: 327,125,126,36,334,375,335,328,131
377: 336,384,370,337,132,378,150
378: 385,132,337,338,377,384,150,155,379
379: 156,338,151,378,150,146
380: 34,372,373,147,153,151,40,157,152,163
381: 149,152,153,375,388,382
382: 388,131,159,154,383,381,149
383: 342,390,131,159,154,341,382
384: 343,377,344,385,132,378,155
385: 344,386,132,391,378,384,155,156
386: 392,353,37,151,385,345,132,133,391,160,346,134,156
387: 393,162,134,157,158,38,163
388: 382,153,159,154,157,39,158,381
389: 159,135,154,341,136,39,395,340,347,348,390
390: 342,349,383,159,341,136,395,348,389
391: 392,344,385,386,137,138,160,352,155,156
392: 353,161,386,391,160,134,396,156,393
393: 387,162,392,161
394: 139,140,395,158,347,354,38,398,162
395: 159,140,141,158,347,394,355,389,390
396: 358,392,353,161,138,160,113,397
397: 398,359,161,139,396
398: 360,397,139,140,394,162
399: 143,146,31,142,366