0: 128,34,4,134,24,102,292,346,75,3,23,245,291,101,300,6,108,1,13,5,25,103,293,129,284,20,2,339,7,35
1: 75,245,300,6,108,13,8,12,74,204,244,52,246,238,70,10,14,76,252,16,80,0,4,24,102,292
2: 129,332,124,284,20,339,7,35,32,96,277,19,95,283,238,70,21,10,97,285,123,331,0,4,24,102,292
3: 23,291,101,290,107,27,100,22,299,12,74,244,19,95,283,128,34,0,4,24,102,292
4: 128,34,0,134,24,102,292,346,75,3,23,245,291,101,300,6,108,1,13,5,25,103,293,129,284,20,2,339,7,35
5: 301,29,109,25,103,293,246,21,97,285,14,76,294,104,26,0,4,24,102,292,36,340,130
6: 75,15,79,251,245,300,113,107,27,299,108,1,13,30,307,301,29,109,252,16,80,0,4,134,353,24,102,292,346,28
7: 33,129,333,125,332,380,124,284,20,2,339,152,35,40,32,123,331,128,34,0,4,134,24,102,292,346,36,340,130
8: 12,74,204,244,52,41,238,70,10,47,53,205,75,203,245,51,1,13,57
9: 42,46,64,68,69,196,230,236,237,12,74,96,244,19,95,283,238,70,10
10: 11,71,239,238,70,47,65,231,9,69,237,8,204,96,52,75,245,1,13,284,20,2
11: 48,66,71,72,198,246,232,239,240,238,70,21,10,97,285,47,14,76
12: 9,69,237,8,74,73,243,204,244,52,75,15,3,78,79,203,23,251,245,291,101,51,1,13
13: 75,245,300,6,108,1,8,12,74,204,244,52,246,238,70,10,14,76,252,16,80,0,4,24,102,292
14: 11,71,246,239,247,53,205,76,77,75,245,1,13,17,81,253,5,25,103,293
15: 55,56,78,79,210,251,258,300,211,107,27,6,299,108,12,74,244,252,16,80
16: 17,81,252,85,253,259,80,75,15,79,251,245,300,211,6,108,1,13
17: 301,29,58,109,81,82,86,252,212,253,254,260,16,80,246,14,76
18: 320,326,120,91,271,88,277,278,272,92,119,319,325
19: 9,69,237,276,90,96,95,283,94,282,3,23,291,101,123,331,284,20,2
20: 129,332,124,284,2,339,7,35,32,96,277,19,95,283,238,70,21,10,97,285,123,331,0,4,24,102,292
21: 11,278,286,71,98,239,97,92,285,5,25,103,293,33,333,125,284,20,2
22: 3,78,23,291,101,290,100,73,243,94,282,289,99,337,127,298,106
23: 3,291,101,290,107,27,100,22,299,12,74,244,19,95,283,128,34,0,4,24,102,292
24: 128,34,0,4,134,102,292,346,75,3,23,245,291,101,300,6,108,1,13,5,25,103,293,129,284,20,2,339,7,35
25: 301,29,109,5,103,293,246,21,97,285,14,76,294,104,26,0,4,24,102,292,36,340,130
26: 126,294,104,286,98,247,77,110,302,5,25,103,293,105,295,341,131
27: 15,3,78,79,23,251,291,101,300,107,6,299,108,37,128,345,133,34,298,112,306,106,134,353,346
28: 139,140,39,347,354,38,135,300,113,6,108,30,307,301,29,109,114,308,134,353,346
29: 301,17,109,114,81,110,302,253,308,5,25,103,293,300,6,108,39,347,135,28
30: 265,84,312,300,113,6,108,307,114,85,308,259,112,306,353,28,116,313
31: 117,118,122,123,142,145,146,338,323,324,330,331,365,371,372
32: 373,33,129,333,125,332,124,284,20,2,339,147,7,35,119,123,331,325
33: 129,326,333,120,125,332,148,124,334,374,339,7,35,32,21,97,285,36,340,130
34: 37,128,345,133,0,4,134,24,102,292,346,3,23,291,101,107,27,299,123,338,331,129,339,7,35
35: 33,129,333,125,332,380,124,284,20,2,339,152,7,40,32,123,331,128,34,0,4,134,24,102,292,346,36,340,130
36: 341,131,39,340,130,347,135,5,25,103,293,33,129,333,125,153,381,339,7,35
37: 128,344,385,345,386,132,133,138,351,156,34,352,112,306,134,353,346,107,27,299
38: 139,140,388,39,158,162,347,394,354,135,28,161,393,387,157,134,353,346
39: 140,36,388,158,340,130,347,348,354,389,38,135,136,28,301,29,109,134,346
40: 373,129,380,163,153,381,339,152,147,7,35,379,151,387,157
41: 176,170,175,8,204,174,52,197,57
42: 9,46,64,69,190,196,230,237,197,43,191,47,65,231
43: 44,191,192,166,187,188,47,65,231,42,197
44: 43,48,66,191,192,193,198,232,167,188
45: 46,68,189,195,196,236,168,194,50,202
46: 9,42,45,69,195,196,237,169,197,47,203,51
47: 11,43,48,71,191,198,239,238,70,10,53,205,65,231,42,46,196,8,204,52,197
48: 11,44,49,71,192,198,199,239,171,47,53,205
49: 48,72,193,198,199,240,172,200,54,206
50: 45,195,73,243,202,173,201,55,203,209,51
51: 55,56,203,210,46,196,8,12,74,204,244,174,52,50,202,57
52: 8,12,74,204,244,41,238,70,10,47,53,205,75,203,245,51,1,13,57
53: 48,198,246,176,47,14,205,54,76,206,8,204,52,58,212
54: 49,177,199,247,53,205,206,77,59,207,213
55: 15,56,78,79,203,209,210,215,250,251,258,208,51,73,243,50,202
56: 15,55,60,79,203,210,216,251,258,179,211,51,57
57: 181,58,212,180,8,204,52,41,56,203,210,179,211,51
58: 181,17,59,62,81,212,213,218,253,57,53,205,211
59: 214,58,82,212,213,219,182,254,54,206
60: 56,210,215,216,258,220,211,183,61,217
61: 62,222,85,218,259,217,60,184,216,220,211,221
62: 58,222,86,212,185,218,219,260,61,217,211
63: 64,68,189,229,230,236,223,228,89,275
64: 9,42,63,69,229,230,237,224,276,90,96,65,231
65: 43,66,191,232,225,238,70,10,47,231,42,64,230,96,277
66: 11,44,278,67,71,192,232,233,239,226,92,65,231
67: 66,72,193,232,233,240,227,234,279,93
68: 9,45,63,69,195,229,236,237,235,73,243,94,282
69: 9,42,46,64,68,196,230,236,237,12,74,96,244,19,95,283,238,70,10
70: 11,71,239,238,10,47,65,231,9,69,237,8,204,96,52,75,245,1,13,284,20,2
71: 11,48,66,72,198,246,232,239,240,238,70,21,10,97,285,47,14,76
72: 11,49,286,67,71,98,199,233,239,240,247,241,77
73: 68,236,12,74,243,242,244,50,202,55,78,290,100,22
74: 9,69,237,8,12,73,243,204,244,52,75,15,3,78,79,203,23,251,245,291,101,51,1,13
75: 245,300,6,108,1,13,8,12,74,204,244,52,246,238,70,10,14,76,252,16,80,0,4,24,102,292
76: 11,71,246,239,247,14,53,205,77,75,245,1,13,17,81,253,5,25,103,293
77: 72,246,240,247,14,54,76,206,248,82,254,294,104,26
78: 15,55,79,250,251,258,290,107,27,100,22,299,12,74,73,243,244,298,106
79: 15,55,56,78,210,251,258,300,211,107,27,6,299,108,12,74,244,252,16,80
80: 17,81,252,85,253,259,16,75,15,79,251,245,300,211,6,108,1,13
81: 301,29,17,58,109,82,86,252,212,253,254,260,16,80,246,14,76
82: 17,255,59,81,87,110,213,302,261,253,254,247,77
83: 111,215,305,250,257,258,263,256
84: 265,258,312,113,30,307,85,259,264,112,306,116,313
85: 86,252,260,259,16,61,80,217,265,84,211,113,30,307
86: 266,17,62,114,81,87,85,218,261,253,308,260,259
87: 267,115,262,82,309,86,219,261,254,260
88: 271,270,277,272,225,268,319,18,91
89: 63,229,276,90,275,269,94,282,117,323,274
90: 64,230,270,276,89,275,96,277,19,95,283,118,324
91: 320,326,120,18,271,88,277,278,272,92,119,319,325
92: 278,66,232,272,279,21,97,93,285,277,326,120,121,18,91
93: 278,286,67,98,233,279,280,92,273,121
94: 68,236,281,89,275,19,95,283,282,290,100,22,122,330
95: 9,69,237,276,90,96,19,283,94,282,3,23,291,101,123,331,284,20,2
96: 9,64,69,230,237,276,90,277,19,95,283,238,70,10,65,231,284,20,2
97: 11,278,286,71,98,239,21,92,285,5,25,103,293,33,333,125,284,20,2
98: 286,72,240,279,21,97,93,285,121,126,294,104,26,287
99: 289,337,127,281,242,290,100,22,288,336,297
100: 3,78,23,291,101,290,22,73,243,94,282,289,99,337,127,298,106
101: 3,23,291,290,107,27,100,22,299,12,74,244,19,95,283,128,34,0,4,24,102,292
102: 128,34,0,4,134,24,292,346,75,3,23,245,291,101,300,6,108,1,13,5,25,103,293,129,284,20,2,339,7,35
103: 301,29,109,5,25,293,246,21,97,285,14,76,294,104,26,0,4,24,102,292,36,340,130
104: 126,294,26,286,98,247,77,110,302,5,25,103,293,105,295,341,131
105: 303,248,295,296,126,294,104,26,287,342
106: 344,132,351,298,297,111,78,305,290,107,27,100,22,299
107: 15,3,78,79,23,251,291,101,300,27,6,299,108,37,128,345,133,34,298,112,306,106,134,353,346
108: 75,15,79,251,245,300,113,107,27,6,299,1,13,30,307,301,29,109,252,16,80,0,4,134,353,24,102,292,346,28
109: 301,29,17,114,81,110,302,253,308,5,25,103,293,300,6,108,39,347,135,28
110: 301,29,115,303,109,82,309,302,254,294,104,26,348,136
111: 83,304,305,257,311,351,298,112,306,106
112: 37,345,133,138,351,352,306,353,111,84,305,312,113,107,27,299,30,307
113: 265,84,312,300,6,108,30,307,114,85,308,259,112,306,353,28,116,313
114: 301,29,115,109,309,86,308,260,314,113,30,307,140,354,28
115: 114,309,87,110,302,261,315,308,310,141,355
116: 313,265,84,312,113,30,307,314,316,359
117: 31,118,122,323,324,330,365,317,322,89,275
118: 31,119,117,142,323,324,325,270,276,90,318
119: 319,118,142,324,325,277,326,120,332,124,367,143,18,91,32
120: 33,320,326,333,327,121,368,125,144,334,18,91,278,92,119,325
121: 328,326,327,120,126,334,278,286,98,279,280,92,93
122: 31,117,123,145,337,338,323,330,331,371,127,329,94,282
123: 31,122,146,338,330,331,372,19,95,283,129,332,124,284,20,2,339,7,35,32,128,34
124: 373,33,129,333,125,332,284,20,2,339,147,7,35,32,119,123,331,325
125: 33,129,326,333,120,332,148,124,334,374,339,7,35,32,21,97,285,36,340,130
126: 121,294,334,104,26,287,342,286,98,105,295,335,341,131
127: 150,289,122,99,378,337,338,330,290,100,22,336,344,132
128: 37,345,133,34,0,4,134,24,102,292,346,3,23,291,101,107,27,299,123,338,331,129,339,7,35
129: 33,333,125,332,380,124,284,20,2,339,152,7,35,40,32,123,331,128,34,0,4,134,24,102,292,346,36,340,130
130: 341,36,131,39,340,347,135,5,25,103,293,33,129,333,125,153,381,339,7,35
131: 341,36,340,130,348,389,136,126,294,104,26,154,382,342
132: 37,343,344,385,345,133,351,298,106,337,127
133: 37,128,344,385,345,386,132,138,351,156,34,352,112,306,134,353,346,107,27,299
134: 37,128,345,133,34,0,4,353,24,102,292,346,300,107,27,6,299,108,129,339,7,35,39,347,38,135,28
135: 140,36,388,39,158,340,130,347,348,354,389,38,136,28,301,29,109,134,346
136: 140,341,349,131,141,39,347,348,354,355,389,135,110,302
137: 391,351,350,357
138: 396,392,358,37,345,133,351,160,352,112,306,353
139: 398,140,360,162,394,354,38,397,28,161,393,353,359
140: 139,360,141,39,162,347,348,394,354,355,38,135,136,28,114,308
141: 140,361,356,395,348,354,355,136,115,309
142: 31,119,118,146,324,366,372,325,373,367,143,147
143: 363,373,368,144,367,147,119,142,325
144: 364,369,326,120,368,148,334,374,367,143
145: 150,31,370,122,146,378,338,330,365,371,372
146: 31,123,142,145,338,331,371,372,373,147,379,151
147: 373,332,380,148,124,374,367,143,152,40,32,142,146,372
148: 373,33,333,368,125,144,149,334,375,374,153,381,147
149: 376,369,148,334,375,374,154,382
150: 145,378,337,338,371,127,379,385,151,377
151: 379,386,156,387,157,150,146,378,338,372,380,163,152,40
152: 373,129,380,163,153,381,339,147,7,35,40,379,151,387,157
153: 380,148,374,381,154,382,152,40,36,388,158,340,130,389
154: 383,149,375,153,381,382,341,131,389
155: 384,385,391
156: 392,379,37,385,345,386,133,160,151,387,157
157: 379,161,386,393,156,151,387,380,163,152,40,388,158,38
158: 388,39,162,347,394,389,38,135,153,381,387,157
159: 390,395,389
160: 396,392,161,386,393,138,391,156,352
161: 392,393,160,387,157,139,162,394,38,397
162: 398,139,140,388,395,158,394,354,38,161,393
163: 380,152,40,379,151,387,157
164: 175
165: 190,169,197,166
166: 43,191,167,165,170,197
167: 44,192,166,171
168: 45,195,169,173
169: 46,196,168,174,197,165,170
170: 175,169,197,41,166,171
171: 48,198,167,172,176,170
172: 49,177,199,171
173: 168,174,50,202,178
174: 169,173,175,41,203,179,51
175: 180,164,170,174,41,176
176: 41,177,171,53,205,175,181
177: 172,176,54,206,182
178: 173,209,179
179: 56,210,180,183,178,174,57
180: 175,184,179,181,57
181: 58,212,185,182,57,180,176
182: 181,59,213,177
183: 60,184,216,179
184: 180,183,185,61,217
185: 181,62,218,184
186: 190,224,187
187: 43,191,188,225,186
188: 43,44,191,192,187,226
189: 45,63,190,195,229
190: 42,189,165,186
191: 43,44,192,166,187,188,47,65,231,42,197
192: 43,44,48,66,191,193,198,232,167,188
193: 44,49,67,192,199,233
194: 45,195,235,201
195: 45,46,68,189,196,236,168,194,50,202
196: 9,42,45,46,69,195,237,169,197,47,203,51
197: 42,46,196,169,165,170,41,43,191,166,47
198: 11,44,48,49,71,192,199,239,171,47,53,205
199: 48,49,72,193,198,240,172,200,54,206
200: 49,199,241,207
201: 194,242,50,202,208
202: 45,195,73,243,50,173,201,55,203,209,51
203: 55,56,210,51,46,196,8,12,74,204,244,174,52,50,202,57
204: 8,12,74,244,52,41,238,70,10,47,53,205,75,203,245,51,1,13,57
205: 48,198,246,176,47,14,53,54,76,206,8,204,52,58,212
206: 49,177,199,247,53,205,54,77,59,207,213
207: 214,248,200,54,206
208: 55,209,250,201,249
209: 55,215,250,208,178,50,202
210: 15,55,56,60,79,203,216,251,258,179,211,51,57
211: 15,56,60,79,210,216,251,58,62,252,85,212,218,259,16,61,80,217,57
212: 181,17,58,59,62,81,213,218,253,57,53,205,211
213: 214,58,59,82,212,219,182,254,54,206
214: 255,59,207,213
215: 55,60,83,209,216,250,257,258
216: 56,60,210,215,258,220,211,183,61,217
217: 62,222,85,218,259,61,60,184,216,220,211,221
218: 58,62,222,86,212,185,219,260,61,217,211
219: 59,62,87,213,218,261
220: 60,216,61,217,264,221
221: 265,220,222,61,217
222: 266,62,218,61,217,221
223: 63,229,224,269
224: 64,230,270,223,186,225
225: 187,226,65,231,271,88,224,277
226: 66,232,272,188,225,227
227: 67,233,226,273
228: 63,229,235,274
229: 63,64,68,189,230,236,223,228,89,275
230: 9,42,63,64,69,229,237,224,276,90,96,65,231
231: 43,66,191,232,225,238,70,10,47,65,42,64,230,96,277
232: 11,44,278,66,67,71,192,233,239,226,92,65,231
233: 66,67,72,193,232,240,227,234,279,93
234: 67,233,241,280
235: 68,236,194,228,281,242
236: 9,45,63,68,69,195,229,237,235,73,243,94,282
237: 9,42,46,64,68,69,196,230,236,12,74,96,244,19,95,283,238,70,10
238: 11,71,239,70,10,47,65,231,9,69,237,8,204,96,52,75,245,1,13,284,20,2
239: 11,48,66,71,72,198,246,232,240,238,70,21,10,97,285,47,14,76
240: 11,49,286,67,71,72,98,199,233,239,247,241,77
241: 72,240,200,234,248,287
242: 235,73,243,201,249,289,99
243: 68,236,12,74,73,242,244,50,202,55,78,290,100,22
244: 9,69,237,8,12,74,73,243,204,52,75,15,3,78,79,203,23,251,245,291,101,51,1,13
245: 75,300,6,108,1,13,8,12,74,204,244,52,246,238,70,10,14,76,252,16,80,0,4,24,102,292
246: 11,71,239,247,14,53,205,76,77,75,245,1,13,17,81,253,5,25,103,293
247: 72,246,240,14,54,76,206,77,248,82,254,294,104,26
248: 255,207,105,295,247,241,77
249: 256,242,250,208,297
250: 55,78,83,209,215,257,258,208,256,249
251: 15,55,56,78,79,210,258,300,211,107,27,6,299,108,12,74,244,252,16,80
252: 17,81,85,253,259,16,80,75,15,79,251,245,300,211,6,108,1,13
253: 301,29,17,58,109,81,82,86,252,212,254,260,16,80,246,14,76
254: 17,255,59,81,82,87,110,213,302,261,253,247,77
255: 262,214,303,248,82,254
256: 249,83,304,250,257
257: 111,83,215,305,250,258,263,256
258: 15,55,56,60,78,79,83,84,210,215,216,250,251,257
259: 86,252,85,260,16,61,80,217,265,84,211,113,30,307
260: 266,17,62,114,81,86,87,85,218,261,253,308,259
261: 267,115,262,82,309,86,87,219,254,260
262: 255,87,261,310
263: 83,257,311,264
264: 265,84,312,220,263
265: 84,113,30,307,266,85,259,264,221,116,313
266: 267,222,86,260,314,265
267: 266,87,261,315
268: 271,88
269: 270,223,89,275,317
270: 224,276,90,269,271,88,318,118,324
271: 88,270,277,272,225,268,319,18,91
272: 278,226,92,273,271,88,320,18,91
273: 272,227,279,93,321
274: 322,228,281,89,275
275: 63,229,276,90,89,269,94,282,117,323,274
276: 64,230,270,90,89,275,96,277,19,95,283,118,324
277: 276,90,96,271,88,278,225,92,65,231,119,325,284,20,2,18,91
278: 66,232,272,279,21,97,92,93,285,277,326,120,121,18,91
279: 278,286,67,98,233,280,92,93,273,121
280: 234,279,93,328,121,287
281: 235,94,282,289,99,274,329
282: 68,236,281,89,275,19,95,283,94,290,100,22,122,330
283: 9,69,237,276,90,96,19,95,94,282,3,23,291,101,123,331,284,20,2
284: 129,332,124,20,2,339,7,35,32,96,277,19,95,283,238,70,21,10,97,285,123,331,0,4,24,102,292
285: 11,278,286,71,98,239,21,97,92,5,25,103,293,33,333,125,284,20,2
286: 72,98,240,279,21,97,93,285,121,126,294,104,26,287
287: 126,286,98,241,280,105,295,335
288: 289,99
289: 99,337,127,281,242,290,100,22,288,336,297
290: 3,78,23,291,101,100,22,73,243,94,282,289,99,337,127,298,106
291: 3,23,101,290,107,27,100,22,299,12,74,244,19,95,283,128,34,0,4,24,102,292
292: 128,34,0,4,134,24,102,346,75,3,23,245,291,101,300,6,108,1,13,5,25,103,293,129,284,20,2,339,7,35
293: 301,29,109,5,25,103,246,21,97,285,14,76,294,104,26,0,4,24,102,292,36,340,130
294: 126,104,26,286,98,247,77,110,302,5,25,103,293,105,295,341,131
295: 303,248,105,296,126,294,104,26,287,342
296: 105,295
297: 343,298,106,249,304,289,99
298: 344,132,351,106,297,111,78,305,290,107,27,100,22,299
299: 15,3,78,79,23,251,291,101,300,107,27,6,108,37,128,345,133,34,298,112,306,106,134,353,346
300: 75,15,79,251,245,113,107,27,6,299,108,1,13,30,307,301,29,109,252,16,80,0,4,134,353,24,102,292,346,28
301: 29,17,109,114,81,110,302,253,308,5,25,103,293,300,6,108,39,347,135,28
302: 301,29,115,303,109,82,309,110,254,294,104,26,348,136
303: 255,110,302,105,295,310,349
304: 111,305,256,350,297
305: 111,83,304,257,311,351,298,112,306,106
306: 37,345,133,138,351,352,112,353,111,84,305,312,113,107,27,299,30,307
307: 265,84,312,300,113,6,108,30,114,85,308,259,112,306,353,28,116,313
308: 301,29,115,109,114,309,86,260,314,113,30,307,140,354,28
309: 115,114,87,110,302,261,315,308,310,141,355
310: 356,115,262,303,309
311: 111,305,312,263,357
312: 84,311,113,30,307,264,358,112,306,116,313
313: 116,265,84,312,113,30,307,314,316,359
314: 266,114,315,308,360,116,313
315: 267,115,309,314,361
316: 116,313
317: 117,323,269,318
318: 362,270,319,118,324,317
319: 119,325,271,88,318,363,320,18,91
320: 364,326,327,120,18,91,272,321,319
321: 273,320,327
322: 117,323,274,329
323: 31,117,118,122,324,330,365,317,322,89,275
324: 31,119,117,118,142,323,325,270,276,90,318
325: 119,319,118,142,324,277,326,120,332,124,367,143,18,91,32
326: 33,320,333,327,120,121,368,125,144,334,18,91,278,92,119,325
327: 328,369,320,326,120,121,334,321
328: 327,121,280,335
329: 370,122,330,322,281,336
330: 31,117,122,123,145,337,338,323,331,371,127,329,94,282
331: 31,122,123,146,338,330,372,19,95,283,129,332,124,284,20,2,339,7,35,32,128,34
332: 373,33,129,333,125,124,284,20,2,339,147,7,35,32,119,123,331,325
333: 33,129,326,120,125,332,148,124,334,374,339,7,35,32,21,97,285,36,340,130
334: 33,369,326,333,327,120,121,368,125,126,144,148,149,375,374
335: 376,328,126,287,342
336: 289,99,337,127,329,343,377
337: 150,289,122,99,378,338,330,127,290,100,22,336,344,132
338: 150,31,122,123,145,146,378,337,330,331,371,372,127,379,128,385,34,151
339: 33,129,333,125,332,380,124,284,20,2,152,7,35,40,32,123,331,128,34,0,4,134,24,102,292,346,36,340,130
340: 341,36,131,39,130,347,135,5,25,103,293,33,129,333,125,153,381,339,7,35
341: 36,131,340,130,348,389,136,126,294,104,26,154,382,342
342: 383,126,105,295,335,341,349,131
343: 384,344,132,297,350,336
344: 37,343,385,345,132,133,351,298,106,337,127
345: 37,128,344,385,386,132,133,138,351,156,34,352,112,306,134,353,346,107,27,299
346: 37,128,345,133,34,0,4,134,353,24,102,292,300,107,27,6,299,108,129,339,7,35,39,347,38,135,28
347: 140,36,388,39,158,340,130,348,354,389,38,135,136,28,301,29,109,134,346
348: 140,341,349,131,141,39,347,354,355,389,135,136,110,302
349: 390,356,348,136,303,342
350: 304,343,137
351: 37,344,345,132,133,137,138,352,298,112,306,106,111,305
352: 396,392,358,37,345,133,138,351,160,112,306,353
353: 37,345,133,138,352,112,306,134,346,300,113,107,27,6,299,108,30,307,139,38,28
354: 139,140,360,141,39,162,347,348,394,355,38,135,136,28,114,308
355: 140,361,356,141,395,348,354,136,115,309
356: 310,349,141,355
357: 311,358,137
358: 396,138,352,312,357,359
359: 358,139,360,397,116,313
360: 398,139,140,361,354,314,359
361: 360,141,355,315
362: 318,366,363
363: 364,367,143,362,319
364: 363,320,368,144
365: 31,117,145,323,366,371
366: 142,365,362,399
367: 363,373,368,144,143,147,119,142,325
368: 364,369,326,120,144,148,334,374,367,143
369: 327,368,144,149,334,375
370: 145,371,329,377
371: 150,31,370,122,145,146,378,338,330,365,372
372: 31,123,142,145,146,338,331,371,373,147,379,151
373: 332,380,148,124,374,367,143,152,147,40,32,142,146,372
374: 373,33,333,368,125,144,148,149,334,375,153,381,147
375: 376,369,148,149,334,374,154,382
376: 383,149,375,335
377: 384,150,370,378,336
378: 150,145,337,338,371,127,379,385,151,377
379: 386,156,151,387,157,150,146,378,338,372,380,163,152,40
380: 373,129,163,153,381,339,152,147,7,35,40,379,151,387,157
381: 380,148,374,153,154,382,152,40,36,388,158,340,130,389
382: 383,149,375,153,381,154,341,131,389
383: 376,154,382,342,390
384: 343,385,155,377
385: 384,37,344,345,386,132,133,391,155,156,150,378,338
386: 392,379,37,385,345,133,156,160,151,387,157
387: 379,161,386,393,156,151,157,380,163,152,40,388,158,38
388: 39,158,162,347,394,389,38,135,153,381,387,157
389: 390,341,388,131,39,395,158,347,348,159,135,136,153,381,154,382
390: 349,389,159,383
391: 392,385,137,155,160
392: 396,161,386,393,138,391,156,160,352
393: 392,161,160,387,157,139,162,394,38,397
394: 398,139,140,388,395,158,162,354,38,161,393
395: 141,162,394,355,389,159
396: 392,358,138,160,352,397
397: 398,139,396,161,393,359
398: 139,360,162,394,397
399: 366