0: 1,12,95,786,13,245,466,4,283,551,493,651,20
1: 695,760,237,746,786,0,238,71,774,245,667,466,804
2: 777,283,551,324,70,627,499,90,539,32
3: 15,515,74,526,291,720,290,435,681,708,510
4: 493,0,13,245,443,5,20,24,634
5: 582,584,245,293,804,443,4,24,514,434,25
6: 711,628,109,737,641,299,81,664,308,116,638,699,108,30
7: 292,642,332,331,493,20,744,752,715,128
8: 170,586,198,41,599,742,723,724,470,197,787,47,48,774,623
9: 12,517,95,768,739,720,522,619,547,501,19,651
10: 66,92,762,636,627,97,459,696,757,692,581,285
11: 679,48,597,636,98,53,740,541,54,686,496,72,576
12: 9,95,291,720,786,0,13,619,74,651
13: 12,291,786,0,245,553,515,74,443,734,4,493,651,101
14: 502,213,212,171,496,672,463,206,541,706,17,545,513,253
15: 483,553,703,3,515,79,251,252,74,210,107,526,435,708,27
16: 75,429,628,60,57,211,591,61,80,528,81,618
17: 706,571,593,429,545,684,560,213,212,591,14,253
18: 537,451,503,704,697,268,499,778
19: 633,122,722,283,324,651,547,9,517,768,522,719,689
20: 24,33,744,581,514,32,752,0,466,4,7,777,551,493
21: 692,339,527,514,488,447,104,293,97,126,434,588
22: 676,700,78,497,681,691,73,242,464,431,544,243,747
23: 27,652,345,352,577,505,635,106,461,625,678,112
24: 20,744,339,514,5,4,634,715,434,25
25: 565,789,434,699,347,35,340,5,24,339,715
26: 294,710,729,552,535,103,803,716,511,588,302
27: 37,23,577,510,505,435,483,15,553,703,635,515,625
28: 699,108,394,301,795,477,354,589,139,30
29: 711,109,582,560,592,552,641,430,135,302
30: 114,589,6,109,444,308,116,638,28,108,301
31: 620,122,621,788,657,713,118,124,366,735,418
32: 20,33,773,581,752,285,539,612,777,2
33: 20,692,648,744,773,339,333,581,514,32,752,130,285,447
34: 380,373,662,616,642,646,379,151,338,40
35: 565,347,129,766,25,340,339,527,130,153,471,39
36: 341,126,615,758,125,374,527,154,447,334,765,131,376
37: 438,27,634,345,128,133,577,505,515,102,101
38: 565,347,394,795,688,353,423,139,471,685,419,668,450
39: 388,471,472,154,130,35,766,153,546
40: 542,151,642,688,565,129,373,34,616,153,471
41: 170,586,8,742,723,470,406,426,653,787,408
42: 165,46,197,518,787,613,520,555,797
43: 613,167,191,601,187,660
44: 665,192,750
45: 448,663,168,173,195
46: 165,168,195,732,518,42,190,411,482,782,520,69
47: 237,746,51,555,470,197,8,599,774,623
48: 679,11,774,623,53,667,232,198,8,54,724,686
49: 534,77,733,425,445,686,240,72
50: 427,178,201,630,173,661,771,202
51: 695,609,47,237,470,196,599,723,556,745,540
52: 674,781,437,556,180,408,723,176,205,610,580
53: 11,48,71,774,740,541,599,54,76,545
54: 172,586,198,171,445,686,496,11,48,53,541
55: 210,107,526,427,215,771,203,56,250,691,708
56: 183,179,203,60,215,673,702,55,210,107,631,258
57: 211,610,591,179,580,80,75,16,684
58: 185,181,502,213,212,532,603,591,62,182,593
59: 206,218,753,182,214
60: 183,179,56,211,217,702,61,80,631,16,528,509
61: 718,222,221,60,211,217,16,528,509,85,618
62: 185,58,532,591,671,718,409,593,618
63: 566,274,275,223,229,68,189,799
64: 520,224,231,567,675,677,96,705,749,186,416,555,65,785
65: 760,746,70,416,555,785,231,64,422,238,570
66: 679,10,92,643,636,98,226,278,459,67,93
67: 233,279,595,442,759,226,227,278,193,66,480,93
68: 228,479,189,547,501,274,63,754,229,517,739
69: 739,416,619,797,46,195,244,520,749,236,189,501
70: 95,768,760,65,785,277,96,422,238,627,90,283,2,551
71: 774,245,53,667,740,804,599,1,695,745,734,204,76,584
72: 240,480,576,686,49,77,759,679,11,98
73: 676,22,681,691,630,464,243,476,526
74: 15,553,3,515,252,734,540,526,12,609,291,720,786,13
75: 571,204,429,16,628,684,584,641,57,580,745,79,252,80,300
76: 706,571,204,246,582,545,584,71,53,293,740,541,804
77: 199,500,672,49,445,496,240,72,576,561
78: 249,208,676,700,614,22,420,497,681,691,802
79: 15,553,703,251,252,80,300,210,631,299,75,628
80: 580,79,210,631,179,60,57,211,75,16,628,528
81: 266,86,473,85,618,664,308,260,6,429,16,711,628,528
82: 255,659,513,644,772,103,803,253,239,706,246,430
83: 263,727,682,452,417
84: 575,578,791,311
85: 266,81,454,473,618,222,61,221,528,265
86: 267,266,81,618,260,730,671,219,593,639
87: 261,262,315,592,712,694,730,309,115
88: 225,272,629,698,704,697
89: 322,440,330,460,583,689,274,479,94,547,117,633
90: 499,504,719,270,230,277,96,768,70,785,283,2
91: 696,273,537,320,451,503,120,757,119,285
92: 637,10,66,278,800,93,696,488,519
93: 241,480,278,67,800,637,66,92,98
94: 281,544,479,547,747,522,89,453,460,801
95: 9,12,768,760,786,70,0,785,283,651
96: 270,224,230,64,277,677,705,70,785,90
97: 637,10,762,636,293,466,692,581,21,514
98: 679,11,637,66,636,241,480,72,576,93
99: 336,598,608,683,288,747,700,298,290,405,453,801
100: 336,377,608,461,337,453,127,498,132,577,510
101: 292,722,493,651,127,291,522,13,515,37,128,577,510
102: 553,703,300,443,299,737,438,37,634,505
103: 535,82,644,772,803,716,104,295,247,239,246,552,430,511,26
104: 637,597,293,286,239,246,552,103,21,488,511,434,588
105: 559,349,294,310,456,303,716
106: 350,693,461,625,23,352,111,764,137,487,678
107: 483,15,55,251,210,631,215,56,250,708,441,417,258
108: 789,699,28,299,6,737,438,423,731,505,521,477,30
109: 6,29,711,737,641,638,135,699,301,793,30
110: 600,776,444,694,638,315,301,309,141
111: 506,764,257,263,727,680,693,106,487
112: 306,113,487,521,678,635,305,23,652,731,505
113: 358,396,707,306,489,413,669,678,112,477,652,160,731,474
114: 359,589,632,439,30,770,444,308,717,116
115: 587,361,690,356,141,712,87,315,309,751
116: 473,664,308,717,6,494,529,307,669,521,114,30
117: 562,323,274,754,89,322,689
118: 362,657,284,713,468,481,124,31,484,366,735
119: 320,368,91,451,478,120,539,612,648,773,326,144,285,495
120: 321,320,368,780,91,119,645,792,326,495
121: 548,617,775,645,278,279,512,800,696,273,519
122: 31,633,620,123,19,324,621,323,657,719,330,689
123: 292,670,620,122,722,332,446,324,331,788
124: 657,284,118,481,612,31,486,788
125: 433,519,126,428,615,758,36,645,488,495,447,334
126: 341,412,428,511,758,36,125,527,21,488,447,588,348
127: 292,670,722,446,101,100,498,128,133,577,510
128: 37,634,715,133,346,292,642,7,493,101,127
129: 565,35,642,744,130,715,153,40,471
130: 33,339,374,333,527,154,447,35,129,153,546,39
131: 554,149,376,154,341,758,36,383,765,472,525,382
132: 701,498,133,352,577,344,100,377,461,385
133: 701,37,498,345,666,128,132,346,577,670,642,127,151,338
134: 392,436,647,386,465,656,393
135: 434,699,588,340,793,302,29,109,582,552,729
136: 309,710,564,557,751,729,602,302,585,356,141
137: 624,138,344,391,106,784,352,678,401
138: 351,624,605,137,357,358,678,563
139: 354,736,397,589,353,38,28,394,795,489,413,477,419,668,161
140: 354,736,360,397,600,507,439,776,585,490,398,574
141: 115,355,361,356,490,315,309,557,751,136,600,776,585,110
142: 399,536,735,372,481,486,363,407,596,367,143
143: 152,147,741,725,596,536,524,142
144: 648,773,374,326,333,368,478,119,369,148,367,725
145: 370,330,337,670,620,446,621,761,498,568,421,721
146: 399,380,492,508,421,662,150,379
147: 590,152,153,143,741,725,755,373,524,662,616
148: 369,546,741,725,374,144
149: 554,573,131,381,375,472,382
150: 568,146,421,379
151: 646,156,542,386,338,40,642,701,688,666,133,34
152: 590,147,143,741,524,616
153: 590,147,546,755,333,130,35,129,373,616,40,471,39
154: 374,527,130,447,341,36,765,546,131,472,525,39
155: 414,385,491,156,379,378
156: 646,491,436,379,386,378,151,338,626,701,155,385
157: 387,388,465,471,685,530,616,590,163,542
158: 387,162,388,432,159,685,419,668,450,395,404,569
159: 388,158,432,525,450,395,766,404
160: 353,652,666,423,707,113,489,392,386,626,656,474
161: 769,393,489,139,392,419,523,474
162: 387,158,465,685,419,569,393
163: 646,647,542,616,157,465
164: 175,174,437,408,406,653
165: 46,197,426,732,42,166,787,190,613,482,601
166: 165,426,750,601,170
167: 191,750,601,457,43,192,724
168: 169,173,46,195,732,518,45
169: 168,173,426,732,518,653,661
170: 8,41,742,724,601,197,426,166,787
171: 172,586,54,463,176,205,502,212,177,14,545
172: 586,171,445,54,665,463,177,650
173: 169,168,195,196,518,661,244,45,663,630,50,202,476
174: 437,455,164,661,178
175: 781,164,408
176: 181,205,212,177,586,171,723,52,408
177: 176,181,502,650,172,586,171
178: 50,209,661,771,174,455
179: 674,183,203,60,180,56,57,211,610,580,80
180: 674,781,183,179,52,184,767,185,211,610,402
181: 176,767,185,502,212,177,58,603,610
182: 59,206,218,753,502,213,58,532,603
183: 674,179,60,180,56,211,217,702,748
184: 781,180,767,687,748,402
185: 767,181,212,211,58,603,610,591,62,180,718,409,402
186: 190,411,613,520,64,567,660,675
187: 191,457,43,660,188,655
188: 226,193,558,655,187,457
189: 228,236,68,501,566,63,223,604,229,749,69,739
190: 411,613,482,186,165,46,520
191: 167,601,187,457,43,613,197,724,231,660,555,623,232,570
192: 198,44,665,724,686,167,733
193: 226,188,558,796,442,67,759,679
194: 228,235,242,464,544,572
195: 168,173,46,518,244,782,448,45,663,236,69
196: 173,470,518,661,244,202,556,476,609,51,540
197: 165,42,787,613,191,601,170,8,724,47,555,623
198: 586,8,54,665,192,724,686,48
199: 500,672,77,200,561,207
200: 458,561,207,199
201: 663,572,630,50,464,676
202: 771,203,630,173,196,661,50,476,540
203: 674,179,771,202,455,556,56,55,580,210,540
204: 75,571,76,545,684,584,599,205,71,745
205: 176,212,610,171,599,723,52,204,545,684
206: 59,753,182,672,463,502,213,14,513
207: 200,561,199,672,248,644,738,763
208: 256,614,78,250,691,802,682
209: 427,178,215,771,455
210: 15,55,580,79,251,252,80,107,631,540,526,203,56
211: 185,57,610,591,183,179,60,180,217,718,61,402,80,16,618
212: 176,185,181,205,502,213,58,610,591,14,171,17,545,684
213: 502,212,58,14,206,218,753,182,17,593,253
214: 255,659,449,513,738,253,59,753
215: 427,209,771,56,673,55,107,441
216: 531,673,702,220,258
217: 531,702,748,183,60,211,61,402,509
218: 59,753,182,213,532,671,593,449,639
219: 593,560,592,449,253,86,730,639
220: 259,452,594,575,509,258,216,531,702
221: 649,222,61,531,265,594,509,454,85
222: 718,649,61,221,85,618
223: 63,275,604,783,567,229,677,189
224: 270,64,277,516,629,675,677,96,705,698
225: 88,422,459,558,655,272,277,705,698,271
226: 227,188,278,459,193,558,272,67,66
227: 226,278,279,442,67
228: 194,235,236,68,544,479,189,501,799
229: 230,677,749,63,754,275,223,68,189,517,739
230: 270,229,677,96,754,517,768,739,785,276,719,90
231: 64,660,705,613,191,655,555,65,570
232: 679,48,623,643,570,191,457,724,686,558,796
233: 279,512,595,67,800,234,480,714
234: 241,458,480,533,714,709,233,512
235: 228,194,281,415,431,544,479,747,799
236: 228,464,544,243,189,501,448,663,195,244,69,619
237: 1,695,609,47,760,746,786,51,619,555,797
238: 762,643,667,627,570,422,1,760,746,70,65
239: 247,576,104,597,541,246,82,644,103
240: 458,480,72,714,425,49,77,595
241: 234,247,286,458,480,533,576,93,709,637,98
242: 194,464,431,572,676,22,497
243: 236,464,544,501,663,630,476,720,619,22,73,526
244: 173,195,196,518,236,476,69,619,797
245: 71,466,804,1,695,0,13,443,734,5,584,4
246: 706,571,76,582,552,430,104,597,293,541,239,82,103
247: 295,241,286,458,533,576,561,239,248,644,103
248: 456,255,644,772,763,295,247,207
249: 256,700,614,298,78,420,304,405,802
250: 208,420,691,708,802,55,107,441,682,417
251: 483,15,703,635,79,210,107,631,403,259,494,417,258
252: 15,553,580,745,79,74,210,734,540,75
253: 214,659,82,449,513,213,14,753,706,219,17,593,560,430
254: 659,535,303,712,803,261,262
255: 214,248,659,82,513,644,738,772
256: 249,208,614,304,802,467,727,682
257: 298,420,304,802,483,727,680,693,625,111
258: 259,220,452,509,417,56,216,673,702,251,107,631,441
259: 403,528,220,265,494,452,575,529,509,258,251,631
260: 267,266,81,86,469,444,308,694,730,638,711,592
261: 87,262,639,254,449,730
262: 261,87,254,712,690
263: 83,727,680,791,506,111,611
264: 594,575,578
265: 259,528,594,575,529,509,221,454,473,85
266: 314,267,770,81,86,469,473,462,85,308,260
267: 266,86,469,260,730,639
268: 499,475,778,629,18,704
269: 276,756
270: 224,230,277,516,629,756,677,96,276,504,90
271: 451,503,704,539,757,277,225,422,459,272,627,499
272: 225,226,88,459,273,503,704,271,697
273: 696,537,91,503,757,278,272,548,121,617
274: 63,754,275,798,68,479,117,89
275: 274,63,754,223,229,756,276
276: 317,504,719,269,754,275,270,230,756
277: 270,224,629,96,705,698,225,422,70,499,90,704,271
278: 226,227,279,67,800,66,92,93,696,273,121
279: 233,512,67,800,227,278,121,617
280: 335,287,433,519,428,622,512,709,328
281: 235,479,94,747,282,440,801
282: 329,460,801,281
283: 777,2,19,551,324,651,95,768,70,0,90
284: 362,657,499,504,118,475,481,124,325,612,484
285: 692,648,33,581,32,495,10,627,696,91,539,757,119
286: 295,241,247,533,709,104,637,488,287,412,428,511
287: 335,296,280,412,428,543,295,286,533,709
288: 431,747,700,405,801,99,598
289: 598,790
290: 435,681,747,3,453,99,608,510
291: 12,720,522,13,3,515,74,651,101,510
292: 670,642,7,123,722,331,493,651,101,127,128
293: 104,637,597,740,97,804,5,76,246,582,552,21,514,434
294: 342,559,349,105,710,564,348,26,779,729,716,412,511,588
295: 247,286,533,456,248,103,716,287,412,511,543,559
296: 335,287,412,543,559
297: 350,693,683,298,304,405,549
298: 249,257,420,304,435,405,350,99,297,693,608,461,683,625
299: 703,79,300,102,6,628,737,494,664,505,108,521
300: 553,79,443,734,299,102,75,628,737,584,641
301: 699,28,394,602,793,109,638,354,776,585,110,30
302: 135,29,592,552,430,535,803,309,710,26,136,729
303: 456,254,535,772,716,310,105
304: 256,249,298,257,802,467,727,297,693
305: 403,680,494,791,635,306,487,307,521,112
306: 357,358,313,113,611,487,311,307,669,521,678,112,305
307: 313,312,306,311,669,521,494,529,305,791,717,116
308: 770,266,81,473,444,664,260,116,638,6,711,114,30
309: 710,751,136,712,694,87,315,302,110,115,141
310: 105,710,564,751,535,303,712,716,690
311: 357,313,312,306,611,307,84,791
312: 313,311,307,578,316,717,632
313: 357,358,312,306,311,606,307,538,669,359,632
314: 770,266,454,473,462,316,717
315: 87,469,444,694,309,600,110,115,587,361,141
316: 314,717,578,312,632
317: 318,276,657,713,468,504,562,323
318: 362,317,468,504,475
319: 362,778,325,484
320: 321,537,368,91,451,478,325,120,119,364
321: 537,320,120,548,792
322: 89,583,658,562,117,323
323: 562,117,317,657,713,719,322,689,122,621
324: 122,123,777,283,2,332,19,657,719
325: 320,451,478,612,319,284,481,484,485
326: 648,374,144,495,334,368,780,120,119,369
327: 548,328,775,645,792,780,433,728
328: 327,775,512,280,433,519,622
329: 370,282,337,460,583,336,790
330: 89,370,337,460,583,658,145,633,122,446,621
331: 292,670,620,642,7,123,332,486,788,755,752,373,662,372
332: 7,123,777,324,331,486,788,752
333: 648,755,33,773,374,144,752,130,153,725
334: 374,326,780,728,36,125,369,765,376
335: 296,280,287,433,412,428,615,622,758
336: 99,343,100,377,608,683,790,329,337,453
337: 329,370,330,453,460,145,446,336,100,377,498
338: 646,156,379,378,151,670,642,701,498,133,421,34
339: 24,33,744,527,21,514,130,447,434,35,25,340
340: 135,434,588,389,347,35,25,602,793,339,527,729
341: 126,758,36,527,154,342,383,348,131,525
342: 559,349,383,294,550,348,779,341,412,758
343: 350,336,384,344,640,377,683,790
344: 350,343,384,391,640,461,784,132,352,137,401,385
345: 438,37,23,652,666,133,346,577,423,731,505
346: 688,438,715,345,666,128,133,423,642,565,789
347: 565,38,389,394,35,395,766,25,602,340,793,795,471,450
348: 342,294,779,729,527,341,126,511,588,389
349: 342,559,294,105,550,564,779
350: 297,343,693,344,106,461,683,784,298,549
351: 506,605,764,138
352: 23,652,132,344,391,106,461,137,678,626
353: 688,666,160,423,38,489,139,392,386,419
354: 736,140,589,139,439,776,585,28,394,301
355: 356,141,490,557,585,574
356: 115,355,141,564,557,751,136
357: 358,313,306,611,311,606,605,138
358: 357,313,396,707,306,113,606,678,138,474,563
359: 360,114,397,589,632,439,313,410,413,538,669
360: 359,140,397,632,507,439,410,538
361: 115,587,141,490,315,600
362: 318,319,284,468,118,475,484
363: 407,484,481,485,596,536,142
364: 485,743,320,368,478
365: 562,713,468,658,366,607
366: 407,365,713,468,118,31,607,735,418
367: 725,481,478,612,486,755,773,144,485,596,142
368: 320,780,478,120,119,792,326,144,364,743,424,369
369: 148,726,368,374,326,144,334,743
370: 329,330,337,583,658,145,568,579,654
371: 579,607,492,508,721
372: 399,492,662,142,735,418,620,331,486,788
373: 662,34,616,642,331,755,147,153,40
374: 648,326,333,154,144,130,447,334,36,369,148,765,546
375: 381,765,726,573,149,376
376: 131,334,728,615,36,375,765
377: 343,336,761,384,100,337,498,132
378: 156,379,338,761,384,155,385
379: 646,491,156,378,338,150,380,146,421,34,155
380: 146,524,662,34,616,646,379
381: 375,546,573,149,472,530
382: 383,554,149,131,432,472,525
383: 342,390,550,779,341,758,554,131,525,382
384: 343,761,344,640,377,654,385,378
385: 414,155,384,344,391,701,132,156,378,626
386: 646,156,392,134,436,542,151,626,688,353,666,160,656
387: 162,388,158,157,465,432,685
388: 387,158,157,432,159,471,472,685,39,530,450,766
389: 347,395,766,602,340,527,390,348,779,729,525
390: 383,779,389,395,525,404
391: 344,352,624,137,707,414,401,385,794,626
392: 134,386,353,160,489,419,523,656,474,161,393
393: 161,569,392,134,162,465,419,523
394: 38,28,347,301,395,602,795,354,736,139,585,668,450
395: 389,347,394,766,602,390,557,585,158,159,525,450,404
396: 358,113,410,606,413,474
397: 736,360,359,140,589,139,439,410,413,769
398: 569,769,574,736,140,668
399: 536,146,492,508,524,662,142,372,407
401: 414,344,391,640,784,624,137
402: 718,409,184,180,767,185,211,687,217,748
403: 259,680,494,452,305,417,791,635,251
404: 395,390,158,432,159
405: 249,700,298,288,99,297,598,683
406: 426,653,41,164,408
407: 363,366,399,536,508,142,735,418
408: 781,175,437,52,164,406,653,41,723,176
409: 718,402,185,532,603,62
410: 396,413,538,360,359,397
411: 190,186,782,46,604,520,567
412: 335,296,287,126,428,511,758,295,286,342,559,294
413: 396,113,489,410,669,477,359,397,589,139,474,769
414: 401,155,385,794,391
415: 235,479,799,798,440
416: 69,739,760,619,555,65,785,797,520,64,749
417: 403,680,452,258,250,483,251,107,83,441,682
418: 492,735,372,721,31,620,621,407,366,607
419: 162,158,465,685,668,353,38,489,139,392,161,569,393
420: 249,298,78,250,257,435,681,708,802,483
421: 146,492,662,721,145,670,620,150,568,379,338
422: 225,459,558,277,705,70,65,238,643,627,570,271
423: 688,438,353,345,666,346,160,731,565,789,38,108,795,477
424: 368,792
425: 733,49,595,442,759,240
426: 165,169,470,406,732,518,166,653,787,170,41
427: 50,209,215,771,691,55
428: 335,280,287,433,519,126,412,125,286,709,488
429: 75,17,571,593,16,711,628,684,560,641,591,81,618
430: 29,706,246,560,592,552,82,103,803,253,302
431: 235,242,288,544,747,700,22,497
432: 387,388,158,159,472,382,404
433: 335,280,519,728,428,615,622,125,328,327,645
434: 135,588,25,340,104,293,5,582,552,24,339,21,514
435: 298,420,290,681,708,483,15,3,515,608,625,27,510
436: 491,156,134,647,386,626,656
437: 674,781,174,455,52,556,164,408,653,661
438: 37,634,345,346,423,505,102,789,108
439: 354,360,359,140,114,397,589,600,507,776,444
440: 89,583,798,281,415,479
441: 682,215,673,250,107,417,258
442: 595,67,759,425,227,193
443: 553,300,734,102,13,245,5,584,4,634
444: 770,469,308,260,694,638,315,114,600,439,110,30
445: 172,54,665,686,496,500,534,49,463,77
446: 633,670,123,722,127,330,337,145,498
447: 692,648,33,339,374,527,21,154,488,130,495,126,36,125
448: 45,663,572,195,236
449: 214,659,253,218,753,219,261,639
450: 388,158,159,685,668,38,347,394,395,766
451: 18,537,320,91,503,478,325,539,271,612,119,499
452: 403,259,220,575,417,258,791,83
453: 337,460,801,94,747,522,290,99,336,100,608,510
454: 314,473,462,85,221,265,594,578
455: 674,771,203,174,437,661,209,178
456: 248,303,772,716,295,543,105
457: 167,191,187,188,558,796,232
458: 200,241,234,247,240,480,533,561,714
459: 225,226,422,558,272,10,66,762,643,627,271,757
460: 329,89,282,330,337,453,583,801,94,633
461: 350,344,100,106,608,683,625,298,23,132,352,577
462: 314,770,266,469,454
463: 500,672,172,171,445,496,502,650,14,206
464: 194,242,236,544,243,663,201,572,630,676,22,73
465: 387,162,157,685,419,163,134,542,393
466: 762,245,667,97,804,1,0,551,20,581,514
467: 727,256,304
468: 362,318,317,713,118,365,366
469: 267,770,266,444,462,260,315
470: 196,426,518,653,787,8,41,599,723,47,51
471: 388,157,685,39,688,565,38,347,35,129,153,542,40
472: 388,432,525,39,530,154,381,546,149,131,382
473: 314,266,81,454,85,664,308,717,116,265,529
474: 523,656,160,358,396,707,113,489,413,392,161
475: 362,318,284,268,504,778
476: 609,619,630,173,196,244,202,243,73,540,526
477: 113,489,413,669,423,731,28,108,795,589,139
478: 320,368,451,325,612,119,144,485,364,367
479: 228,281,235,68,415,544,94,547,501,799,274,798,89,440
480: 241,234,240,458,72,714,93,233,595,67,759,98
481: 284,118,124,325,612,486,363,484,485,142,735,367
482: 190,165,46,732
483: 15,703,635,251,107,257,420,435,708,680,417,625,27
484: 363,362,319,284,118,481,325,485
485: 364,596,481,478,325,363,484,367
486: 332,331,788,481,124,612,755,773,752,142,735,372,367
487: 306,611,678,112,635,680,305,106,111,605
488: 692,21,495,447,104,637,92,286,519,126,428,125
489: 113,413,477,353,160,139,392,419,474,161
490: 355,361,141,140,600,507
491: 646,156,436,647,379,155
492: 399,146,508,421,662,372,418,721,620,371
493: 292,4,7,651,101,0,13,20,634,128
494: 403,259,529,305,703,635,251,299,664,116,307,521
495: 692,648,326,488,285,447,696,780,120,119,645,519,125
496: 445,54,500,672,463,77,14,11,541,576
497: 676,700,614,78,22,242,431
498: 132,133,337,145,670,446,127,761,100,377,338
499: 284,268,504,90,277,18,451,503,704,539,271,2
500: 199,534,672,463,77,445,496
501: 228,236,68,544,479,243,189,547,9,69,739,720,619
502: 181,213,212,177,58,603,650,14,171,463,206,182
503: 18,273,537,91,451,704,271,757,697,272,499
504: 318,317,276,657,284,499,475,719,90,270
505: 438,27,37,23,345,731,703,635,299,102,108,521,112
506: 351,111,605,764,263,611
507: 360,140,600,439,490
508: 399,146,492,407,371
509: 259,528,220,265,594,258,60,217,531,702,61,221
510: 27,577,291,522,290,435,3,515,453,101,127,100,608
511: 126,412,104,295,286,103,716,588,559,294,348,26
512: 233,279,800,234,709,328,121,280,519
513: 214,255,82,644,738,253,672,14,206,753
514: 20,692,24,33,339,581,21,293,97,466,804,5,434
515: 15,553,3,74,291,13,435,101,27,37,510
516: 270,224,629,756
517: 9,768,739,754,230,229,68,547,719,689,19
518: 169,168,173,470,46,195,196,426,732,42,653,244,787,797
519: 280,433,428,125,512,800,92,709,696,328,121,645,488,495
520: 64,567,749,190,411,613,186,46,42,604,69,416,555,797
521: 306,307,669,112,635,299,494,305,116,731,505,108
522: 9,291,720,94,547,453,633,722,19,651,101,510
523: 474,392,161,393
524: 399,536,380,662,152,147,143
525: 159,472,527,154,341,389,395,766,383,390,779,131,382
526: 15,55,3,74,210,540,243,476,681,691,73,708
527: 339,21,154,130,447,341,126,36,588,389,35,340,348,525
528: 259,265,529,509,60,61,80,16,628,81,85,664
529: 259,528,265,494,575,578,473,664,717,116,307
530: 388,157,472,381,590,546
531: 217,216,702,221,220,594,509
532: 58,603,62,218,182,671,409,593
533: 295,241,234,247,286,458,709,287
534: 500,49,445
535: 254,303,712,772,103,803,716,302,310,710,26
536: 399,524,142,363,407,596,143
537: 321,18,273,320,91,451,503,548
538: 313,410,606,360,359,632
539: 451,271,757,612,119,627,499,2,32,285
540: 580,745,252,74,210,526,196,203,202,556,476,609,51
541: 11,597,53,740,54,496,14,576,239,706,76,246,545
542: 163,646,386,151,40,688,616,157,465,471
543: 296,287,295,456,559
544: 228,194,235,236,464,431,479,243,94,747,501,720,22
545: 706,17,571,204,76,684,171,205,212,14,53,541
546: 381,590,148,153,765,741,374,154,130,472,39,530
547: 68,479,94,501,9,517,522,89,689,633,19
548: 121,327,617,775,645,792,321,273,537
549: 764,350,297,693,784
550: 342,349,383
551: 777,283,2,70,0,627,466,20,581
552: 29,246,582,430,104,293,103,803,135,434,588,302,26
553: 15,703,515,79,252,74,300,443,734,102,13,27
554: 149,131,383,382
555: 47,760,237,746,416,65,797,613,191,197,42,520,231,64,623,570
556: 674,203,437,52,196,51,580,540
557: 564,136,395,602,585,355,356,141
558: 225,226,188,422,459,193,655,457,643,232,570
559: 342,349,294,105,295,716,296,412,511,543
560: 29,706,219,17,571,593,429,711,592,641,430,253
561: 200,247,458,576,207,199,672,77,644
562: 117,365,323,317,322
563: 138,358,707
564: 349,294,310,710,557,751,136,779,729,356
565: 789,38,347,35,129,25,795,688,715,346,423,40,471
566: 63,604,189,799
567: 520,783,64,675,677,749,411,186,223,604
568: 150,579,654,370,145,761,421,721
569: 398,393,162,158,419,668
570: 238,623,643,667,232,191,231,705,422,558,746,555,65
571: 706,75,17,204,429,76,246,582,545,684,584,560,641
572: 448,663,201,194,242,464
573: 149,381,375
574: 398,736,140,585,355
575: 264,259,220,265,84,452,594,529,578
576: 241,247,72,561,239,496,77,11,637,597,98,541
577: 27,37,23,345,132,133,510,101,127,100,608,461
578: 264,84,575,529,454,316,717,312
579: 568,371,607,370,658,721
580: 745,252,80,210,540,674,179,203,52,556,57,75
581: 20,692,33,514,32,285,10,762,627,97,466,777,551
582: 29,571,5,76,246,584,552,641,293,135,434
583: 329,89,370,322,440,330,460,658
584: 75,571,204,5,76,582,641,71,245,804,745,300,443,734
585: 354,736,140,776,394,301,395,602,557,136,355,141,574
586: 172,198,8,171,41,599,54,742,665,723,176,177
587: 115,361,315
588: 135,434,340,104,552,527,21,126,511,294,348,26,729
589: 354,359,114,397,139,439,30,28,413,669,477
590: 152,147,153,546,741,616,157,530
591: 185,57,212,211,58,610,62,17,593,429,16,684,618
592: 29,219,711,560,430,260,694,730,87,302
593: 219,17,429,560,213,58,532,591,62,218,671,253,86,618,639
594: 264,220,265,575,509,531,221,454
595: 233,442,67,759,425,240,480,714
596: 485,363,536,142,367,143,725
597: 11,104,637,636,293,740,541,576,239,246
598: 99,289,683,790,288,405,801
599: 586,8,723,470,205,47,51,71,774,53,745,204
600: 140,507,439,776,110,444,315,361,141,490
601: 167,191,750,43,613,165,197,166,787,170,724
602: 389,347,394,301,395,340,793,557,136,729,585
603: 185,181,502,58,532,182,409
604: 566,223,411,520,567,749,189
605: 351,506,764,138,357,611,487,678
606: 357,358,313,396,538
607: 579,371,365,713,658,621,366,418,721
608: 99,336,100,461,683,625,298,290,435,453,577,510
609: 476,695,237,786,51,619,196,74,540
610: 767,185,181,205,57,212,211,591,179,52,180,684
611: 357,306,487,311,263,791,506,605
612: 451,478,325,539,119,284,481,124,486,773,32,367
613: 43,190,186,191,601,165,197,42,520,231,660,555
614: 256,249,208,700,78,497
615: 335,433,728,758,36,125,376
616: 380,373,34,590,152,147,153,163,646,542,40,157
617: 548,121,279,273
618: 81,86,85,211,591,62,671,718,222,61,593,429,16
619: 9,476,12,69,609,739,720,237,786,416,797,244,236,243,501
620: 31,670,122,123,621,331,788,145,492,421,662,372,418,721
621: 31,620,122,323,713,330,658,145,607,418,721
622: 335,280,433,328
623: 48,774,667,232,570,191,197,8,724,47,746,555
624: 138,137,391,401
625: 693,106,608,461,298,257,435,483,635,680,27,23
626: 156,436,386,391,701,652,666,352,160,707,385,656
627: 238,10,762,422,459,70,539,271,757,2,551,581,285
628: 6,75,429,16,711,641,79,80,300,299,528,81,664
629: 270,224,277,516,698,88,268,704
630: 663,201,173,50,202,464,243,476,73
631: 79,251,80,210,107,60,56,259,258
632: 360,359,114,316,717,313,312,538
633: 122,722,446,19,547,522,89,330,460,689
634: 438,37,715,128,443,102,4,493,24
635: 483,703,251,403,680,494,305,625,27,23,505,487,521,112
636: 679,11,637,10,597,66,762,643,98,667,740,97
637: 104,597,92,636,98,293,97,241,286,576,93,488
638: 444,308,260,694,6,711,109,301,110,30
639: 261,218,671,219,593,449,267,86,730
640: 343,384,344,401
641: 6,29,75,571,429,711,628,109,582,737,584,560,300
642: 292,670,7,331,715,128,133,346,129,373,34,151,338,40
643: 679,238,66,762,636,667,232,570,422,459,558
644: 248,255,82,513,103,672,247,561,239,207
645: 548,121,327,775,792,696,780,120,495,433,519,125
646: 163,491,156,647,542,379,386,151,338,380,34,616
647: 163,646,491,134,436
648: 692,33,773,374,326,333,144,285,495,447,119
649: 222,221
650: 502,177,172,463
651: 292,722,283,19,493,101,9,12,95,291,522,0,13
652: 23,345,666,352,160,731,707,113,678,112,626
653: 169,470,406,426,518,661,41,437,164,408
654: 568,370,761,384
655: 225,188,558,187,231,660,705,698
656: 474,160,707,392,134,436,386,626
657: 317,284,713,504,118,719,124,323,31,122,324
658: 370,322,330,583,365,621,579,607
659: 254,214,255,82,449,772,803,253
660: 231,675,43,613,186,191,187,655
661: 169,173,196,653,50,178,202,174,437,455
662: 399,380,146,373,492,524,421,34,372,620,331,147
663: 448,45,201,572,630,173,195,236,464,243
664: 81,473,308,116,299,6,628,528,494,529
665: 172,586,198,44,445,742,192,686
666: 701,688,353,652,345,133,346,160,423,386,151,626
667: 238,48,762,71,774,623,643,636,740,466,570,804,1,746
668: 158,419,450,38,394,736,139,569,398
669: 313,306,113,307,413,521,477,116,731,359,589
670: 292,620,642,123,446,331,127,145,498,133,421,338
671: 532,62,218,593,86,618,639
672: 199,500,463,77,496,14,206,561,207,513,644
673: 216,702,215,56,441,258
674: 781,183,179,203,437,455,52,556,180,580
675: 224,64,567,660,677,186
676: 78,22,497,691,73,201,242,464
677: 270,783,224,230,64,567,229,756,675,96,749,223
678: 358,707,306,113,487,112,106,23,652,352,605,138,137
679: 11,48,66,643,636,98,232,686,193,796,759,72
680: 403,305,417,791,257,483,635,263,625,111,487
681: 78,22,420,290,435,691,73,708,3,526
682: 83,727,441,256,208,250,802,417
683: 350,99,297,343,336,598,608,461,790,298,405
684: 75,17,571,204,429,545,205,57,212,610,591
685: 387,162,388,158,157,465,471,419,450,38
686: 198,445,54,665,192,733,49,796,679,11,48,232,72
687: 184,402
688: 353,666,346,423,565,38,542,386,151,40,471
689: 89,754,547,517,117,323,719,633,122,19
690: 115,712,262,310,751
691: 208,676,78,250,22,681,73,708,427,55,526
692: 648,33,581,21,514,488,285,495,447,10,97
693: 350,297,106,625,298,257,304,111,764,549
694: 444,260,638,592,87,315,309,110
695: 1,609,237,786,51,71,245,745,734
696: 273,91,757,278,10,92,121,645,285,495,519
697: 18,503,704,88,272
698: 224,277,629,705,225,88,655
699: 789,135,28,108,301,25,793,795,6,109,737
700: 249,614,78,22,497,405,288,431,747,99
701: 666,132,133,385,156,151,338,626
702: 217,216,531,673,183,60,56,220,509,258
703: 483,15,553,635,79,251,299,102,494,27,505
704: 18,503,271,697,277,629,88,272,268,499
705: 224,231,64,277,96,698,225,422,655,570
706: 17,571,76,246,545,560,430,14,541,82,253
707: 358,113,678,391,652,160,626,656,474,563
708: 250,420,435,681,691,483,15,55,3,107,526
709: 241,234,286,533,512,800,280,287,519,428
710: 294,310,309,564,26,751,136,729,535,712,302
711: 6,29,429,628,109,560,592,641,81,308,260,638
712: 254,535,87,262,310,309,710,751,115,690
713: 317,657,468,118,365,323,31,621,366,607
714: 234,240,458,480,233,595
715: 634,128,346,642,7,24,744,565,129,25
716: 456,535,303,772,103,295,511,559,294,310,105,26
717: 314,473,316,116,529,578,312,307,114,632
718: 222,409,61,402,185,211,62,618
719: 276,657,504,90,754,230,517,768,323,689,122,19,324
720: 9,12,291,522,619,544,243,501,3,74
721: 492,421,418,145,620,621,568,579,371,607
722: 292,633,123,446,19,651,101,127,522
723: 586,8,41,599,470,52,408,176,205,51
724: 170,198,8,192,167,191,750,601,197,48,623,232
725: 147,148,367,143,741,755,333,144,596
726: 369,375
727: 83,263,467,682,256,257,304,802,111
728: 433,615,780,327,334,376
729: 294,710,564,348,26,136,779,135,588,389,602,340,793,302
730: 267,86,260,219,592,261,87,639
731: 652,345,423,505,108,113,669,521,112,477
732: 165,169,168,46,426,518,482
733: 425,192,686,49,796
734: 553,745,252,74,300,443,695,13,71,245,584
735: 142,372,418,118,481,31,486,788,407,366
736: 354,140,397,139,585,394,668,398,574
737: 6,109,641,300,299,102,699,108
738: 214,255,513,763,207
739: 9,517,69,768,416,619,785,230,229,749,68,189,501
740: 11,597,71,636,53,667,293,541,804,76
741: 590,152,147,148,143,546,725
742: 170,586,8,41,665
743: 364,368,369
744: 20,24,33,339,752,7,715,129
745: 580,252,734,540,599,695,51,71,75,204,584
746: 1,47,760,237,555,65,238,774,623,667,570
747: 281,235,288,431,544,94,700,22,290,453,801,99
748: 217,183,184,402
749: 520,64,567,229,677,604,189,69,739,416
750: 167,601,166,44,724
751: 310,309,710,564,136,712,115,690,356,141
752: 20,755,33,744,773,333,32,7,777,332,331,486
753: 59,206,218,182,213,214,449,513,253
754: 274,275,230,229,68,517,117,276,719,689
755: 773,333,752,331,486,373,147,367,153,725
756: 270,783,516,677,275,276,269
757: 696,273,91,503,539,271,459,10,627,285
758: 335,341,126,412,615,36,125,342,383,131
759: 595,442,67,425,193,796,679,480,72
760: 1,95,237,746,786,70,416,555,65,785,238
761: 384,377,145,498,568,654,378
762: 238,10,643,636,667,627,97,466,459,581
763: 248,738,207
764: 351,506,111,605,549,693,106
765: 375,546,374,154,334,36,131,376
766: 389,347,35,395,388,159,525,39,450
767: 185,181,610,781,184,180,402
768: 9,517,95,739,70,785,230,719,90,283,19
769: 161,398,413,397
770: 314,266,469,444,462,308,114
771: 203,202,455,50,427,209,178,215,55
772: 456,248,255,659,535,82,303,103,803,716
773: 648,755,33,333,32,144,752,612,119,486,367
774: 48,71,623,53,667,8,599,1,47,746
775: 548,328,121,327,645
776: 354,140,600,439,585,110,301,141
777: 283,2,332,551,324,20,581,32,752
778: 319,268,475,18
779: 342,349,383,390,294,564,348,729,389,525
780: 368,120,327,645,792,326,495,334,728
781: 674,175,437,52,184,180,408,767
782: 411,46,195
783: 567,756,677,223
784: 350,344,137,549,401
785: 95,768,739,760,70,416,65,230,64,96,90
786: 1,12,95,695,609,760,237,0,13,619,74
787: 165,470,197,426,518,42,601,170,8,41
788: 31,620,123,332,331,486,124,735,372
789: 565,699,108,25,795,438,346,423
790: 343,289,336,598,683,329
791: 403,680,84,452,305,263,611,311,307
792: 548,327,645,321,368,780,120,424
793: 135,699,347,301,602,340,109,729
794: 414,391
795: 565,789,699,38,28,347,394,423,477,139
796: 193,457,733,686,759,679,232
797: 69,237,416,619,555,518,42,244,520
798: 274,415,479,440
799: 228,235,415,479,566,63
800: 233,279,512,278,92,93,709,121,519
801: 282,453,460,281,288,94,747,99,598
802: 256,249,208,78,250,257,420,304,727,682
803: 254,659,535,82,772,103,552,430,302,26
804: 71,245,667,293,740,466,1,5,76,584,514