0: 9,69,237,19,1,75,101,291,96,3,95,12,283,245,74,238,70,4,13,292,20,24,2
1: 75,12,245,74,0,47,238,70,4,15,13,204,79,8,52,252,80,76,246
2: 292,332,32,20,24,284,19,90,96,95,283,0,97,238,70,4,10,285
3: 9,69,237,19,94,101,291,95,243,12,283,74,0,13,78,299,27,292,24,127,128,34,23,100,290
4: 11,71,239,293,97,238,70,285,1,75,245,0,13,76,246,292,20,24,2,25,5
5: 28,39,347,25,135,293,4,13,301,29,109,129,7,35,339,130,340,102
6: 301,29,108,300,259,109,252,85,80,30,13,251,299,307,27,102,28
7: 40,33,129,333,380,152,35,339,130,340,292,332,32,24,128,34,102,346,134,39,25,5
8: 204,203,51,52,196,1,75,245,205,53,41,47,57
9: 46,64,68,69,230,237,244,19,94,101,291,90,96,3,95,243,12,283,74,0
10: 65,278,66,231,232,226,97,238,70,285,277,90,96,20,2,284,91
11: 48,66,71,72,98,198,232,239,293,97,238,70,4,285,76,246
12: 9,69,237,244,1,75,101,291,3,243,245,74,0,15,13,78,79,203,51
13: 15,79,299,27,1,75,101,291,3,12,245,74,0,4,108,300,252,80,6,292,24,102,25,5
14: 17,58,206,103,81,82,212,213,253,254,76,246,54,205,53,247,77
15: 55,56,13,78,79,203,210,251,258,299,51,27,1,75,12,245,74,252,80
16: 17,259,58,62,81,57,86,252,260,85,217,212,61,218,80,253,211
17: 301,29,14,58,16,109,103,81,82,86,252,260,212,213,80,253,254,76,246
18: 271,88,272,319,325,320,91
19: 9,69,237,94,101,291,90,96,3,95,283,0,292,123,20,24,324,331,2,284
20: 292,332,32,24,2,284,19,90,96,95,283,0,97,238,70,4,10,285
21: 92,33,326,333,120,125,126,36,130,340,98,293,97,285,294,104,26
22: 78,298,235,73,243,249,242,99,289,100,290
23: 37,128,344,345,132,133,34,106,100,290,101,291,3,78,107,299,27,127
24: 292,332,32,123,20,331,2,19,101,291,3,95,283,0,4,13,129,7,35,339,128,34,102
25: 28,39,347,135,5,293,4,13,301,29,109,129,7,35,339,130,340,102
26: 341,131,110,302,348,136,294,104,303,98,247,295,77,293,103,126,21
27: 15,13,78,79,251,107,299,101,291,3,108,300,6,37,345,133,102,23,112
28: 114,139,140,39,347,354,38,25,135,5,30,307,301,29,108,300,109,6,308,102,353
29: 301,17,108,300,109,103,81,6,253,308,293,28,110,302,347,25,135,5
30: 84,251,307,108,300,259,85,6,265,312,116,313,113,112,353,114,28
31: 117,118,122,123,142,145,146,338,323,324,330,331,365,366,371,372,124
32: 292,332,123,20,24,331,372,2,124,284,33,129,333,7,35,339,373,119,147
33: 129,326,333,120,148,36,7,35,374,339,130,340,119,21,97,285,332,32
34: 37,128,151,345,386,132,133,102,23,346,134,101,291,3,292,123,24,338,331,127,129,7,35,339
35: 40,33,129,333,380,7,152,339,130,340,292,332,32,24,128,34,102,346,134,39,25,5
36: 33,333,125,126,148,149,334,375,374,153,381,154,130,340,21,341,131
37: 128,344,345,386,132,133,138,34,352,102,23,346,134,112,353,299,27
38: 139,140,28,157,39,158,162,394,354,161,393,346,134,353
39: 28,157,158,347,38,25,135,5,129,7,35,339,130,340,102,346,134
40: 129,380,7,152,35,153,381,339,373,147,372,163,151,346,134,157
41: 205,53,171,174,170,175,196,197,204,8,52,176,57
42: 46,64,190,230,197,96,186,65,43,191,231
43: 65,44,191,192,231,167,188,166,187,42,197
44: 43,48,49,66,191,192,193,198,232,167,188
45: 46,195,236,244,73,168,173,194,202,50
46: 9,42,45,69,190,196,237,244,197,96,169
47: 48,205,198,53,238,70,196,1,75,197,245,204,8,52
48: 11,44,49,54,66,205,71,72,192,198,232,239,53,171,47
49: 44,48,54,67,72,192,193,198,199,233,240
50: 55,203,209,202,51,173,178,45,244,73,201
51: 15,55,56,204,79,203,210,202,179,50,8,52,174,196,244,12,74
52: 204,203,51,8,196,1,75,245,205,53,41,47,57
53: 48,54,205,198,171,41,47,204,8,52,14,176,58,206,57,212,76,246
54: 48,49,205,72,198,199,53,247,77,14,206,207
55: 15,56,78,79,203,209,210,202,250,258,50,51,244,73
56: 15,211,55,60,79,203,210,216,258,179,51
57: 176,58,16,212,180,181,205,53,41,211,204,8,52
58: 14,17,16,62,206,81,57,212,213,218,253,181,205,53
59: 213,219,182,214
60: 211,56,210,215,216,258,183,217,61,220
61: 259,16,62,222,85,217,218,184,211,60,216,221
62: 58,16,222,86,260,217,212,61,218,219,185
63: 64,68,189,229,230,236,223,276,275,228
64: 9,42,63,69,189,229,230,237,223,277,90,276,96,224
65: 43,66,191,231,232,188,226,10,225,187,42,277,96
66: 65,11,44,278,48,67,71,72,192,198,231,232,233,239,226,97,10,285
67: 49,66,72,193,232,233,93,240,234,279,227
68: 9,63,69,229,236,237,94,73,243,235,89
69: 9,46,64,68,230,237,244,19,94,101,291,90,96,3,95,243,12,283,74,0
70: 11,71,239,97,47,238,4,10,285,1,75,96,245,0,76,246,20,2
71: 11,48,66,72,98,198,232,239,293,97,238,70,4,285,76,246
72: 11,48,49,54,66,67,71,98,198,232,233,239,240,247,77,241
73: 45,68,236,244,243,194,235,201,242,55,22,202,50
74: 9,69,237,244,1,75,101,291,3,243,12,245,0,15,13,78,79,203,51
75: 1,12,245,74,0,47,238,70,4,15,13,204,79,8,52,252,80,76,246
76: 14,17,103,81,252,80,253,246,1,75,245,11,205,71,239,53,293,238,70,4
77: 54,72,98,247,295,293,241,14,103,207,248,294,104,26
78: 15,55,79,22,250,107,299,298,27,101,291,3,243,12,74,23,100,290
79: 15,55,56,13,78,203,210,251,258,299,51,27,1,75,12,245,74,252,80
80: 17,108,300,259,16,81,252,85,6,253,76,246,1,75,245,15,13,79,251
81: 301,29,14,17,58,16,109,103,82,86,252,260,212,213,80,253,254,76,246
82: 14,17,262,103,81,87,213,219,261,253,254,255,115,309,110,302,303
83: 111,215,305,250,257,258,256,263
84: 30,251,258,307,259,85,265,264,263,312,112
85: 108,300,259,16,86,252,260,217,61,80,6,265,30,84,251,307
86: 266,17,259,16,62,81,87,260,85,218,219,261,253,308
87: 266,262,82,86,260,219,261,254,308,315,267,115,309
88: 271,224,225,277,270,268,18
89: 282,117,122,323,330,322,281,68,94,275,329,274
90: 9,64,69,230,237,19,277,276,96,95,283,10,270,20,324,2,284
91: 92,320,326,120,119,272,278,97,10,285,18,325,284
92: 286,326,120,121,125,91,21,278,98,93,97,279,285
93: 278,67,233,234,279,227,273,92,286,121,280
94: 9,68,69,237,19,101,291,3,95,243,283,282,122,330,127,89,100,290
95: 9,69,237,19,94,101,291,90,96,3,283,0,292,123,20,24,324,331,2,284
96: 9,42,46,64,69,230,237,19,277,90,95,283,0,65,231,238,70,10,20,2,284
97: 11,278,66,71,98,232,239,293,238,70,4,10,285,20,2,92,33,333,91,21
98: 11,71,72,239,247,295,77,293,97,285,241,92,286,125,126,21,294,104,26
99: 336,297,289,281,242,288,22,298,282,100,290
100: 23,290,94,101,291,3,243,78,22,298,282,127,99,289
101: 9,69,237,19,94,291,3,95,243,12,283,74,0,13,78,299,27,292,24,127,128,34,23,100,290
102: 37,128,345,133,34,346,134,353,13,299,27,108,300,6,292,24,129,7,35,339,28,39,25,5
103: 301,29,14,17,109,81,82,253,254,76,246,247,77,293,110,302,294,104,26
104: 341,131,110,302,348,136,294,26,303,98,247,295,77,293,103,126,21
105: 248,255,295,296,303
106: 344,351,23,304,111,305,107,298,350,297,343
107: 111,78,305,251,258,299,298,27,23,112,106
108: 301,29,300,259,109,252,85,80,6,30,13,251,299,307,27,102,28
109: 301,29,17,108,300,103,81,6,253,308,293,28,110,302,347,25,135,5
110: 115,309,302,347,348,135,136,294,104,26,303,301,29,109,103,82,254,308
111: 83,305,257,107,304,311,263,351,306,106
112: 37,345,133,138,352,113,353,306,30,84,251,107,299,307,27
113: 138,352,112,353,306,30,307,312,116,313,114,139,359,358
114: 139,140,360,28,354,30,307,308,314,116,313,113
115: 309,141,110,302,355,262,82,87,261,254,308,315,310
116: 314,313,30,307,265,312,113,114,359,316
117: 31,118,122,323,324,330,365,89,317,322,276,275
118: 31,117,323,324,366,325,317,124,362,318,319
119: 33,326,333,120,368,91,144,148,374,143,367,373,147,332,32,325,124
120: 92,33,320,326,333,121,368,125,91,144,148,334,374,119,21
121: 92,286,328,320,326,327,120,125,334,93,279,321,273
122: 31,370,282,117,123,145,337,338,323,330,331,365,371,127,89,322,94,329
123: 292,31,332,32,122,24,338,324,330,331,372,127,124,19,95,283,128,34
124: 31,332,32,118,123,142,324,331,372,325,284,373,119,147
125: 92,286,328,326,120,121,126,36,334,21,98,335
126: 286,125,36,21,98,295,335,287,341,131,294,104,26,342
127: 282,122,123,337,338,330,331,94,101,291,3,128,132,34,23,100,290
128: 37,151,345,386,132,133,34,102,23,346,134,101,291,3,292,123,24,338,331,127,129,7,35,339
129: 40,33,333,380,7,152,35,339,130,340,292,332,32,24,128,34,102,346,134,39,25,5
130: 33,129,333,36,7,35,153,381,154,339,340,21,341,131,39,25,5
131: 341,348,389,136,383,294,104,26,126,36,154,130,340,342
132: 384,37,128,344,385,345,386,133,34,23,150,378,337,338,127
133: 37,128,344,345,386,132,138,34,352,102,23,346,134,112,353,299,27
134: 37,128,151,345,386,133,34,102,346,353,40,129,380,7,152,35,339,157,39,38
135: 140,28,39,110,302,347,348,354,25,136,5,301,29,109,308
136: 390,341,131,141,395,110,302,347,348,355,389,135,294,104,26,303,356,349
137: 391,351,350,357
138: 396,392,37,345,133,391,351,160,352,113,112,353,306,358
139: 114,140,360,28,162,394,354,38,161,393,113,353,359,397,398
140: 114,139,360,28,141,395,162,347,394,354,355,38,135
141: 115,140,309,395,348,354,355,136,356,361
142: 31,146,366,372,124,143,367,373,147,399
143: 364,368,144,148,374,367,373,119,147,142,363
144: 364,369,320,326,120,368,148,334,374,143,367,119
145: 31,370,122,146,337,338,330,365,371,372,150,378
146: 31,142,145,338,371,372,399
147: 40,380,148,152,374,143,367,373,119,332,32,142,372,124
148: 33,326,333,120,368,144,149,36,334,375,374,153,381,143,367,373,119,147
149: 376,369,148,36,334,375,374,154
150: 384,379,385,132,378,145,337,338,371,377
151: 163,379,128,386,34,346,134,338,372,40,380,152,157
152: 40,129,380,7,35,153,381,339,373,147,372,163,151,346,134,157
153: 40,380,148,36,152,374,381,154,130,340,157,388
154: 149,36,375,153,381,130,340,341,382,388,131,389,383
155: 384,385,391,156
156: 392,379,385,386,391,155,160,387
157: 39,158,38,40,380,152,153,381,163,151,346,134,387
158: 157,388,39,395,162,394,389,38
159: 390,382,388,395,389
160: 396,392,161,386,393,138,391,156,352
161: 396,392,393,160,387,139,162,394,38,397
162: 139,140,395,158,394,354,38,161,393,398
163: 379,151,387,40,380,152,157
164: 175
165: 169,166,190,197
166: 170,165,197,43,191,167
167: 43,44,191,192,171,170,166
168: 169,173,45,195
169: 165,168,174,46,196,197
170: 166,197,167,171,41
171: 48,205,198,53,167,41,172,170,176
172: 177,199,171
173: 168,174,178,45,202,50
174: 169,173,175,196,41,203,179,51
175: 180,174,164,41
176: 206,57,177,181,205,53,171,41
177: 172,182,176,206
178: 173,209,202,179,50
179: 211,56,203,210,51,174,180,178,183
180: 183,175,184,181,211,179,57
181: 182,185,180,176,58,206,57,212
182: 181,177,59,206
183: 180,184,211,60,216,179
184: 185,180,183,211,217,61
185: 184,181,62,218
186: 224,187,42,190
187: 225,186,65,43,191,231,188
188: 65,43,44,191,192,231,226,187
189: 63,64,190,195,229,230,236,223
190: 42,46,189,197,165,186
191: 65,43,44,192,231,167,188,166,187,42,197
192: 43,44,48,49,66,191,193,198,232,167,188
193: 44,49,67,192,233,240
194: 235,45,195,236,73,201,242
195: 45,189,236,168,194
196: 46,244,197,169,174,41,47,204,203,51,8,52
197: 42,46,190,196,165,169,170,166,43,191,41,47
198: 11,44,48,49,54,66,205,71,72,192,232,239,53,171,47
199: 49,54,240,172,200,207
200: 241,199,240,207
201: 208,242,194,73,202,50
202: 55,203,209,50,51,173,178,45,244,73,201
203: 15,55,56,204,79,210,202,179,50,51,8,52,174,196,244,12,74
204: 203,51,8,52,196,1,75,245,205,53,41,47,57
205: 48,54,198,53,171,41,47,204,8,52,14,176,58,206,57,212,76,246
206: 14,176,58,212,213,207,177,182,181,54,205,53
207: 206,54,199,247,77,200,214,248
208: 249,201,242,209,250
209: 55,215,202,250,50,178,208
210: 15,211,55,56,60,79,203,216,258,179,51
211: 56,60,210,216,179,180,183,184,16,57,217,61
212: 14,17,58,16,62,206,81,57,213,218,253,181,205,53
213: 14,17,58,59,206,81,82,212,219,253,254,214
214: 248,255,59,213,207
215: 60,83,209,216,250,257,258
216: 211,56,60,210,215,258,183,217,61,220
217: 259,16,62,222,85,61,218,184,211,60,216,221
218: 58,16,62,222,86,260,217,212,61,219,185
219: 59,62,82,86,87,260,213,218,261,254
220: 264,221,60,216
221: 264,220,222,217,61,265
222: 266,62,217,61,218,221
223: 63,64,189,229,230,276,275,224,269
224: 186,271,88,225,64,230,223,277,276,270
225: 187,271,88,224,277,65,231,226
226: 65,278,66,231,232,188,10,225,272,227
227: 272,67,233,93,226,279,273
228: 281,235,63,229,236,274
229: 63,64,68,189,230,236,223,276,275,228
230: 9,42,63,64,69,189,229,237,223,277,90,276,96,224
231: 65,43,66,191,232,188,226,10,225,187,42,277,96
232: 65,11,44,278,48,66,67,71,72,192,198,231,233,239,226,97,10,285
233: 49,66,67,72,193,232,93,240,234,279,227
234: 67,233,93,240,279,241,286,280
235: 228,194,281,68,236,73,242,22
236: 45,63,68,189,195,229,73,228,194,235
237: 9,46,64,68,69,230,244,19,94,101,291,90,96,3,95,243,12,283,74,0
238: 11,71,239,97,47,70,4,10,285,1,75,96,245,0,76,246,20,2
239: 11,48,66,71,72,98,198,232,293,97,238,70,4,285,76,246
240: 49,67,72,193,199,233,234,241,200
241: 200,72,98,240,247,295,77,234,248,286,287
242: 249,208,201,194,235,73,22,99,289
243: 9,68,69,237,244,94,101,291,3,73,12,74,78,22,100,290
244: 9,45,46,69,196,237,73,243,12,74,55,203,202,50,51
245: 1,75,12,74,0,47,238,70,4,15,13,204,79,8,52,252,80,76,246
246: 14,17,103,81,252,80,253,76,1,75,245,11,205,71,239,53,293,238,70,4
247: 54,72,98,295,77,293,241,14,103,207,248,294,104,26
248: 105,214,255,247,295,77,241,207
249: 256,208,242,22,250,298,297
250: 55,78,83,209,215,257,258,298,256,249,208
251: 30,15,79,84,258,107,299,307,27,108,300,259,252,85,80,6,112
252: 17,108,300,259,16,81,85,80,6,253,76,246,1,75,245,15,13,79,251
253: 301,29,14,17,58,16,109,103,81,82,86,252,260,212,213,80,254,76,246
254: 14,17,262,103,81,82,87,213,219,261,253,255,115,309,110,302,303
255: 105,214,248,262,82,254,303
256: 249,304,83,250,257,298
257: 111,83,215,305,250,258,256,263
258: 15,55,56,60,79,83,84,210,215,216,250,251,257,107
259: 108,300,16,86,252,260,85,217,61,80,6,265,30,84,251,307
260: 266,17,259,16,62,81,86,87,85,218,219,261,253,308
261: 266,262,82,86,87,260,219,254,308,315,267,115,309
262: 82,87,261,254,310,255,115,309
263: 264,311,111,83,84,305,257
264: 221,263,312,220,84,265
265: 266,259,85,30,84,307,264,221,312,116,313
266: 222,86,87,260,261,308,265,314,267
267: 314,266,87,261,315
268: 271,88
269: 223,276,275,318,270,317
270: 318,271,88,224,269,277,90,276
271: 88,224,225,277,270,268,18
272: 227,278,226,18,273,91
273: 321,272,227,93,279,121
274: 228,281,275,89,322
275: 63,229,223,276,269,274,117,323,89,317
276: 63,64,229,230,223,277,90,275,224,269,270,117,323,324,284
277: 64,230,90,276,96,271,88,224,225,65,231,10,270,284
278: 66,232,93,226,97,279,10,285,272,92,91
279: 278,67,233,93,234,227,273,92,286,121,280
280: 287,93,234,279,286,328
281: 228,235,329,274,282,89,99,289
282: 122,337,330,127,89,281,94,329,336,99,289,100,290
283: 9,69,237,19,94,101,291,90,96,3,95,0,292,123,20,24,324,331,2,284
284: 332,32,20,324,325,2,124,19,277,90,276,96,95,283,10,91
285: 11,278,66,71,98,232,239,293,97,238,70,4,10,20,2,92,33,333,91,21
286: 92,328,121,125,126,98,93,295,234,279,241,335,280,287
287: 335,280,295,241,286,126
288: 297,99,289
289: 336,297,99,281,242,288,22,298,282,100,290
290: 23,100,94,101,291,3,243,78,22,298,282,127,99,289
291: 9,69,237,19,94,101,3,95,243,12,283,74,0,13,78,299,27,292,24,127,128,34,23,100,290
292: 332,32,123,20,24,331,2,19,101,291,3,95,283,0,4,13,129,7,35,339,128,34,102
293: 11,71,98,239,247,77,97,4,285,301,29,109,103,76,246,21,25,294,104,26,5
294: 341,131,110,302,348,136,104,26,303,98,247,295,77,293,103,126,21
295: 98,247,77,241,105,248,286,126,287,294,104,26,303,342
296: 105
297: 343,99,289,249,304,288,298,106
298: 78,22,250,107,256,249,304,297,99,289,106,100,290
299: 15,13,78,79,251,107,27,101,291,3,108,300,6,37,345,133,102,23,112
300: 301,29,108,259,109,252,85,80,6,30,13,251,299,307,27,102,28
301: 29,17,108,300,109,103,81,6,253,308,293,28,110,302,347,25,135,5
302: 115,309,110,347,348,135,136,294,104,26,303,301,29,109,103,82,254,308
303: 110,302,348,136,294,104,26,295,82,254,105,310,255,349
304: 256,111,305,298,350,297,106
305: 111,83,257,107,304,311,263,351,306,106
306: 138,351,352,113,112,111,305,311,312,357,358
307: 30,84,251,108,300,259,85,6,265,312,116,313,113,112,353,114,28
308: 301,29,266,109,86,87,260,261,315,114,115,309,28,110,302,347,135
309: 115,141,110,302,355,262,82,87,261,254,308,315,310
310: 262,115,309,303,356
311: 263,312,111,305,306,357
312: 264,311,30,84,307,265,116,313,113,306,358
313: 314,116,30,307,265,312,113,114,359,316
314: 267,116,313,266,315,114,360
315: 87,261,308,314,267,115,309,360,361
316: 359,116,313
317: 117,118,323,269,275,318
318: 362,319,270,269,118,317
319: 362,318,18,118,325,363
320: 364,326,327,120,121,368,91,144,321,18
321: 273,320,327,121
322: 117,122,323,330,365,89,329,274
323: 31,117,118,122,324,330,365,89,317,322,276,275
324: 31,117,118,123,323,331,124,284,19,90,276,95,283
325: 118,124,284,363,319,18,91,119
326: 92,33,320,333,120,121,368,125,91,144,148,334,374,119,21
327: 328,369,320,121,334,321
328: 286,327,121,125,334,335,280
329: 281,370,282,122,337,330,89,322,336
330: 31,370,282,117,122,123,145,337,338,323,331,365,371,127,89,322,94,329
331: 292,31,332,32,122,123,24,338,324,330,372,127,124,19,95,283,128,34
332: 292,32,123,20,24,331,372,2,124,284,33,129,333,7,35,339,373,119,147
333: 33,129,326,120,148,36,7,35,374,339,130,340,119,21,97,285,332,32
334: 328,369,326,327,120,121,368,125,144,148,149,36,375,374
335: 287,376,286,328,125,126,342
336: 343,377,99,289,329,282,337
337: 370,282,122,145,338,330,371,127,329,336,377,132,150,378
338: 31,122,123,145,146,337,330,331,371,372,127,128,151,132,34,150,378
339: 40,33,129,333,380,7,152,35,130,340,292,332,32,24,128,34,102,346,134,39,25,5
340: 33,129,333,36,7,35,153,381,154,339,130,21,341,131,39,25,5
341: 131,348,389,136,383,294,104,26,126,36,154,130,340,342
342: 349,295,126,335,341,131,383
343: 350,336,297,384,344,106
344: 384,37,385,345,132,133,351,23,106,350,343
345: 37,128,344,386,132,133,138,34,352,102,23,346,134,112,353,299,27
346: 37,128,151,345,386,133,34,102,134,353,40,129,380,7,152,35,339,157,39,38
347: 140,28,39,110,302,348,354,25,135,136,5,301,29,109,308
348: 390,341,131,141,395,110,302,347,355,389,135,136,294,104,26,303,356,349
349: 356,342,390,348,136,303
350: 343,304,344,137,351,106
351: 344,137,138,391,352,306,106,111,305,350,357
352: 396,392,37,345,133,138,391,351,160,113,112,353,306,358
353: 37,345,133,138,352,113,102,346,134,112,30,307,139,28,38
354: 114,139,140,360,28,141,395,162,347,394,355,38,135
355: 115,140,309,141,395,348,354,136,356,361
356: 349,310,141,348,355,136
357: 358,311,137,351,306
358: 357,359,312,396,138,352,113,306
359: 397,316,358,116,313,113,139,360
360: 114,139,140,354,315,314,359,361,398
361: 315,360,141,355
362: 318,319,118,366,363
363: 325,362,319,364,143,367
364: 320,368,144,143,367,363
365: 31,370,117,122,145,323,330,366,371,322
366: 31,118,142,365,362,399
367: 364,368,144,148,374,143,373,119,147,142,363
368: 364,369,320,326,120,144,148,334,374,143,367,119
369: 327,368,144,149,334,375
370: 122,145,337,330,365,371,329,377
371: 31,370,122,145,146,337,338,330,365,372,150,378
372: 31,332,32,123,142,145,146,338,331,371,124,40,380,152,373,147,151
373: 40,380,148,152,374,143,367,119,147,332,32,142,372,124
374: 33,326,333,120,368,144,148,149,36,334,375,153,381,143,367,373,119,147
375: 376,369,148,149,36,334,374,154
376: 149,375,335,383
377: 336,370,337,384,150,378
378: 384,379,385,132,150,145,337,338,371,377
379: 163,151,385,386,156,150,378
380: 40,129,7,152,35,153,381,339,373,147,372,163,151,346,134,157
381: 40,380,148,36,152,374,153,154,130,340,157,388
382: 390,388,389,159,383,154
383: 390,341,382,131,376,154,342
384: 344,385,132,155,150,378,343,377
385: 384,379,344,386,132,391,155,156,150,378
386: 392,379,37,128,151,385,345,132,133,156,160,34,346,134
387: 163,161,393,156,157
388: 382,158,389,159,153,381,154
389: 390,341,382,388,131,395,158,348,159,136,154
390: 382,348,389,159,136,383,349
391: 392,385,137,138,351,155,156,160,352
392: 396,161,386,393,138,391,156,160,352
393: 396,392,161,160,387,139,162,394,38,397
394: 139,140,395,158,162,354,38,161,393,398
395: 140,141,158,162,348,394,354,355,389,159,136
396: 392,161,393,138,160,352,397,358
397: 359,396,161,393,139,398
398: 139,360,162,394,397
399: 142,146,366