0: 24,292,3,291,23,101,4,102,75,245,13,1,5,25,103,20,293,284,96,2,129,35,7,339,300,6,108,28
1: 10,70,238,75,245,13,14,76,246,12,74,244,8,52,204,252,16,80,24,292,0,4,102
2: 20,284,96,19,95,283,10,70,238,21,97,285,24,124,292,332,32,18,91,277,0,4,102
3: 34,22,290,338,24,128,292,100,291,23,101,0,4,102,19,12,95,74,283,244,27,299,107
4: 24,292,3,291,23,101,0,102,75,245,13,1,5,25,103,20,293,284,96,2,129,35,7,339,300,6,108,28
5: 294,104,26,25,103,293,21,97,285,14,76,246,301,29,109,24,292,0,4,102,130,340,36
6: 300,108,28,307,113,30,301,29,109,252,16,80,24,292,0,4,102,346,134,38,27,299,107
7: 346,134,38,129,35,339,34,338,24,124,128,292,332,32,0,4,102,152,130,40,380,340,36
8: 51,203,52,204,47,197,75,245,13,53,205,1,41,57
9: 42,46,64,68,69,196,230,236,237,19,12,95,74,283,244,10,70,238
10: 11,47,65,70,71,197,231,238,239,75,245,13,1,9,69,237,20,284,96,2
11: 10,48,66,70,71,72,198,232,238,239,240,21,97,285,14,76,246
12: 9,69,237,74,73,243,244,51,203,75,245,13,1,15,79,251,3,291,23,101
13: 10,70,238,75,245,14,76,246,1,12,74,244,8,52,204,252,16,80,24,292,0,4,102
14: 11,71,239,75,245,13,53,205,76,77,246,247,1,17,81,253,5,25,103,293
15: 56,78,79,84,210,250,251,258,12,74,244,252,16,80,27,299,107
16: 17,81,252,85,211,253,259,80,57,75,245,13,1,15,79,251,300,6,108,28
17: 301,29,58,109,81,82,86,252,212,253,254,260,16,80,14,76,246
18: 91,119,277,325,276,90,65,231,88,278,271,20,284,96,2,92
19: 9,69,237,95,283,276,90,31,123,331,282,94,3,291,23,101,20,284,96,2
20: 284,96,2,19,95,283,10,70,238,21,97,285,24,124,292,332,32,18,91,277,0,4,102
21: 11,71,239,97,285,98,286,33,333,125,278,5,25,103,20,293,284,96,2,92
22: 290,282,289,99,94,100,3,291,23,101,73,243,337,106,298,127
23: 34,22,290,338,24,128,292,100,3,291,101,0,4,102,19,12,95,74,283,244,27,299,107
24: 292,3,291,23,101,0,4,102,75,245,13,1,5,25,103,20,293,284,96,2,129,35,7,339,300,6,108,28
25: 294,104,26,5,103,293,21,97,285,14,76,246,301,29,109,24,292,0,4,102,130,340,36
26: 126,294,104,5,25,103,293,295,105,77,98,247,286,110,302,341,131
27: 37,345,133,106,112,298,306,299,107,15,79,251,3,291,23,101,300,6,108,28
28: 300,6,108,307,113,30,301,29,109,252,16,80,24,292,0,4,102,346,134,38,27,299,107
29: 301,17,109,81,110,253,302,5,25,103,293,114,308,39,347,135,300,6,108,28
30: 307,84,113,85,259,353,112,306,139,116,313,114,308,300,6,108,28
31: 34,118,122,123,142,146,338,324,330,331,372,124,128,332,32,19,95,283
32: 31,123,331,124,332,119,325,373,33,333,125,147,20,284,96,2,129,35,7,339
33: 326,333,120,125,126,148,334,374,21,97,285,124,332,32,130,340,36
34: 31,379,123,151,338,331,128,3,291,23,101,37,345,133,337,129,127,35,7,339
35: 346,134,38,129,7,339,34,338,24,124,128,292,332,32,0,4,102,152,130,40,380,340,36
36: 341,131,39,130,347,135,340,33,333,125,153,381,5,25,103,293,129,35,7,339
37: 346,344,345,386,134,132,133,138,351,156,38,352,27,299,107,34,338,128
38: 346,37,345,134,133,353,129,139,35,7,339,387,39,347,157,135,300,6,108,28
39: 388,158,130,347,348,354,389,135,136,140,340,36,301,29,109,346,134,38
40: 387,152,157,380,163,379,151,373,147,153,381,129,35,7,339
41: 176,57,175,51,203,8,52,204,47,197,170,53,205,180,174
42: 9,46,64,69,189,190,196,230,237,165,186,43,47,65,191,197,231
43: 44,47,65,191,192,197,231,166,187,42,190
44: 43,48,66,191,192,193,198,232,167,188
45: 46,68,189,195,196,236,168,194,202,50
46: 9,42,45,69,190,195,196,237,169,51,203,47,197
47: 10,43,48,70,191,197,198,238,170,42,46,196,8,52,204,41
48: 11,44,47,49,71,192,197,198,199,239,171,53,205
49: 48,72,193,198,199,240,172,200,54,206
50: 45,195,73,243,202,201,51,203,173,55,209
51: 46,196,12,74,244,202,50,203,8,52,204,56,210,174,41
52: 51,203,8,204,47,197,75,245,13,53,205,1,41,57
53: 48,198,14,205,54,76,206,246,8,52,204,58,176,212,41
54: 49,199,207,53,205,77,206,247,59,177,213
55: 56,78,209,210,215,250,178,208,202,50
56: 15,55,60,79,209,210,216,251,258,179,51,203,211,57
57: 58,252,211,212,41,16,80,8,52,204,56,180,210
58: 181,17,59,62,81,211,212,213,218,253,57,53,205
59: 214,58,82,212,213,219,182,254,54,206
60: 56,84,210,215,216,258,183,220,211,61,217
61: 221,62,85,211,218,259,217,60,184,216
62: 58,222,86,211,212,185,218,219,260,61,217
63: 64,68,189,229,230,236,223,228,89,275
64: 9,42,63,69,190,229,230,237,224,276,90,65,231
65: 10,43,66,70,191,231,232,238,225,42,64,230,18,91,277
66: 11,44,65,67,71,192,231,232,233,239,226,278,92
67: 66,72,193,232,233,240,227,234,279,93
68: 9,45,63,69,195,229,236,237,235,73,243,282,94
69: 9,42,46,64,68,196,230,236,237,19,12,95,74,283,244,10,70,238
70: 10,11,47,65,71,197,231,238,239,75,245,13,1,9,69,237,20,284,96,2
71: 10,11,48,66,70,72,198,232,238,239,240,21,97,285,14,76,246
72: 11,49,67,71,199,233,239,240,241,77,98,247,286
73: 68,236,12,74,243,242,244,202,50,78,250,22,290,100
74: 9,69,237,12,73,243,244,51,203,75,245,13,1,15,79,251,3,291,23,101
75: 10,70,238,245,13,14,76,246,1,12,74,244,8,52,204,252,16,80,24,292,0,4,102
76: 11,71,239,75,245,13,14,53,205,77,246,247,1,17,81,253,5,25,103,293
77: 72,240,248,14,54,76,206,246,247,82,254,294,104,26
78: 15,55,79,83,209,250,251,257,258,249,73,243,106,298
79: 15,56,78,84,210,250,251,258,12,74,244,252,16,80,27,299,107
80: 17,81,252,85,211,253,259,16,57,75,245,13,1,15,79,251,300,6,108,28
81: 301,29,17,58,109,82,86,252,212,253,254,260,16,80,14,76,246
82: 17,255,59,81,87,110,213,261,253,254,302,77,247
83: 111,78,84,215,305,250,257,258,256,263
84: 15,307,60,265,79,83,216,113,251,257,258,312,30,264,85,259,112,306
85: 86,252,211,260,259,16,61,80,217,307,265,84,113,258,30
86: 266,17,62,81,87,85,218,261,253,260,259,114,308
87: 267,115,262,82,309,86,219,261,254,260
88: 319,271,272,268,225,270,18,91,277
89: 63,229,275,276,269,274,90,117,323,282,94
90: 64,230,19,95,283,89,275,276,118,324,270,18,91,277
91: 18,119,277,325,276,90,65,231,88,278,271,20,284,96,2,92
92: 326,120,278,272,66,232,279,21,97,93,285,18,91,277
93: 67,233,273,279,280,98,286,327,121,278,92
94: 122,22,290,330,282,100,281,68,236,19,95,283,89,275
95: 9,69,237,19,283,276,90,31,123,331,282,94,3,291,23,101,20,284,96,2
96: 20,284,2,19,95,283,10,70,238,21,97,285,24,124,292,332,32,18,91,277,0,4,102
97: 11,71,239,21,285,98,286,33,333,125,278,5,25,103,20,293,284,96,2,92
98: 72,240,279,21,97,93,285,286,126,294,104,26,287
99: 22,290,289,100,281,288,242,297,336
100: 22,290,282,289,99,94,3,291,23,101,73,243,337,106,298,127
101: 34,22,290,338,24,128,292,100,3,291,23,0,4,102,19,12,95,74,283,244,27,299,107
102: 24,292,3,291,23,101,0,4,75,245,13,1,5,25,103,20,293,284,96,2,129,35,7,339,300,6,108,28
103: 294,104,26,5,25,293,21,97,285,14,76,246,301,29,109,24,292,0,4,102,130,340,36
104: 126,294,26,5,25,103,293,295,105,77,98,247,286,110,302,341,131
105: 294,104,26,295,287,248,296,342,303
106: 344,132,351,27,298,299,107,111,78,305,250,297,22,290,100
107: 37,345,133,27,106,112,298,306,299,15,79,251,3,291,23,101,300,6,108,28
108: 300,6,28,307,113,30,301,29,109,252,16,80,24,292,0,4,102,346,134,38,27,299,107
109: 301,29,17,81,110,253,302,5,25,103,293,114,308,39,347,135,300,6,108,28
110: 301,29,115,109,82,309,254,302,294,104,26,303,348,136
111: 83,304,305,257,311,137,351,106,112,298,306
112: 138,351,352,27,306,299,107,307,111,84,305,113,258,312,30
113: 307,84,30,85,259,353,112,306,139,116,313,114,308,300,6,108,28
114: 308,354,140,314,307,113,30,301,29,115,109,309,86,260
115: 309,87,110,261,315,310,302,114,308,355,141
116: 359,313,307,265,113,312,30,316,314
117: 118,122,323,324,330,365,317,322,89,275
118: 31,117,123,142,323,324,331,366,318,119,325,276,90
119: 118,142,324,124,332,32,18,91,277,325,326,120,319,367,143
120: 33,320,326,333,327,121,368,125,144,334,278,92,119,325
121: 328,321,369,326,327,120,126,334,279,93
122: 31,117,123,145,323,330,331,371,329,282,94,337,127
123: 31,34,118,122,142,146,338,324,330,331,372,124,128,332,32,19,95,283
124: 31,123,331,332,32,119,325,373,33,333,125,147,20,284,96,2,129,35,7,339
125: 33,326,333,120,126,148,334,374,21,97,285,124,332,32,130,340,36
126: 335,33,333,327,121,125,149,294,334,104,375,26,287,98,286,342,341,131
127: 344,132,337,336,34,122,22,290,338,330,128,100,150,378
128: 31,34,379,123,151,338,331,3,291,23,101,37,345,133,337,129,127,35,7,339
129: 346,134,38,35,7,339,34,338,24,124,128,292,332,32,0,4,102,152,130,40,380,340,36
130: 341,131,39,347,135,340,36,33,333,125,153,381,5,25,103,293,129,35,7,339
131: 342,341,130,348,389,136,340,36,126,294,334,104,26,154,382
132: 37,343,344,385,345,133,137,351,155,337,106,298,127
133: 346,37,344,345,386,134,132,138,351,156,38,352,27,299,107,34,338,128
134: 346,37,345,133,38,353,129,139,35,7,339,387,39,347,157,135,300,6,108,28
135: 388,39,158,130,347,348,354,389,136,140,340,36,301,29,109,346,134,38
136: 341,349,131,39,347,348,355,389,135,141,110,302
137: 357,350,344,132,138,391,351,352,111,305
138: 392,358,37,345,133,137,351,160,352,353,112,306,139
139: 346,134,138,38,352,353,359,307,113,30,354,140,161,393
140: 360,114,308,39,162,347,394,354,355,135,141,353,139
141: 361,356,395,348,354,355,136,140,115,309
142: 399,31,362,118,123,146,324,331,365,366,372,119,325,373,147,367,143
143: 363,373,368,144,147,367,142,366,119,325
144: 364,369,326,120,368,148,374,367,143
145: 370,122,146,330,365,371,372,150,378
146: 31,379,123,142,145,151,331,366,371,372,373,147
147: 373,148,374,367,143,142,146,372,124,332,32,152,40,380
148: 373,33,333,368,125,144,147,149,334,375,374,153,381
149: 376,369,126,148,334,375,374,154,382
150: 379,145,151,371,378,385,155,337,127,377
151: 34,379,146,338,372,128,150,378,386,156,152,40,380
152: 387,157,40,380,163,379,151,373,147,153,381,129,35,7,339
153: 148,374,381,154,382,388,158,152,130,40,380,340,36
154: 149,375,153,381,382,383,341,131,389,159
155: 384,344,385,386,132,391,156,150,378
156: 392,37,385,345,386,133,155,160,379,151,387,157
157: 387,388,158,152,40,380,161,393,346,386,134,156,38
158: 387,388,39,162,347,394,389,157,159,135,153,381
159: 390,388,395,158,389,154,382
160: 396,392,386,138,391,156,352,161,393
161: 387,162,394,157,393,392,160,353,139,397
162: 398,388,395,158,394,354,140,161,393
163: 152,40,380
164: 175
165: 42,190,169,166
166: 43,191,167,170,165
167: 44,192,166,171
168: 45,195,169,173
169: 46,196,165,168,170,174
170: 47,197,166,171,175,169,41
171: 48,198,167,170,172,176
172: 49,199,171,177
173: 178,174,168,202,50
174: 173,179,175,169,51,203,41
175: 164,170,180,174,176,41
176: 181,177,41,175,171,53,205
177: 176,182,172,54,206
178: 173,55,209,179
179: 56,180,210,178,183,174
180: 184,179,175,181,211,41,57
181: 58,176,212,185,182,180
182: 181,59,177,213
183: 60,184,216,179
184: 180,183,185,61,217
185: 181,62,218,184
186: 42,190,224,187
187: 43,191,188,225,186
188: 44,192,187,226
189: 42,45,63,190,195,229
190: 42,46,64,189,196,230,165,186,43,191
191: 43,44,47,65,192,197,231,166,187,42,190
192: 43,44,48,66,191,193,198,232,167,188
193: 44,49,67,192,199,233
194: 45,195,235,201
195: 45,46,68,189,196,236,168,194,202,50
196: 9,42,45,46,69,190,195,237,169,51,203,47,197
197: 10,43,47,48,70,191,198,238,170,42,46,196,8,52,204,41
198: 11,44,47,48,49,71,192,197,199,239,171,53,205
199: 48,49,72,193,198,240,172,200,54,206
200: 49,199,241,207
201: 194,242,202,50,208
202: 45,195,73,243,201,51,50,203,173,55,209
203: 46,196,12,74,244,202,51,50,8,52,204,56,210,174,41
204: 51,203,8,52,47,197,75,245,13,53,205,1,41,57
205: 48,198,14,53,54,76,206,246,8,52,204,58,176,212,41
206: 49,199,207,53,205,54,77,247,59,177,213
207: 200,248,54,206,214
208: 55,209,249,201
209: 55,56,78,210,215,250,178,208,202,50
210: 15,55,56,60,79,209,216,251,258,179,51,203,211,57
211: 58,62,252,85,212,218,259,16,61,80,217,57,56,60,180,210,216
212: 181,17,58,59,62,81,211,213,218,253,57,53,205
213: 214,58,59,82,212,219,182,254,54,206
214: 255,59,213,207
215: 55,60,83,209,216,257,258
216: 56,60,84,210,215,258,183,220,211,61,217
217: 221,62,85,211,218,259,61,60,184,216
218: 58,62,222,86,211,212,185,219,260,61,217
219: 59,62,87,213,218,261
220: 60,216,264,221
221: 222,61,217,265,220
222: 266,221,62,218
223: 63,229,224,269
224: 64,230,186,223,225,270
225: 65,231,187,226,224,88,271
226: 66,232,188,225,227,272
227: 67,233,226,273
228: 63,229,235,274
229: 63,64,68,189,230,236,223,228,89,275
230: 9,42,63,64,69,190,229,237,224,276,90,65,231
231: 10,43,65,66,70,191,232,238,225,42,64,230,18,91,277
232: 11,44,65,66,67,71,192,231,233,239,226,278,92
233: 66,67,72,193,232,240,227,234,279,93
234: 67,233,241,280
235: 68,236,194,228,242,281
236: 9,45,63,68,69,195,229,237,235,73,243,282,94
237: 9,42,46,64,68,69,196,230,236,19,12,95,74,283,244,10,70,238
238: 10,11,47,65,70,71,197,231,239,75,245,13,1,9,69,237,20,284,96,2
239: 10,11,48,66,70,71,72,198,232,238,240,21,97,285,14,76,246
240: 11,49,67,71,72,199,233,239,241,77,98,247,286
241: 72,240,200,234,248,287
242: 235,73,243,201,249,289,99
243: 68,236,12,74,73,242,244,202,50,78,250,22,290,100
244: 9,69,237,12,74,73,243,51,203,75,245,13,1,15,79,251,3,291,23,101
245: 10,70,238,75,13,14,76,246,1,12,74,244,8,52,204,252,16,80,24,292,0,4,102
246: 11,71,239,75,245,13,14,53,205,76,77,247,1,17,81,253,5,25,103,293
247: 72,240,248,14,54,76,77,206,246,82,254,294,104,26
248: 241,207,77,247,255,295,105
249: 78,250,297,208,256,242
250: 15,55,78,79,83,209,251,257,258,249,73,243,106,298
251: 15,56,78,79,84,210,250,258,12,74,244,252,16,80,27,299,107
252: 17,81,85,211,253,259,16,80,57,75,245,13,1,15,79,251,300,6,108,28
253: 301,29,17,58,109,81,82,86,252,212,254,260,16,80,14,76,246
254: 17,255,59,81,82,87,110,213,261,253,302,77,247
255: 262,214,82,254,248,303
256: 83,304,257,249
257: 111,78,83,84,215,305,250,258,256,263
258: 15,56,60,78,79,83,84,210,215,216,250,251,257,264,85,259,112,306
259: 86,252,85,211,260,16,61,80,217,307,265,84,113,258,30
260: 266,17,62,81,86,87,85,218,261,253,259,114,308
261: 267,115,262,82,309,86,87,219,254,260
262: 255,87,261,310
263: 83,257,264,311
264: 265,84,258,312,220,263
265: 84,264,266,221,85,259,116,313
266: 267,222,86,260,265,314
267: 266,87,261,315
268: 88,271
269: 223,89,275,317,270
270: 318,224,276,269,90,88,271
271: 319,88,272,268,225,270,18,91,277
272: 320,88,278,271,92,226,273
273: 227,279,93,321,272
274: 228,89,275,322,281
275: 63,229,89,276,269,274,90,117,323,282,94
276: 64,230,19,95,283,89,275,90,118,324,270,18,91,277
277: 18,91,119,325,276,90,65,231,88,278,271,20,284,96,2,92
278: 326,120,92,272,66,232,279,21,97,93,285,18,91,277
279: 67,233,273,280,93,98,286,327,121,278,92
280: 234,279,93,328,287
281: 329,282,289,99,94,235,274
282: 122,22,290,330,94,100,281,68,236,19,95,283,89,275
283: 9,69,237,19,95,276,90,31,123,331,282,94,3,291,23,101,20,284,96,2
284: 20,96,2,19,95,283,10,70,238,21,97,285,24,124,292,332,32,18,91,277,0,4,102
285: 11,71,239,21,97,98,286,33,333,125,278,5,25,103,20,293,284,96,2,92
286: 72,240,279,21,97,93,285,98,126,294,104,26,287
287: 335,126,295,105,241,280,98,286
288: 289,99
289: 22,290,99,100,281,288,242,297,336
290: 22,282,289,99,94,100,3,291,23,101,73,243,337,106,298,127
291: 34,22,290,338,24,128,292,100,3,23,101,0,4,102,19,12,95,74,283,244,27,299,107
292: 24,3,291,23,101,0,4,102,75,245,13,1,5,25,103,20,293,284,96,2,129,35,7,339,300,6,108,28
293: 294,104,26,5,25,103,21,97,285,14,76,246,301,29,109,24,292,0,4,102,130,340,36
294: 126,104,26,5,25,103,293,295,105,77,98,247,286,110,302,341,131
295: 294,104,26,105,287,248,296,342,303
296: 295,105
297: 304,249,289,99,343,106,298
298: 344,132,351,27,106,299,107,111,78,305,250,297,22,290,100
299: 37,345,133,27,106,112,298,306,107,15,79,251,3,291,23,101,300,6,108,28
300: 6,108,28,307,113,30,301,29,109,252,16,80,24,292,0,4,102,346,134,38,27,299,107
301: 29,17,109,81,110,253,302,5,25,103,293,114,308,39,347,135,300,6,108,28
302: 301,29,115,109,82,309,110,254,294,104,26,303,348,136
303: 349,255,110,310,302,295,105
304: 111,305,297,256,350
305: 111,83,304,257,311,137,351,106,112,298,306
306: 138,351,352,27,112,299,107,307,111,84,305,113,258,312,30
307: 84,113,30,85,259,353,112,306,139,116,313,114,308,300,6,108,28
308: 114,354,140,314,307,113,30,301,29,115,109,309,86,260
309: 115,87,110,261,315,310,302,114,308,355,141
310: 115,262,309,303,356
311: 111,305,312,263,357
312: 84,264,311,358,112,306,116,313
313: 359,116,307,265,113,312,30,316,314
314: 360,114,308,266,315,116,313
315: 267,115,309,361,314
316: 116,313
317: 117,323,318,269
318: 362,118,324,317,270,319
319: 363,320,88,271,318,119,325
320: 364,321,326,120,319,272
321: 320,327,121,273
322: 117,323,329,274
323: 117,118,122,324,330,365,317,322,89,275
324: 31,117,118,123,142,323,331,366,318,119,325,276,90
325: 118,142,324,124,332,32,18,91,119,277,326,120,319,367,143
326: 33,320,333,327,120,121,368,125,144,334,278,92,119,325
327: 328,321,369,326,120,121,126,334,279,93
328: 335,327,121,280
329: 370,122,330,322,281,336
330: 31,117,122,123,145,323,331,371,329,282,94,337,127
331: 31,34,118,122,123,142,146,338,324,330,372,124,128,332,32,19,95,283
332: 31,123,331,124,32,119,325,373,33,333,125,147,20,284,96,2,129,35,7,339
333: 33,326,120,125,126,148,334,374,21,97,285,124,332,32,130,340,36
334: 335,33,369,326,333,327,120,121,125,126,148,149,375,374,341,131
335: 376,328,126,334,287,342
336: 343,337,127,377,329,289,99
337: 344,132,127,336,34,122,22,290,338,330,128,100,150,378
338: 31,34,379,123,151,331,128,3,291,23,101,37,345,133,337,129,127,35,7,339
339: 346,134,38,129,35,7,34,338,24,124,128,292,332,32,0,4,102,152,130,40,380,340,36
340: 341,131,39,130,347,135,36,33,333,125,153,381,5,25,103,293,129,35,7,339
341: 342,131,130,348,389,136,340,36,126,294,334,104,26,154,382
342: 341,349,131,335,126,295,383,105
343: 384,350,344,132,336,297
344: 37,343,385,345,132,133,137,351,155,337,106,298,127
345: 346,37,344,386,134,132,133,138,351,156,38,352,27,299,107,34,338,128
346: 37,345,134,133,38,353,129,139,35,7,339,387,39,347,157,135,300,6,108,28
347: 388,39,158,130,348,354,389,135,136,140,340,36,301,29,109,346,134,38
348: 341,349,131,39,347,355,389,135,136,141,110,302
349: 342,390,303,356,348,136
350: 343,137,351,304
351: 37,357,350,344,345,132,133,137,138,391,352,106,112,298,306,111,305
352: 392,358,37,345,133,137,138,351,160,353,112,306,139
353: 346,134,138,38,352,359,139,307,113,30,354,140,161,393
354: 360,114,308,39,162,347,394,355,135,140,141,353,139
355: 361,356,395,348,354,136,140,141,115,309
356: 349,355,141,310
357: 358,137,351,311
358: 396,357,138,352,359,312
359: 358,353,139,116,397,313,360
360: 398,361,354,140,314,359
361: 360,355,141,315
362: 142,366,318,363
363: 364,319,367,143,362
364: 363,320,368,144
365: 117,142,145,323,366,371
366: 399,362,118,142,146,324,365,372,367,143
367: 363,373,368,144,147,143,142,366,119,325
368: 364,369,326,120,144,148,374,367,143
369: 327,121,368,144,149,334,375
370: 145,371,329,377
371: 370,122,145,146,330,365,372,150,378
372: 31,379,123,142,145,146,151,331,366,371,373,147
373: 147,148,374,367,143,142,146,372,124,332,32,152,40,380
374: 373,33,333,368,125,144,147,148,149,334,375,153,381
375: 376,369,126,148,149,334,374,154,382
376: 335,149,375,383
377: 384,336,370,150,378
378: 379,145,151,371,150,385,155,337,127,377
379: 34,146,151,338,372,128,150,378,386,156,152,40,380
380: 387,152,157,40,163,379,151,373,147,153,381,129,35,7,339
381: 148,374,153,154,382,388,158,152,130,40,380,340,36
382: 149,375,153,381,154,383,341,131,389,159
383: 376,154,382,342,390
384: 343,385,155,377
385: 384,344,386,132,391,155,156,150,378
386: 392,37,385,345,133,155,156,160,379,151,387,157
387: 388,158,152,157,40,380,161,393,346,386,134,156,38
388: 387,39,158,162,347,394,389,157,159,135,153,381
389: 390,341,388,131,39,395,158,347,348,159,135,136,154,382
390: 349,389,159,383
391: 392,385,137,351,155,160
392: 396,386,138,391,156,160,352,161,393
393: 387,162,394,157,161,392,160,353,139,397
394: 398,388,395,158,162,354,140,161,393
395: 162,394,355,389,159,141
396: 392,358,160,397
397: 396,359,398,161,393
398: 360,162,394,397
399: 142,366