0: 1,13,75,245,4,5,6,24,25,28,102,103,108,292,293,300,2,20,96,284,3,23,101,291,35,339,129,7
1: 8,13,14,16,52,75,76,80,204,245,246,252,0,4,24,102,292,10,70,238,12,74,244
2: 10,70,238,18,20,21,91,96,97,277,284,285,19,95,283,0,4,24,102,292,32,124,332
3: 12,74,244,22,23,27,100,101,107,290,291,299,19,95,283,0,4,24,102,292,34,128,338
4: 1,13,75,245,0,5,6,24,25,28,102,103,108,292,293,300,2,20,96,284,3,23,101,291,35,339,129,7
5: 14,76,246,0,4,24,25,26,29,102,103,104,109,292,293,294,301,21,97,285,36,340,130
6: 16,80,252,0,4,24,28,29,30,102,108,109,113,292,300,301,307,27,107,299,38,346,134
7: 35,34,339,128,129,338,0,4,24,102,292,32,124,332,380,152,40,36,38,340,346,130,134
8: 1,13,52,53,57,75,204,205,211,245,41,175,47,197,51,203
9: 46,64,68,69,196,230,236,237,19,95,283,10,70,238,12,74,244
10: 11,47,65,70,71,197,231,238,239,2,20,96,284,9,69,237,1,13,75,245
11: 10,48,66,70,71,72,198,232,238,239,240,21,97,285,14,76,246
12: 15,51,73,74,79,203,243,244,251,3,23,101,291,9,69,237,1,13,75,245
13: 1,8,14,16,52,75,76,80,204,245,246,252,0,4,24,102,292,10,70,238,12,74,244
14: 1,13,17,53,75,76,77,81,205,245,246,247,253,5,25,103,293,11,71,239
15: 12,56,74,78,79,84,210,244,250,251,258,27,107,299,16,80,252
16: 1,13,17,57,75,80,81,85,211,245,252,253,259,6,28,108,300,15,79,251
17: 14,16,58,76,80,81,82,86,212,246,252,253,254,260,29,109,301
18: 65,231,2,20,91,92,96,277,278,284,88,271,90,276,119,325
19: 9,69,237,94,95,282,283,90,276,2,20,96,284,3,23,101,291,31,123,331
20: 10,70,238,2,18,21,91,96,97,277,284,285,19,95,283,0,4,24,102,292,32,124,332
21: 11,71,239,2,20,92,96,97,98,278,284,285,286,5,25,103,293,33,333,125
22: 73,243,3,23,100,101,106,290,291,298,99,289,94,282,127,337
23: 12,74,244,3,22,27,100,101,107,290,291,299,19,95,283,0,4,24,102,292,34,128,338
24: 1,13,75,245,0,4,5,6,25,28,102,103,108,292,293,300,2,20,96,284,3,23,101,291,35,339,129,7
25: 14,76,246,0,4,5,24,26,29,102,103,104,109,292,293,294,301,21,97,285,36,340,130
26: 77,247,5,25,103,104,110,293,294,302,105,295,98,286,341,131
27: 15,79,251,3,23,101,106,107,112,291,298,299,306,6,28,108,300,37,345,133
28: 16,80,252,0,4,6,24,29,30,102,108,109,113,292,300,301,307,27,107,299,38,346,134
29: 17,81,253,5,6,25,28,103,108,109,110,114,293,300,301,302,308,39,347,135
30: 85,259,6,28,108,113,114,300,307,308,116,313,112,306,139,353
31: 32,118,122,123,146,124,324,330,331,372,332,19,95,283,34,128,338
32: 31,123,124,119,331,332,325,2,20,96,284,373,33,333,125,147,35,339,129,7
33: 326,333,120,125,126,148,334,374,21,97,285,32,124,332,36,340,130
34: 35,37,345,339,128,133,129,338,7,3,23,101,291,31,379,123,151,331,127,337
35: 34,339,128,129,338,7,0,4,24,102,292,32,124,332,380,152,40,36,38,340,346,130,134
36: 39,340,341,347,130,131,135,5,25,103,293,33,333,125,153,381,35,339,129,7
37: 34,345,128,132,133,138,156,338,352,344,386,27,107,299,38,346,134
38: 387,39,346,347,134,135,139,353,157,6,28,108,300,35,37,345,339,133,129,7
39: 388,36,38,340,346,347,348,354,130,134,135,136,140,158,29,109,301
40: 373,147,380,152,153,381,163,379,151,35,339,129,7,387,157
41: 8,52,204,175,176,180,164,170,174
42: 46,64,189,190,196,230,165,186,43,191
43: 44,47,65,191,192,197,231,166,187,42,190
44: 43,48,66,191,192,193,198,232,167,188
45: 46,68,189,195,196,236,168,194,50,202
46: 9,42,45,69,190,195,196,237,169,47,197,51,203
47: 10,43,48,70,191,197,198,238,170,46,196,8,52,204
48: 11,44,47,49,71,192,197,198,199,239,171,53,205
49: 48,72,193,198,199,240,172,200,54,206
50: 51,55,73,202,203,209,243,173,201,45,195
51: 12,50,56,74,202,203,210,244,174,46,196,8,52,204
52: 1,8,13,53,57,75,204,205,211,245,41,175,47,197,51,203
53: 8,14,52,54,58,76,204,205,206,212,246,176,48,198
54: 53,59,77,205,206,213,247,177,207,49,199
55: 50,56,78,202,209,210,215,250,178,208
56: 15,51,55,60,79,203,209,210,216,251,179,57,211
57: 8,16,52,58,61,80,204,211,212,217,252,180,56,210
58: 17,53,57,59,62,81,205,211,212,213,218,253,181
59: 54,58,82,206,212,213,219,254,182,214
60: 56,84,210,215,216,258,183,220,61,217
61: 57,62,85,211,217,218,259,184,221,60,216
62: 58,61,86,212,217,218,219,260,185,222
63: 64,68,189,229,230,236,223,228,89,275
64: 9,42,63,69,190,229,230,237,224,90,276,65,231
65: 10,43,66,70,191,231,232,238,225,18,91,277,64,230
66: 11,44,65,67,71,192,231,232,233,239,226,92,278
67: 66,72,193,232,233,240,227,234,93,279
68: 9,45,63,69,195,229,236,237,235,94,282,73,243
69: 9,46,64,68,196,230,236,237,19,95,283,10,70,238,12,74,244
70: 10,11,47,65,71,197,231,238,239,2,20,96,284,9,69,237,1,13,75,245
71: 10,11,48,66,70,72,198,232,238,239,240,21,97,285,14,76,246
72: 11,49,67,71,199,233,239,240,241,98,286,77,247
73: 12,50,74,78,202,243,244,250,242,22,100,290,68,236
74: 12,15,51,73,79,203,243,244,251,3,23,101,291,9,69,237,1,13,75,245
75: 1,8,13,14,16,52,76,80,204,245,246,252,0,4,24,102,292,10,70,238,12,74,244
76: 1,13,14,17,53,75,77,81,205,245,246,247,253,5,25,103,293,11,71,239
77: 14,54,76,82,206,246,247,254,248,26,104,294,72,240
78: 15,55,73,79,83,209,243,250,251,257,249,106,298
79: 12,15,56,74,78,84,210,244,250,251,258,27,107,299,16,80,252
80: 1,13,16,17,57,75,81,85,211,245,252,253,259,6,28,108,300,15,79,251
81: 14,16,17,58,76,80,82,86,212,246,252,253,254,260,29,109,301
82: 17,59,77,81,87,213,247,253,254,261,255,110,302
83: 78,84,215,250,257,258,256,263,111,305
84: 15,60,79,83,216,251,257,258,264,112,306,85,259
85: 16,61,80,86,217,252,259,260,265,30,113,307,84,258
86: 17,62,81,85,87,218,253,259,260,261,266,114,308
87: 82,86,219,254,260,261,262,267,115,309
88: 225,18,91,277,271,272,268,270,319
89: 63,229,94,282,90,275,276,269,274,117,323
90: 64,230,19,95,283,89,275,276,270,18,91,277,118,324
91: 65,231,2,18,20,92,96,277,278,284,88,271,90,276,119,325
92: 66,232,18,21,91,97,277,278,285,93,272,279,326,120
93: 67,233,92,98,278,286,279,273,280,327,121
94: 68,236,19,95,282,283,89,275,281,22,100,290,122,330
95: 9,69,237,19,94,282,283,90,276,2,20,96,284,3,23,101,291,31,123,331
96: 10,70,238,2,18,20,21,91,97,277,284,285,19,95,283,0,4,24,102,292,32,124,332
97: 11,71,239,2,20,21,92,96,98,278,284,285,286,5,25,103,293,33,333,125
98: 72,240,21,97,285,286,93,279,287,26,104,294,126,334
99: 242,22,100,290,289,297,281,288,336
100: 73,243,3,22,23,101,106,290,291,298,99,289,94,282,127,337
101: 12,74,244,3,22,23,27,100,107,290,291,299,19,95,283,0,4,24,102,292,34,128,338
102: 1,13,75,245,0,4,5,6,24,25,28,103,108,292,293,300,2,20,96,284,3,23,101,291,35,339,129,7
103: 14,76,246,0,4,5,24,25,26,29,102,104,109,292,293,294,301,21,97,285,36,340,130
104: 77,247,5,25,26,103,110,293,294,302,105,295,98,286,341,131
105: 248,26,104,294,295,303,287,296,342
106: 78,250,22,27,100,107,290,298,299,111,297,305,132,344
107: 15,79,251,3,23,27,101,106,112,291,298,299,306,6,28,108,300,37,345,133
108: 16,80,252,0,4,6,24,28,29,30,102,109,113,292,300,301,307,27,107,299,38,346,134
109: 17,81,253,5,6,25,28,29,103,108,110,114,293,300,301,302,308,39,347,135
110: 82,254,26,29,104,109,294,301,302,115,303,309,348,136
111: 83,257,106,112,298,306,305,304,311,137,351
112: 84,258,27,107,299,306,111,305,312,30,113,307,138,352
113: 85,259,6,28,30,108,114,300,307,308,116,313,112,306,139,353
114: 86,260,29,30,109,113,301,307,308,115,309,314,354,140
115: 87,261,110,114,302,308,309,310,315,355,141
116: 265,30,113,307,313,314,312,316,359
117: 118,122,323,324,330,365,317,322,89,275
118: 31,117,123,142,119,323,324,331,366,325,318,90,276
119: 32,118,124,324,332,325,319,18,91,277,326,120,143,367
120: 33,320,326,333,327,121,368,125,144,92,278,119,325
121: 328,321,369,326,327,120,126,334,93,279
122: 31,117,123,145,323,330,331,371,329,127,337,94,282
123: 31,32,118,122,146,124,324,330,331,372,332,19,95,283,34,128,338
124: 31,32,123,119,331,332,325,2,20,96,284,373,33,333,125,147,35,339,129,7
125: 33,326,333,120,126,148,334,374,21,97,285,32,124,332,36,340,130
126: 335,33,333,327,121,125,149,334,375,98,286,341,131
127: 122,150,330,378,337,22,100,290,34,336,128,132,338,344
128: 35,34,37,345,339,133,129,338,7,3,23,101,291,31,379,123,151,331,127,337
129: 35,34,339,128,338,7,0,4,24,102,292,32,124,332,380,152,40,36,38,340,346,130,134
130: 36,39,340,341,347,131,135,5,25,103,293,33,333,125,153,381,35,339,129,7
131: 342,36,382,340,341,348,130,136,154,26,104,294,126,334
132: 37,343,385,345,133,137,155,344,351,106,298,127,337
133: 34,37,345,128,132,138,156,338,352,344,386,27,107,299,38,346,134
134: 387,38,39,346,347,135,139,353,157,6,28,108,300,35,37,345,339,133,129,7
135: 388,36,38,39,340,346,347,348,354,130,134,136,140,158,29,109,301
136: 349,39,341,347,348,355,389,131,135,141,159,110,302
137: 357,350,132,138,391,352,344,351,111,305
138: 358,37,345,133,137,160,352,351,392,112,306,139,353
139: 359,38,346,354,134,140,353,393,161,30,113,307,138,352
140: 360,39,347,394,354,355,135,139,141,353,162,114,308
141: 361,356,395,348,354,355,136,140,115,309
142: 399,362,118,146,324,365,366,372,143,367
143: 363,373,368,144,147,367,142,119,366,325
144: 364,369,326,120,368,143,148,367,374
145: 370,122,146,150,330,365,371,372,378
146: 31,379,123,142,145,151,331,366,371,372,373,147
147: 373,143,148,380,367,152,40,374,32,146,124,372,332
148: 373,33,333,368,125,144,147,149,375,374,153,381
149: 376,369,126,148,334,375,374,382,154
150: 379,145,151,371,378,127,337,377,385,155
151: 379,146,150,372,378,380,152,40,34,128,156,338,386
152: 373,147,380,40,153,381,163,379,151,35,339,129,7,387,157
153: 148,380,152,40,374,381,388,36,382,340,130,154,158
154: 383,382,341,389,131,159,149,375,153,381
155: 384,385,132,391,156,344,386,150,378
156: 37,385,345,133,155,160,386,392,379,151,387,157
157: 387,388,38,346,134,393,158,161,380,152,40,156,386
158: 387,388,39,347,394,389,135,157,159,162,153,381
159: 390,388,395,382,348,389,136,154,158
160: 396,138,391,156,352,386,392,393,161
161: 397,387,394,139,353,393,157,162,160,392
162: 398,388,395,394,354,140,393,158,161
163: 380,152,40
164: 41,175
165: 42,190,169,166
166: 43,191,167,170,165
167: 44,192,166,171
168: 45,195,169,173
169: 46,196,165,168,170,174
170: 47,197,166,171,169,41,175
171: 48,198,167,170,172,176
172: 49,199,171,177
173: 50,202,174,178,168
174: 51,203,173,179,169,41,175
175: 8,52,204,41,176,180,164,170,174
176: 53,205,41,175,177,181,171
177: 54,206,176,182,172
178: 55,209,173,179
179: 56,210,174,178,183,180
180: 57,211,41,175,181,184,179
181: 58,212,176,180,182,185
182: 59,213,177,181
183: 60,216,179,184
184: 61,217,180,185,183
185: 62,218,181,184
186: 42,190,224,187
187: 43,191,188,225,186
188: 44,192,187,226
189: 42,45,63,190,195,229
190: 42,46,64,189,196,230,165,186,43,191
191: 43,44,47,65,192,197,231,166,187,42,190
192: 43,44,48,66,191,193,198,232,167,188
193: 44,49,67,192,199,233
194: 45,195,235,201
195: 45,46,68,189,196,236,168,194,50,202
196: 9,42,45,46,69,190,195,237,169,47,197,51,203
197: 10,43,47,48,70,191,198,238,170,46,196,8,52,204
198: 11,44,47,48,49,71,192,197,199,239,171,53,205
199: 48,49,72,193,198,240,172,200,54,206
200: 49,199,241,207
201: 50,202,208,242,194
202: 50,51,55,73,203,209,243,173,201,45,195
203: 12,50,51,56,74,202,210,244,174,46,196,8,52,204
204: 1,8,13,52,53,57,75,205,211,245,41,175,47,197,51,203
205: 8,14,52,53,54,58,76,204,206,212,246,176,48,198
206: 53,54,59,77,205,213,247,177,207,49,199
207: 54,206,214,248,200
208: 55,209,201,249
209: 50,55,56,78,202,210,215,250,178,208
210: 15,51,55,56,60,79,203,209,216,251,179,57,211
211: 8,16,52,57,58,61,80,204,212,217,252,180,56,210
212: 17,53,57,58,59,62,81,205,211,213,218,253,181
213: 54,58,59,82,206,212,219,254,182,214
214: 59,213,207,255
215: 55,60,83,209,216,257
216: 56,60,84,210,215,258,183,220,61,217
217: 57,61,62,85,211,218,259,184,221,60,216
218: 58,61,62,86,212,217,219,260,185,222
219: 59,62,87,213,218,261
220: 60,216,264,221
221: 61,217,222,265,220
222: 62,218,221,266
223: 63,229,224,269
224: 64,230,186,223,270,225
225: 65,231,187,226,88,271,224
226: 66,232,188,225,227,272
227: 67,233,226,273
228: 63,229,235,274
229: 63,64,68,189,230,236,223,228,89,275
230: 9,42,63,64,69,190,229,237,224,90,276,65,231
231: 10,43,65,66,70,191,232,238,225,18,91,277,64,230
232: 11,44,65,66,67,71,192,231,233,239,226,92,278
233: 66,67,72,193,232,240,227,234,93,279
234: 67,233,241,280
235: 68,236,194,228,281,242
236: 9,45,63,68,69,195,229,237,235,94,282,73,243
237: 9,46,64,68,69,196,230,236,19,95,283,10,70,238,12,74,244
238: 10,11,47,65,70,71,197,231,239,2,20,96,284,9,69,237,1,13,75,245
239: 10,11,48,66,70,71,72,198,232,238,240,21,97,285,14,76,246
240: 11,49,67,71,72,199,233,239,241,98,286,77,247
241: 72,240,200,234,287,248
242: 73,243,201,249,99,289,235
243: 12,50,73,74,78,202,244,250,242,22,100,290,68,236
244: 12,15,51,73,74,79,203,243,251,3,23,101,291,9,69,237,1,13,75,245
245: 1,8,13,14,16,52,75,76,80,204,246,252,0,4,24,102,292,10,70,238,12,74,244
246: 1,13,14,17,53,75,76,77,81,205,245,247,253,5,25,103,293,11,71,239
247: 14,54,76,77,82,206,246,254,248,26,104,294,72,240
248: 77,247,207,255,105,295,241
249: 78,250,208,242,256,297
250: 15,55,73,78,79,83,209,243,251,257,249,106,298
251: 12,15,56,74,78,79,84,210,244,250,258,27,107,299,16,80,252
252: 1,13,16,17,57,75,80,81,85,211,245,253,259,6,28,108,300,15,79,251
253: 14,16,17,58,76,80,81,82,86,212,246,252,254,260,29,109,301
254: 17,59,77,81,82,87,213,247,253,261,255,110,302
255: 82,254,214,248,262,303
256: 83,257,249,304
257: 78,83,84,215,250,258,256,263,111,305
258: 15,60,79,83,84,216,251,257,264,112,306,85,259
259: 16,61,80,85,86,217,252,260,265,30,113,307,84,258
260: 17,62,81,85,86,87,218,253,259,261,266,114,308
261: 82,86,87,219,254,260,262,267,115,309
262: 87,261,255,310
263: 83,257,264,311
264: 84,258,220,263,312,265
265: 85,259,221,266,116,313,264
266: 86,260,222,265,267,314
267: 87,261,266,315
268: 88,271
269: 223,89,275,270,317
270: 224,90,276,269,88,271,318
271: 225,18,91,277,88,272,268,270,319
272: 226,92,278,88,271,273,320
273: 227,93,272,279,321
274: 228,89,275,281,322
275: 63,229,94,282,89,90,276,269,274,117,323
276: 64,230,19,95,283,89,90,275,270,18,91,277,118,324
277: 65,231,2,18,20,91,92,96,278,284,88,271,90,276,119,325
278: 66,232,18,21,91,92,97,277,285,93,272,279,326,120
279: 67,233,92,98,278,286,93,273,280,327,121
280: 234,93,279,287,328
281: 235,94,282,274,99,289,329
282: 68,236,19,94,95,283,89,275,281,22,100,290,122,330
283: 9,69,237,19,94,95,282,90,276,2,20,96,284,3,23,101,291,31,123,331
284: 10,70,238,2,18,20,21,91,96,97,277,285,19,95,283,0,4,24,102,292,32,124,332
285: 11,71,239,2,20,21,92,96,97,98,278,284,286,5,25,103,293,33,333,125
286: 72,240,21,97,98,285,93,279,287,26,104,294,126,334
287: 241,98,286,280,105,295,335
288: 99,289
289: 242,22,100,290,99,297,281,288,336
290: 73,243,3,22,23,100,101,106,291,298,99,289,94,282,127,337
291: 12,74,244,3,22,23,27,100,101,107,290,299,19,95,283,0,4,24,102,292,34,128,338
292: 1,13,75,245,0,4,5,6,24,25,28,102,103,108,293,300,2,20,96,284,3,23,101,291,35,339,129,7
293: 14,76,246,0,4,5,24,25,26,29,102,103,104,109,292,294,301,21,97,285,36,340,130
294: 77,247,5,25,26,103,104,110,293,302,105,295,98,286,341,131
295: 248,26,104,294,105,303,287,296,342
296: 105,295
297: 249,106,298,99,289,304,343
298: 78,250,22,27,100,106,107,290,299,111,297,305,132,344
299: 15,79,251,3,23,27,101,106,107,112,291,298,306,6,28,108,300,37,345,133
300: 16,80,252,0,4,6,24,28,29,30,102,108,109,113,292,301,307,27,107,299,38,346,134
301: 17,81,253,5,6,25,28,29,103,108,109,110,114,293,300,302,308,39,347,135
302: 82,254,26,29,104,109,110,294,301,115,303,309,348,136
303: 255,110,302,105,295,310,349
304: 256,111,297,305,350
305: 83,257,106,112,298,306,111,304,311,137,351
306: 84,258,27,107,112,299,111,305,312,30,113,307,138,352
307: 85,259,6,28,30,108,113,114,300,308,116,313,112,306,139,353
308: 86,260,29,30,109,113,114,301,307,115,309,314,354,140
309: 87,261,110,114,302,308,115,310,315,355,141
310: 262,115,303,309,356
311: 263,111,305,312,357
312: 264,112,306,311,116,313,358
313: 265,30,113,307,116,314,312,316,359
314: 266,114,308,116,313,315,360
315: 267,115,309,314,361
316: 116,313
317: 117,323,318,269
318: 362,118,324,317,319,270
319: 119,325,318,88,271,363,320
320: 364,321,326,120,272,319
321: 320,327,121,273
322: 117,323,329,274
323: 117,118,122,324,330,365,317,322,89,275
324: 31,117,118,123,142,119,323,331,366,325,318,90,276
325: 32,118,124,119,324,332,319,18,91,277,326,120,143,367
326: 33,320,333,327,120,121,368,125,144,92,278,119,325
327: 328,321,369,326,120,121,126,334,93,279
328: 335,327,121,280
329: 370,122,330,322,281,336
330: 31,117,122,123,145,323,331,371,329,127,337,94,282
331: 31,32,118,122,123,146,124,324,330,372,332,19,95,283,34,128,338
332: 31,32,123,124,119,331,325,2,20,96,284,373,33,333,125,147,35,339,129,7
333: 33,326,120,125,126,148,334,374,21,97,285,32,124,332,36,340,130
334: 335,33,333,327,121,125,126,149,375,98,286,341,131
335: 376,328,126,334,287,342
336: 343,99,289,329,127,337,377
337: 122,150,330,378,127,22,100,290,34,336,128,132,338,344
338: 35,34,37,345,339,128,133,129,7,3,23,101,291,31,379,123,151,331,127,337
339: 35,34,128,129,338,7,0,4,24,102,292,32,124,332,380,152,40,36,38,340,346,130,134
340: 36,39,341,347,130,131,135,5,25,103,293,33,333,125,153,381,35,339,129,7
341: 342,36,382,340,348,130,131,136,154,26,104,294,126,334
342: 383,349,341,131,105,295,335
343: 384,350,336,132,344,297
344: 37,343,385,345,132,133,137,155,351,106,298,127,337
345: 34,37,128,132,133,138,156,338,352,344,386,27,107,299,38,346,134
346: 387,38,39,347,134,135,139,353,157,6,28,108,300,35,37,345,339,133,129,7
347: 388,36,38,39,340,346,348,354,130,134,135,136,140,158,29,109,301
348: 349,39,341,347,355,389,131,135,136,141,159,110,302
349: 390,356,342,348,136,303
350: 343,137,351,304
351: 357,350,132,137,138,391,352,344,111,305
352: 358,37,345,133,137,138,160,351,392,112,306,139,353
353: 359,38,346,354,134,139,140,393,161,30,113,307,138,352
354: 360,39,347,394,355,135,139,140,141,353,162,114,308
355: 361,356,395,348,354,136,140,141,115,309
356: 349,355,141,310
357: 358,137,351,311
358: 396,357,138,352,312,359
359: 397,360,139,353,116,313,358
360: 398,361,359,354,140,314
361: 360,355,141,315
362: 142,366,318,363
363: 364,143,367,362,319
364: 363,320,368,144
365: 117,142,145,323,366,371
366: 399,362,118,142,146,324,365,372,143,367
367: 363,373,368,143,144,147,142,119,366,325
368: 364,369,326,120,143,144,148,367,374
369: 327,121,368,144,149,375
370: 145,371,329,377
371: 370,122,145,146,150,330,365,372,378
372: 31,379,123,142,145,146,151,331,366,371,373,147
373: 143,147,148,380,367,152,40,374,32,146,124,372,332
374: 373,33,333,368,125,144,147,148,149,375,153,381
375: 376,369,126,148,149,334,374,382,154
376: 335,149,375,383
377: 370,150,378,384,336
378: 379,145,150,151,371,127,337,377,385,155
379: 146,150,151,372,378,380,152,40,34,128,156,338,386
380: 373,147,152,40,153,381,163,379,151,35,339,129,7,387,157
381: 148,380,152,40,374,153,388,36,382,340,130,154,158
382: 383,341,389,131,154,159,149,375,153,381
383: 390,342,382,154,376
384: 343,385,155,377
385: 384,132,391,155,156,344,386,150,378
386: 37,385,345,133,155,156,160,392,379,151,387,157
387: 388,38,346,134,393,157,158,161,380,152,40,156,386
388: 387,39,347,394,389,135,157,158,159,162,153,381
389: 390,388,395,382,348,136,154,158,159
390: 383,349,389,159
391: 385,137,155,160,351,392
392: 396,138,391,156,160,352,386,393,161
393: 397,387,394,139,353,157,161,162,160,392
394: 398,388,395,354,140,393,158,161,162
395: 394,355,389,141,159,162
396: 358,160,392,397
397: 398,359,393,161,396
398: 397,360,394,162
399: 142,366