0: 292,332,123,20,24,331,2,284,32,19,101,291,3,95,283,4,13,129,7,35,339,128,34,102,25,5
1: 238,70,4,245,75,47,52,8,204,12,13,74,14,252,246,76,80
2: 292,332,0,20,24,284,32,19,277,90,276,96,95,283,238,70,4,10,97,285,91
3: 9,69,237,19,94,101,291,95,243,283,12,13,78,22,290,100,74,292,0,123,24,331,127,128,34,23
4: 11,71,239,1,238,70,245,75,97,285,293,13,14,246,76,292,0,20,24,2,284,21,25,5
5: 39,347,25,135,4,293,13,301,29,109,292,0,24,129,7,35,339,130,340,102
6: 301,29,17,108,300,259,109,81,252,85,80,253,30,13,299,307,27,102,28
7: 40,33,129,333,380,152,35,339,130,340,292,332,0,24,32,128,34,102,346,134,39,25,5
8: 196,52,204,205,53,41,1,245,75,47,203,51,57,252,80
9: 46,64,68,69,230,236,237,244,19,94,101,291,96,3,95,243,283,12,74
10: 65,11,278,66,71,231,232,239,226,238,70,97,92,285,277,96,20,2,284,91
11: 48,54,66,71,72,98,198,232,239,238,70,4,10,97,285,47,293,14,246,76,21
12: 15,13,78,79,203,251,74,51,9,69,237,244,101,291,3,243,1,245,75,252,80
13: 15,12,79,251,299,74,27,101,291,3,1,4,245,75,108,300,252,80,6,292,0,24,102,25,5
14: 17,103,81,246,76,253,11,54,205,71,239,53,1,4,245,75,293
15: 12,55,56,13,78,79,210,251,258,299,74,27,107,252,80
16: 17,259,58,62,81,57,86,252,85,217,212,61,218,80,253,260,211
17: 301,29,14,108,300,58,16,109,103,81,82,86,252,246,212,213,76,80,6,253,254,260
18: 271,88,272,319,320,91,325
19: 9,69,237,94,101,291,90,276,96,3,95,283,292,0,123,20,24,324,331,2,284
20: 292,332,0,24,2,284,32,19,277,90,276,96,95,283,238,70,4,10,97,285,91
21: 286,33,326,333,120,125,36,11,278,71,98,239,4,97,92,285,293
22: 78,290,298,100,94,101,291,3,243,242,282,127,99,289,23
23: 37,128,344,345,132,133,34,106,101,291,3,78,22,290,299,298,100,27,107,127
24: 292,332,0,123,20,331,2,284,32,19,101,291,3,95,283,4,13,129,7,35,339,128,34,102,25,5
25: 39,347,135,5,4,293,13,301,29,109,292,0,24,129,7,35,339,130,340,102
26: 341,131,110,302,348,136,294,104,303,98,247,295,77,293,103,126
27: 15,13,78,79,251,299,107,108,300,6,37,345,133,102,112,353,23
28: 139,140,39,347,354,38,135,114,30,307,301,29,108,300,109,6,308,113,102,353
29: 301,17,108,300,109,103,81,6,253,308,293,28,110,302,347,25,135,5
30: 265,84,307,108,300,259,85,6,312,116,313,113,112,353,28,114
31: 117,118,122,123,142,145,146,323,324,330,331,365,366,371,372,124
32: 292,332,0,123,20,24,331,372,147,2,373,284,124,33,129,333,7,35,339,119
33: 129,326,333,120,125,148,36,7,35,374,339,130,340,119,21,97,285,332,32
34: 37,128,345,133,102,346,134,23,101,291,3,292,0,123,24,338,331,127,151,129,7,35,339
35: 40,33,129,333,380,7,152,339,130,340,292,332,0,24,32,128,34,102,346,134,39,25,5
36: 33,333,125,126,148,149,334,375,374,153,381,154,130,340,21,341,131
37: 128,344,345,386,132,133,138,34,352,102,346,134,112,353,23,299,27,107
38: 139,140,28,157,39,158,162,394,354,161,393,346,134,353
39: 28,157,158,347,38,25,135,5,129,7,35,339,130,340,102,346,134
40: 129,380,7,152,35,153,381,339,372,147,373,151,163,346,134,157
41: 205,53,171,174,170,175,196,52,8,204,176,57
42: 46,64,190,230,197,96,186,65,43,191,231
43: 65,44,191,192,231,167,188,166,187,42,197
44: 43,48,66,191,192,193,198,232,167,188
45: 46,68,195,236,244,73,168,194,202,50
46: 9,42,45,68,69,190,196,236,237,244,197,169
47: 11,48,205,71,198,239,53,1,238,70,245,75,196,52,8,197,204
48: 11,44,49,54,66,205,71,72,192,198,199,232,239,53,171,47
49: 48,54,72,193,198,199,240,171,200,172
50: 55,203,209,202,51,173,174,178,45,244,73,201
51: 12,55,56,203,210,202,179,50,74,174,196,244,52,8,204
52: 196,8,204,205,53,41,1,245,75,47,203,51,57,252,80
53: 48,54,205,198,171,41,47,52,8,204,14,176,58,206,57,246,212,76
54: 11,48,49,205,71,72,198,199,239,53,247,77,14,206,246,213,76,207
55: 15,56,78,79,203,209,210,202,250,251,258,50,51,244,73
56: 15,55,60,79,203,210,216,251,258,179,211,51
57: 176,58,16,212,180,181,52,8,204,205,53,41,211
58: 17,16,62,206,81,57,212,213,218,253,181,205,53
59: 213,219,182,214
60: 56,210,215,216,258,220,211,183,217,61
61: 259,16,62,222,85,217,218,184,60,216,211,221
62: 58,16,222,86,217,212,61,218,219,260,185
63: 64,68,189,229,230,236,223,275,228
64: 9,42,63,69,189,229,230,237,223,277,90,276,96,275,224
65: 43,66,191,231,232,226,10,225,187,42,277,96
66: 65,11,44,278,48,67,71,72,192,198,231,232,233,239,226,10,97,92,285
67: 66,72,193,232,233,240,227,234,279,93
68: 9,45,46,63,69,229,236,237,244,94,73,243,194,235
69: 9,46,64,68,230,236,237,244,19,94,101,291,96,3,95,243,283,12,74
70: 11,71,239,1,238,4,10,245,75,97,285,47,96,20,2,284
71: 11,48,54,66,72,98,198,232,239,238,70,4,10,97,285,47,293,14,246,76,21
72: 11,48,49,54,66,67,71,98,198,199,232,233,239,240,247,77,241
73: 45,68,236,244,243,194,235,201,242,55,202,50
74: 15,12,13,78,79,203,251,51,9,69,237,244,101,291,3,243,1,245,75,252,80
75: 1,238,70,4,245,47,52,8,204,12,13,74,14,252,246,76,80
76: 14,17,103,81,246,253,11,54,205,71,239,53,1,4,245,75,293
77: 54,72,98,247,295,293,241,103,207,248,294,104,26
78: 15,12,55,79,22,250,251,290,299,298,100,74,27,107,101,291,3,243,23
79: 15,12,55,56,13,78,210,251,258,299,74,27,107,252,80
80: 17,108,300,259,16,81,252,85,6,253,52,8,204,1,245,75,15,12,13,79,251,74
81: 301,29,14,17,108,300,58,16,109,103,82,86,252,246,212,213,76,80,6,253,254,260
82: 17,262,103,81,87,213,219,261,253,254,308,255,110,302,303
83: 111,215,305,250,257,258,256,263
84: 30,265,258,307,259,85,264,312,112,306
85: 108,300,259,16,86,252,217,61,80,6,260,30,265,84,307
86: 266,17,259,16,62,81,87,85,218,219,261,253,308,260
87: 266,262,82,86,219,261,254,308,260,267,315,115,309
88: 271,224,225,277,270,268,18
89: 282,117,122,323,330,322,281,94,275,329,274
90: 64,230,19,277,276,96,95,275,283,270,20,324,2,284
91: 326,120,325,119,277,278,272,10,97,92,285,18,20,2,284
92: 278,66,232,272,279,10,97,93,285,326,120,121,125,91,21
93: 278,67,233,272,227,234,279,92,280,273,286,121
94: 9,68,69,236,237,19,101,291,3,95,243,283,22,290,100,282,127,89
95: 9,69,237,19,94,101,291,90,276,96,3,283,292,0,123,20,24,324,331,2,284
96: 9,42,64,69,230,237,19,277,90,276,95,283,65,231,238,70,10,20,2,284
97: 11,278,66,71,98,232,239,238,70,4,10,92,285,293,20,2,284,33,333,91,21
98: 11,71,72,239,247,295,77,97,285,293,286,125,126,21,294,104,26
99: 336,297,288,289,281,242,22,290,298,100,282
100: 78,22,290,298,94,101,291,3,243,242,282,127,99,289,23
101: 9,69,237,19,94,291,3,95,243,283,12,13,78,22,290,100,74,292,0,123,24,331,127,128,34,23
102: 37,128,345,133,34,346,134,353,13,299,27,108,300,6,292,0,24,129,7,35,339,28,39,25,5
103: 301,29,14,17,109,81,82,246,76,253,254,247,77,293,110,302,294,104,26
104: 341,131,110,302,348,136,294,26,303,98,247,295,77,293,103,126
105: 248,255,295,296,303
106: 343,344,132,351,304,23,111,305,298,107,350
107: 15,111,78,79,305,251,258,299,298,27,37,345,133,112,106,23
108: 301,29,17,300,259,109,81,252,85,80,6,253,30,13,299,307,27,102,28
109: 301,29,17,108,300,103,81,6,253,308,293,28,110,302,347,25,135,5
110: 115,309,302,347,348,135,136,294,104,26,303,301,29,109,103,82,254,308
111: 83,305,257,107,311,263,351,304,306,106
112: 37,345,133,138,352,113,353,306,30,84,299,307,27,107
113: 138,352,112,353,306,358,30,307,312,116,313,139,28,114,359
114: 139,140,360,28,354,30,307,308,314,116,313,113
115: 315,309,141,110,302,355,303,262,87,261,308,310
116: 314,313,30,265,307,312,113,114,359,316
117: 31,118,122,323,324,330,365,89,317,322,275
118: 31,117,142,323,324,366,317,124,362,318,319,325,119
119: 33,326,333,120,368,91,144,148,374,143,367,325,332,118,142,147,373,32,124
120: 33,320,326,333,121,368,125,91,144,148,334,374,325,119,21,278,92
121: 286,328,320,326,327,120,125,334,278,279,92,93,321
122: 31,370,282,117,145,337,338,323,324,330,365,371,127,89,322,329
123: 292,31,332,0,24,338,324,331,372,127,32,124,19,101,291,3,95,283,128,34
124: 31,332,118,123,142,324,331,372,147,373,32,119
125: 286,33,326,333,120,121,126,36,334,21,278,98,92
126: 286,125,36,98,295,287,335,341,131,294,104,26,342
127: 282,122,123,337,338,330,331,94,101,291,3,22,290,100,128,34,23
128: 37,345,133,34,102,346,134,23,101,291,3,292,0,123,24,338,331,127,151,129,7,35,339
129: 40,33,333,380,7,152,35,339,130,340,292,332,0,24,32,128,34,102,346,134,39,25,5
130: 33,129,333,148,36,7,35,374,153,381,154,339,340,341,131,39,25,5
131: 341,348,389,136,383,294,104,26,126,36,154,130,340,342
132: 384,37,343,344,385,345,133,351,106,23,337
133: 37,128,344,345,386,132,138,34,352,102,346,134,112,353,23,299,27,107
134: 37,128,345,386,133,34,102,346,353,151,40,129,380,7,152,35,339,157,39,38
135: 140,28,39,110,302,347,348,354,25,136,5,301,29,109,308
136: 390,341,131,141,395,110,302,347,348,355,389,135,294,104,26,303,356,349
137: 391,351,350,357
138: 396,392,37,345,133,391,351,160,352,113,112,353,306,358
139: 140,360,28,162,394,354,38,114,161,393,113,353,359,397,398
140: 139,360,28,141,395,162,347,394,354,355,38,135,114
141: 115,140,309,395,348,354,355,136,356,361
142: 31,118,146,366,372,147,373,124,143,367,119,399
143: 364,363,368,144,148,374,367,119,142,147,373
144: 364,369,320,326,327,120,368,148,334,374,143,367,119
145: 31,370,122,146,337,338,330,365,371,372,150,378
146: 31,142,145,338,371,372,147,373,151
147: 332,142,146,372,373,32,124,151,40,380,148,152,374,143,367,119
148: 33,326,333,120,368,144,149,36,334,375,374,153,381,143,367,130,340,119,147,373
149: 376,369,148,36,334,375,374,154
150: 384,379,385,378,370,145,337,338,371,377
151: 146,338,372,147,373,40,380,152,163,379,128,386,34,346,134
152: 40,129,380,7,35,153,381,339,372,147,373,151,163,346,134,157
153: 40,380,148,36,152,374,381,154,130,340,157,388,158
154: 149,36,375,153,381,130,340,341,382,388,131,389,383
155: 384,385,391,156
156: 392,379,385,386,391,155,160,387
157: 39,158,38,40,380,152,153,381,163,386,346,134,387
158: 157,388,39,395,162,394,389,38,153,381
159: 390,382,388,395,389
160: 396,392,161,386,393,138,391,156,352
161: 396,392,393,160,387,139,162,394,38,397
162: 139,140,395,158,394,354,38,161,393,398
163: 379,387,151,40,380,152,157
164: 175
165: 169,166,190,197
166: 170,165,197,43,191,167
167: 43,44,191,192,171,170,166
168: 169,173,45,195
169: 165,168,174,46,196,197
170: 166,197,167,171,41
171: 48,49,205,198,199,53,167,41,172,170,176
172: 177,49,199,171
173: 168,174,178,202,50
174: 169,173,175,196,41,203,202,179,50,51
175: 180,174,164,41
176: 206,57,177,181,205,53,171,41
177: 172,182,176,206
178: 173,209,202,179,50
179: 56,203,210,211,51,174,180,178,183
180: 183,175,184,181,179,211,57
181: 182,185,180,176,58,206,57,212
182: 181,177,59,206
183: 180,184,60,216,179,211
184: 185,180,183,211,217,61
185: 184,181,62,218
186: 224,187,42,190
187: 225,186,65,43,191,231,188
188: 43,44,191,192,226,187
189: 63,64,190,195,229,230,223
190: 42,46,189,197,165,186
191: 65,43,44,192,231,167,188,166,187,42,197
192: 43,44,48,66,191,193,198,232,167,188
193: 44,49,67,192,199,233,240
194: 235,45,68,195,236,73,201
195: 45,189,168,194
196: 46,244,52,8,197,204,169,174,41,47,203,51
197: 42,46,190,196,165,169,170,166,43,191,47
198: 11,44,48,49,54,66,205,71,72,192,199,232,239,53,171,47
199: 48,49,54,72,193,198,240,171,200,172
200: 49,199,240,241,207
201: 208,242,194,73,202,50
202: 55,203,209,50,51,173,174,178,45,244,73,201
203: 12,55,56,210,202,179,50,74,51,174,196,244,52,8,204
204: 196,52,8,205,53,41,1,245,75,47,203,51,57,252,80
205: 48,54,198,53,171,41,47,52,8,204,14,176,58,206,57,246,212,76
206: 176,58,212,213,207,177,182,181,54,205,53
207: 206,54,247,77,200,214,248
208: 249,201,209,250
209: 55,215,202,250,50,178,208
210: 15,55,56,60,79,203,216,251,258,179,211,51
211: 56,60,210,216,179,180,183,184,16,57,217,61
212: 17,58,16,62,206,81,57,213,218,253,181,205,53
213: 17,58,59,206,81,82,212,219,253,254,54,214
214: 248,255,59,213,207
215: 60,83,209,216,250,257,258
216: 56,60,210,215,258,220,211,183,217,61
217: 259,16,62,222,85,61,218,184,60,216,211,221
218: 58,16,62,222,86,217,212,61,219,260,185
219: 59,62,82,86,87,213,218,261,254,260
220: 60,216,264,221
221: 264,265,220,222,217,61
222: 266,62,217,61,218,221
223: 63,64,189,229,230,275,224,269
224: 186,271,88,225,64,230,223,277,270
225: 187,271,88,224,277,65,231,226
226: 65,66,231,232,272,188,227,10,225
227: 67,233,272,226,279,93,273
228: 281,235,63,229,274
229: 63,64,68,189,230,236,223,275,228
230: 9,42,63,64,69,189,229,237,223,277,90,276,96,275,224
231: 65,43,66,191,232,226,10,225,187,42,277,96
232: 65,11,44,278,48,66,67,71,72,192,198,231,233,239,226,10,97,92,285
233: 66,67,72,193,232,240,227,234,279,93
234: 67,233,240,279,93,280,241
235: 228,194,281,68,236,73,242
236: 9,45,46,63,68,69,229,237,244,94,73,243,194,235
237: 9,46,64,68,69,230,236,244,19,94,101,291,96,3,95,243,283,12,74
238: 11,71,239,1,70,4,10,245,75,97,285,47,96,20,2,284
239: 11,48,54,66,71,72,98,198,232,238,70,4,10,97,285,47,293,14,246,76,21
240: 49,67,72,193,199,233,200,234,241
241: 287,72,240,247,295,77,200,234,248,286
242: 249,201,235,73,22,290,298,100,99,289
243: 9,68,69,236,237,244,94,101,291,3,73,12,78,22,290,100,74
244: 9,45,46,68,69,196,236,237,73,243,12,55,203,202,50,74,51
245: 1,238,70,4,75,47,52,8,204,12,13,74,14,252,246,76,80
246: 14,17,103,81,76,253,11,54,205,71,239,53,1,4,245,75,293
247: 54,72,98,295,77,293,241,103,207,248,294,104,26
248: 105,214,255,247,295,77,241,207
249: 256,208,242,250,298,297
250: 55,78,83,209,215,257,258,298,256,249,208
251: 15,12,55,56,13,78,79,210,258,299,74,27,107,252,80
252: 17,108,300,259,16,81,85,80,6,253,52,8,204,1,245,75,15,12,13,79,251,74
253: 301,29,14,17,108,300,58,16,109,103,81,82,86,252,246,212,213,76,80,6,254,260
254: 17,262,103,81,82,87,213,219,261,253,308,255,110,302,303
255: 105,214,248,262,82,254,303
256: 249,83,250,257,304
257: 111,83,215,305,250,258,256,263
258: 15,55,56,60,79,83,84,210,215,216,250,251,257,107
259: 108,300,16,86,252,85,217,61,80,6,260,30,265,84,307
260: 266,17,259,16,62,81,86,87,85,218,219,261,253,308
261: 266,262,82,86,87,219,254,308,260,267,315,115,309
262: 82,87,261,254,310,255,115,309
263: 264,311,111,83,305,257
264: 221,263,312,265,84,220
265: 30,84,307,266,259,85,264,221,312,116,313
266: 222,86,87,261,260,265,314,267
267: 314,266,87,261,315
268: 271,88
269: 223,275,270,318,317
270: 277,90,276,275,271,88,224,269,318
271: 88,224,225,277,270,268,18
272: 278,226,227,279,92,93,18,273,91
273: 321,272,227,279,93
274: 228,281,275,89,322
275: 63,64,229,230,223,90,276,270,269,274,117,323,324,89,317
276: 64,230,19,277,90,96,95,275,283,270,20,324,2,284
277: 64,230,90,276,96,270,271,88,224,225,65,231,10,20,2,284,91
278: 66,232,272,279,10,97,92,93,285,326,120,121,125,91,21
279: 278,67,233,272,227,234,92,93,280,273,286,121
280: 287,234,279,93,286,328
281: 228,235,329,274,282,89,99,289
282: 122,337,330,127,89,281,94,22,290,100,329,336,99,289
283: 9,69,237,19,94,101,291,90,276,96,3,95,292,0,123,20,24,324,331,2,284
284: 292,332,0,20,24,2,32,19,277,90,276,96,95,283,238,70,4,10,97,285,91
285: 11,278,66,71,98,232,239,238,70,4,10,97,92,293,20,2,284,33,333,91,21
286: 328,121,125,126,21,98,295,279,93,287,280,241,335
287: 280,241,295,286,126,335
288: 336,297,99,289
289: 336,297,288,99,281,242,22,290,298,100,282
290: 78,22,298,100,94,101,291,3,243,242,282,127,99,289,23
291: 9,69,237,19,94,101,3,95,243,283,12,13,78,22,290,100,74,292,0,123,24,331,127,128,34,23
292: 332,0,123,20,24,331,2,284,32,19,101,291,3,95,283,4,13,129,7,35,339,128,34,102,25,5
293: 11,71,98,239,247,77,4,97,285,301,29,14,109,103,246,76,21,25,294,104,26,5
294: 341,131,110,302,348,136,104,26,303,98,247,295,77,293,103,126
295: 98,247,77,287,241,105,248,286,126,294,104,26,303,342
296: 105
297: 336,288,99,289,249,298,343,304
298: 78,22,250,290,100,107,249,242,297,99,289,304,106,23
299: 15,13,78,79,251,27,107,108,300,6,37,345,133,102,112,353,23
300: 301,29,17,108,259,109,81,252,85,80,6,253,30,13,299,307,27,102,28
301: 29,17,108,300,109,103,81,6,253,308,293,28,110,302,347,25,135,5
302: 115,309,110,347,348,135,136,294,104,26,303,301,29,109,103,82,254,308
303: 115,309,110,302,348,136,294,104,26,295,82,254,105,310,255,349
304: 106,256,111,305,298,350,297
305: 111,83,257,107,311,263,351,304,306,106
306: 138,351,352,113,112,358,111,84,305,311,312,357
307: 30,265,84,108,300,259,85,6,312,116,313,113,112,353,28,114
308: 301,29,109,82,86,87,261,254,260,315,115,309,28,110,302,347,135,114
309: 315,115,141,110,302,355,303,262,87,261,308,310
310: 262,115,309,303,356
311: 263,312,111,305,306,357
312: 264,311,30,265,84,307,116,313,113,306,358
313: 314,116,30,265,307,312,113,114,359,316
314: 267,116,313,266,315,360,114
315: 115,309,360,87,261,308,314,267,361
316: 359,116,313
317: 117,118,323,269,275,318
318: 362,319,269,270,118,317
319: 362,318,18,118,363,325
320: 364,326,327,120,121,368,144,325,321,18
321: 273,320,327,121
322: 117,122,323,330,365,89,329,274
323: 31,117,118,122,324,330,365,89,317,322,275
324: 31,117,118,122,123,323,330,331,124,19,90,276,95,275,283
325: 363,320,326,120,91,119,319,18,118
326: 33,320,333,120,121,368,125,91,144,148,334,374,325,119,21,278,92
327: 328,369,320,121,368,144,334,321
328: 286,327,121,280,335
329: 281,370,282,122,337,330,89,322,336
330: 31,370,282,117,122,145,337,338,323,324,365,371,127,89,322,329
331: 292,31,332,0,123,24,338,324,372,127,32,124,19,101,291,3,95,283,128,34
332: 292,0,123,20,24,331,372,147,2,373,284,32,124,33,129,333,7,35,339,119
333: 33,129,326,120,125,148,36,7,35,374,339,130,340,119,21,97,285,332,32
334: 369,326,327,120,121,368,125,144,148,149,36,375,374
335: 287,376,286,328,126,342
336: 297,288,377,99,289,329,282,337,343
337: 370,282,122,145,338,330,371,127,329,336,377,344,132,150,378
338: 122,123,145,146,337,330,331,371,372,127,151,379,128,385,34,150,378
339: 40,33,129,333,380,7,152,35,130,340,292,332,0,24,32,128,34,102,346,134,39,25,5
340: 33,129,333,148,36,7,35,374,153,381,154,339,130,341,131,39,25,5
341: 131,348,389,136,383,294,104,26,126,36,154,130,340,342
342: 349,295,126,335,341,131,383
343: 384,344,132,106,350,336,297
344: 384,37,343,385,345,132,133,351,106,23,337
345: 37,128,344,386,132,133,138,34,352,102,346,134,112,353,23,299,27,107
346: 37,128,345,386,133,34,102,134,353,151,40,129,380,7,152,35,339,157,39,38
347: 140,28,39,110,302,348,354,25,135,136,5,301,29,109,308
348: 390,341,131,141,395,110,302,347,355,389,135,136,294,104,26,303,356,349
349: 356,342,390,348,136,303
350: 343,137,351,304,106
351: 344,132,137,138,391,352,306,106,111,305,350
352: 396,392,37,345,133,138,391,351,160,113,112,353,306,358
353: 37,345,133,138,352,113,102,346,134,112,30,299,307,27,139,28,38
354: 139,140,360,28,141,395,162,347,394,355,38,135,114
355: 115,140,309,141,395,348,354,136,356,361
356: 349,310,141,348,355,136
357: 311,137,306,358
358: 396,138,352,113,306,312,357,359
359: 397,316,116,313,113,358,139,360
360: 315,139,140,354,114,314,359,361,398
361: 315,360,141,355
362: 318,319,118,366,363
363: 364,143,367,325,362,319
364: 363,320,368,144,143,367
365: 31,370,117,122,145,323,330,366,371,322
366: 31,118,142,365,362,399
367: 364,363,368,144,148,374,143,119,142,147,373
368: 364,369,320,326,327,120,144,148,334,374,143,367,119
369: 327,368,144,149,334,375
370: 122,145,337,330,365,371,329,377,150,378
371: 31,370,122,145,146,337,338,330,365,372,150,378
372: 31,332,123,142,145,146,338,331,371,147,373,32,124,151,40,380,152
373: 332,142,146,372,147,32,124,151,40,380,148,152,374,143,367,119
374: 33,326,333,120,368,144,148,149,36,334,375,153,381,143,367,130,340,119,147,373
375: 376,369,148,149,36,334,374,154
376: 149,375,335,383
377: 336,370,337,384,150,378
378: 384,379,385,150,370,145,337,338,371,377
379: 163,385,386,156,150,378,338,151
380: 40,129,7,152,35,153,381,339,372,147,373,151,163,346,134,157
381: 40,380,148,36,152,374,153,154,130,340,157,388,158
382: 390,388,389,159,383,154
383: 390,341,382,131,376,154,342
384: 343,344,385,132,155,150,378,377
385: 384,379,344,386,132,391,155,156,150,378,338
386: 392,379,37,385,345,133,156,160,346,134,151,157
387: 163,161,393,156,157
388: 382,158,389,159,153,381,154
389: 390,341,382,388,131,395,158,348,159,136,154
390: 382,348,389,159,136,383,349
391: 392,385,137,138,351,155,156,160,352
392: 396,161,386,393,138,391,156,160,352
393: 396,392,161,160,387,139,162,394,38,397
394: 139,140,395,158,162,354,38,161,393,398
395: 140,141,158,162,348,394,354,355,389,159,136
396: 392,161,393,138,160,352,358,397
397: 359,396,161,393,139,398
398: 139,360,162,394,397
399: 142,366