0: 9,237,96,291,2,12,1,75,245,238,70,4,13,292,24,95,283,20
1: 9,237,0,12,75,245,47,238,70,4,8,204,76,246,13,51,252,80
2: 96,0,277,90,97,238,70,10,285,95,283,284,119,91,20
3: 15,74,78,107,299,27,243,291,12,100,23,290,101
4: 11,71,239,293,97,238,70,285,76,246,0,1,75,245,13,29,339,20,5,25
5: 39,347,25,135,340,293,4,13,29,109,301,35,7,339,130,129,102
6: 17,109,30,300,301,16,81,86,252,260,85,80,13,79,251,299,27,108
7: 373,40,380,35,152,339,130,129,292,332,32,24,128,34,102,346,5,39,25
8: 205,53,47,204,41,196,1,75,245,51,52,57,252,80
9: 46,69,237,244,96,0,291,12,1,75,245,47,51
10: 65,278,66,231,232,226,97,238,70,285,96,277,2,92,91
11: 48,54,66,71,72,98,198,232,239,293,97,238,70,4,285,76,246
12: 9,237,0,291,1,75,245,15,74,13,3,51,252,80
13: 15,79,299,27,0,12,1,75,245,4,6,300,252,80,102,5,25
14: 29,17,58,206,103,253,81,82,212,213,54,205,53,247,77,76,246
15: 74,55,56,13,3,78,79,210,258,107,299,51,27,12
16: 6,17,300,58,62,81,57,86,252,260,85,212,61,80,259,211,79
17: 6,29,14,109,300,301,58,16,253,81,86,252,260,212,80,76,246
18: 271,88,272,319,325,284,320,91
19: 63,64,68,69,229,230,291,90,276,94,324,89,95,283
20: 339,0,2,97,238,70,4,285,292,332,32,24,95,283
21: 92,33,333,125,126,36,339,130,98,293,104,97,285,340
22: 78,298,235,242,243,73,249,289,99,100,290
23: 37,344,345,100,132,133,112,290,106,101,3,107,299,298,27,127
24: 292,332,32,123,331,127,95,283,0,291,35,7,129,20,128,34,102,101
25: 5,39,347,135,340,293,4,13,29,109,301,35,7,339,130,129,102
26: 303,341,110,302,348,136,294,340,293,104,295,103,126,342
27: 15,13,3,79,251,107,299,6,300,102,23,112,101,108
28: 114,139,140,39,347,354,38,135,109,30,301,308,113,102,353,108
29: 14,17,109,301,103,253,81,293,4,76,246,5,110,302,25,340
30: 6,266,300,85,308,251,307,265,113,108,114,28,116,313
31: 117,118,122,123,142,145,146,338,323,324,330,331,365,366,371,372,124
32: 292,332,123,24,331,372,95,283,124,373,33,119,333,35,7,339,129,20
33: 373,92,119,326,333,120,148,36,334,21,374,339,130,332,32
34: 37,128,151,345,386,132,133,102,346,101,292,123,24,338,331,372,127,40,380,35,152,7,129
35: 373,40,380,152,7,339,130,129,292,332,32,24,128,34,102,346,5,39,25
36: 33,333,125,126,148,149,334,21,375,374,153,131,154,130,341,340
37: 128,345,386,132,133,34,352,102,23,346,112,353,101,108
38: 139,140,28,157,39,158,162,394,354,161,346,134,353
39: 5,28,157,158,347,38,25,135,340,35,7,130,129,102,346
40: 373,380,35,152,153,7,130,129,372,147,163,128,151,34,346,134,157
41: 170,174,175,176,196,197,171,8,204,52
42: 46,64,190,230,96,197,186,187,65,43,191,231
43: 65,44,191,192,231,167,188,166,187,42,197
44: 43,48,49,66,191,192,193,198,232,167,188
45: 195,236,244,73,168,173,194,202,50
46: 9,42,69,190,196,237,244,197,165,169
47: 48,198,238,70,8,204,9,196,237,96,197,1,75,245
48: 11,44,49,54,66,205,71,192,198,232,239,53,171,47
49: 44,48,54,67,72,192,193,198,199,233,240,172
50: 74,55,203,209,202,173,178,45,244,73,201
51: 15,74,203,52,9,196,237,244,12,1,75,245,8,204,252,80
52: 211,203,51,174,41,175,179,180,196,8,204,57
53: 48,54,205,198,171,8,204,76,246,176,14,58,206,212
54: 11,48,49,205,71,72,198,199,239,53,247,77,14,206,207
55: 15,74,56,78,203,209,210,215,202,250,258,50
56: 259,15,211,55,60,79,203,210,215,216,258,179
57: 58,16,252,212,80,176,185,181,180,8,204,211,52
58: 14,17,16,206,81,57,212,213,181,205,53
59: 213,218,219,182,214
60: 259,211,56,210,215,216,258,183,220
61: 16,62,85,259,211,217,221,222
62: 266,16,86,260,85,61,218,219,185,222
63: 64,68,69,189,229,230,236,275,19,276,223,228
64: 42,63,69,189,229,230,96,277,19,90,276,186,224,223
65: 43,191,231,188,226,10,187,225,42,96,277
66: 11,44,278,48,67,71,72,192,98,198,232,233,239,226,238,70,10
67: 278,49,66,72,193,232,233,93,240,234,279,227
68: 63,69,229,236,243,73,19,291,228,281,235,94,89
69: 9,46,63,64,68,189,229,230,236,237,244,96,19
70: 11,66,71,232,239,97,47,238,4,10,285,96,0,2,1,75,245,20
71: 11,48,54,66,72,98,198,232,239,293,97,238,70,4,285,76,246
72: 11,49,54,66,67,71,98,232,233,239,240,247,241,77,104
73: 45,68,236,244,243,194,235,242,201,74,78,22,202,50
74: 15,55,3,78,203,202,50,51,244,243,73,12
75: 9,237,0,12,1,245,47,238,70,4,8,204,76,246,13,51,252,80
76: 11,205,71,239,53,293,4,246,1,75,245,29,14,17,81,252,80
77: 54,72,247,241,104,14,103,82,207,248
78: 15,74,55,3,22,250,107,298,243,73,100,290
79: 259,15,56,13,210,251,258,299,27,6,300,16,252,85,80
80: 6,17,300,16,81,57,252,12,1,75,245,8,204,76,246,13,79,51
81: 6,29,14,17,109,300,301,58,16,253,86,252,260,212,80,76,246
82: 14,254,103,253,213,207,247,77,214,248,255
83: 215,305,250,257,258,107,256,263
84: 259,305,251,258,307,265,264,221,263,312,220
85: 6,266,30,300,16,62,86,260,61,259,79,251,265
86: 6,266,17,300,16,62,261,253,81,87,260,85,308,219
87: 254,266,261,253,86,260,308,219,262,267,315,309,115
88: 271,270,225,272,277,268,18
89: 282,117,122,94,323,330,322,281,68,275,19,274
90: 64,230,96,277,19,276,2,324,95,283,284
91: 92,119,320,326,120,272,2,278,10,18,325,284
92: 33,326,333,120,121,125,91,21,278,98,93,97,10,285
93: 278,67,98,233,234,279,92,286,121,125,280
94: 282,122,330,127,89,281,68,243,19,291,100,290
95: 292,332,32,123,24,324,331,283,0,19,291,90,2,20
96: 9,42,64,69,230,237,0,277,90,2,65,231,47,238,70,10
97: 11,71,98,239,293,238,70,4,10,285,2,92,21,339,20
98: 11,66,71,72,232,93,239,293,104,97,285,92,286,21
99: 289,297,343,336,281,288,22,298,282,100,290
100: 23,290,101,243,3,78,22,298,282,94,127,289,99
101: 37,128,345,100,132,133,34,102,23,290,3,299,27,292,24,127
102: 37,128,345,133,34,346,353,101,108,13,299,27,292,24,35,7,129,5,28,39,25
103: 29,14,254,253,82,247,77,293,104,248,255,303,26,110,302,294
104: 72,98,247,241,77,293,295,103,286,126,21,26,294
105: 248,255,295,296,303
106: 344,351,23,112,111,305,107,298,304,350
107: 15,3,78,83,305,250,257,258,299,298,27,23,112,106
108: 37,345,133,113,102,112,353,251,299,307,27,6,30,300,28
109: 6,29,17,300,301,253,81,308,5,28,110,302,347,25,135
110: 303,26,309,302,347,348,135,136,294,115,29,254,109,301,103,253,308
111: 351,306,106,305,311,304,350,357
112: 37,345,133,351,352,23,353,306,106,108,305,251,107,299,307,27
113: 138,352,353,306,108,307,30,312,114,139,28,358,359,116,313
114: 139,140,28,354,30,308,314,315,113,360,116,313
115: 303,309,141,110,302,355,254,261,87,308,310,315,356
116: 359,313,307,265,30,312,314,113,114,316
117: 31,118,122,323,324,330,365,89,322,275,317
118: 31,117,323,324,366,325,124,284,362,318,317
119: 373,33,326,333,120,91,367,2,332,32,325,124,284
120: 92,33,119,320,326,333,327,121,368,125,91,144,334
121: 92,328,320,326,327,120,125,278,93,321,273,280
122: 31,282,117,145,94,337,338,323,330,365,371,127,89,322,329,370
123: 292,31,332,32,24,338,324,331,372,127,95,283,124,128,34
124: 31,332,32,118,123,142,324,331,372,325,284,119,367
125: 92,286,328,326,327,120,121,126,36,334,21,93,335
126: 286,125,36,21,131,104,295,335,26,341,294,340,342
127: 292,282,122,123,94,24,337,338,330,331,128,100,132,34,23,290,101
128: 37,151,345,386,132,133,34,102,346,101,292,123,24,338,331,372,127,40,380,35,152,7,129
129: 373,40,380,35,152,7,339,130,292,332,32,24,128,34,102,346,5,39,25
130: 373,40,33,333,380,148,36,35,152,21,374,153,7,339,129,5,39,25,340
131: 376,126,149,36,375,154,335,341,342,383
132: 37,128,344,385,345,386,133,34,23,101,337,338,127,150,378
133: 37,128,345,386,132,34,352,102,23,346,112,353,101,108
134: 392,163,151,386,156,160,346,40,380,152,157,38,387
135: 5,140,28,141,39,110,302,347,348,354,355,389,25,136,340,109,301
136: 390,303,26,341,141,395,110,302,347,348,355,389,135,294,356,349
137: 138,391,351,350,357
138: 396,392,137,391,351,160,352,113,306,357,358
139: 114,140,28,162,394,354,38,161,113,353,397,398,360,359
140: 114,139,28,141,395,158,162,347,394,354,355,38,135,360
141: 140,309,395,347,348,354,355,135,136,115,356,361
142: 31,146,366,372,124,147,143,367,399
143: 363,142,147,367,399
144: 369,320,326,327,120,368,148,334,374,367,364
145: 31,122,146,337,338,330,365,371,150,378,370
146: 31,142,145,338,371,372,147,399
147: 142,146,372,143,373,40,380,152,367
148: 373,33,333,368,144,149,36,334,375,374,153,367,130
149: 376,369,148,36,334,375,374,131,154,381
150: 145,337,338,371,378,377,379,385,132
151: 163,379,128,386,34,346,134,338,372,40,380,152
152: 373,40,380,35,153,7,130,129,372,147,163,128,151,34,346,134,157
153: 373,40,380,148,36,152,374,154,130,157,388,381
154: 149,36,375,153,131,341,382,388,389,381
155: 384,379,385,391,156
156: 392,379,385,386,391,155,160,134
157: 388,39,158,38,40,380,152,153,163,134,387
158: 140,157,388,39,395,162,394,354,389,38,159
159: 390,382,388,395,158,389
160: 396,392,161,386,138,391,156,352,134,353
161: 396,392,160,353,139,162,394,38,393,397
162: 139,140,395,158,394,354,38,161,398
163: 151,134,40,380,152,157
164: 175
165: 169,166,46,190,197
166: 170,165,197,43,191,167
167: 43,44,191,192,171,170,166,197
168: 169,173,45,195
169: 165,168,174,46,196,197
170: 166,41,197,167,171
171: 48,205,198,53,167,172,170,41,176
172: 177,49,199,171
173: 168,174,178,45,203,202,50
174: 169,173,41,178,175,179,196,203,52
175: 174,41,164,180,52
176: 181,177,41,205,53,171,206,57
177: 176,182,181,172,206
178: 179,173,174,203,209,202,50
179: 178,183,174,180,211,56,203,210,52
180: 185,181,184,175,179,211,52,57
181: 176,182,185,180,177,58,206,57,212
182: 181,177,59,206,213,218
183: 184,179,211,60,216
184: 183,185,180,211,217
185: 181,180,184,211,62,57,218
186: 224,187,42,64,190,230
187: 186,225,42,65,43,191,231,188
188: 65,43,44,191,192,193,231,226,187
189: 63,64,69,190,195,229,230,236,223
190: 42,46,189,195,165,186
191: 65,43,44,192,231,167,188,166,187,42,197
192: 43,44,48,49,66,191,193,198,232,167,188
193: 44,49,67,192,233,240,188,227
194: 235,242,45,195,236,73,201
195: 45,189,190,236,168,194
196: 46,244,197,169,174,41,47,8,204,203,51,52
197: 42,46,196,165,169,170,166,41,43,191,167,47
198: 11,44,48,49,54,66,205,71,192,232,239,53,171,47
199: 49,54,240,172,200,206,207
200: 199,240,241,207
201: 208,194,242,73,202,50
202: 74,55,203,209,50,173,178,45,244,73,201
203: 74,55,56,210,202,50,51,52,173,174,178,179,196
204: 205,53,47,8,41,196,1,75,245,51,52,57,252,80
205: 48,54,198,53,171,8,204,76,246,176,14,58,206,212
206: 14,58,212,213,207,176,182,181,177,54,205,199,53
207: 206,82,54,199,247,77,200,214,248
208: 249,201,242,209,250
209: 55,215,202,250,50,178,208
210: 259,15,211,55,56,60,79,203,215,216,258,179
211: 259,56,60,210,216,217,52,184,183,179,185,180,16,57,61
212: 14,17,58,16,206,81,57,213,181,205,53
213: 14,58,59,206,253,82,212,218,219,182
214: 255,59,82,207
215: 55,56,60,83,209,210,216,250,257,258
216: 259,211,56,60,210,215,258,183,220
217: 211,184,61,221,220
218: 59,62,213,219,182,185
219: 254,59,62,261,253,86,87,260,213,218
220: 264,221,263,259,60,84,216,217
221: 264,220,84,217,265,61,222
222: 266,62,61,221
223: 224,63,64,189,229,230,275,276,269
224: 186,270,223,225,64,230,277
225: 271,88,224,187,277,65,231,226
226: 65,278,66,231,232,188,10,225,272,227
227: 272,278,67,193,233,226,279,273
228: 281,235,63,68,229,236,275,274
229: 63,64,68,69,189,230,236,275,19,276,223,228
230: 42,63,64,69,189,229,96,277,19,90,276,186,224,223
231: 65,43,191,188,226,10,187,225,42,96,277
232: 11,44,278,48,66,67,71,72,192,98,198,233,239,226,238,70,10
233: 278,49,66,67,72,193,232,93,240,234,279,227
234: 67,233,93,240,241,279,286,280
235: 228,194,281,242,68,236,243,73,22
236: 45,63,68,69,189,195,229,244,73,228,194,235
237: 9,46,69,244,96,0,291,12,1,75,245,47,51
238: 11,66,71,232,239,97,47,70,4,10,285,96,0,2,1,75,245,20
239: 11,48,54,66,71,72,98,198,232,293,97,238,70,4,285,76,246
240: 49,67,72,193,199,233,241,234,200
241: 72,240,247,77,104,234,200,295,248,286,287
242: 194,235,73,249,208,201,22
243: 68,73,291,235,74,3,78,22,94,100,290
244: 9,45,46,69,196,236,237,73,74,202,50,51
245: 9,237,0,12,1,75,47,238,70,4,8,204,76,246,13,51,252,80
246: 11,205,71,239,53,293,4,76,1,75,245,29,14,17,81,252,80
247: 54,72,241,77,104,14,103,82,207,248
248: 105,255,247,241,77,295,103,82,207
249: 256,208,242,22,250,298,297
250: 55,78,83,209,215,257,258,107,298,256,249,208
251: 259,79,84,305,258,299,307,27,265,6,30,300,85,112,108
252: 6,17,300,16,81,57,80,12,1,75,245,8,204,76,246,13,79,51
253: 29,14,254,17,109,301,261,103,81,82,86,87,260,308,213,219,110,302
254: 261,103,253,82,87,219,310,255,262,303,309,110,302,115
255: 105,310,214,248,262,254,103,82,303
256: 249,83,250,257,304
257: 83,215,305,250,258,107,256,263
258: 259,15,55,56,60,79,83,84,210,215,216,305,250,251,257,107
259: 211,56,60,79,84,210,216,251,258,16,85,61,220
260: 6,266,17,300,16,62,261,253,81,86,87,85,308,219
261: 254,266,253,86,87,260,308,219,262,267,315,309,115
262: 310,255,254,261,87
263: 264,311,220,83,84,305,257
264: 221,263,312,220,84,265
265: 84,251,307,266,30,85,264,221,312,116,313
266: 30,62,261,86,87,260,85,308,265,314,267,222,315
267: 314,315,266,261,87
268: 271,88
269: 318,317,270,223,275,276
270: 271,88,224,277,276,318,269,284
271: 88,270,225,272,277,268,18
272: 227,271,88,278,226,18,273,91
273: 321,272,227,278,279,121
274: 228,281,275,89,322
275: 63,229,276,223,228,317,269,274,117,323,89
276: 63,64,229,230,275,19,90,270,223,317,269,324
277: 64,230,96,90,2,271,88,224,270,225,65,231,10,284
278: 66,67,232,233,93,226,10,272,227,273,92,121,91
279: 67,233,93,234,227,273,280
280: 93,234,279,286,328,121
281: 228,235,68,274,282,94,89,289,99
282: 122,94,337,330,127,89,281,329,289,99,336,100,290
283: 292,332,32,123,24,324,331,95,0,19,291,90,2,20
284: 118,324,325,124,270,277,90,2,18,119,91
285: 11,71,98,239,293,97,238,70,4,10,2,92,21,339,20
286: 328,125,126,98,93,241,104,234,295,335,280,287
287: 335,296,241,295,286
288: 289,99,297
289: 99,297,343,336,281,288,22,298,282,100,290
290: 100,23,101,243,3,78,22,298,282,94,127,289,99
291: 9,68,237,243,0,19,12,3,292,94,24,95,283
292: 332,32,123,24,331,127,95,283,0,291,35,7,129,20,128,34,102,101
293: 11,71,98,239,104,97,4,285,76,246,29,103,21,339,5,26,25,294,340
294: 303,26,341,110,302,348,136,340,293,104,295,103,126,342
295: 241,104,105,248,286,126,296,287,26,294,342
296: 287,295,105
297: 289,99,343,304,249,288,298
298: 78,22,250,107,249,289,99,297,304,100,23,290,106
299: 15,13,3,79,251,107,27,6,300,102,23,112,101,108
300: 6,17,109,30,301,16,81,86,252,260,85,80,13,79,251,299,27,108
301: 6,29,17,109,300,253,81,308,5,28,110,302,347,25,135
302: 303,26,309,110,347,348,135,136,294,115,29,254,109,301,103,253,308
303: 26,309,110,302,348,136,294,115,254,103,105,310,255,356,349
304: 297,350,256,298,106,111
305: 83,84,251,257,258,107,307,311,263,112,306,106,111
306: 138,351,352,113,112,111,305,307,311,312,357,358
307: 84,305,251,265,30,312,113,112,306,108,116,313
308: 266,109,30,301,261,253,86,87,260,315,114,28,309,110,302,115
309: 303,141,110,302,355,115,254,261,87,308,310,315,356
310: 255,262,254,303,309,115,356
311: 263,312,305,306,111,357
312: 264,311,84,307,265,113,306,316,116,313
313: 359,116,307,265,30,312,314,113,114,316
314: 267,315,266,114,116,313
315: 314,267,266,261,87,308,114,309,115,361,360
316: 312,359,116,313
317: 318,269,275,276,117,118,323
318: 362,319,317,269,270,118
319: 362,318,18,363,325
320: 326,327,120,121,368,91,144,321,18,364,325
321: 273,320,327,121
322: 117,122,323,330,365,89,329,274
323: 31,117,118,122,324,330,365,89,322,275,317
324: 31,117,118,123,323,331,95,283,124,284,19,90,276
325: 363,118,124,284,362,319,18,364,119,320,91,367
326: 92,33,119,320,333,327,120,121,368,125,91,144,334
327: 328,369,320,326,120,121,368,125,144,334,321
328: 286,327,121,125,335,280
329: 370,282,122,337,330,322,336
330: 31,282,117,122,145,94,337,338,323,365,371,127,89,322,329,370
331: 292,31,332,32,123,24,338,324,372,127,95,283,124,128,34
332: 292,32,123,24,331,372,95,283,124,373,33,119,333,35,7,339,129,20
333: 373,92,33,119,326,120,148,36,334,21,374,339,130,332,32
334: 376,33,369,326,333,327,120,368,125,144,148,149,36,375,374
335: 287,376,286,328,125,126,131
336: 289,99,343,377,329,282,337
337: 282,122,145,338,330,371,127,150,378,329,370,377,336,132
338: 31,122,123,145,146,337,330,331,371,372,127,150,378,379,128,151,132,34
339: 33,333,35,21,7,130,129,20,293,97,4,285,332,32,5,25,340
340: 5,26,341,39,347,25,135,294,293,29,126,36,21,339,130
341: 390,26,348,389,136,294,340,126,36,131,154,342,349
342: 349,383,295,126,131,390,26,341,294
343: 289,99,297,336,350,384,344
344: 384,385,132,391,351,352,23,106,343,350
345: 37,128,386,132,133,34,352,102,23,346,112,353,101,108
346: 37,128,151,345,386,133,34,102,134,353,40,380,35,152,7,129,39,38
347: 5,140,28,141,39,110,302,348,354,355,389,25,135,136,340,109,301
348: 390,303,26,341,141,395,110,302,347,355,389,135,136,294,356,349
349: 356,342,390,303,341,348,136
350: 343,304,344,137,351,106,111
351: 344,137,138,391,352,112,306,106,111,350,357
352: 392,37,344,345,386,133,138,351,160,113,112,353,306
353: 392,37,161,345,133,160,352,113,102,346,112,108,139,28,38
354: 114,139,140,28,141,395,158,162,347,394,355,38,135,360
355: 140,309,141,395,347,348,354,135,136,115,356,361
356: 349,310,303,309,141,348,355,136,115
357: 358,311,137,138,351,306,111
358: 357,396,138,113,306,359
359: 360,116,313,113,139,358,397,316
360: 361,398,359,315,114,139,140,354
361: 360,315,141,355
362: 318,319,363,118,366,325
363: 325,143,362,319,364,367
364: 363,325,320,368,144
365: 31,117,122,145,323,330,366,371,322
366: 31,118,142,365,362,399
367: 373,119,368,144,148,374,363,142,325,124,147,143
368: 369,320,326,327,120,144,148,334,374,367,364
369: 327,368,144,149,334,375
370: 329,122,145,337,330,371,377
371: 31,122,145,146,337,338,330,365,150,378,370
372: 31,332,32,123,142,146,338,331,124,147,373,40,380,152,128,151,34
373: 40,33,119,333,380,148,35,152,374,153,7,367,130,129,332,32,372,147
374: 373,33,333,368,144,148,149,36,334,375,153,367,130
375: 376,369,148,149,36,334,374,131,154,381
376: 149,334,375,131,335,383
377: 336,370,337,150,378,384
378: 145,337,338,371,150,377,379,385,132
379: 151,385,386,155,156,338,150,378
380: 373,40,35,152,153,7,130,129,372,147,163,128,151,34,346,134,157
381: 149,375,153,154,388
382: 388,159,154,383
383: 342,376,131,390,382
384: 344,385,155,343,377
385: 384,379,344,386,132,391,155,156,150,378
386: 392,379,37,128,151,385,345,132,133,391,156,160,34,352,346,134
387: 134,157,393
388: 382,157,158,389,159,153,154,381
389: 390,341,388,395,158,347,348,159,135,136,154
390: 341,348,389,159,136,342,349,383
391: 392,344,385,386,137,138,351,155,156,160
392: 396,161,386,138,391,156,160,352,134,353
393: 161,397,387
394: 139,140,395,158,162,354,38,161,398
395: 140,141,158,162,348,394,354,355,389,159,136
396: 392,161,138,160,358,397
397: 396,161,139,393,398,359
398: 360,139,162,394,397
399: 142,146,366,143