0: 7,35,129,339,2,3,20,23,96,101,284,291,4,24,102,292,1,13,75,245,25,108,293,5,28,6,103,300
1: 8,13,14,16,52,75,76,80,204,245,246,252,10,70,238,12,74,244,0,4,24,102,292
2: 32,124,332,20,96,284,0,4,24,102,292,19,95,283,10,70,238,18,21,91,97,277,285
3: 23,101,291,0,4,24,102,292,34,128,338,19,95,283,22,100,290,12,74,244,27,107,299
4: 7,35,129,339,2,3,20,23,96,101,284,291,0,24,102,292,1,13,75,245,25,108,293,5,28,6,103,300
5: 25,293,103,21,97,285,14,76,246,26,29,104,109,294,301,0,4,24,102,292,36,130,340
6: 108,28,300,27,107,299,16,80,252,29,30,109,113,307,301,0,4,24,102,292,346,134,38
7: 32,124,332,35,129,339,0,4,24,102,292,34,128,338,380,152,40,36,130,340,346,134,38
8: 1,13,52,53,57,75,204,205,211,245,41,175,47,197,51,203
9: 46,64,68,69,196,230,236,237,19,95,283,10,70,238,12,74,244
10: 11,47,65,70,71,197,231,238,239,9,69,237,1,13,75,245,2,20,96,284
11: 10,48,66,70,71,72,198,232,238,239,240,21,97,285,14,76,246
12: 15,51,73,74,79,203,243,244,251,9,69,237,1,13,75,245,3,23,101,291
13: 1,8,14,16,52,75,76,80,204,245,246,252,10,70,238,12,74,244,0,4,24,102,292
14: 1,13,17,53,75,76,77,81,205,245,246,247,253,11,71,239,25,293,5,103
15: 12,56,74,78,79,84,210,244,250,251,258,27,107,299,16,80,252
16: 1,13,17,57,75,80,81,85,211,245,252,253,259,15,79,251,108,28,6,300
17: 14,16,58,76,80,81,82,86,212,246,252,253,254,260,29,109,301
18: 65,231,91,92,277,278,88,271,90,276,119,325,2,20,96,284
19: 9,69,237,94,95,282,283,90,276,31,123,331,2,3,20,23,96,101,284,291
20: 32,124,332,2,96,284,0,4,24,102,292,19,95,283,10,70,238,18,21,91,97,277,285
21: 11,71,239,92,97,98,278,285,286,2,20,96,284,33,333,125,25,293,5,103
22: 94,282,100,290,73,243,289,106,298,99,127,337,3,23,101,291
23: 3,101,291,0,4,24,102,292,34,128,338,19,95,283,22,100,290,12,74,244,27,107,299
24: 7,35,129,339,2,3,20,23,96,101,284,291,0,4,102,292,1,13,75,245,25,108,293,5,28,6,103,300
25: 293,5,103,21,97,285,14,76,246,26,29,104,109,294,301,0,4,24,102,292,36,130,340
26: 77,247,295,105,104,110,294,302,98,286,25,293,5,341,131,103
27: 15,79,251,106,107,112,298,299,306,3,23,101,291,37,345,133,108,28,6,300
28: 108,6,300,27,107,299,16,80,252,29,30,109,113,307,301,0,4,24,102,292,346,134,38
29: 17,81,253,308,109,110,114,302,301,25,108,39,293,5,28,347,6,103,135,300
30: 85,259,116,313,308,113,114,307,112,306,108,28,6,139,353,300
31: 32,118,122,123,146,124,324,330,331,372,332,34,128,338,19,95,283
32: 31,123,124,119,331,332,325,7,35,129,339,2,20,96,284,373,33,333,125,147
33: 326,333,120,125,126,148,334,374,36,130,340,21,97,285,32,124,332
34: 31,379,123,151,331,127,337,7,35,129,339,3,23,101,291,128,338,37,345,133
35: 32,124,332,7,129,339,0,4,24,102,292,34,128,338,380,152,40,36,130,340,346,134,38
36: 33,333,125,153,381,130,340,7,35,129,339,25,39,293,5,341,347,131,103,135
37: 346,344,345,386,134,132,133,138,156,38,352,27,107,299,34,128,338
38: 346,37,345,134,133,7,35,129,339,387,108,39,28,347,6,135,139,353,300,157
39: 388,347,348,354,135,136,140,158,29,109,301,36,130,340,346,134,38
40: 373,147,380,152,153,381,163,379,151,7,35,129,339,387,157
41: 8,52,204,175,176,180,164,170,174
42: 46,64,189,190,196,230,165,186,43,191
43: 44,47,65,191,192,197,231,166,187,42,190
44: 43,48,66,191,192,193,198,232,167,188
45: 46,68,189,195,196,236,168,194,50,202
46: 9,42,45,69,190,195,196,237,169,47,197,51,203
47: 10,43,48,70,191,197,198,238,170,46,196,8,52,204
48: 11,44,47,49,71,192,197,198,199,239,171,53,205
49: 48,72,193,198,199,240,172,200,54,206
50: 51,55,73,202,203,209,243,173,201,45,195
51: 12,50,56,74,202,203,210,244,174,46,196,8,52,204
52: 1,8,13,53,57,75,204,205,211,245,41,175,47,197,51,203
53: 8,14,52,54,58,76,204,205,206,212,246,176,48,198
54: 53,59,77,205,206,213,247,177,207,49,199
55: 50,56,78,202,209,210,215,250,178,208
56: 15,51,55,60,79,203,209,210,216,251,179,57,211
57: 8,16,52,58,61,80,204,211,212,217,252,180,56,210
58: 17,53,57,59,62,81,205,211,212,213,218,253,181
59: 54,58,82,206,212,213,219,254,182,214
60: 56,84,210,215,216,258,183,220,61,217
61: 57,62,85,211,217,218,259,184,221,60,216
62: 58,61,86,212,217,218,219,260,185,222
63: 64,68,189,229,230,236,223,228,89,275
64: 9,42,63,69,190,229,230,237,224,90,276,65,231
65: 10,43,66,70,191,231,232,238,225,18,91,277,64,230
66: 11,44,65,67,71,192,231,232,233,239,226,92,278
67: 66,72,193,232,233,240,227,234,279,93
68: 9,45,63,69,195,229,236,237,235,94,282,73,243
69: 9,46,64,68,196,230,236,237,19,95,283,10,70,238,12,74,244
70: 10,11,47,65,71,197,231,238,239,9,69,237,1,13,75,245,2,20,96,284
71: 10,11,48,66,70,72,198,232,238,239,240,21,97,285,14,76,246
72: 11,49,67,71,199,233,239,240,241,98,286,77,247
73: 12,50,74,78,202,243,244,250,242,68,236,22,100,290
74: 12,15,51,73,79,203,243,244,251,9,69,237,1,13,75,245,3,23,101,291
75: 1,8,13,14,16,52,76,80,204,245,246,252,10,70,238,12,74,244,0,4,24,102,292
76: 1,13,14,17,53,75,77,81,205,245,246,247,253,11,71,239,25,293,5,103
77: 14,54,76,82,206,246,247,254,248,26,104,294,72,240
78: 15,55,73,79,83,209,243,250,251,257,249,106,298
79: 12,15,56,74,78,84,210,244,250,251,258,27,107,299,16,80,252
80: 1,13,16,17,57,75,81,85,211,245,252,253,259,15,79,251,108,28,6,300
81: 14,16,17,58,76,80,82,86,212,246,252,253,254,260,29,109,301
82: 17,59,77,81,87,213,247,253,254,261,255,110,302
83: 78,84,215,250,257,258,256,263,111,305
84: 15,60,79,83,216,251,257,258,264,112,306,85,259
85: 16,61,80,86,217,252,259,260,265,30,113,307,84,258
86: 17,62,81,85,87,218,253,259,260,261,266,308,114
87: 82,86,219,254,260,261,262,267,115,309
88: 225,18,91,277,271,272,268,270,319
89: 63,229,94,282,90,275,276,269,274,117,323
90: 64,230,19,95,283,89,275,276,270,18,91,277,118,324
91: 65,231,18,92,277,278,88,271,90,276,119,325,2,20,96,284
92: 66,232,18,279,21,91,97,277,278,285,93,272,326,120
93: 67,233,273,279,92,280,98,278,286,327,121
94: 68,236,19,95,282,283,89,275,281,22,100,290,122,330
95: 9,69,237,19,94,282,283,90,276,31,123,331,2,3,20,23,96,101,284,291
96: 32,124,332,2,20,284,0,4,24,102,292,19,95,283,10,70,238,18,21,91,97,277,285
97: 11,71,239,21,92,98,278,285,286,2,20,96,284,33,333,125,25,293,5,103
98: 72,240,279,21,97,287,285,286,93,26,104,294,126,334
99: 242,297,289,281,22,100,290,288,336
100: 94,282,22,290,73,243,289,106,298,99,127,337,3,23,101,291
101: 3,23,291,0,4,24,102,292,34,128,338,19,95,283,22,100,290,12,74,244,27,107,299
102: 7,35,129,339,2,3,20,23,96,101,284,291,0,4,24,292,1,13,75,245,25,108,293,5,28,6,103,300
103: 25,293,5,21,97,285,14,76,246,26,29,104,109,294,301,0,4,24,102,292,36,130,340
104: 77,247,295,26,105,110,294,302,98,286,25,293,5,341,131,103
105: 248,303,295,26,104,294,287,296,342
106: 78,250,297,27,107,111,305,298,299,22,100,290,344,132
107: 15,79,251,27,106,112,298,299,306,3,23,101,291,37,345,133,108,28,6,300
108: 28,6,300,27,107,299,16,80,252,29,30,109,113,307,301,0,4,24,102,292,346,134,38
109: 17,81,253,29,308,110,114,302,301,25,108,39,293,5,28,347,6,103,135,300
110: 82,254,303,26,115,29,104,109,309,294,302,301,348,136
111: 83,257,311,304,106,112,305,298,306,137,351
112: 84,258,27,312,107,111,305,299,306,30,113,307,138,352
113: 85,259,116,30,313,308,114,307,112,306,108,28,6,139,353,300
114: 86,260,314,115,29,30,308,109,113,309,307,301,354,140
115: 87,261,315,310,308,110,114,309,302,355,141
116: 265,314,30,313,113,307,312,316,359
117: 118,122,323,324,330,365,317,322,89,275
118: 31,117,123,142,119,323,324,331,366,325,318,90,276
119: 32,118,124,324,332,325,319,18,91,277,326,120,143,367
120: 33,320,326,333,327,121,368,125,144,92,278,119,325
121: 328,321,369,326,327,120,126,334,279,93
122: 31,117,123,145,323,330,331,371,329,127,337,94,282
123: 31,32,118,122,146,124,324,330,331,372,332,34,128,338,19,95,283
124: 31,32,123,119,331,332,325,7,35,129,339,2,20,96,284,373,33,333,125,147
125: 33,326,333,120,126,148,334,374,36,130,340,21,97,285,32,124,332
126: 335,33,333,327,121,125,149,334,375,98,286,341,131
127: 122,150,330,378,337,336,34,128,338,22,100,290,344,132
128: 31,379,123,151,331,127,337,7,35,129,339,3,23,101,291,34,338,37,345,133
129: 32,124,332,7,35,339,0,4,24,102,292,34,128,338,380,152,40,36,130,340,346,134,38
130: 33,333,125,153,381,36,340,7,35,129,339,25,39,293,5,341,347,131,103,135
131: 342,341,348,136,26,104,294,126,334,154,382,36,130,340
132: 37,343,344,385,345,133,137,351,155,106,298,127,337
133: 346,37,344,345,386,134,132,138,156,38,352,27,107,299,34,128,338
134: 346,37,345,133,38,7,35,129,339,387,108,39,28,347,6,135,139,353,300,157
135: 388,39,347,348,354,136,140,158,29,109,301,36,130,340,346,134,38
136: 349,39,341,347,348,355,389,131,135,141,159,110,302
137: 357,350,344,132,138,391,351,352,111,305
138: 392,358,37,345,133,137,351,160,352,112,306,139,353
139: 359,354,140,353,393,161,30,113,307,346,134,138,38,352
140: 360,39,347,394,354,355,135,139,141,353,162,308,114
141: 361,356,395,348,354,355,136,140,115,309
142: 399,362,118,146,324,365,366,372,143,367
143: 363,373,368,144,147,367,142,119,366,325
144: 364,369,326,120,368,143,148,367,374
145: 370,122,146,150,330,365,371,372,378
146: 31,379,123,142,145,151,331,366,371,372,373,147
147: 373,143,148,380,367,152,40,374,32,146,124,372,332
148: 373,33,333,368,125,144,147,149,375,374,153,381
149: 376,369,126,148,334,375,374,154,382
150: 379,145,151,371,378,127,337,377,385,155
151: 379,146,150,372,378,34,128,338,380,152,40,386,156
152: 373,147,380,40,153,381,163,379,151,7,35,129,339,387,157
153: 148,380,152,40,374,381,154,382,36,130,340,388,158
154: 149,375,153,381,382,383,341,389,131,159
155: 384,344,385,386,132,391,156,150,378
156: 392,37,385,345,386,133,155,160,379,151,387,157
157: 387,388,393,158,161,380,152,40,346,386,134,156,38
158: 387,388,39,347,394,389,135,157,159,162,153,381
159: 390,388,395,348,389,136,158,154,382
160: 396,392,386,138,391,156,352,393,161
161: 397,387,394,139,353,393,157,162,392,160
162: 398,388,395,394,354,140,393,158,161
163: 380,152,40
164: 41,175
165: 42,190,169,166
166: 43,191,167,170,165
167: 44,192,166,171
168: 45,195,169,173
169: 46,196,165,168,170,174
170: 47,197,166,171,169,41,175
171: 48,198,167,170,172,176
172: 49,199,171,177
173: 50,202,174,178,168
174: 51,203,173,179,169,41,175
175: 8,52,204,41,176,180,164,170,174
176: 53,205,41,175,177,181,171
177: 54,206,176,182,172
178: 55,209,173,179
179: 56,210,174,178,183,180
180: 57,211,41,175,181,184,179
181: 58,212,176,180,182,185
182: 59,213,177,181
183: 60,216,179,184
184: 61,217,180,185,183
185: 62,218,181,184
186: 42,190,224,187
187: 43,191,188,225,186
188: 44,192,187,226
189: 42,45,63,190,195,229
190: 42,46,64,189,196,230,165,186,43,191
191: 43,44,47,65,192,197,231,166,187,42,190
192: 43,44,48,66,191,193,198,232,167,188
193: 44,49,67,192,199,233
194: 45,195,235,201
195: 45,46,68,189,196,236,168,194,50,202
196: 9,42,45,46,69,190,195,237,169,47,197,51,203
197: 10,43,47,48,70,191,198,238,170,46,196,8,52,204
198: 11,44,47,48,49,71,192,197,199,239,171,53,205
199: 48,49,72,193,198,240,172,200,54,206
200: 49,199,241,207
201: 50,202,208,242,194
202: 50,51,55,73,203,209,243,173,201,45,195
203: 12,50,51,56,74,202,210,244,174,46,196,8,52,204
204: 1,8,13,52,53,57,75,205,211,245,41,175,47,197,51,203
205: 8,14,52,53,54,58,76,204,206,212,246,176,48,198
206: 53,54,59,77,205,213,247,177,207,49,199
207: 54,206,214,248,200
208: 55,209,201,249
209: 50,55,56,78,202,210,215,250,178,208
210: 15,51,55,56,60,79,203,209,216,251,179,57,211
211: 8,16,52,57,58,61,80,204,212,217,252,180,56,210
212: 17,53,57,58,59,62,81,205,211,213,218,253,181
213: 54,58,59,82,206,212,219,254,182,214
214: 59,213,207,255
215: 55,60,83,209,216,257
216: 56,60,84,210,215,258,183,220,61,217
217: 57,61,62,85,211,218,259,184,221,60,216
218: 58,61,62,86,212,217,219,260,185,222
219: 59,62,87,213,218,261
220: 60,216,264,221
221: 61,217,222,265,220
222: 62,218,221,266
223: 63,229,224,269
224: 64,230,186,223,270,225
225: 65,231,187,226,88,271,224
226: 66,232,188,225,227,272
227: 67,233,226,273
228: 63,229,235,274
229: 63,64,68,189,230,236,223,228,89,275
230: 9,42,63,64,69,190,229,237,224,90,276,65,231
231: 10,43,65,66,70,191,232,238,225,18,91,277,64,230
232: 11,44,65,66,67,71,192,231,233,239,226,92,278
233: 66,67,72,193,232,240,227,234,279,93
234: 67,233,241,280
235: 68,236,194,228,281,242
236: 9,45,63,68,69,195,229,237,235,94,282,73,243
237: 9,46,64,68,69,196,230,236,19,95,283,10,70,238,12,74,244
238: 10,11,47,65,70,71,197,231,239,9,69,237,1,13,75,245,2,20,96,284
239: 10,11,48,66,70,71,72,198,232,238,240,21,97,285,14,76,246
240: 11,49,67,71,72,199,233,239,241,98,286,77,247
241: 72,240,200,234,287,248
242: 73,243,201,249,289,99,235
243: 12,50,73,74,78,202,244,250,242,68,236,22,100,290
244: 12,15,51,73,74,79,203,243,251,9,69,237,1,13,75,245,3,23,101,291
245: 1,8,13,14,16,52,75,76,80,204,246,252,10,70,238,12,74,244,0,4,24,102,292
246: 1,13,14,17,53,75,76,77,81,205,245,247,253,11,71,239,25,293,5,103
247: 14,54,76,77,82,206,246,254,248,26,104,294,72,240
248: 77,247,207,255,295,105,241
249: 78,250,208,242,256,297
250: 15,55,73,78,79,83,209,243,251,257,249,106,298
251: 12,15,56,74,78,79,84,210,244,250,258,27,107,299,16,80,252
252: 1,13,16,17,57,75,80,81,85,211,245,253,259,15,79,251,108,28,6,300
253: 14,16,17,58,76,80,81,82,86,212,246,252,254,260,29,109,301
254: 17,59,77,81,82,87,213,247,253,261,255,110,302
255: 82,254,214,248,262,303
256: 83,257,249,304
257: 78,83,84,215,250,258,256,263,111,305
258: 15,60,79,83,84,216,251,257,264,112,306,85,259
259: 16,61,80,85,86,217,252,260,265,30,113,307,84,258
260: 17,62,81,85,86,87,218,253,259,261,266,308,114
261: 82,86,87,219,254,260,262,267,115,309
262: 87,261,255,310
263: 83,257,264,311
264: 84,258,220,263,312,265
265: 85,259,221,266,116,313,264
266: 86,260,222,265,267,314
267: 87,261,266,315
268: 88,271
269: 223,89,275,270,317
270: 224,90,276,269,88,271,318
271: 225,18,91,277,88,272,268,270,319
272: 226,273,92,278,88,271,320
273: 227,279,93,272,321
274: 228,89,275,281,322
275: 63,229,94,282,89,90,276,269,274,117,323
276: 64,230,19,95,283,89,90,275,270,18,91,277,118,324
277: 65,231,18,91,92,278,88,271,90,276,119,325,2,20,96,284
278: 66,232,18,279,21,91,92,97,277,285,93,272,326,120
279: 67,233,273,92,280,98,278,286,93,327,121
280: 234,279,287,93,328
281: 235,94,282,274,289,99,329
282: 68,236,19,94,95,283,89,275,281,22,100,290,122,330
283: 9,69,237,19,94,95,282,90,276,31,123,331,2,3,20,23,96,101,284,291
284: 32,124,332,2,20,96,0,4,24,102,292,19,95,283,10,70,238,18,21,91,97,277,285
285: 11,71,239,21,92,97,98,278,286,2,20,96,284,33,333,125,25,293,5,103
286: 72,240,279,21,97,98,287,285,93,26,104,294,126,334
287: 241,280,98,286,295,105,335
288: 289,99
289: 242,297,99,281,22,100,290,288,336
290: 94,282,22,100,73,243,289,106,298,99,127,337,3,23,101,291
291: 3,23,101,0,4,24,102,292,34,128,338,19,95,283,22,100,290,12,74,244,27,107,299
292: 7,35,129,339,2,3,20,23,96,101,284,291,0,4,24,102,1,13,75,245,25,108,293,5,28,6,103,300
293: 25,5,103,21,97,285,14,76,246,26,29,104,109,294,301,0,4,24,102,292,36,130,340
294: 77,247,295,26,105,104,110,302,98,286,25,293,5,341,131,103
295: 248,303,26,105,104,294,287,296,342
296: 295,105
297: 249,304,289,106,298,99,343
298: 78,250,297,27,106,107,111,305,299,22,100,290,344,132
299: 15,79,251,27,106,107,112,298,306,3,23,101,291,37,345,133,108,28,6,300
300: 108,28,6,27,107,299,16,80,252,29,30,109,113,307,301,0,4,24,102,292,346,134,38
301: 17,81,253,29,308,109,110,114,302,25,108,39,293,5,28,347,6,103,135,300
302: 82,254,303,26,115,29,104,109,110,309,294,301,348,136
303: 255,310,295,105,110,302,349
304: 256,297,111,305,350
305: 83,257,311,304,106,112,111,298,306,137,351
306: 84,258,27,312,107,112,111,305,299,30,113,307,138,352
307: 85,259,116,30,313,308,113,114,112,306,108,28,6,139,353,300
308: 86,260,314,115,29,30,109,113,114,309,307,301,354,140
309: 87,261,315,310,115,308,110,114,302,355,141
310: 262,303,115,309,356
311: 263,312,111,305,357
312: 264,311,112,306,116,313,358
313: 265,314,116,30,113,307,312,316,359
314: 266,315,116,313,308,114,360
315: 267,314,115,309,361
316: 116,313
317: 117,323,318,269
318: 362,118,324,317,319,270
319: 119,325,318,88,271,363,320
320: 364,321,326,120,272,319
321: 320,327,121,273
322: 117,323,329,274
323: 117,118,122,324,330,365,317,322,89,275
324: 31,117,118,123,142,119,323,331,366,325,318,90,276
325: 32,118,124,119,324,332,319,18,91,277,326,120,143,367
326: 33,320,333,327,120,121,368,125,144,92,278,119,325
327: 328,321,369,326,120,121,126,334,279,93
328: 335,327,121,280
329: 370,122,330,322,336,281
330: 31,117,122,123,145,323,331,371,329,127,337,94,282
331: 31,32,118,122,123,146,124,324,330,372,332,34,128,338,19,95,283
332: 31,32,123,124,119,331,325,7,35,129,339,2,20,96,284,373,33,333,125,147
333: 33,326,120,125,126,148,334,374,36,130,340,21,97,285,32,124,332
334: 335,33,333,327,121,125,126,149,375,98,286,341,131
335: 376,328,126,334,287,342
336: 329,127,337,377,289,99,343
337: 122,150,330,378,127,336,34,128,338,22,100,290,344,132
338: 31,379,123,151,331,127,337,7,35,129,339,3,23,101,291,34,128,37,345,133
339: 32,124,332,7,35,129,0,4,24,102,292,34,128,338,380,152,40,36,130,340,346,134,38
340: 33,333,125,153,381,36,130,7,35,129,339,25,39,293,5,341,347,131,103,135
341: 342,348,131,136,26,104,294,126,334,154,382,36,130,340
342: 383,349,341,131,295,105,335
343: 384,350,344,132,297,336
344: 37,343,385,345,132,133,137,351,155,106,298,127,337
345: 346,37,344,386,134,132,133,138,156,38,352,27,107,299,34,128,338
346: 37,345,134,133,38,7,35,129,339,387,108,39,28,347,6,135,139,353,300,157
347: 388,39,348,354,135,136,140,158,29,109,301,36,130,340,346,134,38
348: 349,39,341,347,355,389,131,135,136,141,159,110,302
349: 390,356,342,348,136,303
350: 343,137,351,304
351: 357,350,344,132,137,138,391,352,111,305
352: 392,358,37,345,133,137,138,351,160,112,306,139,353
353: 359,354,139,140,393,161,30,113,307,346,134,138,38,352
354: 360,39,347,394,355,135,139,140,141,353,162,308,114
355: 361,356,395,348,354,136,140,141,115,309
356: 349,355,141,310
357: 358,137,351,311
358: 396,357,138,352,312,359
359: 397,360,139,353,116,313,358
360: 398,361,359,354,140,314
361: 360,355,141,315
362: 142,366,318,363
363: 364,143,367,362,319
364: 363,320,368,144
365: 117,142,145,323,366,371
366: 399,362,118,142,146,324,365,372,143,367
367: 363,373,368,143,144,147,142,119,366,325
368: 364,369,326,120,143,144,148,367,374
369: 327,121,368,144,149,375
370: 145,371,329,377
371: 370,122,145,146,150,330,365,372,378
372: 31,379,123,142,145,146,151,331,366,371,373,147
373: 143,147,148,380,367,152,40,374,32,146,124,372,332
374: 373,33,333,368,125,144,147,148,149,375,153,381
375: 376,369,126,148,149,334,374,154,382
376: 335,149,375,383
377: 370,150,378,336,384
378: 379,145,150,151,371,127,337,377,385,155
379: 146,150,151,372,378,34,128,338,380,152,40,386,156
380: 373,147,152,40,153,381,163,379,151,7,35,129,339,387,157
381: 148,380,152,40,374,153,154,382,36,130,340,388,158
382: 149,375,153,381,154,383,341,389,131,159
383: 390,342,376,154,382
384: 343,385,155,377
385: 384,344,386,132,391,155,156,150,378
386: 392,37,385,345,133,155,156,160,379,151,387,157
387: 388,393,157,158,161,380,152,40,346,386,134,156,38
388: 387,39,347,394,389,135,157,158,159,162,153,381
389: 390,388,395,348,136,158,159,154,382
390: 383,349,389,159
391: 392,385,137,351,155,160
392: 396,386,138,391,156,160,352,393,161
393: 397,387,394,139,353,157,161,162,392,160
394: 398,388,395,354,140,393,158,161,162
395: 394,355,389,141,159,162
396: 392,358,160,397
397: 398,359,393,161,396
398: 397,360,394,162
399: 142,366