0: 6,28,4,300,108,24,102,292,1,75,245,13,3,291,23,101,7,35,129,339,284,20,2,5,25,103,293
1: 246,75,245,13,14,76,10,70,238,8,12,74,244,52,204,252,16,80,284,20,2,4,24,102,292,0
2: 284,20,19,95,283,96,1,75,21,245,97,13,285,10,70,238,124,332,32,7,35,129,339,4,24,102,292,0,5,25,103,293
3: 290,34,22,338,128,100,291,23,101,19,12,95,74,283,244,4,27,299,107,24,102,292,0
4: 6,28,300,108,24,102,292,0,1,75,245,13,3,291,23,101,7,35,129,339,284,20,2,5,25,103,293
5: 130,36,340,25,103,293,246,21,97,285,14,76,301,29,109,294,104,26,284,20,2,4,24,102,292,0
6: 28,4,27,299,107,300,108,24,102,292,353,0,307,113,30,301,29,109,252,16,80,346,38,134
7: 34,338,124,128,332,32,35,129,339,284,20,2,380,152,40,4,24,102,292,0,346,130,36,340,38,134
8: 52,204,41,1,197,75,245,13,53,205,47,10,70,238,203,51,57
9: 42,46,64,68,69,196,230,236,237,19,12,95,74,283,244,10,70,238
10: 11,1,71,197,239,75,245,13,65,231,47,70,238,9,69,237,8,52,204,96,284,20,2
11: 48,66,71,72,198,246,232,239,240,21,97,285,14,76,10,70,238
12: 9,69,237,74,73,243,244,1,75,245,13,15,79,203,251,51,3,291,23,101
13: 1,246,75,245,14,76,10,70,238,8,12,74,244,52,204,252,16,80,284,20,2,4,24,102,292,0
14: 11,1,71,246,239,75,245,13,53,205,76,17,247,81,77,253,5,25,103,293
15: 56,78,79,210,250,251,258,12,74,244,252,16,80,27,299,107
16: 17,81,252,85,253,259,80,1,75,245,13,15,79,251,211,6,28,300,108
17: 301,29,58,109,81,82,86,252,212,253,254,260,16,80,246,14,76
18: 119,278,92,325,91,277,276,90,96,88,271,65,231
19: 9,69,237,95,283,276,90,96,31,123,331,282,94,3,291,23,101,284,20,2
20: 284,2,19,95,283,96,1,75,21,245,97,13,285,10,70,238,124,332,32,7,35,129,339,4,24,102,292,0,5,25,103,293
21: 11,286,71,98,239,97,285,96,33,333,125,278,284,20,2,92,5,25,103,293
22: 290,337,127,282,289,99,94,100,3,291,23,101,73,243,106,298
23: 290,34,22,338,128,100,3,291,101,19,12,95,74,283,244,4,27,299,107,24,102,292,0
24: 6,28,4,300,108,102,292,0,1,75,245,13,3,291,23,101,7,35,129,339,284,20,2,5,25,103,293
25: 130,36,340,5,103,293,246,21,97,285,14,76,301,29,109,294,104,26,284,20,2,4,24,102,292,0
26: 126,294,104,286,98,247,110,77,302,341,131,5,25,103,293,105,295
27: 37,345,133,6,28,112,306,299,107,300,108,15,79,251,106,298,3,291,23,101
28: 6,4,27,299,107,300,108,24,102,292,353,0,307,113,30,301,29,109,252,16,80,346,38,134
29: 301,17,109,81,110,302,253,6,28,300,108,114,308,39,347,135,5,25,103,293
30: 307,84,113,85,259,6,28,112,306,300,108,353,139,114,308,313,116
31: 34,118,122,123,142,146,338,324,330,331,372,124,128,332,32,19,95,283
32: 31,123,331,124,332,7,35,129,339,96,373,33,333,125,119,284,20,2,325,147
33: 326,333,120,125,148,334,374,21,97,285,124,332,32,130,36,340
34: 31,123,337,338,331,127,128,3,291,23,101,7,35,129,339,379,37,345,133,151
35: 34,338,124,128,332,32,7,129,339,284,20,2,380,152,40,4,24,102,292,0,346,130,36,340,38,134
36: 341,131,39,130,347,135,340,5,25,103,293,7,35,129,339,33,333,125,153,381
37: 344,385,345,386,132,133,138,351,156,352,27,299,107,353,34,338,128,346,38,134
38: 139,346,39,347,135,134,7,35,129,339,37,345,133,6,28,387,157,300,108,353
39: 346,388,158,130,347,348,354,389,135,136,140,36,340,38,134,301,29,109
40: 379,380,163,152,387,157,151,7,35,129,339,373,153,381,147
41: 197,170,176,53,205,47,180,175,8,174,52,204,203,51,57
42: 9,46,64,69,190,196,230,237,43,191,197,65,231,47
43: 44,191,192,197,166,187,65,231,47,42
44: 43,48,66,191,192,193,198,232,167,188
45: 46,68,189,195,196,236,168,194,50,202
46: 9,42,45,69,195,196,237,169,197,47,203,51
47: 41,43,48,191,198,197,170,10,70,238,42,46,196,8,52,204
48: 11,44,49,71,192,198,199,197,239,171,53,205,47
49: 48,72,193,198,199,240,172,200,54,206
50: 173,55,203,209,51,201,202,45,195,73,243
51: 56,203,210,50,202,46,196,8,12,74,244,174,52,204,41,57
52: 8,204,41,1,197,75,245,13,53,205,47,10,70,238,203,51,57
53: 41,48,198,246,176,14,205,54,76,206,8,52,204,58,212
54: 49,177,199,207,53,205,206,59,247,77,213
55: 56,78,209,210,215,250,178,208,50,202
56: 15,55,60,79,203,209,210,216,251,258,179,51,211,57
57: 181,58,212,180,8,52,204,41,56,203,210,179,51,211
58: 181,17,59,62,81,212,213,218,253,57,53,205,211
59: 214,58,82,212,213,219,182,254,54,206
60: 56,210,215,216,258,183,220,211,61,217
61: 62,85,218,259,217,60,184,216,211,221
62: 58,222,86,212,185,218,219,260,61,217,211
63: 64,68,189,229,230,236,223,228,89,275
64: 9,42,63,69,229,230,237,224,276,90,65,231
65: 43,66,191,232,225,231,10,70,238,42,64,230,96,18,91,277
66: 11,44,67,71,192,232,233,239,226,65,231,278,92
67: 66,72,193,232,233,240,227,234,279,93
68: 9,45,63,69,195,229,236,237,235,73,243,282,94
69: 9,42,46,64,68,196,230,236,237,19,12,95,74,283,244,10,70,238
70: 11,1,71,197,239,75,245,13,65,231,47,10,238,9,69,237,8,52,204,96,284,20,2
71: 11,48,66,72,198,246,232,239,240,21,97,285,14,76,10,70,238
72: 11,49,286,67,71,98,199,233,239,240,241,247,77
73: 68,236,12,74,243,242,244,78,250,50,202,290,22,100
74: 9,69,237,12,73,243,244,1,75,245,13,15,79,203,251,51,3,291,23,101
75: 1,246,245,13,14,76,10,70,238,8,12,74,244,52,204,252,16,80,284,20,2,4,24,102,292,0
76: 11,1,71,246,239,75,245,13,14,53,205,17,247,81,77,253,5,25,103,293
77: 248,247,82,254,72,246,240,14,54,76,206,294,104,26
78: 15,55,79,83,209,250,251,257,258,249,106,298,73,243
79: 15,56,78,210,250,251,258,12,74,244,252,16,80,27,299,107
80: 17,81,252,85,253,259,16,1,75,245,13,15,79,251,211,6,28,300,108
81: 301,29,17,58,109,82,86,252,212,253,254,260,16,80,246,14,76
82: 17,255,59,247,81,87,110,77,213,302,261,253,254
83: 111,78,215,305,250,257,258,256,263
84: 307,265,113,258,312,30,85,259,264,112,306
85: 86,252,260,259,16,61,80,217,307,265,84,113,30,211
86: 266,17,62,81,87,85,218,261,253,260,259,114,308
87: 267,115,262,82,309,86,219,261,254,260
88: 270,271,268,225,319,272,18,91,277
89: 63,229,275,276,269,90,117,323,282,274,94
90: 64,230,270,19,95,283,89,275,276,96,118,324,18,91,277
91: 119,278,92,325,18,277,276,90,96,88,271,65,231
92: 326,120,272,278,18,91,277,96,66,232,279,21,97,93,285
93: 286,67,98,233,273,279,280,327,121,278,92
94: 290,122,22,330,282,100,281,68,236,19,95,283,89,275
95: 9,69,237,19,283,276,90,96,31,123,331,282,94,3,291,23,101,284,20,2
96: 19,95,283,276,90,21,97,285,65,231,10,70,238,124,332,32,278,284,20,2,92,18,91,277
97: 11,286,71,98,239,21,285,96,33,333,125,278,284,20,2,92,5,25,103,293
98: 286,72,240,279,21,97,93,285,126,294,104,26,287
99: 290,336,22,289,100,281,242,297,288
100: 290,22,337,127,282,289,99,94,3,291,23,101,73,243,106,298
101: 290,34,22,338,128,100,3,291,23,19,12,95,74,283,244,4,27,299,107,24,102,292,0
102: 6,28,4,300,108,24,292,0,1,75,245,13,3,291,23,101,7,35,129,339,284,20,2,5,25,103,293
103: 130,36,340,5,25,293,246,21,97,285,14,76,301,29,109,294,104,26,284,20,2,4,24,102,292,0
104: 126,294,26,286,98,247,110,77,302,341,131,5,25,103,293,105,295
105: 295,303,248,294,104,26,287,342,296
106: 111,78,305,250,297,298,290,22,100,344,132,351,27,299,107
107: 37,345,133,6,28,27,112,306,299,300,108,15,79,251,106,298,3,291,23,101
108: 6,28,4,27,299,107,300,24,102,292,353,0,307,113,30,301,29,109,252,16,80,346,38,134
109: 301,29,17,81,110,302,253,6,28,300,108,114,308,39,347,135,5,25,103,293
110: 301,29,115,303,109,82,309,302,254,294,104,26,348,136
111: 83,304,305,257,311,106,298,351,112,306
112: 138,351,352,27,306,299,107,353,307,111,84,305,113,312,30
113: 307,84,30,85,259,6,28,112,306,300,108,353,139,114,308,313,116
114: 139,314,308,354,140,307,113,30,301,29,115,109,309,86,260
115: 309,87,110,302,261,315,310,114,308,355,141
116: 314,359,313,307,265,113,312,30,316
117: 118,122,323,324,330,365,317,322,89,275
118: 31,117,123,142,323,324,331,318,276,90,119,325
119: 326,120,319,367,143,325,18,91,277,118,142,324,124,332,32
120: 33,320,326,333,327,121,368,125,144,119,334,278,92,325
121: 328,321,369,326,327,120,334,279,93
122: 31,117,123,145,337,323,330,331,371,127,329,282,94
123: 31,34,118,122,142,146,338,324,330,331,372,124,128,332,32,19,95,283
124: 31,123,331,332,32,7,35,129,339,96,373,33,333,125,119,284,20,2,325,147
125: 33,326,333,120,148,334,374,21,97,285,124,332,32,130,36,340
126: 294,334,104,26,287,342,286,98,335,341,131
127: 290,34,336,122,22,378,337,338,330,128,100,150,344,385,132
128: 31,34,123,337,338,331,127,3,291,23,101,7,35,129,339,379,37,345,133,151
129: 34,338,124,128,332,32,7,35,339,284,20,2,380,152,40,4,24,102,292,0,346,130,36,340,38,134
130: 341,131,39,347,135,36,340,5,25,103,293,7,35,129,339,33,333,125,153,381
131: 341,130,348,389,136,36,340,126,294,104,26,154,382,342
132: 37,343,344,385,345,133,351,106,298,337,127
133: 37,344,385,345,386,132,138,351,156,352,27,299,107,353,34,338,128,346,38,134
134: 139,346,39,347,135,38,7,35,129,339,37,345,133,6,28,387,157,300,108,353
135: 346,388,39,158,130,347,348,354,389,136,140,36,340,38,134,301,29,109
136: 341,349,131,39,347,348,355,389,135,141,110,302
137: 391,351,350,357
138: 392,358,37,345,133,351,160,352,112,306,353
139: 346,360,114,308,162,393,394,354,359,140,161,38,134,307,113,30,353
140: 139,360,114,308,39,162,347,394,354,355,135,141
141: 361,356,395,348,354,355,136,140,115,309
142: 31,118,123,146,324,331,366,372,373,119,367,143,325,147
143: 363,373,368,144,119,367,325,147,142
144: 364,369,326,120,368,148,334,374,367,143
145: 370,122,146,378,330,365,371,372,150
146: 31,123,142,145,331,371,372,373,147,379,151
147: 373,148,374,367,143,142,146,372,124,332,32,380,152,40
148: 373,33,333,368,125,144,149,334,375,374,153,381,147
149: 376,369,148,334,375,374,154,382
150: 377,145,378,337,371,127,379,385,155,151
151: 379,380,386,152,156,40,34,146,378,338,372,128,150
152: 379,380,163,40,387,157,151,7,35,129,339,373,153,381,147
153: 148,374,381,154,382,380,152,40,388,158,130,36,340
154: 383,149,375,153,381,382,341,131,389
155: 384,385,386,391,156,378,150
156: 392,379,37,385,345,386,133,155,160,387,157,151
157: 380,386,152,156,40,387,346,388,158,393,161,38,134
158: 388,39,162,347,394,389,135,153,381,387,157
159: 390,395,389
160: 396,392,386,138,391,156,352,393,161
161: 139,162,393,394,397,392,160,387,157,353
162: 398,139,388,395,158,393,394,354,140,161
163: 380,152,40
164: 175
165: 190,169,166
166: 43,191,167,170,165
167: 44,192,166,171
168: 45,195,169,173
169: 46,196,168,174,165,170
170: 41,197,166,171,47,175,169
171: 48,198,167,170,172,176
172: 49,177,199,171
173: 178,50,202,168,174
174: 169,175,41,173,203,179,51
175: 180,164,174,41,170,176
176: 41,177,171,53,205,175,181
177: 172,176,54,206,182
178: 173,55,209,179
179: 56,210,178,183,180,174,57
180: 175,41,184,179,181,57
181: 58,212,185,182,57,180,176
182: 181,59,213,177
183: 60,184,216,179
184: 183,180,185,61,217
185: 181,62,218,184
186: 190,224,187
187: 43,191,188,225,186
188: 44,192,187,226
189: 45,63,190,195,229
190: 42,189,165,186
191: 43,44,192,197,166,187,65,231,47,42
192: 43,44,48,66,191,193,198,232,167,188
193: 44,49,67,192,199,233
194: 45,195,235,201
195: 45,46,68,189,196,236,168,194,50,202
196: 9,42,45,46,69,195,237,169,197,47,203,51
197: 41,43,48,191,198,170,47,10,70,238,42,46,196,8,52,204
198: 11,44,48,49,71,192,199,197,239,171,53,205,47
199: 48,49,72,193,198,240,172,200,54,206
200: 49,199,241,207
201: 208,50,202,194,242
202: 173,55,203,209,51,201,50,45,195,73,243
203: 56,210,51,50,202,46,196,8,12,74,244,174,52,204,41,57
204: 8,52,41,1,197,75,245,13,53,205,47,10,70,238,203,51,57
205: 41,48,198,246,176,14,53,54,76,206,8,52,204,58,212
206: 49,177,199,207,53,205,54,59,247,77,213
207: 200,54,206,214,248
208: 55,209,249,201
209: 55,56,78,210,215,250,178,208,50,202
210: 15,55,56,60,79,203,209,216,251,258,179,51,211,57
211: 56,60,210,216,58,62,252,85,212,218,259,16,61,80,217,57
212: 181,17,58,59,62,81,213,218,253,57,53,205,211
213: 214,58,59,82,212,219,182,254,54,206
214: 255,59,213,207
215: 55,60,83,209,216,257,258
216: 56,60,210,215,258,183,220,211,61,217
217: 62,85,218,259,61,60,184,216,211,221
218: 58,62,222,86,212,185,219,260,61,217,211
219: 59,62,87,213,218,261
220: 60,216,264,221
221: 265,220,222,61,217
222: 266,62,218,221
223: 63,229,224,269
224: 64,230,270,223,186,225
225: 187,226,65,231,224,88,271
226: 66,232,188,225,227,272
227: 67,233,226,273
228: 63,229,235,274
229: 63,64,68,189,230,236,223,228,89,275
230: 9,42,63,64,69,229,237,224,276,90,65,231
231: 43,66,191,232,225,65,10,70,238,42,64,230,96,18,91,277
232: 11,44,66,67,71,192,233,239,226,65,231,278,92
233: 66,67,72,193,232,240,227,234,279,93
234: 67,233,241,280
235: 68,236,194,228,242,281
236: 9,45,63,68,69,195,229,237,235,73,243,282,94
237: 9,42,46,64,68,69,196,230,236,19,12,95,74,283,244,10,70,238
238: 11,1,71,197,239,75,245,13,65,231,47,10,70,9,69,237,8,52,204,96,284,20,2
239: 11,48,66,71,72,198,246,232,240,21,97,285,14,76,10,70,238
240: 11,49,286,67,71,72,98,199,233,239,241,247,77
241: 72,240,200,234,248,287
242: 235,73,243,249,201,289,99
243: 68,236,12,74,73,242,244,78,250,50,202,290,22,100
244: 9,69,237,12,74,73,243,1,75,245,13,15,79,203,251,51,3,291,23,101
245: 1,246,75,13,14,76,10,70,238,8,12,74,244,52,204,252,16,80,284,20,2,4,24,102,292,0
246: 11,1,71,239,75,245,13,14,53,205,76,17,247,81,77,253,5,25,103,293
247: 248,82,77,254,72,246,240,14,54,76,206,294,104,26
248: 255,247,77,241,207,105,295
249: 78,250,208,297,256,242
250: 15,55,78,79,83,209,251,257,258,249,106,298,73,243
251: 15,56,78,79,210,250,258,12,74,244,252,16,80,27,299,107
252: 17,81,85,253,259,16,80,1,75,245,13,15,79,251,211,6,28,300,108
253: 301,29,17,58,109,81,82,86,252,212,254,260,16,80,246,14,76
254: 17,255,59,247,81,82,87,110,77,213,302,261,253
255: 262,214,303,248,82,254
256: 83,304,257,249
257: 111,78,83,215,305,250,258,256,263
258: 15,56,60,78,79,83,84,210,215,216,250,251,257
259: 86,252,85,260,16,61,80,217,307,265,84,113,30,211
260: 266,17,62,81,86,87,85,218,261,253,259,114,308
261: 267,115,262,82,309,86,87,219,254,260
262: 255,87,261,310
263: 83,257,311,264
264: 265,84,312,220,263
265: 84,266,85,259,264,221,313,116
266: 267,222,86,260,265,314
267: 266,87,261,315
268: 88,271
269: 270,223,89,275,317
270: 224,276,269,90,88,271,318
271: 270,88,268,225,319,272,18,91,277
272: 320,278,92,88,271,226,273
273: 227,279,93,321,272
274: 322,281,228,89,275
275: 63,229,89,276,269,90,117,323,282,274,94
276: 64,230,270,19,95,283,89,275,90,96,118,324,18,91,277
277: 119,278,92,325,18,91,276,90,96,88,271,65,231
278: 326,120,272,92,18,91,277,96,66,232,279,21,97,93,285
279: 286,67,98,233,273,280,93,327,121,278,92
280: 234,279,93,328,287
281: 329,282,289,99,274,94,235
282: 290,122,22,330,94,100,281,68,236,19,95,283,89,275
283: 9,69,237,19,95,276,90,96,31,123,331,282,94,3,291,23,101,284,20,2
284: 20,2,19,95,283,96,1,75,21,245,97,13,285,10,70,238,124,332,32,7,35,129,339,4,24,102,292,0,5,25,103,293
285: 11,286,71,98,239,21,97,96,33,333,125,278,284,20,2,92,5,25,103,293
286: 72,98,240,279,21,97,93,285,126,294,104,26,287
287: 126,286,98,241,280,335,105,295
288: 289,99
289: 290,336,22,99,100,281,242,297,288
290: 22,337,127,282,289,99,94,100,3,291,23,101,73,243,106,298
291: 290,34,22,338,128,100,3,23,101,19,12,95,74,283,244,4,27,299,107,24,102,292,0
292: 6,28,4,300,108,24,102,0,1,75,245,13,3,291,23,101,7,35,129,339,284,20,2,5,25,103,293
293: 130,36,340,5,25,103,246,21,97,285,14,76,301,29,109,294,104,26,284,20,2,4,24,102,292,0
294: 126,104,26,286,98,247,110,77,302,341,131,5,25,103,293,105,295
295: 105,303,248,294,104,26,287,342,296
296: 105,295
297: 304,249,106,298,289,99,343
298: 111,78,305,250,297,106,290,22,100,344,132,351,27,299,107
299: 37,345,133,6,28,27,112,306,107,300,108,15,79,251,106,298,3,291,23,101
300: 6,28,4,27,299,107,108,24,102,292,353,0,307,113,30,301,29,109,252,16,80,346,38,134
301: 29,17,109,81,110,302,253,6,28,300,108,114,308,39,347,135,5,25,103,293
302: 301,29,115,303,109,82,309,110,254,294,104,26,348,136
303: 255,110,302,310,349,105,295
304: 111,305,297,256,350
305: 111,83,304,257,311,106,298,351,112,306
306: 138,351,352,27,112,299,107,353,307,111,84,305,113,312,30
307: 84,113,30,85,259,6,28,112,306,300,108,353,139,114,308,313,116
308: 139,314,114,354,140,307,113,30,301,29,115,109,309,86,260
309: 115,87,110,302,261,315,310,114,308,355,141
310: 115,262,303,309,356
311: 111,305,312,263,357
312: 84,311,264,358,112,306,313,116
313: 314,359,116,307,265,113,312,30,316
314: 360,114,308,313,116,266,315
315: 267,115,309,314,361
316: 313,116
317: 117,323,318,269
318: 118,324,317,270,362,319
319: 363,320,119,325,88,271,318
320: 364,321,326,120,319,272
321: 320,327,121,273
322: 117,323,329,274
323: 117,118,122,324,330,365,317,322,89,275
324: 31,117,118,123,142,323,331,318,276,90,119,325
325: 326,120,319,119,367,143,18,91,277,118,142,324,124,332,32
326: 33,320,333,327,120,121,368,125,144,119,334,278,92,325
327: 328,321,369,326,120,121,334,279,93
328: 327,121,280,335
329: 370,336,122,330,322,281
330: 31,117,122,123,145,337,323,331,371,127,329,282,94
331: 31,34,118,122,123,142,146,338,324,330,372,124,128,332,32,19,95,283
332: 31,123,331,124,32,7,35,129,339,96,373,33,333,125,119,284,20,2,325,147
333: 33,326,120,125,148,334,374,21,97,285,124,332,32,130,36,340
334: 33,369,326,333,327,120,121,368,125,126,144,148,149,375,374
335: 376,328,126,287,342
336: 377,337,127,329,289,99,343
337: 290,34,336,122,22,378,338,330,127,128,100,150,344,385,132
338: 31,34,123,337,331,127,128,3,291,23,101,7,35,129,339,379,37,345,133,151
339: 34,338,124,128,332,32,7,35,129,284,20,2,380,152,40,4,24,102,292,0,346,130,36,340,38,134
340: 341,131,39,130,347,135,36,5,25,103,293,7,35,129,339,33,333,125,153,381
341: 131,130,348,389,136,36,340,126,294,104,26,154,382,342
342: 383,126,335,341,349,131,105,295
343: 384,344,132,297,336,350
344: 37,343,385,345,132,133,351,106,298,337,127
345: 37,344,385,386,132,133,138,351,156,352,27,299,107,353,34,338,128,346,38,134
346: 139,39,347,135,38,134,7,35,129,339,37,345,133,6,28,387,157,300,108,353
347: 346,388,39,158,130,348,354,389,135,136,140,36,340,38,134,301,29,109
348: 341,349,131,39,347,355,389,135,136,141,110,302
349: 390,356,348,136,303,342
350: 304,343,137
351: 37,344,345,132,133,137,138,352,112,306,111,305,106,298
352: 392,358,37,345,133,138,351,160,112,306,353
353: 37,345,133,138,352,6,28,112,306,300,108,307,113,30,139,346,393,359,161,38,134
354: 139,360,114,308,39,162,347,394,355,135,140,141
355: 361,356,395,348,354,136,140,141,115,309
356: 349,355,141,310
357: 311,358,137
358: 396,138,352,312,359,357
359: 139,360,397,313,116,358,353
360: 398,139,314,361,354,359,140
361: 360,355,141,315
362: 366,318,363
363: 364,319,367,143,362
364: 363,320,368,144
365: 117,145,323,366,371
366: 142,365,362,399
367: 363,373,368,144,119,143,325,147,142
368: 364,369,326,120,144,148,334,374,367,143
369: 327,121,368,144,149,334,375
370: 377,145,371,329
371: 370,122,145,146,378,330,365,372,150
372: 31,123,142,145,146,331,371,373,147,379,151
373: 148,374,367,143,147,142,146,372,124,332,32,380,152,40
374: 373,33,333,368,125,144,148,149,334,375,153,381,147
375: 376,369,148,149,334,374,154,382
376: 383,149,375,335
377: 370,336,378,150,384
378: 377,145,337,371,127,150,379,385,155,151
379: 380,386,152,156,40,151,34,146,378,338,372,128,150
380: 379,163,152,40,387,157,151,7,35,129,339,373,153,381,147
381: 148,374,153,154,382,380,152,40,388,158,130,36,340
382: 383,149,375,153,381,154,341,131,389
383: 376,154,382,342,390
384: 343,385,155,377
385: 384,37,344,345,386,132,133,391,155,156,378,337,127,150
386: 392,379,37,385,345,133,155,156,160,387,157,151
387: 380,386,152,156,40,157,346,388,158,393,161,38,134
388: 39,158,162,347,394,389,135,153,381,387,157
389: 390,341,388,131,39,395,158,347,348,159,135,136,154,382
390: 349,389,159,383
391: 392,385,137,155,160
392: 396,386,138,391,156,160,352,393,161
393: 139,162,394,397,161,392,160,387,157,353
394: 398,139,388,395,158,162,393,354,140,161
395: 162,394,355,389,159,141
396: 392,358,160,397
397: 398,393,359,161,396
398: 360,162,394,397
399: 366