0: 9,237,96,245,291,1,12,70,238,4,13,95,283,20,24
1: 47,237,0,245,51,12,238,205,71,53,4,8,13,75,204
2: 324,95,283,332,124,284,32,277,90,70,10,20,119,91,285
3: 15,74,78,107,27,243,291,12,290,94,100,101
4: 11,238,71,76,97,246,293,0,245,1,13,75,5,20,339,24
5: 29,75,109,300,301,76,4,246,293,13,339,24,25
6: 109,300,81,85,308,301,79,251,299,108,28,30
7: 373,20,33,130,339,129,292,34,332,32,128,24,40,35
8: 48,205,71,198,53,196,41,171,52,47,197,245,1,51,204
9: 68,69,229,236,237,244,243,96,0,19,291,12,94
10: 65,238,278,66,232,97,226,272,277,70,2,92,91,285
11: 66,71,72,98,76,232,239,97,4,246,293
12: 9,237,0,245,291,1,51,15,74,13,3,252
13: 15,79,252,299,27,0,245,1,12,4,75,300,5,101,102,24
14: 29,17,206,103,253,82,212,213,54,205,76,239,53,246,77,207
15: 74,55,13,3,78,252,203,210,258,107,299,27,12
16: 17,58,81,57,86,85,61,259,211,79,80
17: 29,14,75,58,16,253,81,57,212,205,76,53,246
18: 268,320,272,88,271,319,325,284,91
19: 9,68,229,291,90,117,122,94,275,323,324,89,276,95,283
20: 285,339,7,129,0,70,97,4,292,2,95,283,332,32,24
21: 92,33,326,125,126,285,36,339,104,98,97,293,286,340
22: 249,208,201,298,235,242,73,290,78,250
23: 106,37,344,345,100,132,133,112,101,352,298,107,27,350,99,343
24: 128,101,102,0,4,13,300,5,292,20,339,7,129,35
25: 135,26,28,35,340,347,293,29,109,5,301,339
26: 135,341,136,340,348,25,104,293,29,302,103,126,303,294
27: 15,13,3,107,299,108,37,345,133,112,101,102,23
28: 139,35,347,354,38,25,30,6,109,300,301,108,353,102,346
29: 14,75,17,302,109,5,103,253,81,301,76,239,246,293,26,25
30: 28,251,307,6,308,265,108,113,114,116
31: 117,118,122,123,142,145,146,338,323,324,330,331,365,366,371,372,124
32: 292,2,123,331,332,124,373,20,33,119,333,285,7,129
33: 374,326,333,148,285,36,130,339,21,7,129,332,32,340
34: 292,123,338,331,372,127,373,7,129,128,151,132,40
35: 40,28,39,340,347,38,25,130,339,7,129,128,102,346,24
36: 376,131,33,374,326,125,126,148,130,334,21,375,154,341,340
37: 128,345,386,132,133,101,102,23,346,27
38: 139,40,28,157,35,39,158,347,394,353,161,346,134,387
39: 154,40,157,35,158,340,347,389,38,153,130,388
40: 157,35,39,38,380,34,373,153,130,7,129,128,151,346,134
41: 170,171,174,164,196,175,52,176,197,8
42: 46,64,69,190,47,96,197,231,43,165,186,65,191
43: 42,190,197,165,166,186,187,191
44: 172,167,49,192,193
45: 195,236,244,73,168,50,194
46: 42,69,190,195,244,197,165,169,168,196
47: 42,237,96,197,245,1,65,238,48,71,191,198,232,8
48: 54,205,71,191,192,198,232,53,8,167,171,47,197
49: 54,72,192,193,199,77,172,44,240
50: 168,173,178,45,73,201,202
51: 237,244,245,1,12,196,52,8,74,252,203,204
52: 178,175,179,180,174,196,41,51,8,80,203,57,204
53: 48,54,205,71,198,76,246,8,171,176,245,1,14,75,17,204,212
54: 48,49,205,71,198,53,77,172,171,14,206
55: 15,74,56,78,203,209,210,215,202,250,258,107
56: 55,60,203,209,210,215,258,178,179
57: 17,58,16,204,212,180,52,176,185,181,211,80
58: 17,16,62,57,86,212,213,219,182,185,181,218
59: 214,182,218,82,213,219
60: 259,211,56,210,216,258,183,179,220,217
61: 16,62,86,85,259,211,221,217,222
62: 58,86,61,185,218,222
63: 68,189,229,223,228,274,275
64: 42,69,189,190,229,230,96,231,186,223,224
65: 238,191,232,226,10,225,42,47,96,277,231,70
66: 11,278,67,72,98,232,93,97,226,10,92
67: 278,66,72,193,98,233,93,227,279,234,240
68: 9,63,229,236,243,19,228,281,235,274,94,89
69: 9,42,46,64,189,190,195,229,236,237,244,96
70: 96,0,277,90,65,238,10,2,95,283,20
71: 11,238,48,54,205,198,76,232,53,4,246,8,47,245,1,75
72: 11,49,66,67,98,239,77,241,240
73: 45,236,244,243,50,194,235,242,201,22,74,202
74: 15,55,3,78,252,203,202,244,243,73,51,12
75: 29,17,5,81,204,245,1,205,71,76,53,4,246,13,79,252
76: 11,205,71,239,53,4,246,293,29,14,75,17,5
77: 49,54,72,199,239,200,241,247,14,206,207
78: 15,74,55,3,250,107,290,22,298
79: 13,252,80,210,251,299,6,75,300,16,81,85
80: 211,79,252,203,210,179,180,52,16,57,204
81: 6,29,75,17,109,300,16,253,86,260,85,308,301,79
82: 14,254,206,103,253,213,247,59,214,255,207
83: 215,305,250,257,258,107,256,263,111
84: 264,311,263,312,220,265,259,305,251,258,307
85: 6,16,81,86,260,308,61,259,79,251,221,265,266
86: 58,16,62,81,260,85,61,219,222,266
87: 309,261,260,308,267,315
88: 225,272,271,270,277,268,18
89: 117,122,94,275,323,330,281,274,68,19,329,322,282
90: 230,96,277,19,70,2,324,276,95,283,284
91: 92,119,326,120,285,272,10,18,320,2
92: 326,120,121,125,91,285,21,278,66,98,93,97,10
93: 278,66,67,98,279,234,92,121,125,280,286
94: 122,89,281,9,68,243,19,291,290,3,282,100,101
95: 292,2,123,324,331,283,0,19,291,90,70,20
96: 9,42,64,69,47,229,230,237,0,277,90,231,70,65,238
97: 11,238,66,98,4,10,293,92,20,285,339,21
98: 11,104,66,67,72,93,239,97,293,241,92,21,286
99: 297,343,336,290,298,289,282,100,23
100: 132,101,23,290,3,282,122,94,337,127,99,343
101: 37,128,100,132,133,102,23,24,291,13,3,27,292,94,127
102: 108,37,128,345,133,101,346,24,13,299,27,300,28,35
103: 29,14,254,302,253,82,104,239,293,247,255,26,303,294,105
104: 98,239,293,295,241,247,103,126,21,286,26,294
105: 349,303,294,295,103,248,255,296
106: 351,112,352,23,298,305,107,350,304,111
107: 15,55,3,78,83,305,250,257,258,27,298,106,112,23
108: 306,353,345,112,113,102,251,299,307,27,6,300,28,30
109: 6,29,302,300,5,81,308,301,135,28,110,25
110: 135,141,354,302,109,309,308,301,315,114
111: 357,83,305,257,311,263,304,106,306,351
112: 106,306,108,345,352,23,305,107,307,27
113: 306,108,353,345,307,139,30,358,313,359,114,116
114: 360,359,315,116,308,314,113,139,140,110,354,30
115: 141,355,309,310,356,361,315
116: 359,114,307,312,265,314,316,113,30,313
117: 31,118,122,275,323,324,330,89,276,19,317,322
118: 31,117,323,324,365,366,276,124,284,362,318,317
119: 326,333,368,91,144,367,285,325,364,2,332,124,32
120: 92,326,327,121,125,91,334,321,320
121: 92,327,120,125,279,278,93,321,273,280,328
122: 31,117,123,94,337,323,330,331,127,89,19,282,100
123: 292,31,34,122,338,324,331,372,127,95,283,332,124,32
124: 31,2,118,123,142,324,331,366,372,332,284,32,325,119,367
125: 376,92,326,327,120,121,126,36,334,21,93,335,328,286
126: 131,125,36,21,104,335,286,26,341,340,342,294
127: 292,34,122,123,337,338,331,100,132,101
128: 37,133,101,102,346,24,292,34,7,129,40,35
129: 373,20,33,130,339,7,292,34,332,32,128,24,40,35
130: 373,33,153,374,333,148,36,339,7,129,40,35,39,340
131: 376,126,36,375,335,154,341,342,383,382
132: 37,151,344,385,386,100,133,378,101,23,34,337,338,127,343,384
133: 37,128,345,386,132,101,102,23,346,27
134: 392,151,386,346,380,40,157,38,163,156,387
135: 26,136,141,110,340,347,348,354,389,25,302,109,301
136: 135,26,341,141,348,389,356,349,303,294,390
137: 344,138,391,351,350,357
138: 306,137,391,351,160,352,357,358,396
139: 140,28,394,354,38,353,161,113,398,360,359,114,397
140: 139,141,395,394,354,355,361,398,360,114
141: 135,140,115,136,395,110,348,354,355,309,356
142: 31,146,366,372,124,147,367,399,143
143: 399,363,142,147,367
144: 119,369,374,326,333,368,367,148,334,364
145: 31,150,146,337,338,330,365,371,370
146: 31,150,142,145,338,366,371,372,147,399
147: 380,142,146,372,373,153,333,367,143,152
148: 33,153,374,326,333,368,144,36,130,334,375
149: 381,375,382
150: 145,146,337,338,371,370,377,378,379
151: 386,132,134,380,34,338,40,163,379,156
152: 381,380,147,153,163
153: 373,374,148,130,380,147,154,40,157,39,381,152,388
154: 159,341,39,340,389,131,153,36,375,388,382
155: 156,384,385,391,378
156: 155,379,392,151,385,386,391,160,134
157: 40,39,158,38,380,153,134,163,387,388
158: 159,157,39,395,162,347,394,389,38,387,388
159: 154,395,158,389,383,390,388,382
160: 392,353,345,386,138,391,352,396,156
161: 392,353,139,38,396,397,393
162: 158,394,398,393
163: 380,151,134,157,152,387
164: 174,41,175
165: 169,166,42,46,190,197,43
166: 170,167,165,197,43
167: 170,166,44,171,197,48,191,192,198
168: 169,173,50,196,45,46,195,244
169: 165,168,174,196,46,197
170: 166,41,167,171,197
171: 172,170,41,167,177,176,197,48,54,205,198,53,8
172: 44,171,177,49,54,199,206
173: 168,174,50,196,178,244,203,202
174: 169,173,164,196,41,175,52
175: 180,52,174,164,41
176: 181,41,171,177,205,53,57,212
177: 172,171,176,182,181,206,212
178: 179,52,173,50,56,203,209,202
179: 178,183,180,52,211,56,60,80,203
180: 184,183,175,179,52,185,211,80,57
181: 176,182,185,177,58,57,212
182: 181,218,177,58,206,212,213,59
183: 184,179,180,211,60,216,217
184: 183,180,185,211,217
185: 181,218,184,180,211,58,62,57
186: 224,187,42,64,190,231,43
187: 225,188,186,231,43,191
188: 227,187,191,192,193,232,226
189: 63,64,69,190,195,229,236,223
190: 42,46,64,69,189,195,43,165,186
191: 65,48,192,198,232,167,187,188,42,47,197,231,43
192: 48,49,191,193,198,232,167,44,188
193: 49,67,192,233,44,227,188,240
194: 228,235,242,45,236,73,201
195: 45,46,69,189,190,236,244,168
196: 169,168,173,174,41,52,46,244,197,51,8
197: 42,46,47,43,165,169,196,170,166,41,167,171,48,191,198,8
198: 48,54,205,71,191,192,232,53,8,167,171,47,197
199: 49,77,172,200,206,207
200: 241,247,240,199,77,207
201: 208,22,50,194,242,73
202: 74,55,203,209,173,50,178,244,73
203: 15,74,55,56,252,80,210,202,173,178,179,52,51
204: 75,57,52,245,1,51,205,53,8,252,80
205: 48,54,71,198,76,53,246,8,171,176,245,1,14,75,17,204,212
206: 14,82,212,213,172,177,182,54,199,77,207
207: 214,199,77,200,247,14,206,82
208: 249,201,22,242,209,250
209: 55,56,215,202,250,178,208
210: 259,15,55,56,60,79,252,80,203,251,258
211: 259,60,80,184,183,179,180,185,16,57,61,217
212: 14,17,58,206,57,213,177,176,182,181,205,53
213: 14,58,206,253,82,212,219,182,218,59
214: 59,207,82
215: 55,56,83,209,216,250,257,258
216: 60,215,183,220
217: 221,220,184,183,259,211,60,61
218: 182,185,58,62,213,219,59
219: 58,261,253,86,260,213,218,59
220: 264,221,217,84,259,60,216
221: 220,265,217,259,85,61,222,266
222: 266,62,86,61,221
223: 269,224,63,64,189,229,230
224: 186,223,270,225,64,230,277,231
225: 272,88,271,187,224,277,231,65,226
226: 65,278,66,232,10,225,272,227,188
227: 279,188,278,67,193,233,226,273
228: 194,281,235,274,63,68,236
229: 9,63,64,68,69,189,230,236,96,19,223,275
230: 64,229,96,277,90,269,223,224,270,276
231: 42,64,96,277,186,224,225,187,65,191
232: 65,11,238,48,66,71,191,192,198,226,10,188,47
233: 67,193,227,279,234,240
234: 241,240,279,67,233,93,280,286
235: 228,194,281,242,68,236,243,73,290,22
236: 9,45,68,69,189,195,229,244,243,73,228,194,235
237: 9,69,47,244,96,0,245,1,51,12
238: 65,71,232,97,4,10,47,96,0,245,1,70
239: 11,104,72,98,76,246,77,293,241,247,29,14,103
240: 200,241,234,49,67,72,193,233
241: 200,295,234,247,240,104,72,98,239,77,286
242: 194,235,73,208,201,22
243: 9,68,236,244,73,291,290,235,74,3,94
244: 9,45,46,69,195,236,237,243,73,51,168,173,196,74,202
245: 47,237,0,1,51,12,238,205,71,53,4,8,13,75,204
246: 11,205,71,76,239,53,4,293,29,14,75,17,5
247: 200,295,241,104,239,77,103,82,248,207
248: 255,295,247,105
249: 256,208,22,298,250
250: 55,78,83,209,215,257,258,107,256,249,208,22,298
251: 259,79,210,305,258,299,307,6,85,265,84,108,30
252: 15,74,13,79,80,203,210,51,12,75,204
253: 29,14,254,17,302,103,81,82,260,213,219
254: 302,309,261,103,253,82,310,255,262,303
255: 248,262,254,103,82,303,105
256: 249,298,83,250,257,304
257: 83,215,305,250,258,107,256,263,111
258: 259,15,55,56,60,83,210,215,305,250,251,257,107,84
259: 211,60,210,251,258,16,85,61,221,220,265,217,84
260: 302,253,81,86,87,85,308,219
261: 254,87,219,262,267
262: 310,255,254,261
263: 264,311,84,83,305,257,111
264: 311,263,312,220,84
265: 221,312,84,259,251,307,85,266,30,116
266: 314,267,222,86,85,308,221,265,315
267: 266,261,87,315
268: 18,88,271
269: 223,270,230,317,275,276
270: 269,224,88,271,230,277,318,276,284
271: 225,272,88,270,277,268,18
272: 225,88,271,277,278,226,10,18,273,91
273: 321,272,227,279,278,121
274: 228,281,63,68,322,275,89
275: 117,323,89,276,269,274,63,229,19,317,322
276: 117,118,275,323,324,284,269,270,230,19,90,318,317
277: 230,96,90,231,70,224,270,225,272,88,271,65,10,2,284
278: 66,67,93,226,10,272,227,279,273,92,121
279: 227,278,67,233,93,234,273,121,280
280: 328,286,279,93,234,121
281: 228,235,274,68,282,94,89
282: 329,289,281,290,122,94,337,89,99,336,100
283: 292,2,123,324,331,95,0,19,291,90,70,20
284: 2,118,324,276,124,270,277,90,318,319,325,18
285: 92,20,33,119,326,333,91,339,21,97,10,2,332,32
286: 335,280,287,104,98,93,295,241,234,125,126,21
287: 335,296,286,295
288: 289
289: 282,288,99,297,336
290: 243,235,22,298,3,78,282,94,99,100
291: 9,243,0,19,12,3,292,94,95,283,101
292: 34,123,331,127,95,283,332,32,291,20,7,129,128,101,24
293: 11,104,98,76,239,97,4,246,29,5,103,339,21,26,25
294: 342,349,303,105,104,103,126,26,341,136,348
295: 241,247,104,248,296,287,286,105
296: 287,295,105
297: 350,99,343,304,298,289
298: 256,249,22,290,78,250,107,99,297,304,106,23
299: 15,13,79,251,27,6,300,108,102
300: 6,109,5,81,301,13,79,299,108,102,24,28
301: 6,29,302,109,300,5,81,308,135,28,110,25
302: 29,254,109,309,103,253,260,301,135,26,110,303
303: 356,349,294,105,254,302,309,103,310,255,26,136,348
304: 350,297,256,298,106,111
305: 83,251,257,258,107,307,311,263,84,106,306,112,111
306: 108,345,138,351,112,352,113,305,307,311,357,358,111
307: 305,251,311,312,265,84,306,108,112,113,30,313,116
308: 6,109,81,87,260,85,301,266,110,30,315,114
309: 254,302,87,310,115,141,110,356,303,315
310: 262,254,309,115,356,303
311: 264,263,312,84,305,307,306,111
312: 264,311,265,84,307,316,313,116
313: 358,307,312,316,113,359,116
314: 266,316,315,114,116
315: 361,114,309,87,308,314,267,266,115,110
316: 314,312,313,116
317: 318,269,322,117,118,275,323,276
318: 362,319,317,270,118,276,284
319: 362,318,325,18,284
320: 321,18,364,325,327,120,91
321: 273,320,327,120,121
322: 329,274,317,117,275,323,330,89
323: 31,117,118,122,275,324,330,89,276,19,317,322
324: 31,2,117,118,123,323,331,276,95,283,124,284,19,90
325: 362,319,363,18,364,320,124,284,119,367
326: 92,33,119,374,333,120,368,125,91,144,148,285,36,334,21
327: 376,369,120,121,125,334,321,320,328
328: 335,280,376,327,121,125
329: 370,322,282,337,330,89
330: 31,117,122,145,337,323,365,371,89,329,370,322
331: 292,31,34,122,123,338,324,372,127,95,283,332,124,32
332: 292,2,123,331,124,32,373,20,33,119,333,285,7,129
333: 373,33,119,374,326,368,144,367,148,285,130,332,147,32
334: 376,369,374,326,327,120,368,125,144,148,36,375
335: 287,328,286,376,131,125,126
336: 99,343,377,289,282,337
337: 150,122,145,338,330,371,127,329,370,282,377,336,100,132,378
338: 31,34,150,123,145,146,337,331,371,372,127,151,132,378,379
339: 20,33,285,130,21,7,129,97,4,293,5,24,35,340,25
340: 135,154,26,341,35,39,347,389,25,33,126,36,130,339,21
341: 154,26,136,340,348,389,131,126,36,342,383,294,390
342: 349,383,294,390,131,126,341
343: 350,99,297,336,384,344,100,132,23
344: 385,132,137,391,351,352,23,350,343,384
345: 306,108,353,37,386,133,112,160,352,113,102,23,346,27
346: 353,37,128,345,386,133,102,134,40,28,35,38
347: 135,28,35,39,395,158,340,394,354,389,38,25
348: 135,26,341,136,141,389,356,349,303,294,390
349: 356,342,303,294,390,105,136,348
350: 297,343,304,106,344,137,351,23
351: 106,306,344,137,138,352,350,357,111
352: 106,306,344,345,138,391,351,112,160,23
353: 108,161,345,386,160,113,346,139,28,38
354: 139,135,140,28,141,110,347,394,114
355: 140,115,141,395,356,361
356: 349,303,309,310,115,136,141,348,355
357: 358,111,306,137,138,351
358: 357,313,396,306,138,113,359
359: 360,114,397,116,113,139,358,313
360: 361,398,359,114,139,140
361: 360,315,140,115,355
362: 318,319,363,325,118,366
363: 362,325,364,366,367,143
364: 320,363,325,119,369,368,144,367
365: 31,118,145,330,366,371
366: 31,118,142,146,365,124,362,363,399
367: 119,333,368,144,363,325,364,142,124,147,143
368: 119,369,374,326,333,144,367,148,334,364
369: 327,368,144,334,364
370: 329,150,145,337,330,371,377
371: 31,150,145,146,337,338,330,365,370
372: 31,380,34,123,142,146,338,331,124,147,373
373: 153,333,130,7,129,380,34,372,332,147,32,40
374: 33,153,326,333,368,144,148,36,130,334,375
375: 376,131,374,148,36,334,154,149
376: 131,327,125,36,334,375,335,328
377: 336,384,370,150,337,378
378: 385,132,150,337,338,377,384,155,379
379: 156,150,338,151,385,378
380: 372,147,373,153,151,134,40,157,152,163
381: 149,152,153,388
382: 388,131,159,154,383,149
383: 342,390,131,159,341,382
384: 343,377,344,385,132,378,155
385: 344,386,132,391,378,384,155,379,156
386: 353,37,151,385,345,132,133,160,346,134,156
387: 393,134,157,158,38,163
388: 382,153,159,154,157,39,158,381
389: 159,135,154,341,136,39,395,158,340,347,348,390
390: 342,349,383,159,341,136,395,348,389
391: 392,344,385,137,138,160,352,155,156
392: 161,391,160,134,396,156,393
393: 387,392,161,162,397
394: 139,140,395,158,162,347,354,38,398
395: 159,140,141,158,347,394,355,389,390
396: 358,392,161,138,160,397
397: 398,359,161,139,396,393
398: 360,397,139,140,162,394
399: 143,142,146,366