0: 292,123,20,24,331,284,32,124,332,2,19,101,291,3,95,283,4,13,129,7,35,339,128,34,102,25,5
1: 238,70,47,4,75,245,244,8,12,74,204,52,13,252,246,76,80,14
2: 292,0,20,24,284,32,124,332,19,277,276,95,283,96,90,238,70,21,10,97,285,4,33,333,91
3: 9,69,237,244,19,94,101,291,12,74,95,243,283,13,78,290,299,27,107,22,100,292,0,24,127,128,34,102,23
4: 11,71,239,238,70,21,97,285,293,1,75,245,13,246,76,14,292,0,20,24,284,2,25,5
5: 39,347,25,135,293,4,13,301,29,109,292,0,24,129,7,35,339,130,340,102,346,134
6: 301,29,108,300,109,252,85,80,259,30,13,299,307,113,27,107,102,353,28
7: 40,33,129,333,380,152,35,339,130,340,292,0,24,32,124,332,128,34,102,346,134,39,25,5
8: 196,244,12,74,204,52,205,41,47,53,1,75,245,203,51,57
9: 42,45,46,64,68,69,230,236,237,244,19,94,101,291,12,74,3,95,243,283,96
10: 65,11,278,66,71,231,232,239,238,70,21,97,92,285,277,96,20,284,2,91
11: 48,54,66,71,72,98,198,232,239,240,238,70,21,10,97,285,293,4,246,76,14
12: 9,69,237,244,8,101,291,74,3,243,204,52,1,75,245,15,13,78,79,203,251,51
13: 15,79,251,299,27,107,244,101,291,12,74,3,4,1,75,245,108,300,252,80,6,292,0,24,102,25,5
14: 17,103,81,246,76,253,11,54,205,71,239,247,77,293,53,4,1,75,245
15: 55,56,13,78,79,210,251,258,299,27,107,244,12,74,252,80
16: 17,58,62,81,57,86,252,85,217,212,61,218,80,253,260,259,211
17: 301,29,58,109,103,81,82,86,252,246,212,213,76,80,253,254,308,260,16,14
18: 271,88,272,319,320,91
19: 9,69,237,94,101,291,276,3,95,283,96,90,292,0,123,20,24,324,331,284,2
20: 292,0,24,284,32,124,332,2,19,277,276,95,283,96,90,238,70,21,10,97,285,4,33,333,91
21: 11,278,71,98,239,238,70,10,97,92,285,293,4,20,284,2,33,333,125
22: 242,78,290,298,100,94,101,291,3,243,282,127,99,289,23
23: 37,128,344,345,132,133,34,106,101,291,3,78,290,299,298,27,107,22,100,127
24: 292,0,123,20,331,284,32,124,332,2,19,101,291,3,95,283,4,13,129,7,35,339,128,34,102,25,5
25: 39,347,135,5,293,4,13,301,29,109,292,0,24,129,7,35,339,130,340,102,346,134
26: 341,131,110,302,294,104,303,98,247,295,77,293,103,126
27: 15,13,78,79,251,299,107,101,291,3,108,300,6,37,345,133,102,112,353,306,106,23
28: 139,140,39,347,354,38,135,114,30,307,113,301,29,108,300,109,6,308,102,353
29: 301,17,108,300,109,103,81,6,253,308,293,28,110,302,347,25,135,5
30: 265,84,307,113,108,300,85,6,259,312,112,353,306,28,114,116,313
31: 117,118,122,123,142,145,146,338,323,324,330,331,365,366,371,372
32: 292,119,0,123,142,20,24,324,331,147,325,373,284,124,332,2,33,129,333,7,35,339
33: 129,326,333,120,125,148,36,7,35,374,339,130,340,21,97,285,20,284,32,124,332,2
34: 37,128,345,386,133,102,346,134,23,101,291,3,292,0,123,24,338,331,127,129,7,35,339
35: 40,33,129,333,380,7,152,339,130,340,292,0,24,32,124,332,128,34,102,346,134,39,25,5
36: 33,333,125,126,148,149,334,375,374,153,381,154,130,340,341,131
37: 128,344,345,386,132,133,138,351,34,352,102,346,134,112,353,306,106,23,299,27,107
38: 139,140,28,157,39,158,162,394,354,161,386,393,346,134,353
39: 28,157,158,347,389,38,25,135,5,129,7,35,153,381,339,130,340,346,134
40: 129,380,7,152,35,153,381,339,130,340,147,373,163,379,151,346,134,157
41: 205,171,176,53,170,175,196,8,197,204,52,174,57
42: 9,46,64,69,190,230,237,197,96,65,43,191,231,47
43: 65,44,191,192,231,167,188,47,166,187,42,197
44: 43,48,66,191,192,193,198,232,167,188
45: 9,46,68,69,195,236,237,73,243,168,194,203,202,50,51
46: 9,42,45,69,196,237,169,197,47,203,51
47: 65,43,48,205,191,198,231,238,70,53,1,75,245,42,46,196,8,197,204,52
48: 11,44,49,54,66,205,71,72,192,198,199,232,239,240,171,47,53
49: 48,54,72,193,198,199,240,200,172
50: 55,203,209,202,174,51,201,173,178,45,73
51: 55,56,203,210,202,50,174,45,46,196,244,8,12,74,204,52
52: 196,244,8,12,74,204,205,41,47,53,1,75,245,203,51,57
53: 48,54,205,198,171,41,176,47,8,204,52,58,206,57,246,212,76,14
54: 11,48,49,205,71,72,198,199,239,240,207,247,77,53,206,246,213,76,14
55: 15,56,78,79,203,209,210,202,250,251,258,50,51,73
56: 15,55,60,79,203,210,216,251,258,179,211,51
57: 181,58,212,16,180,8,204,52,205,41,176,53,211
58: 181,17,62,206,81,57,212,213,218,253,16,205,53
59: 213,219,182,214
60: 56,210,215,216,258,220,211,183,217,61
61: 62,222,85,217,218,259,16,184,60,216,220,211,221
62: 58,222,86,217,212,61,218,219,260,16,185
63: 64,68,189,229,230,236,223,275,228,89
64: 9,42,63,69,189,229,230,237,223,277,276,275,96,90,224,65,231
65: 43,66,191,231,232,226,10,47,187,225,42,64,230,277,96
66: 65,11,44,278,48,67,71,192,198,231,232,233,239,226,10,92
67: 66,72,193,232,233,240,227,234,279,93
68: 9,45,63,69,229,236,237,94,73,243,235
69: 9,42,45,46,64,68,230,236,237,244,19,94,101,291,12,74,3,95,243,283,96
70: 11,71,239,238,21,10,97,285,47,4,1,75,245,96,20,284,2
71: 11,48,54,66,72,98,198,232,239,240,238,70,21,10,97,285,293,4,246,76,14
72: 11,48,49,54,67,71,98,198,199,233,239,240,247,77,200,241
73: 45,68,236,243,194,235,242,55,202,50,201
74: 9,69,237,244,8,101,291,12,3,243,204,52,1,75,245,15,13,78,79,203,251,51
75: 238,70,47,4,1,245,244,8,12,74,204,52,13,252,246,76,80,14
76: 17,103,81,246,253,14,11,54,205,71,239,247,77,293,53,4,1,75,245
77: 54,72,98,240,207,247,295,241,293,103,246,76,14,248,294,104,26
78: 15,55,79,250,251,258,290,299,298,27,107,22,100,244,101,291,12,74,3,243,106,23
79: 15,55,56,13,78,210,251,258,299,27,107,244,12,74,252,80
80: 17,108,300,81,252,85,6,253,259,16,1,75,245,15,13,79,251
81: 301,29,17,58,109,103,82,86,252,246,212,213,76,80,253,254,308,260,16,14
82: 17,262,255,103,81,87,213,219,261,253,254,308,110,302
83: 111,215,305,250,257,258,256,263
84: 30,265,258,307,113,85,259,264,312,112,306
85: 108,300,86,252,217,61,80,6,260,259,16,30,265,84,307,113
86: 266,17,62,81,87,85,218,219,261,253,308,260,259,16
87: 267,262,315,82,86,219,261,254,308,260,309,115
88: 271,224,225,277,272,268,18,270
89: 282,117,122,323,330,322,281,63,229,94,275,274
90: 64,230,19,277,276,95,275,283,96,20,324,284,270,2
91: 320,326,120,277,278,272,10,92,18,119,20,325,284,2
92: 278,66,232,272,279,21,10,97,93,285,326,120,121,125,91
93: 278,67,233,272,227,234,279,280,92,273,286,121
94: 9,68,69,236,237,19,101,291,3,95,243,283,290,22,100,282,127,89
95: 9,69,237,19,94,101,291,276,3,283,96,90,292,0,123,20,24,324,331,284,2
96: 9,42,64,69,230,237,19,277,276,95,283,90,65,231,238,70,10,20,284,2
97: 11,278,71,98,239,238,70,21,10,92,285,293,4,20,284,2,33,333,125
98: 11,71,72,239,240,247,295,77,21,97,285,293,286,125,126,294,104,26
99: 336,297,288,289,281,242,290,298,22,100,282
100: 242,78,290,298,22,94,101,291,3,243,282,127,99,289,23
101: 9,69,237,244,19,94,291,12,74,3,95,243,283,13,78,290,299,27,107,22,100,292,0,24,127,128,34,102,23
102: 37,128,345,133,34,346,134,353,101,291,3,13,299,27,107,108,300,6,292,0,24,129,7,35,339,28,25,5
103: 301,29,17,109,81,82,246,76,253,254,14,247,77,293,110,302,294,104,26
104: 341,131,110,302,294,26,303,98,247,295,77,293,103,126
105: 248,295,255,296,303
106: 37,344,345,132,133,351,112,306,23,111,78,305,299,298,27,107
107: 15,13,78,79,251,299,27,101,291,3,108,300,6,37,345,133,102,112,353,306,106,23
108: 301,29,300,109,252,85,80,6,259,30,13,299,307,113,27,107,102,353,28
109: 301,29,17,108,300,103,81,6,253,308,293,28,110,302,347,25,135,5
110: 309,302,347,348,135,136,294,104,26,303,115,301,29,109,103,82,254,308
111: 83,304,305,257,311,351,112,306,106
112: 37,345,133,138,351,352,312,353,306,106,30,111,84,305,299,307,113,27,107
113: 30,265,84,307,108,300,85,6,259,312,112,353,306,28,114,116,313
114: 139,140,360,28,354,30,307,113,308,314,116,313
115: 309,141,110,302,348,355,136,303,262,315,87,261,308,310
116: 313,30,265,307,113,316,314,312,114,359
117: 31,118,122,323,324,330,365,89,317,322,275
118: 31,119,117,142,323,324,366,325,317,362,318,319
119: 118,142,324,325,32,124,332,319,363,326,120,91,143,367
120: 33,320,326,333,121,368,125,91,144,148,334,374,278,92,119,325
121: 286,328,320,326,327,120,125,334,278,279,92,93
122: 31,370,282,117,123,145,337,338,323,330,331,365,371,127,89,322,329
123: 292,31,0,122,146,24,338,324,330,331,372,127,32,124,332,19,95,283,128,34
124: 292,119,0,123,142,20,24,324,331,147,325,373,284,32,332,2,33,129,333,7,35,339
125: 286,33,326,333,120,121,126,36,334,278,98,21,97,92,285,293
126: 286,125,36,98,295,287,335,341,131,294,104,26,342
127: 282,122,123,337,338,330,331,94,101,291,3,290,22,100,128,344,132,34,23
128: 37,345,386,133,34,102,346,134,23,101,291,3,292,0,123,24,338,331,127,129,7,35,339
129: 40,33,333,380,7,152,35,339,130,340,292,0,24,32,124,332,128,34,102,346,134,39,25,5
130: 40,33,129,333,380,148,36,7,152,35,374,153,381,154,339,340,341,131,39,25,5
131: 341,348,389,136,383,294,104,26,126,36,154,130,340,342,349
132: 37,343,344,385,345,133,351,106,23,337,127
133: 37,128,344,345,386,132,138,351,34,352,102,346,134,112,353,306,106,23,299,27,107
134: 37,128,345,386,133,34,102,346,353,40,129,380,7,152,35,339,157,39,38,25,5
135: 140,28,39,110,302,347,348,354,25,136,5,301,29,109,308
136: 309,341,131,141,395,110,302,347,348,355,389,135,303,115,356,349
137: 391,351,350,357
138: 396,392,37,345,133,391,351,160,352,112,353,306,358
139: 398,140,360,28,162,394,354,38,114,161,393,353,359,397
140: 139,360,28,141,395,162,347,394,354,355,38,135,114
141: 140,309,395,348,354,355,136,115,356,361
142: 31,119,118,146,366,372,147,325,373,32,124,332,143,367
143: 364,363,368,144,148,374,367,119,142,147,325,373
144: 364,369,320,326,327,120,368,148,334,374,143,367
145: 31,370,122,146,337,338,330,365,371,372,150,378
146: 31,123,142,145,338,331,371,372,147,373,379,151
147: 142,146,372,373,32,124,332,40,380,148,152,374,143,367
148: 33,326,333,120,368,144,149,36,334,375,374,153,381,143,367,130,340,147,373
149: 376,369,148,36,334,375,374,154,382
150: 384,385,378,145,337,338,371,377
151: 163,379,386,156,146,338,372,40,380,152,157
152: 40,129,380,7,35,153,381,339,130,340,147,373,163,379,151,346,134,157
153: 40,380,148,36,152,374,381,154,130,340,157,388,39,158
154: 149,36,375,153,381,130,340,341,382,388,131,389,383
155: 384,385,391,156
156: 392,379,385,386,391,155,160,151,387
157: 387,39,158,38,40,380,152,153,381,163,379,386,151,346,134
158: 387,157,388,39,395,162,394,389,38,153,381
159: 390,382,388,395,389
160: 396,392,161,386,393,138,391,156,352
161: 392,393,160,139,387,162,394,38,397
162: 398,139,140,395,158,394,354,38,161,393
163: 379,151,40,380,152,387,157
164: 175
165: 166,190,169,197
166: 170,165,197,43,191,167
167: 43,44,191,192,171,170,166
168: 173,45,195,169
169: 46,196,197,165,168,174
170: 166,197,167,171,41
171: 48,205,198,167,41,176,53,172,170
172: 177,49,199,171
173: 168,178,202,50,174
174: 203,202,179,50,51,173,175,196,169,41
175: 164,180,41,176,174
176: 205,171,41,53,177,175,181,206,57
177: 172,182,176,206
178: 173,209,202,179,50
179: 56,210,174,211,180,178,183
180: 175,184,179,211,181,57
181: 58,57,212,180,182,185,176
182: 177,181,59,206,213
183: 184,60,216,179,211
184: 185,180,183,211,217,61
185: 184,181,62,218
186: 224,187,190
187: 225,186,65,43,191,231,188
188: 43,44,191,192,226,187
189: 63,64,190,195,229,230,223
190: 42,189,165,186
191: 65,43,44,192,231,167,188,47,166,187,42,197
192: 43,44,48,66,191,193,198,232,167,188
193: 44,49,67,192,199,233
194: 235,45,195,73,201
195: 45,189,168,194
196: 46,169,8,197,204,52,41,47,203,174,51
197: 42,46,196,169,165,170,166,43,191,41,47
198: 11,44,48,49,54,66,205,71,72,192,199,232,239,240,171,47,53
199: 48,49,54,72,193,198,240,200,172
200: 49,72,199,240,207,241
201: 242,202,50,194,73,208
202: 55,203,209,50,174,51,201,173,178,45,73
203: 55,56,210,202,50,174,51,45,46,196,244,8,12,74,204,52
204: 196,244,8,12,74,52,205,41,47,53,1,75,245,203,51,57
205: 48,54,198,171,41,176,47,53,8,204,52,58,206,57,246,212,76,14
206: 58,212,213,177,182,54,205,207,176,53
207: 54,247,77,200,206,214,248
208: 249,209,250,201
209: 55,215,202,250,50,178,208
210: 15,55,56,60,79,203,216,251,258,179,211,51
211: 56,60,210,216,179,180,183,184,57,217,61,16
212: 181,17,58,62,206,81,57,213,218,253,16,205,53
213: 17,58,59,206,81,82,212,219,253,254,182,54,214
214: 207,255,59,213
215: 60,83,209,216,250,257,258
216: 56,60,210,215,258,220,211,183,217,61
217: 62,222,85,61,218,259,16,184,60,216,220,211,221
218: 58,62,222,86,217,212,61,219,260,16,185
219: 59,62,82,86,87,213,218,261,254,260
220: 60,216,217,61,264,221
221: 265,220,222,217,61
222: 266,62,217,61,218,221
223: 63,64,189,229,230,275,224,269
224: 186,271,88,225,64,230,223,277,270
225: 187,271,88,224,277,65,231,226
226: 65,66,231,232,272,188,227,225
227: 67,233,272,226,279,93,273
228: 235,63,229,274
229: 63,64,68,189,230,236,223,275,228,89
230: 9,42,63,64,69,189,229,237,223,277,276,275,96,90,224,65,231
231: 65,43,66,191,232,226,10,47,187,225,42,64,230,277,96
232: 65,11,44,278,48,66,67,71,192,198,231,233,239,226,10,92
233: 66,67,72,193,232,240,227,234,279,93
234: 67,233,241,279,280,93
235: 228,194,281,68,236,73,242
236: 9,45,63,68,69,229,237,94,73,243,235
237: 9,42,45,46,64,68,69,230,236,244,19,94,101,291,12,74,3,95,243,283,96
238: 11,71,239,70,21,10,97,285,47,4,1,75,245,96,20,284,2
239: 11,48,54,66,71,72,98,198,232,240,238,70,21,10,97,285,293,4,246,76,14
240: 11,48,49,54,67,71,72,98,198,199,233,239,247,77,200,241
241: 72,240,247,295,77,200,234,287,248,286
242: 290,298,201,22,100,235,73,243,249,99,289
243: 9,45,68,69,236,237,244,94,101,291,12,74,3,73,242,78,290,22,100
244: 9,69,237,8,101,291,12,74,3,243,204,52,1,75,245,15,13,78,79,203,251,51
245: 238,70,47,4,1,75,244,8,12,74,204,52,13,252,246,76,80,14
246: 17,103,81,76,253,14,11,54,205,71,239,247,77,293,53,4,1,75,245
247: 54,72,98,240,207,295,77,241,293,103,246,76,14,248,294,104,26
248: 105,207,247,295,77,241,255
249: 256,208,242,250,298,297
250: 55,78,83,209,215,257,258,298,256,249,208
251: 15,55,56,13,78,79,210,258,299,27,107,244,12,74,252,80
252: 17,108,300,81,85,80,6,253,259,16,1,75,245,15,13,79,251
253: 301,29,17,58,109,103,81,82,86,252,246,212,213,76,80,254,308,260,16,14
254: 17,262,255,103,81,82,87,213,219,261,253,308,110,302
255: 262,82,254,105,214,248,303
256: 249,83,304,250,257
257: 111,83,215,305,250,258,256,263
258: 15,55,56,60,78,79,83,84,210,215,216,250,251,257
259: 108,300,86,252,85,217,61,80,6,260,16,30,265,84,307,113
260: 266,17,62,81,86,87,85,218,219,261,253,308,259,16
261: 267,262,315,82,86,87,219,254,308,260,309,115
262: 255,82,87,261,254,310,309,115
263: 264,311,83,257
264: 263,265,84,220,312
265: 30,84,307,113,266,85,259,264,221,116,313
266: 267,222,86,260,265,314
267: 266,315,87,261
268: 271,88
269: 223,275,317,270
270: 271,88,224,277,276,275,90,318,269
271: 88,224,225,277,272,268,18,270
272: 278,226,227,279,92,93,271,88,273,18,91
273: 272,227,279,93,321
274: 228,281,275,89,322
275: 63,64,229,230,223,276,90,269,274,117,323,324,89,317,270
276: 64,230,19,277,95,275,283,96,90,20,324,284,270,2
277: 64,230,276,96,90,271,88,224,225,65,231,10,20,284,270,2,91
278: 66,232,272,279,21,10,97,92,93,285,326,120,121,125,91
279: 278,67,233,272,227,234,280,92,93,273,286,121
280: 234,279,93,287,286,328
281: 235,329,274,282,89,99,289
282: 122,337,330,127,89,281,94,290,22,100,329,336,99,289
283: 9,69,237,19,94,101,291,276,3,95,96,90,292,0,123,20,24,324,331,284,2
284: 292,0,20,24,32,124,332,2,19,277,276,95,283,96,90,238,70,21,10,97,285,4,33,333,91
285: 11,278,71,98,239,238,70,21,10,97,92,293,4,20,284,2,33,333,125
286: 328,121,125,126,98,295,241,279,280,93,287,335
287: 295,241,280,286,126,335
288: 336,297,99,289
289: 336,297,288,99,281,242,290,298,22,100,282
290: 242,78,298,22,100,94,101,291,3,243,282,127,99,289,23
291: 9,69,237,244,19,94,101,12,74,3,95,243,283,13,78,290,299,27,107,22,100,292,0,24,127,128,34,102,23
292: 0,123,20,24,331,284,32,124,332,2,19,101,291,3,95,283,4,13,129,7,35,339,128,34,102,25,5
293: 11,71,98,239,247,77,21,97,285,4,301,29,109,103,246,76,14,125,25,294,104,26,5
294: 341,131,110,302,104,26,303,98,247,295,77,293,103,126
295: 98,247,77,241,287,105,248,286,126,294,104,26,303,342
296: 105
297: 336,288,99,289,249,304,298,343
298: 242,78,304,250,290,22,100,249,297,99,289,106,23
299: 15,13,78,79,251,27,107,101,291,3,108,300,6,37,345,133,102,112,353,306,106,23
300: 301,29,108,109,252,85,80,6,259,30,13,299,307,113,27,107,102,353,28
301: 29,17,108,300,109,103,81,6,253,308,293,28,110,302,347,25,135,5
302: 309,110,347,348,135,136,294,104,26,303,115,301,29,109,103,82,254,308
303: 309,110,302,348,136,294,104,26,115,295,255,105,310,349
304: 111,305,298,256,350,297,351
305: 111,83,304,257,311,351,112,306,106
306: 37,345,133,138,351,352,312,112,353,106,30,111,84,305,299,307,113,27,107
307: 30,265,84,113,108,300,85,6,259,312,112,353,306,28,114,116,313
308: 301,29,17,109,81,82,86,87,261,253,254,260,309,28,110,302,347,135,114,115
309: 141,110,302,348,355,136,303,115,262,315,87,261,308,310
310: 262,309,303,115,356
311: 263,111,305,312,357
312: 112,306,358,30,84,307,113,264,311,116,313
313: 116,30,265,307,113,316,314,312,114,359
314: 266,315,360,114,116,313
315: 267,87,261,314,309,360,115,361
316: 359,116,313
317: 117,118,323,275,318,269
318: 362,319,118,317,270
319: 362,318,18,119,118,325,363
320: 364,326,327,120,121,368,91,144,321,18
321: 273,320,327
322: 117,122,323,330,365,89,329,274
323: 31,117,118,122,324,330,365,89,317,322,275
324: 31,119,117,118,123,323,331,325,32,124,332,19,276,95,275,283,90
325: 119,118,142,324,32,124,332,319,363,326,120,91,143,367
326: 33,320,333,120,121,368,125,91,144,148,334,374,278,92,119,325
327: 328,369,320,121,368,144,334,321
328: 286,327,121,280,335
329: 281,370,282,122,337,330,322,336
330: 31,370,282,117,122,123,145,337,338,323,331,365,371,127,89,322,329
331: 292,31,0,122,123,146,24,338,324,330,372,127,32,124,332,19,95,283,128,34
332: 292,119,0,123,142,20,24,324,331,147,325,373,284,32,124,2,33,129,333,7,35,339
333: 33,129,326,120,125,148,36,7,35,374,339,130,340,21,97,285,20,284,32,124,332,2
334: 369,326,327,120,121,368,125,144,148,149,36,375,374
335: 287,376,286,328,126,342
336: 297,288,377,99,289,329,282,337,343
337: 370,282,122,145,338,330,371,127,329,336,377,344,132,150,378
338: 31,122,123,145,146,337,330,331,371,372,127,379,128,385,34,151,150,378
339: 40,33,129,333,380,7,152,35,130,340,292,0,24,32,124,332,128,34,102,346,134,39,25,5
340: 40,33,129,333,380,148,36,7,152,35,374,153,381,154,339,130,341,131,39,25,5
341: 131,348,389,136,383,294,104,26,126,36,154,130,340,342,349
342: 349,295,126,335,341,131,383
343: 384,344,132,351,350,336,297
344: 37,343,385,345,132,133,351,106,23,337,127
345: 37,128,344,386,132,133,138,351,34,352,102,346,134,112,353,306,106,23,299,27,107
346: 37,128,345,386,133,34,102,134,353,40,129,380,7,152,35,339,157,39,38,25,5
347: 140,28,39,110,302,348,354,25,135,136,5,301,29,109,308
348: 309,341,131,141,395,110,302,347,355,389,135,136,303,115,356,349
349: 356,342,390,341,131,348,136,303
350: 304,343,137,351
351: 37,343,344,345,132,133,137,138,391,352,112,306,106,111,304,305,350
352: 396,392,37,345,133,138,391,351,160,112,353,306,358
353: 37,345,133,138,352,102,346,134,112,306,30,299,307,113,27,107,108,300,6,139,28,38
354: 139,140,360,28,141,395,162,347,394,355,38,135,114
355: 140,309,141,395,348,354,136,115,356,361
356: 349,310,141,348,355,136
357: 311,137,358
358: 396,138,352,312,357,359
359: 397,316,358,139,360,116,313
360: 398,139,140,354,114,315,314,359,361
361: 315,360,141,355
362: 318,319,118,366,363
363: 364,143,367,362,319,119,325
364: 363,320,368,144,143,367
365: 31,370,117,122,145,323,330,366,371,322
366: 31,118,142,365,362,399
367: 364,363,368,144,148,374,143,119,142,147,325,373
368: 364,369,320,326,327,120,144,148,334,374,143,367
369: 327,368,144,149,334,375
370: 122,145,337,330,365,371,329,377
371: 31,370,122,145,146,337,338,330,365,372,150,378
372: 31,123,142,145,146,338,331,371,147,373,379,151
373: 142,146,372,147,32,124,332,40,380,148,152,374,143,367
374: 33,326,333,120,368,144,148,149,36,334,375,153,381,143,367,130,340,147,373
375: 376,369,148,149,36,334,374,154,382
376: 149,375,335,383
377: 336,370,337,384,150,378
378: 384,385,150,145,337,338,371,377
379: 163,386,156,151,146,338,372,40,380,152,157
380: 40,129,7,152,35,153,381,339,130,340,147,373,163,379,151,346,134,157
381: 40,380,148,36,152,374,153,154,130,340,157,388,39,158
382: 390,388,389,159,383,149,375,154
383: 390,341,382,131,376,154,342
384: 343,385,155,150,378,377
385: 384,344,386,132,391,155,156,150,378,338
386: 392,379,37,128,385,345,133,156,160,34,151,346,134,157,38
387: 157,158,163,161,393,156
388: 382,158,389,159,153,381,154
389: 390,341,382,388,131,39,395,158,348,159,136,154
390: 382,389,159,383,349
391: 392,385,137,138,351,155,156,160,352
392: 396,161,386,393,138,391,156,160,352
393: 392,161,160,139,387,162,394,38,397
394: 398,139,140,395,158,162,354,38,161,393
395: 140,141,158,162,348,394,354,355,389,159,136
396: 392,138,160,352,358,397
397: 359,396,161,393,398,139
398: 139,360,162,394,397
399: 366