0: 1,95,786,70,13,551,651,466,245,4,283,493,20,862
1: 95,695,760,237,746,786,70,0,551,238,774,667,466,245,830
2: 777,283,324,90,70,551,627,499,539,32
3: 817,681,435,826,290,291,720,856,526,510
4: 493,101,0,13,245,443,5,24,862,634,128
5: 582,584,804,293,245,443,4,24,514,862,634,434
6: 711,628,109,737,641,638,299,664,81,116,308,30
7: 292,642,123,777,332,331,493,20,744,752,128
8: 170,586,198,41,599,742,724,197,787,838,47,623
9: 12,517,95,768,739,720,522,619,651,547,501,19
10: 637,66,92,762,636,627,97,876,459,696,757,692,581,285
11: 679,48,597,636,98,53,740,541,686,54,72,576
12: 9,95,609,291,720,786,13,619,651,74
13: 12,291,786,0,651,245,553,515,74,443,734,4,493,101
14: 213,212,496,171,672,463,206,541,833,706,17,545,513,253
15: 483,553,703,856,515,251,526,883,708,435,27
16: 75,429,855,628,60,57,211,591,61,80,528,81,85,618
17: 706,571,855,545,684,560,213,212,58,591,824,14,593,253
18: 503,704,811,697,268,821
19: 122,123,722,283,324,547,9,517,768,522,651,719,633,689
20: 24,33,744,581,514,862,752,0,7,777,493
21: 692,447,339,514,637,293,97,286,104,126,488,896,894
22: 676,700,78,497,681,73,242,464,431,747,826,845
23: 27,652,345,352,577,505,635,625,106,461,487,678,112
24: 20,33,744,339,514,869,862,5,4,634,25,715
25: 565,789,434,699,347,35,340,793,715,894,24,339,869,634
26: 294,710,729,552,535,815,716,511,588,302
27: 37,23,577,505,435,483,15,703,635,515,510,625
28: 699,394,301,795,354,589,139,30,477,858
29: 430,711,109,582,560,592,552,641,638,135,302
30: 114,589,822,858,6,109,638,116,308,699,28,301
31: 620,122,788,657,713,118,621,735,418
32: 648,33,773,581,752,285,539,612,777,2
33: 20,692,648,447,24,744,339,333,581,514,869,32,752,130,285
34: 380,662,616,865,373,642,338,646,151,807,40
35: 565,347,471,129,766,25,340,339,527,869,130,882,39
36: 341,615,758,125,816,334,374,868,765,154,131,376
37: 438,27,634,345,128,577,505,553,703,515,102,101
38: 465,685,419,825,688,835,542,386,353
39: 388,827,525,130,471,35,766,472,546,154,882
40: 542,151,642,688,346,565,129,34,616,373,153,827
41: 170,586,8,742,723,470,406,426,653,787,838,408,849
42: 165,46,197,518,787,520,613,797,555
43: 167,191,601,187,613,660
44: 665,192,750
45: 663,893,168,173
46: 165,168,195,732,518,42,782,520,190,411,482
47: 838,836,51,8,599,237,746,555,774,623
48: 11,774,623,53,667,232,198,686,599,54
49: 534,77,834,733,425,686,445,240,72
50: 427,209,178,201,630,173,771,202
51: 470,196,838,836,47,599,723,556,695,609,237,71,745,540
52: 674,781,179,437,556,180,580,723,176,205,610,831
53: 11,48,71,774,740,541,830,599,54,204,545,76
54: 172,586,198,686,445,599,496,171,11,48,53,541,545
55: 839,210,107,526,427,771,203,215,56,691,708
56: 674,183,179,203,60,215,673,702,55,210,107,631,814
57: 205,211,610,591,179,580,80,75,855,16,684
58: 185,181,502,213,212,532,603,591,62,824,593,182,17
59: 206,753,182,864,214
60: 183,179,56,211,217,702,61,80,631,16,528,509,814
61: 718,222,221,60,211,217,16,528,509,85,618
62: 185,58,532,591,593,671,718,409,618
63: 566,274,275,223,229,68,189,799
64: 749,224,231,567,675,677,96,705,879,186,785,416,555,65
65: 760,746,785,70,416,555,231,64,705,422,880,238,570
66: 679,10,92,643,636,98,226,876,278,459,67,93
67: 233,279,227,595,442,759,226,278,66,480,93
68: 228,479,189,547,501,799,274,63,754,229,517,739
69: 797,739,416,619,195,244,604,749,879,236,189,501
70: 1,95,768,760,785,0,65,551,96,90,422,238,627,283,2
71: 774,53,830,51,599,695,745,204
72: 240,576,892,686,49,77,759,679,11,98
73: 676,22,681,691,630,464,243,826,476,526
74: 553,856,515,252,734,540,883,12,695,609,291,720,786,13
75: 571,204,855,16,628,684,584,641,580,57,745,79,252,80,300,734
76: 706,571,204,246,582,545,584,804,53,293,740,541,830
77: 199,500,672,49,445,496,240,72,576,561,833
78: 249,208,676,700,614,22,497,681,691,802
79: 553,703,251,252,80,300,210,631,299,823,883,75,628,259
80: 79,252,210,631,179,60,580,57,75,16,628,528
81: 266,890,473,85,618,308,260,6,429,16,711,628,528,664
82: 255,659,513,644,772,815,803,253,103,239,706,430,246
83: 263,727,806,682
84: 575,578,791,311
85: 266,81,890,618,867,222,61,221,16,528
86: 267,266,618,260,593,671,219,429,639,730
87: 261,262,315,730,469,592,712,694,309,115
88: 225,272,271,277,629,698,704,697
89: 633,440,330,460,583,689,479,94,547,117,322
90: 230,277,96,422,768,785,70,499,719,843,859,283,2
91: 696,273,537,320,119,451,503,120,539,811,757,285
92: 637,10,66,278,800,93,696,519,488
93: 241,892,278,233,67,800,66,92,98
94: 281,544,479,547,747,290,522,89,633,850,460,801,453
95: 9,1,12,768,760,786,70,0,651,283
96: 224,230,64,277,677,705,90,422,785,70,859
97: 637,10,636,804,293,740,692,581,21,514
98: 679,11,637,597,66,636,740,241,72,576,93,892
99: 700,298,817,405,288,747,290,801,453,683,598,608
100: 336,377,608,461,337,850,453,852,446,498,132,577,127
101: 292,4,852,722,493,291,13,651,515,37,128,577,127
102: 553,703,300,443,299,737,438,37,634,108,505
103: 248,82,772,815,716,295,247,104,239,511
104: 286,239,637,597,293,246,552,815,103,21,511,896
105: 310,808,888
106: 350,625,784,693,461,23,352,111,764,137,487,678
107: 55,251,210,631,56,250,708,806,441,814,417
108: 438,731,505,299,102,737,789,699,521,858
109: 6,29,711,737,641,638,135,699,30
110: 600,776,822,638,694,315,301,309,141
111: 506,764,257,263,727,680,625,693,106,487
112: 306,487,305,669,521,678,853,635,23,652,731,505
113: 396,489,413,669,853,160,477,854,474
114: 589,439,30,822,444,116,308,847
115: 361,690,356,141,712,87,315,587,309,751
116: 473,308,847,6,494,529,717,664,307,669,521,114,589,30,858
117: 562,323,322,274,754,89,689
118: 657,713,468,886,31,366,735,418
119: 320,368,91,451,478,120,539,612,648,773,326,285,495,367,144
120: 696,320,368,119,91,645,792,780,326,495
121: 617,645,848,278,279,800,696,519
122: 31,123,19,788,324,323,657,719,633,330,689,621
123: 292,670,620,7,122,722,332,446,19,788,324,331
124: 657,284,481,612,324,486
125: 433,519,126,428,615,758,36,816,488,334,645,868,495
126: 412,428,511,125,816,488,896,286,21,348
127: 498,128,133,577,292,852,670,722,446,101,100
128: 438,37,634,133,346,127,292,4,642,7,493,101,744,715
129: 565,35,715,744,869,130,153,882,40
130: 648,447,33,339,374,333,527,868,869,35,129,546,154,882,39
131: 554,149,376,341,758,36,383,472,765,154,525,382
132: 701,498,133,352,577,344,100,377,461,385
133: 701,338,498,345,666,128,132,346,577,127,670,642,151
134: 436,647,386,465,393,392
135: 434,699,340,793,302,894,29,109,582,552
136: 309,710,564,557,751,729,602,302,141
137: 624,138,784,828,106,352,678,391
138: 351,624,605,137,357,358,707,678,563
139: 354,736,477,854,835,28,394,795,489,353,825,668,161
140: 354,736,397,600,507,439,776,585,837,490,398,574
141: 115,355,490,361,356,315,309,557,751,136,600,776,585,110
142: 399,536,755,524,662,372,866,842,596,147,367,143,725
143: 152,147,741,725,596,536,524,142
144: 369,148,367,725,368,119,478,648,773,374,326,333,743
145: 370,330,337,621,670,620,446,498,568,721,421,865,761
146: 399,380,492,508,524,421,662,857,150
147: 590,152,153,143,741,725,755,524,662,142,616,373
148: 369,546,726,741,725,144,374
149: 573,131,375,881,381,472,765,813,382
150: 371,873,146,421,857,379
151: 646,156,542,386,807,40,642,701,688,338,666,133,346,34
152: 590,147,143,741,524,616
153: 590,147,882,333,129,755,616,373,40
154: 472,765,546,374,527,130,341,36,884,131,39,525
155: 414,889,491,156,379,378,385
156: 646,491,436,647,379,386,378,151,807,626,385,701,155
157: 387,388,465,685,819,827,616,590,530,163,542
158: 387,162,388,432,159,685,419,668,450,395,404,569
159: 388,158,432,450,525,395,766,390,404
160: 652,666,423,707,113,489,853,386,626,353,656,474,392
161: 769,489,413,139,825,523,474,392
162: 387,158,465,685,419,819,393,569
163: 646,647,542,616,157,465
164: 175,174,437,406,653,408
165: 46,197,732,42,166,787,520,190,613,482,601
166: 165,426,849,601,170
167: 191,750,601,187,457,43,192,724
168: 169,173,46,195,732,518,45
169: 168,173,470,426,732,518,653,661
170: 8,41,742,724,750,601,197,166,787,849
171: 172,586,54,496,463,176,205,502,212,177,824,14,545
172: 586,54,665,650,887,171,463,177
173: 169,168,195,196,518,661,244,45,663,630,50,202,476
174: 437,455,164,661,178
175: 781,164,408,831
176: 181,205,177,610,831,824,586,723,171,52
177: 176,181,502,172,650,171
178: 50,209,661,771,174,455
179: 674,183,60,52,180,56,580,57,211,610,80
180: 674,781,183,179,52,184,846,767,211,610
181: 176,767,185,502,212,177,58,603,610,831,824
182: 59,206,218,753,502,213,58,532,603
183: 674,179,60,180,56,846,211,217,702,748
184: 781,180,846,687,767,748
185: 767,181,211,58,532,603,610,591,62,718,409,402
186: 520,190,411,613,64,567,660,675,879
187: 167,191,457,43,660,188,655
188: 226,193,558,655,187,457
189: 228,236,68,501,566,63,223,604,749,229,69,739
190: 520,411,613,482,186,165,46
191: 167,601,187,457,43,613,197,724,231,660,558,655,555,570,623,232
192: 198,44,686,665,724,167,750,733
193: 226,796,188,558,457,442,759
194: 228,235,242,236,464,544,845,572
195: 168,173,46,518,244,893,236,69
196: 173,470,518,661,836,51,202,556,476,540
197: 165,42,787,613,191,601,170,8,724,555,623
198: 586,8,686,54,742,665,192,724,48
199: 500,77,200,561,207
200: 458,561,207,199
201: 663,572,630,50,242,464,676
202: 771,203,455,630,173,196,661,50,476,839
203: 674,771,202,455,556,215,56,580,55,839,210,540
204: 75,571,545,684,584,76,205,71,53,745
205: 176,57,610,824,599,723,171,52,580,745,204,545,684
206: 59,753,182,672,463,502,213,212,14,513
207: 200,561,199,672,644,738,763
208: 614,78,250,871,691,802
209: 50,427,178,771,455,215
210: 55,839,79,251,252,80,107,631,540,883,203,56,580
211: 185,57,610,591,183,179,60,180,846,217,718,61,16,618
212: 181,502,213,58,824,14,171,206,17,545
213: 212,58,14,593,206,218,753,182,17,253
214: 255,659,449,513,738,253,59,753,864
215: 771,203,56,427,209,870,55
216: 531,673,702,220,258
217: 531,702,748,183,60,846,211,61,221,509
218: 753,182,213,532,593,671,219,449,253,639
219: 560,592,593,218,449,253,86,261,639,730
220: 452,594,575,509,814,258,840,861,216
221: 649,222,61,217,531,265,594,509,454,85,867
222: 718,649,61,221,85,618
223: 63,275,604,749,783,567,229,677,189
224: 270,64,277,516,629,675,677,96,705,698
225: 88,459,558,655,272,271,880,277,705,698,422
226: 188,876,278,459,193,558,272,227,442,67,66
227: 279,442,67,226,278
228: 194,235,236,68,544,479,189,501,799
229: 749,230,677,63,754,275,223,68,189,517,739
230: 229,677,96,90,754,517,768,739,785,719,859
231: 64,660,705,613,191,655,555,65,570
232: 679,570,48,623,643,191,457,686,724,796,558
233: 279,595,67,800,878,714,234,480,93
234: 241,458,533,709,233,800,878,714,512
235: 228,194,281,415,544,479,799,845
236: 228,194,464,243,189,501,448,663,893,195,69,619
237: 1,695,609,797,760,746,786,416,555,836,51,47
238: 762,643,667,627,422,880,1,760,746,70,65
239: 247,576,104,833,597,541,246,82,644,103
240: 458,480,72,892,425,49,77,834
241: 234,247,286,458,533,576,93,709,892,895,637,98
242: 194,464,845,201,572,676,22,497
243: 236,464,544,501,826,663,630,476,720,619,73
244: 173,195,518,836,476,69,609,797,619
245: 804,466,830,1,695,786,0,13,443,734,5,584,4,862
246: 706,571,430,582,552,76,597,293,541,104,239,82,815
247: 295,241,458,533,576,561,239,895,248,644,103
248: 456,255,644,772,763,716,103,295,247
249: 256,700,614,298,78,420,304,405,802
250: 208,691,802,708,107,682,441
251: 483,15,703,635,79,210,107,631,823,883,708,403,259,417
252: 553,745,79,80,74,210,734,540,883,580,75
253: 214,659,82,449,513,803,213,14,593,218,753,706,219,17,430,560
254: 659,535,303,712,772,803,261,262
255: 214,248,659,82,513,644,738,772,763
256: 249,614,304,871,467
257: 298,420,304,802,483,727,682,680,625,693,111
258: 220,452,814,216,673,702,806,441
259: 403,528,814,840,664,79,251,631,823
260: 267,266,81,86,694,308,891,711,592,638,730,469,822
261: 87,262,639,730,219,254,659,449
262: 261,87,254,712
263: 83,727,680,506,111,611
264: 594,575,578,454
265: 528,594,575,529,509,840,454,221,867
266: 267,81,86,890,462,85,308,260
267: 266,86,809,260,891,639,730,469
268: 499,475,778,821,843,629,18,704
269: 276,756
270: 224,277,516,629,756,677,276,859
271: 225,88,876,459,272,277,422,627,499,503,704,539,811,757
272: 225,226,88,876,459,271,273,503,697
273: 696,537,91,503,757,876,278,272,548,617
274: 63,754,275,798,68,479,117
275: 274,63,754,223,783,229,756,677,276
276: 317,504,719,269,859,754,275,270,756
277: 270,224,629,96,705,698,90,422,225,88,271,499,843,704
278: 226,876,279,227,67,800,66,92,93,696,273,121,617
279: 233,227,67,800,878,278,121,617
280: 335,287,433,519,428,622,709,328,512
281: 235,288,415,479,94,747,282,440,460,801
282: 329,460,583,801,281
283: 777,2,332,19,324,90,95,768,70,0,551,651
284: 499,504,124,820,821,843,325
285: 692,648,33,581,32,495,10,627,696,119,91,539,757
286: 241,104,709,895,637,21,126,428,511,488
287: 335,296,280,412,428,543,805,295,533,709,895
288: 281,431,747,700,405,99,801,598
289: 790,598
290: 94,747,826,720,522,817,99,3,510,453
291: 12,720,522,13,651,3,856,515,74,510,852,101
292: 670,642,7,123,722,331,493,101,128,127
293: 637,597,804,740,97,104,5,246,582,552,76,21,514,434
294: 342,559,349,710,564,348,26,779,729,808,716,511
295: 247,533,895,248,716,841,103,287,511,543,805
296: 335,287,412,543,805,342,559
297: 350,683,693,874,298,304,405,549
298: 249,257,420,304,817,405,99,350,625,297,683,693,608
299: 703,79,300,102,823,6,628,737,664,108,505,521
300: 553,79,443,734,299,102,75,628,737,584,641
301: 699,28,394,602,793,638,354,776,585,110,30,822
302: 135,29,592,552,638,535,309,710,26,136,729
303: 456,254,535,772,716,888
304: 256,249,298,257,802,467,727,297,693,874
305: 306,487,307,521,112,832,635,403,680,494,791
306: 358,313,307,305,669,678,112,853,832
307: 313,312,306,311,305,669,521,832,494,529,578,791,717,116
308: 770,266,81,890,473,116,847,260,6,711,638,664,114,30,822,444
309: 710,751,136,592,535,712,694,87,315,302,110,115,141
310: 105,710,751,808,535,712,716,888,690
311: 357,313,312,611,307,832,84,578,791
312: 313,311,307,578,717,316,632,538
313: 357,312,306,311,606,307,669,832,359,538
314: 770,890,885,473,462,847,717,454,316
315: 87,587,469,694,309,600,110,115,361,141
316: 578,717,314,312,632
317: 318,276,657,713,468,504,812,562,323
318: 317,468,812,897
319: 362,778,820,325,484
320: 321,537,368,119,91,451,478,860,120,364
321: 537,320,548,792
322: 562,117,323,89,330,583,658
323: 562,117,322,317,657,713,719,689,621,122
324: 122,123,283,2,332,19,788,657,719,124
325: 451,478,860,612,319,284,481,820,821,485
326: 648,374,868,495,368,119,120,780,334,369,144
327: 328,775,645,792,848,780,433,728
328: 327,775,512,280,433,519,622
329: 370,282,337,460,583,790
330: 89,370,633,337,460,583,658,145,621,322,122,446
331: 292,670,620,642,7,123,332,788,866,752,755,662,372,373
332: 7,123,777,283,788,324,866,331,752
333: 648,33,773,374,752,130,866,755,153,546,725,144,882
334: 728,36,125,780,374,326,369,376
335: 296,280,287,433,412,428,615,622,758
336: 343,790,683,100,377,608,337,453
337: 329,370,330,850,460,145,446,336,100,377,498
338: 701,498,133,670,642,34,865,378,151,807
339: 447,24,33,527,21,514,869,130,35,25,340,894
340: 135,588,389,347,35,766,25,602,793,894,339,527,729
341: 758,36,816,527,383,348,884,154,131
342: 559,349,383,294,550,348,779,296,412,758,805
343: 350,790,336,683,344,640,377,384
344: 350,343,828,377,461,132,352,818
345: 438,37,23,652,666,133,346,577,423,731,505
346: 688,438,634,345,666,128,133,423,642,565,789,715,151,40
347: 565,835,389,471,394,35,766,25,602,340,793,795,450
348: 342,383,294,779,729,884,527,341,126,511,758,816,896,588
349: 342,559,294,550,564,808,872
350: 297,343,784,683,693,344,106,461,298,549
351: 506,605,764,138
352: 23,652,132,344,828,106,461,137,678,391
353: 386,688,666,160,423,489,139,38,825,392
354: 736,140,589,139,439,776,585,28,394,301
355: 490,356,141,557,585,574
356: 115,355,141,564,557,751
357: 358,313,611,311,606,832,605,138
358: 357,396,707,306,606,678,853,138,563
359: 360,589,632,837,854,313,410,669,538
360: 359,632,507,439,837,410
361: 115,490,141,315,587,600
362: 319,886,812,820,897,851
363: 407,484,842,485,596,536
364: 485,743,320,368,478,860
365: 713,468,366,607
366: 407,365,713,468,118,607,735,418
367: 725,144,119,478,612,866,486,773,842,485,596,755,142
368: 320,119,478,120,780,326,364,743,424,369,144
369: 148,726,144,368,780,374,326,334,743,424
370: 329,330,337,583,658,145,568,579,654
371: 150,579,607,721,492,508
372: 399,755,492,662,142,735,620,788,866,331,486,842
373: 755,662,34,616,642,331,147,153,40
374: 648,326,333,868,130,36,334,369,148,765,546,144,154
375: 573,149,376,381,765,726
376: 131,375,728,615,36,334,765
377: 343,336,344,100,337,498,132,761,384
378: 156,379,807,385,701,338,498,155,761
379: 156,829,378,807,150,857,155
380: 146,524,662,34,616,857,646
381: 472,765,546,726,741,530,573,149,375
382: 383,554,149,131,881,813,525
383: 342,390,550,348,779,884,341,758,554,131,382
384: 818,761,343,640,377,654
385: 156,378,626,701,132,414,155,818
386: 646,156,134,436,542,151,626,353,688,666,160,38,392
387: 162,388,158,157,465,432,685,819
388: 387,158,157,432,159,813,685,39,525,472,530
389: 347,395,766,602,340,390,779,729,884
390: 383,779,872,884,389,395,159,404
391: 626,828,352,624,137,707,414,401,794,656
392: 523,656,474,160,489,134,386,353,825,393,161
393: 162,465,419,825,134,523,392,569
394: 835,28,347,301,395,602,793,795,354,736,139,585,668,450
395: 389,394,766,602,390,557,585,158,159,668,450,404
396: 358,113,410,606,413,474
397: 736,140,837,854,398,769
398: 569,769,574,736,140,397,668
399: 536,146,492,508,524,662,142,735,372,407
401: 414,818,828,640,391,863
402: 718,409,687,846,185
403: 259,680,494,452,529,417,791,840,635,251,823,305
404: 395,390,158,432,159
405: 249,700,298,99,288,297,683,598
406: 653,408,849,41,164
407: 363,366,842,399,536,492,508,735,418
408: 406,653,41,723,175,437,164,831
409: 718,402,185,532,62
410: 396,413,360,359,837,538
411: 520,190,186,782,46,604,567,879
412: 335,296,287,126,428,758,805,342
413: 396,113,489,410,854,474,161
414: 401,155,794,818,889,391,385
415: 281,235,479,799,798,440,810
416: 69,797,739,760,237,785,619,555,65,749,64,879
417: 403,680,452,483,251,107,806,682
418: 492,735,118,621,31,620,407,366,607,721
419: 162,158,465,38,685,825,668,450,393,835,569
420: 249,298,257,817,681,802,708,435,483,625
421: 146,492,865,145,150,568,721
422: 277,96,705,90,225,459,271,880,70,65,238,627
423: 688,438,652,345,666,346,160,731,565,789,795,477,353
424: 368,792,780,369
425: 877,733,49,595,442,759,240,480
426: 169,732,166,653,787,849,41
427: 50,209,870,771,215,691,55
428: 335,280,287,433,519,126,412,125,488,286,709,895
429: 855,16,711,560,591,593,81,86,618
430: 29,706,246,582,560,592,552,82,815,803,253
431: 288,747,845,700,22,497
432: 387,388,158,159,813,404
433: 335,280,519,728,428,615,622,125,328,327,645
434: 135,25,894,293,5,582,552,514
435: 420,817,708,3,483,15,515,510,625,27
436: 491,156,134,647,386,626,656
437: 674,781,174,455,52,556,164,653,661,408
438: 37,634,108,345,128,346,423,731,505,102,789
439: 354,360,140,114,589,600,507,776,837,444
440: 89,810,798,281,415,479
441: 806,682,870,673,250,107,258
442: 227,595,67,759,425,877,226,193
443: 553,300,734,102,13,245,5,584,4,634
444: 114,600,439,822,770,308,847,891
445: 686,54,496,887,534,49,77
446: 670,123,722,633,330,337,850,145,100,498,127
447: 692,648,33,339,527,21,868,130
448: 663,572,875,893,236
449: 214,659,253,218,753,219,261,639
450: 158,159,685,419,668,835,347,471,394,395,766
451: 320,119,91,478,860,539,811,612,325
452: 403,220,575,814,417,258,840,861,806
453: 850,460,801,94,290,99,336,100,608
454: 264,265,594,578,221,314,885,867
455: 674,771,203,202,174,437,661,209,178
456: 248,303,763,841
457: 167,191,187,796,188,193,558,232
458: 200,241,234,247,240,480,533,576,561,892,714
459: 225,226,876,558,272,271,880,422,10,66,643,627
460: 329,89,633,282,330,337,850,583,801,453,281,94
461: 350,625,344,100,106,608,23,132,352,577
462: 314,770,266,890,885,809,891
463: 672,844,172,496,650,887,171,502,14,206
464: 194,242,236,544,243,826,845,663,201,572,630,676,22,73
465: 387,162,157,38,685,419,819,393,163,134,542
466: 762,804,667,245,1,0,551,581,514,862
467: 727,256,304,871
468: 318,317,713,118,886,812,365,366
469: 87,315,730,267,260,891
470: 169,196,518,653,787,838,836,51,41
471: 565,835,347,35,766,685,39,450,827
472: 381,765,546,530,154,149,131,388,813,39,525
473: 314,770,81,890,116,308,847,867,529,717,664
474: 523,656,392,160,396,707,113,489,413,161
475: 268,504,778,897
476: 609,619,630,173,196,244,836,202,243,73,839,540
477: 589,139,854,858,423,731,28,795,113,489,669
478: 320,368,119,451,860,612,325,485,364,367,144
479: 228,281,235,68,415,544,94,547,501,799,274,89,440
480: 240,458,892,425,233,595,67,759,714
481: 886,124,820,612,325,486,842,851,485
482: 190,165,46,732
483: 15,703,635,251,257,420,708,435,680,417,625,27
484: 363,851,319,485
485: 364,596,481,478,860,325,363,484,842,367
486: 788,866,481,124,612,842,735,372,367
487: 611,305,678,112,832,635,680,625,106,23,111,605
488: 519,126,428,125,637,92,286,692,21,495
489: 113,413,160,139,477,854,353,825,474,392,161
490: 355,361,141,140,600,507,776
491: 646,156,829,436,647,155
492: 399,146,508,421,662,372,418,620,407,371,721
493: 292,4,7,101,0,13,651,20,862,128
494: 403,529,664,823,116,307,305,521
495: 692,648,326,868,285,696,119,120,645,519,125,488
496: 445,54,171,672,463,77,14,541,833
497: 676,700,614,78,22,242,431,845
498: 701,338,132,133,127,337,145,670,446,100,377,761,378
499: 284,268,821,843,277,90,271,704,539,811,2
500: 199,534,672,77,844
501: 228,236,68,544,479,243,189,547,9,69,739,720,619
502: 181,212,177,58,603,650,171,463,206,182
503: 18,273,537,91,704,811,697,272,271
504: 317,276,657,284,475,719,812,843,859,897
505: 438,27,37,23,108,345,731,703,635,299,102,521,112
506: 351,111,605,764,263,611
507: 360,140,600,439,490
508: 399,146,492,407,371
509: 528,220,265,594,814,840,60,217,531,702,61,221
510: 515,290,291,817,3,435,852,608,27
511: 126,805,896,295,286,104,895,716,103,588,294,348,26
512: 328,878,234,280,622
513: 214,255,659,82,644,738,253,672,14,206,753,833
514: 20,692,24,33,339,581,21,862,804,293,97,466,5,434,894
515: 15,553,703,856,74,510,291,13,435,101,27,37
516: 270,224,629,756
517: 9,768,739,754,230,229,68,547,719,689,19
518: 169,168,173,470,46,195,196,732,42,244,787,836,797
519: 280,433,428,125,488,800,92,709,696,328,121,645,495
520: 190,411,613,186,165,46,42,879,555
521: 307,305,669,112,635,299,494,116,108,731,505,858
522: 9,291,720,651,94,547,290,633,850,852,722,19
523: 474,392,393,161
524: 399,536,380,146,662,142,152,147,143
525: 388,159,813,39,766,884,472,154,131,382
526: 15,55,839,856,681,691,73,708,3
527: 447,339,130,341,816,896,35,340,894,348,884,154
528: 259,265,529,509,840,664,60,61,80,16,628,81,85,867
529: 403,528,265,494,575,578,840,717,664,473,116,307
530: 381,590,472,546,388,157,813
531: 217,216,702,221,594,509
532: 185,58,603,62,593,218,182,671,409
533: 295,241,234,247,458,709,895,287
534: 500,49,834,844,445,887
535: 254,303,712,772,815,803,716,302,310,309,710,26
536: 399,524,142,363,407,596,143
537: 321,273,320,91,503,548
538: 313,312,410,606,359,632
539: 119,91,451,811,757,612,271,627,499,2,32,285
540: 839,745,252,74,210,196,51,203,556,580,476,609
541: 11,597,53,740,54,496,14,576,239,833,706,246,545,76
542: 163,646,386,151,40,688,616,157,465,38,685,827
543: 296,287,805,295,841,559
544: 228,194,235,464,479,243,94,747,501,826,845,720
545: 706,17,571,204,684,76,54,171,205,212,824,14,53,541
546: 381,590,148,472,765,741,530,154,882,374,333,130,39
547: 68,479,94,501,754,9,517,522,89,633,689,19
548: 617,792,848,321,273,537
549: 764,350,297,784,693,874
550: 342,349,383,872
551: 1,70,0,762,627,466,777,283,2,581
552: 29,430,246,582,293,104,815,896,135,434,588,302,894,26
553: 15,703,515,79,252,74,300,443,734,102,883,13,37
554: 131,383,382
555: 797,237,746,416,65,520,613,191,197,42,47,231,64,570,623
556: 674,203,437,52,580,196,661,51,540
557: 564,136,872,395,602,585,355,356,141
558: 225,226,188,459,193,655,880,191,457,679,643,232
559: 342,349,294,808,296,543,805
560: 29,706,219,17,571,430,429,855,711,592,641,593,253
561: 200,247,458,576,207,833,199,672,77,644
562: 117,323,322,317
563: 138,358,707
564: 349,294,710,557,751,136,779,729,872,356
565: 789,835,347,471,35,129,25,795,715,688,346,423,40
566: 63,604,189
567: 749,783,64,675,677,879,411,186,223,604
568: 579,654,721,873,370,145,421,761
569: 398,162,158,419,668,393
570: 623,232,191,231,880,746,555,65
571: 706,75,17,204,855,246,582,545,684,584,560,641,76
572: 448,663,201,194,242,464
573: 149,375,381
574: 398,736,140,585,355
575: 264,220,265,84,452,594,529,578,840,861
576: 241,247,458,72,561,239,833,892,77,11,597,98,541
577: 27,37,23,345,132,133,127,852,101,100,461
578: 264,84,575,529,717,454,316,312,311,307
579: 568,371,607,721,370,658
580: 674,179,203,52,556,205,57,745,252,80,210,540,75
581: 20,692,33,514,32,862,285,551,10,762,627,97,466,777
582: 29,571,430,5,246,584,552,641,76,293,135,434
583: 329,89,370,282,330,460,658,322
584: 75,571,204,5,582,641,76,245,830,745,300,443,734
585: 354,736,140,776,394,301,395,602,557,355,141,574
586: 172,198,8,41,599,54,742,665,723,171,176
587: 315,115,361
588: 340,894,552,511,896,348,26,729
589: 354,359,114,439,30,477,837,854,858,116,28,669
590: 152,147,153,546,741,530,882,616,157,827
591: 185,57,211,58,610,62,824,593,17,429,855,16,684,618
592: 29,219,430,711,560,638,803,694,260,87,730,302,309
593: 213,58,532,591,62,218,671,219,17,429,560,253,86,618,639
594: 264,220,265,575,509,454,531,221
595: 233,442,67,759,714,425,877,480
596: 485,743,363,842,536,142,367,143,725
597: 11,637,98,293,740,541,576,104,239,246
598: 790,683,288,405,99,801,289
599: 586,8,54,723,838,51,47,205,48,71,774,53
600: 140,507,439,776,110,822,444,315,490,361,141
601: 167,191,750,43,613,165,197,166,170,724
602: 389,347,394,301,395,340,793,557,136,729,585
603: 185,181,502,58,532,182
604: 566,223,782,411,749,567,879,189,69
605: 351,506,138,357,611,487,678,832
606: 357,358,313,396,538
607: 579,371,721,365,658,621,366,418
608: 625,336,683,100,461,298,817,99,510,453
609: 476,12,695,797,237,786,619,244,836,51,74,540
610: 176,767,185,181,205,57,211,831,591,824,179,52,180,684
611: 357,487,311,832,263,791,506,605
612: 119,451,478,539,325,481,124,866,486,773,32,367
613: 520,190,186,191,601,43,165,197,42,231,660,555
614: 256,249,208,700,78,497,871
615: 335,433,728,758,36,125,376
616: 380,34,373,590,152,147,153,163,646,542,40,157,827
617: 548,121,848,278,279,273
618: 81,86,85,211,591,62,593,671,718,222,61,429,16
619: 9,476,12,69,609,797,739,720,786,416,244,236,243,501
620: 31,670,123,788,331,145,621,721,492,662,372,418,865
621: 330,658,145,323,713,31,620,122,607,721,418
622: 335,280,433,328,512
623: 570,48,774,667,232,191,197,47,8,724,746,555
624: 138,137,828,391
625: 693,106,608,461,298,257,420,435,483,635,680,27,23,111,487
626: 156,436,386,391,385,701,652,666,160,707,656
627: 238,10,762,422,459,271,70,551,539,757,2,581,285
628: 6,75,855,16,641,79,80,300,299,823,528,664,81
629: 270,224,277,516,698,88,268,704
630: 663,201,173,50,202,464,243,476,73
631: 79,251,80,210,107,60,56,259,814
632: 360,359,717,847,316,312,538
633: 89,330,850,460,689,94,547,522,122,722,446,19
634: 438,37,128,346,443,102,5,4,24,789,25,715
635: 483,703,251,403,680,625,27,23,505,487,305,521,112
636: 679,11,637,10,66,762,643,98,667,740,97
637: 10,597,92,636,98,293,97,241,286,104,692,21,488
638: 6,29,711,109,592,694,308,260,301,302,110,30,822
639: 261,730,593,218,671,219,449,267,86
640: 343,401,818,384
641: 6,29,75,571,855,711,628,109,582,737,584,560,300
642: 292,670,7,331,744,338,128,133,346,715,34,373,151,40
643: 679,238,66,762,636,667,232,459,558,880
644: 248,255,82,513,738,763,672,247,561,239,207,833
645: 121,327,792,848,780,696,120,495,433,519,125
646: 163,491,156,647,542,386,151,807,380,34,616,857
647: 163,646,491,156,134,436
648: 692,447,33,773,374,326,333,868,32,130,285,495,119,144
649: 222,221
650: 172,463,844,502,177
651: 9,12,95,291,522,0,13,722,283,19,493,101
652: 23,345,666,352,160,423,731,707,678,112,853,626
653: 169,470,406,426,661,408,41,437,164
654: 568,873,370,761,384
655: 225,188,558,880,191,187,231,660,705,698
656: 474,392,160,707,436,626,391
657: 317,713,504,118,719,886,124,323,31,122,324
658: 370,330,583,621,322,579,607,721
659: 254,214,255,82,449,513,772,803,253,261
660: 231,675,613,186,191,187,43,655
661: 169,173,196,653,178,202,174,437,455,556
662: 399,380,146,492,524,34,142,372,865,373,620,331,147
663: 448,45,201,572,630,893,173,236,464,243
664: 259,528,494,529,299,823,6,628,81,473,116,308
665: 172,586,198,44,686,742,192,887
666: 701,688,652,345,133,346,160,423,386,151,626,353
667: 238,48,762,774,623,643,636,740,466,830,1,746
668: 158,419,450,835,394,395,736,139,569,398
669: 313,306,113,307,521,112,853,116,731,359,589,477,854,858
670: 292,620,642,123,446,331,145,338,498,133,127,865
671: 532,62,593,218,86,618,639
672: 500,463,77,496,14,206,561,207,833,513,644
673: 216,702,870,56,441,258
674: 781,183,179,203,437,455,52,556,180,56,580
675: 224,64,567,660,677,186
676: 78,22,497,691,73,201,242,464
677: 749,270,783,224,230,64,567,229,756,675,96,275,223,859
678: 358,707,306,487,112,853,106,23,652,352,605,138,137
679: 11,66,643,636,98,232,686,796,558,759,72
680: 403,417,791,257,483,635,263,727,625,111,487,305
681: 78,22,420,817,691,73,708,3,826,526
682: 83,727,806,441,250,257,871,802,417
683: 350,297,343,790,336,598,608,298,405,99
684: 75,17,571,204,855,545,205,57,610,591,824
685: 387,162,388,158,157,465,38,419,450,827,835,471,542
686: 198,445,54,665,192,724,733,49,796,679,11,48,232,72
687: 184,767,402
688: 666,346,423,565,542,386,151,40,353,38
689: 89,633,754,547,517,117,323,719,122,19
690: 115,712,310,751
691: 208,676,78,250,681,73,708,427,55,526
692: 648,447,33,581,21,514,285,495,637,10,97,488
693: 350,625,297,106,874,298,257,304,111,764,549
694: 260,592,638,87,315,309,110,822
695: 1,609,237,786,51,71,774,245,830,745,74,734
696: 273,91,120,757,876,278,10,92,121,645,285,495,519
697: 18,503,704,88,272
698: 224,277,629,705,225,88,655
699: 789,135,28,301,25,793,795,109,737,108,30
700: 249,614,78,22,497,405,99,288,431,747
701: 338,498,666,132,133,156,378,151,626,385
702: 217,216,531,673,183,60,56,509,814,258
703: 483,15,553,635,515,79,251,299,102,823,883,27,37,505
704: 18,503,811,697,277,629,88,271,268,499
705: 224,231,64,277,96,698,422,225,655,880,65
706: 17,571,430,246,545,560,76,14,541,82,253
707: 358,678,853,652,160,138,626,391,656,474,563
708: 250,420,681,691,435,483,15,55,251,107,526
709: 241,234,286,533,895,800,280,287,519,428
710: 294,310,309,564,26,751,136,729,535,302
711: 6,29,429,109,560,592,641,638,81,308,260
712: 254,535,87,262,310,309,751,115,690
713: 317,657,468,118,365,323,621,31,366
714: 233,595,234,458,480
715: 565,789,129,25,642,24,744,869,634,128,346
716: 248,535,303,772,815,841,103,295,511,805,294,310,26,808
717: 529,578,314,473,116,847,316,312,307,632
718: 222,409,61,402,185,211,62,618
719: 276,657,504,859,754,230,90,517,768,323,689,122,19,324
720: 9,12,291,522,619,544,243,501,826,290,3,856,74
721: 568,579,371,607,658,145,621,620,492,421,418
722: 292,852,123,446,19,101,522,651,633,850,127
723: 586,41,599,838,408,51,52,176,205,831
724: 170,198,8,686,192,167,191,750,601,197,623,232
725: 147,148,367,143,741,144,333,596,755,142
726: 381,369,148,375
727: 83,263,467,682,257,304,680,111
728: 433,615,334,327,780,376
729: 294,710,564,348,26,136,779,588,389,602,340,302
730: 261,87,639,469,219,592,267,86,260
731: 438,652,108,345,423,505,669,521,112,853,477,858
732: 165,169,168,46,426,518,482
733: 425,686,192,49,796
734: 553,745,252,74,300,443,695,13,245,75,584
735: 399,372,418,118,31,788,486,407,366,842
736: 354,140,397,139,585,394,668,398,574
737: 6,109,641,300,299,102,108,699
738: 214,255,513,644,763,207
739: 9,517,69,785,416,619,749,230,229,68,189,501
740: 11,597,636,98,804,53,667,293,97,541,830,76
741: 381,590,152,147,148,143,546,725
742: 170,586,198,8,41,665
743: 364,596,368,369,144
744: 20,24,33,869,752,642,7,128,129,715
745: 252,734,540,51,580,205,695,71,75,204,584
746: 1,760,237,555,65,47,238,570,774,623,667
747: 281,288,431,544,94,826,290,845,700,22,99,801
748: 217,183,184,846
749: 64,567,229,677,879,223,604,189,69,739,416
750: 167,601,170,44,192,724
751: 310,309,710,564,136,712,115,690,356,141
752: 20,33,744,773,333,32,7,777,332,866,331,755
753: 59,206,218,182,213,214,449,513,253
754: 274,275,230,229,68,547,517,117,276,719,689
755: 142,372,373,866,331,333,752,147,367,153,725
756: 270,783,516,677,275,276,269
757: 696,273,91,539,811,876,271,10,627,285
758: 335,341,412,615,36,125,816,342,383,348,131
759: 595,442,67,425,796,193,679,480,72,892
760: 1,95,237,746,786,785,70,416,65,238
761: 384,145,377,498,568,654,873,378
762: 238,10,643,636,667,627,466,551,581
763: 456,248,255,644,738,207
764: 351,506,111,549,693,106
765: 381,472,546,154,374,36,149,131,376,375
766: 389,347,471,35,395,340,884,159,39,450,525
767: 185,181,610,831,687,781,184,180
768: 9,517,95,785,70,230,90,719,283,19
769: 161,398,397
770: 314,890,473,462,308,847,891,444
771: 203,202,455,215,50,427,209,178,55,839
772: 254,248,255,659,535,82,303,815,803,716,103
773: 648,333,32,752,119,612,866,367,144
774: 48,71,623,53,667,830,47,599,1,695,746
775: 328,327,848
776: 354,140,600,439,585,110,301,490,141
777: 7,283,2,332,551,20,581,32,752
778: 319,268,475,820,821
779: 342,383,390,294,564,348,729,872,884,389
780: 327,645,792,368,120,326,728,334,424,369
781: 674,175,437,52,184,180,767,831
782: 411,46,604
783: 567,756,677,275,223
784: 350,828,106,137,549
785: 768,739,760,70,416,65,230,64,96,90
786: 1,12,95,695,609,760,237,0,13,619,245,74
787: 165,470,197,426,518,42,838,170,8,41
788: 31,620,122,123,332,324,866,331,486,735,372
789: 565,699,25,795,715,438,634,108,346,423
790: 343,336,683,598,329,289
791: 403,680,84,611,311,307,305,832
792: 548,327,645,780,321,120,424
793: 135,699,347,394,301,25,602,340
794: 414,391
795: 565,789,699,835,28,347,394,423,139,477
796: 193,457,733,686,759,679,232
797: 69,609,237,416,619,555,518,42,244,836
798: 274,415,440,810
799: 228,235,68,415,479,63
800: 233,279,878,278,92,234,93,709,121,519
801: 282,460,453,281,288,94,747,99,598
802: 249,208,78,250,257,420,304,871,682
803: 254,659,535,82,772,815,253,430,592
804: 293,740,97,466,245,830,5,76,514,862
805: 296,287,412,511,543,295,716,342,559
806: 83,682,441,107,452,417,258
807: 646,156,379,378,151,338,34,865,857
808: 559,349,294,310,105,716
809: 267,462
810: 440,798,415
811: 18,91,451,503,704,539,757,271,499,821
812: 362,318,317,468,504,886,820,897
813: 388,432,525,472,530,149,881,382
814: 259,220,452,509,258,840,60,56,702,107,631
815: 535,82,772,803,716,103,104,430,246,552,26
816: 341,126,758,36,125,527,868,348
817: 298,420,681,99,3,435,290,510,608
818: 414,401,384,344,828,640,385
819: 387,162,157,465
820: 362,319,284,481,886,778,812,821,325,851
821: 284,268,499,778,820,18,811,325
822: 114,600,110,30,444,638,694,308,260,301
823: 703,79,251,299,628,403,259,494,664
824: 176,181,205,212,58,610,591,171,17,545,684
825: 38,419,393,489,139,353,392,161
826: 464,544,243,747,290,720,22,681,73,3
827: 157,685,39,471,616,590,882,542,40
828: 784,344,352,624,137,401,818,391
829: 491,379
830: 71,774,804,53,667,740,245,1,695,584,76
831: 176,767,181,610,408,723,781,175,52
832: 357,313,306,611,487,311,307,305,791,605
833: 576,561,239,496,672,77,14,541,513,644
834: 534,49,240
835: 565,347,471,394,795,139,38,685,419,668,450
836: 470,196,518,244,51,47,476,609,797,237
837: 360,359,140,397,589,439,854,410
838: 470,787,51,47,8,41,599,723
839: 55,210,540,526,771,203,202,476
840: 403,259,528,220,265,452,575,529,509,814
841: 456,716,295,543
842: 363,407,481,486,485,596,142,735,372,367
843: 284,268,499,504,859,277,90
844: 500,534,463,650,887
845: 194,235,242,464,431,544,747,22,497
846: 183,184,180,211,217,748,402
847: 314,770,473,116,308,717,114,632,444
848: 548,121,327,617,775,645
849: 406,426,166,170,41
850: 633,337,460,453,94,522,852,722,446,100
851: 484,362,481,886,820
852: 722,101,291,522,510,850,100,577,127
853: 358,707,306,113,669,678,112,652,160,731
854: 359,397,589,139,477,837,113,489,413,669
855: 75,17,571,429,16,628,684,560,641,57,591
856: 15,515,74,526,883,291,720,3
857: 380,146,150,646,379,807
858: 589,30,477,116,108,731,28,669,521
859: 276,504,719,843,270,230,677,96,90
860: 320,451,478,325,485,364
861: 220,452,575
862: 20,24,581,514,0,804,466,245,5,4,493
863: 401
864: 59,214
865: 421,662,34,145,670,620,338,807
866: 332,788,331,486,612,773,333,752,755,142,372,367
867: 890,473,85,221,528,265,454
868: 648,447,374,326,130,495,36,125,816
869: 24,33,744,339,130,35,129,25,715
870: 427,215,673,441
871: 256,208,614,802,467,682
872: 349,390,550,564,557,779
873: 150,568,654,761
874: 297,693,304,549
875: 448
876: 226,278,459,272,271,10,66,696,273,757
877: 425,595,442
878: 233,279,800,234,512
879: 749,64,567,520,411,186,604,69,416
880: 225,459,558,655,705,422,65,238,570,643
881: 149,813,382
882: 590,153,546,333,130,35,129,39,827
883: 15,553,703,856,79,251,252,74,210
884: 383,390,348,779,527,341,389,766,154,525
885: 314,462,454
886: 362,657,468,118,481,812,820,851
887: 172,445,665,534,463,844
888: 303,310,105
889: 414,155
890: 314,770,266,81,473,462,85,308,867
891: 267,770,462,260,469,444
892: 241,240,458,480,72,576,93,759,98
893: 448,45,663,195,236
894: 135,434,588,25,340,552,339,527,21,514,896
895: 295,241,247,286,533,709,287,428,511
896: 126,511,104,552,527,21,588,894,348
897: 362,318,504,475,812