0: 1,95,786,70,13,551,245,466,4,283,493,651,862
1: 95,695,760,237,746,786,70,0,238,830,245,774,667,466
2: 777,283,332,324,90,70,551,499,124,539,627,32
3: 817,681,435,826,290,291,720,856,526,510
4: 493,101,0,13,245,443,102,5,24,862,37,128,634
5: 917,932,245,443,102,4,24,862,634,935
6: 711,628,109,737,961,299,664,81,971,116,308,30
7: 292,642,123,777,332,331,493,20,744,752,128
8: 170,586,198,599,742,723,724,623,918,197,787,838,47,955,48
9: 517,95,739,720,966,619,68,547,501,19
10: 637,92,762,636,97,876,66,696,757,692,627,581,285
11: 679,48,597,902,636,98,53,740,686,54,496,72,576
12: 95,609,291,720,786,966,13,619,941,74,651
13: 12,291,786,0,245,553,74,443,734,4,101,651
14: 212,914,545,496,672,463,920,902,541,833,706,17,513
15: 553,703,960,856,515,79,251,883,708,435,483
16: 75,429,855,628,57,211,591,60,61,618,80,528,81
17: 706,571,855,684,560,213,212,58,591,824,14,593,545,253
18: 503,704,811,697,821,268,778
19: 122,123,722,283,324,651,547,9,517,768,522,966,719,633,689
20: 24,33,744,581,514,862,752,7,777,493
21: 692,447,929,637,104,293,97,286,126,896,488,894
22: 676,700,78,497,681,73,464,747,826,845
23: 27,943,652,906,911,345,132,352,577,461
24: 20,33,744,339,514,869,862,929,5,4,128,634,25,715,935
25: 565,789,634,699,347,35,340,715,935,434,24,339,869
26: 294,710,729,552,535,815,716,896,511,588,302
27: 943,37,23,906,911,345,577,505,435,635,703,960,515,952,461
28: 699,394,301,795,477,354,589,139,30,858
29: 430,711,109,582,638,560,592,552,950,961,803,135,302,434
30: 114,589,822,858,6,109,638,971,116,308,28,301
31: 620,122,788,657,713,118,621,735,418
32: 648,33,773,581,752,285,119,539,612,777,2
33: 20,692,648,447,24,744,333,581,514,869,32,752,130,285,929
34: 380,662,616,865,373,670,642,646,151,807,40,338
35: 565,347,129,766,25,340,339,869,130,882,39,471
36: 341,615,758,334,125,816,527,868,765,154,374,131,928
37: 438,27,906,345,128,505,553,703,515,102,4,101,634
38: 465,685,419,825,688,835,542,386,353
39: 388,159,685,827,525,471,35,766,590,472,546,154,882
40: 542,151,642,688,346,565,129,34,616,373,153,827
41: 586,742,723,406,408,849,955
42: 165,197,518,787,836,47,520,613,939,797,555
43: 167,191,601,187,919,613,660,959
44: 665,192,750
45: 663,893,168,173
46: 165,168,195,732,518,782,520,190,411,482
47: 197,42,787,838,51,8,623,918,237,746,555,774
48: 11,774,53,198,8,686,54,623,232
49: 534,77,834,915,733,425,686,445,759,240,72
50: 427,178,201,630,173,771,202
51: 470,196,944,838,836,47,918,556,609,237,540
52: 674,781,179,437,556,180,580,723,610,831,967
53: 11,830,48,71,774,541,740,599,54,918,545,204,76
54: 172,586,198,686,445,599,496,171,545,11,48,53
55: 771,203,215,56,427,691,708,839,210,107
56: 674,183,179,203,215,55,673,702,60,210,107,631,814
57: 205,211,610,591,179,580,80,75,855,16,684
58: 185,181,502,213,212,901,603,591,62,824,593,182,17
59: 206,753,182,864
60: 217,702,962,183,179,56,211,61,80,631,16,259,528,509,814
61: 718,222,618,211,217,60,221,16,528,509,85
62: 185,58,901,591,593,671,718,409,618
63: 274,275,223,937,229,68,189,799
64: 749,224,231,567,785,675,677,96,705,879,939,186,416,65
65: 760,746,70,416,231,64,785,705,422,939,880,570,238
66: 226,876,278,940,67,679,10,92,643,636,98,93
67: 233,913,922,759,800,480,947,226,278,66,93
68: 228,479,189,547,501,799,274,63,754,229,9,517,739
69: 797,739,416,619,941,244,195,604,749,879,236,189
70: 1,95,768,760,0,65,551,785,90,422,238,283,2,627
71: 830,774,53,918,695,745,734,204,584
72: 240,576,892,686,49,77,759,679,11,98
73: 676,78,22,681,691,630,464,243,826,476,526
74: 553,856,252,734,540,883,476,12,695,609,291,720,786,13
75: 571,204,855,16,628,684,584,641,580,57,745,252,80,300,734
76: 706,917,571,204,246,582,584,950,830,804,53,293,541,740
77: 199,500,672,49,445,496,240,72,576,561,833
78: 249,208,676,700,614,22,497,681,691,73
79: 15,553,703,251,252,80,300,210,631,823,883,934,259
80: 79,252,300,210,631,934,179,580,57,60,75,16,628,528
81: 266,890,473,85,971,308,260,618,6,429,16,711,628,528,664
82: 255,659,513,644,772,815,803,253,103,239,706,430,246
83: 263,727,806,682,680
84: 575,578,791,311
85: 266,81,890,867,221,222,61,618,528
86: 267,266,260,593,671,618,429,711,560,219,639,730
87: 261,262,315,730,469,592,712,694,309,115
88: 225,272,629,698,704,697
89: 633,440,330,460,583,689,94,547,117,322
90: 230,277,785,96,422,768,70,499,719,843,859,283,2,324
91: 696,273,537,320,958,451,503,120,539,811,757,285
92: 637,10,278,66,800,93,696,519,488
93: 241,898,709,892,66,233,67,800,637,92,98
94: 281,938,479,547,747,290,89,282,440,460,801,453,956
95: 9,1,12,768,760,786,966,70,0,941,283,651
96: 270,224,230,64,277,785,677,705,90,422,924,859
97: 637,10,762,636,804,293,740,466,692,581,21,514,929
98: 679,11,637,597,636,740,66,241,72,576,93,892
99: 700,817,912,288,747,290,801,453,683,598,608
100: 336,377,608,461,337,850,453,852,446,498,132,577,127
101: 292,4,852,722,493,651,291,13,515,37,906,128,127
102: 553,703,300,443,299,5,737,932,4,438,37,505,634,108
103: 248,82,772,815,716,295,247,964,239,511
104: 597,293,286,964,246,552,21,896,511
105: 310,808,888
106: 350,625,693,461,943,352,111,764,137,784,487,678
107: 251,210,631,441,56,55,250,708,806,814,417,258
108: 789,699,299,102,737,438,505,521,858
109: 6,29,711,737,638,961,135,699,30
110: 600,776,822,638,694,315,301,309,141
111: 506,764,257,900,263,727,680,625,693,106,487
112: 306,487,832,669,521,678,853,635,305,943,652,911,731
113: 396,489,413,669,853,970,854,474
114: 589,439,30,822,971,116,308,847,444
115: 361,690,141,712,87,315,587,309,751
116: 473,308,847,6,494,529,717,664,307,669,521,114,589,30,858
117: 562,323,322,274,754,89,689
118: 657,713,468,886,31,366,910,735,418
119: 648,773,32,285,958,451,478,539,612,144
120: 696,321,537,320,958,91,645,792,780,326,495,368
121: 328,617,645,848,278,800,947,519
122: 31,123,19,788,324,323,657,719,633,330,689,621
123: 292,670,620,7,122,722,332,446,19,788,324,331
124: 657,284,481,612,2,324,486
125: 335,433,519,126,428,615,758,36,334,816,488,645,868,495
126: 412,896,428,511,125,816,488,286,21,348
127: 498,906,128,132,133,577,850,292,852,670,722,446,101,100
128: 438,37,133,346,127,292,4,642,7,493,101,24,744,634,715
129: 565,35,715,744,869,153,882,40
130: 648,447,33,339,333,527,868,869,35,546,154,882,374
131: 554,149,928,341,758,36,383,765,154,525,382
132: 701,23,498,906,133,352,577,127,344,100,377,461
133: 701,498,906,345,666,128,132,346,127,670,642,151,338
134: 436,647,386,465,393,392,905
135: 699,588,340,793,302,434,29,109,638,552
136: 309,710,564,557,751,729,602,302,141
137: 624,138,784,828,106,352,678
138: 351,624,605,137,358,707,678,563
139: 354,736,854,835,28,394,795,477,489,951
140: 397,507,965,490,574
141: 115,355,490,361,356,315,309,557,751,136,600,776,585,110
142: 399,536,755,524,662,372,842,596,147,367,143,725
143: 152,147,741,725,596,536,524,142
144: 369,148,367,725,374,478,648,773,326,333,119,743,368
145: 370,330,337,670,620,446,498,568,721,421,865,761
146: 380,492,508,524,421,662,857,150
147: 590,153,143,741,725,904,755,524,662,142,616,373
148: 381,369,546,726,741,725,144,374,743
149: 573,131,375,881,381,472,765,813,382
150: 873,146,421,857,379
151: 646,156,542,386,807,40,338,642,701,688,666,133,34
152: 143,904,524
153: 590,147,546,882,333,129,755,616,373,40
154: 472,765,546,374,527,130,341,36,884,131,39,525
155: 414,889,156,379,378,385
156: 646,491,436,379,386,378,151,807,626,385,953,701,155
157: 387,388,465,685,819,827,616,590,530,163,542
158: 387,162,388,159,685,419,668,450,916,569
159: 388,158,39,450,525,916,949,766,390,884,395,404
160: 652,666,423,707,489,853,386,626,353,953,656,474,392
161: 523,474,392,489,413,825,769,905,951
162: 387,158,465,685,419,819,393,569
163: 646,647,542,616,157,465
164: 174,406,653,408,175,437
165: 46,197,732,518,42,907,787,520,190,613,482,959,170
166: 170,601,907,849
167: 750,601,187,43,919,192,724
168: 169,46,195,732,518,936,45
169: 168,426,732,653,661,936
170: 8,742,724,166,959,165,197,907,787,849,955
171: 172,586,599,54,176,914,545
172: 586,54,665,650,887,171,463,177,914
173: 195,196,661,936,45,663,630,50,202,476,244
174: 164,925
175: 781,164,408,767,831
176: 181,205,177,610,831,824,967,586,599,723,171
177: 176,181,502,914,172,650
178: 50,927
179: 674,183,52,180,580,56,57,211,610,60,80
180: 674,781,183,179,52,184,767,211,610,846
181: 176,767,185,502,177,58,603,610,831,824
182: 59,206,921,753,920,954,502,213,58,901,603
183: 674,179,180,56,211,217,702,748,846,60
184: 781,180,687,767,748,846
185: 767,181,211,58,603,610,591,62,718,409,402
186: 520,190,411,613,660,64,567,675,879,939
187: 167,191,457,43,919,660,188,558,655
188: 193,558,655,272,940,187,457
189: 228,236,68,501,566,63,223,604,749,229,69,739
190: 520,411,613,482,186,165,46
191: 187,43,919,613,660,231,558,655,570
192: 198,44,686,665,724,167,750,733
193: 226,796,188,442,940,457,759
194: 228,235,242,236,464,544,845,572
195: 168,173,46,518,936,893,236,69,244
196: 173,470,661,836,51,936,202,556,476,609,540
197: 165,42,787,47,959,170,8,724,623,555
198: 586,8,686,54,742,665,192,724,48
199: 500,672,77,915,200,561,207
200: 458,561,207,199
201: 663,572,630,968,50,242,464,676
202: 771,203,630,173,196,661,50,476,839
203: 674,771,202,437,455,556,580,215,56,55,839,210,540
204: 75,571,684,584,76,599,205,545,71,53,745
205: 176,57,610,824,545,967,599,204,684
206: 59,182,920,946,954
207: 200,561,199,672,644,738,763
208: 249,614,78,250,871,691,802
209: 427,870,771,927,455,215
210: 839,79,252,80,107,631,540,883,203,580,56,55,708
211: 185,57,610,591,183,179,180,217,846,60,718,61,618,16
212: 502,213,58,824,14,914,545,920,17
213: 212,58,901,593,921,753,182,920,17,253
214: 255,659,449,513,738,753,864
215: 771,203,455,56,55,427,209,870
216: 531,673,702,962,220,258
217: 531,702,846,60,962,221,183,211,61,509
218: 901,921,671,639
219: 659,449,253,593,560,592,86,639,730,957
220: 452,594,575,509,814,258,840,861,216,962
221: 217,962,649,222,61,265,594,509,454,85,867
222: 671,718,649,61,618,221,85
223: 63,275,604,937,749,783,567,229,677,189
224: 270,64,516,567,675,677,96,705,698,924
225: 88,459,558,655,272,271,880,277,705,698,422
226: 876,278,193,272,903,227,940,66,913,67,947
227: 226,442,913
228: 194,236,68,544,479,189,501,799
229: 749,230,677,63,754,275,223,68,189,517,739
230: 229,785,677,96,90,754,517,768,739,276,719,859
231: 64,705,939,613,660,191,655,880,570,65
232: 796,558,570,940,457,919,686,724,623,679,48,643
233: 595,67,800,878,714,480,947,234,898,93
234: 898,533,709,233,800,878,714,512
235: 194,281,431,544,479,747,845,930
236: 228,194,544,243,189,501,448,663,893,195,69,619,244
237: 1,695,609,797,760,746,786,416,555,941,836,51,47,774
238: 762,643,667,422,459,880,1,746,70,65,627
239: 247,576,964,833,597,902,246,82,644,103
240: 72,892,425,49,77,834,759,480
241: 247,286,898,533,576,964,93,709,892,895,637,597,98
242: 194,464,845,201,572,676,497
243: 236,464,938,544,501,826,663,630,476,720,619,73
244: 476,69,609,797,619,941,173,195,836,236
245: 830,804,466,1,695,0,13,443,734,917,5,584,932,4,862
246: 706,430,582,552,950,76,597,902,104,293,541,740,239,82,815
247: 295,241,458,533,576,561,964,239,895,248,644,103
248: 456,255,303,644,772,763,716,841,103,295,247
249: 256,208,700,614,933,78,420,304,871,912,802
250: 208,691,802,708,441,107,682,969
251: 15,703,960,900,79,107,631,823,708,483,403,259,417
252: 553,745,79,80,74,300,210,734,540,883,580,75
253: 659,82,449,513,803,219,213,593,921,753,706,17,560
254: 659,535,303,712,772,803,888,261,262
255: 214,248,659,82,513,644,738,772,763
256: 249,614,304,871,467
257: 933,420,304,802,483,900,727,682,625,693,111
258: 220,452,814,441,216,673,702,107,806
259: 403,528,529,509,814,840,664,60,79,251,631,823,934
260: 267,770,266,81,86,971,694,308,891,711,592,730,469,822
261: 87,262,957,254,712
262: 261,87,254,712
263: 83,727,680,506,111,611
264: 594,575,454,923
265: 528,594,575,529,509,840,454,923,221,867
266: 267,81,86,890,462,85,260,618
267: 266,86,809,260,639,730,469
268: 821,284,499,475,778,843,277,629,924,18,704
269: 276,756
270: 224,516,756,677,96,924,276,859
271: 225,876,459,903,277,422,499,503,704,539,811,757,627
272: 225,226,88,188,903
273: 696,537,91,503,278,903,548,617
274: 63,754,275,798,68,117
275: 274,63,754,223,783,229,756,677,276
276: 317,504,719,269,859,754,275,270,230,756
277: 96,90,422,924,225,271,268,499,843,704
278: 226,876,903,66,67,800,947,92,696,273,121,617
279: 878,947,617
280: 335,287,433,519,428,622,709,328,512
281: 235,288,479,94,747,930,282,440,801
282: 460,583,801,899,281,94
283: 777,2,332,19,324,493,651,90,95,768,70,0,551
284: 821,268,499,504,124,820,843
285: 692,648,33,627,581,32,495,119,10,696,958,91,539,757
286: 241,964,709,895,637,104,21,126,428,511,488
287: 335,296,280,412,428,805,295,533,709,895,543
288: 281,431,747,700,99,801,598
289: 790
290: 938,94,747,826,291,720,817,99,3,510,453,956,608
291: 12,720,522,966,13,290,3,856,515,74,510,852,101,651
292: 670,642,7,123,722,331,493,101,651,128,127
293: 637,597,804,104,740,97,917,246,582,552,76,21,514,929,894,935,434
294: 342,349,310,710,564,348,26,779,729,808,872,716,511
295: 247,533,964,895,248,716,841,103,287,511,805
296: 335,287,412,805,543,342,559
297: 350,683,693,874,405,298,933,304,912,549
298: 350,952,297,625,683,693,608,461,933
299: 703,300,102,823,934,6,737,494,664,505,108,521
300: 553,703,79,252,80,443,734,299,102,934,75,628,737,641,932
301: 28,394,602,793,638,354,776,585,110,30,822
302: 135,588,602,29,638,592,552,535,309,710,26,136,729
303: 456,254,248,535,772,716,888,310
304: 256,249,933,257,467,727,297,693,874
305: 403,680,494,791,635,306,487,307,832,521,112
306: 358,313,307,832,669,112,853,305
307: 313,312,306,311,832,669,521,494,529,717,305,116,359
308: 770,81,890,473,971,116,847,260,6,114,30
309: 710,751,136,638,592,535,712,694,87,315,302,110,115,141
310: 294,105,710,751,808,535,303,712,716,888,690
311: 357,313,312,611,307,832,84,578,791
312: 313,311,307,578,717,316,632,538
313: 312,306,311,606,307,669,948,359,538
314: 770,890,885,473,462,847,717,316
315: 87,587,469,694,309,600,110,115,361,141
316: 578,717,923,314,312,632
317: 276,657,713,468,504,812,562,323,318
318: 317,468,812,897
319: 362,778,820,484
320: 321,537,958,91,451,478,860,120,364,368
321: 537,320,120,548,792
322: 562,117,323,89,330,583,658
323: 562,117,322,317,657,713,719,689,621,122
324: 122,123,283,2,332,19,788,90,657,719,124
325: 451,478,860,612,821,481,820,485
326: 648,868,495,958,120,780,334,368,369,144,374
327: 328,775,645,792,848,908,433
328: 121,327,775,645,512,848,280,433,519,622
329: 370,337,460,583,899,790
330: 89,370,633,337,850,460,583,658,145,621,322,122,446
331: 292,670,620,642,7,123,332,788,866,744,752,755,662,372,373
332: 7,123,777,283,2,788,324,866,331,752
333: 648,33,773,752,130,755,153,546,725,144,882,374
334: 36,125,780,326,369,374,728,928
335: 296,280,287,433,412,428,615,622,758,125
336: 343,790,683,100,377,608,337,453
337: 329,370,330,850,460,145,446,336,100,377,498,761
338: 378,151,807,670,642,701,498,133,34,865
339: 447,24,527,869,130,929,35,25,340,894,931
340: 135,588,389,347,35,766,25,602,793,894,931,339,729
341: 758,36,816,527,383,348,884,154,131
342: 559,349,383,294,550,348,779,296,412,758,805
343: 350,790,336,683,344,640,377,384
344: 350,343,828,640,377,461,132,352,818
345: 438,27,37,23,652,906,911,666,133,346,423,731,505
346: 688,438,345,666,128,133,423,642,565,789,634,715,40
347: 565,835,394,35,949,766,25,602,340,793,795,450,471
348: 342,383,294,779,729,341,126,896,511,758,816,588,931
349: 342,559,294,550,564,808,872
350: 297,343,683,693,344,828,106,461,298,549,784
351: 506,605,764,138
352: 23,652,132,344,828,106,461,137,678,963,626
353: 386,688,666,160,423,835,489,38,825,392
354: 736,589,139,439,776,585,965,854,28,394,301
355: 490,356,141,557,585,574
356: 355,141,557,751
357: 358,611,311,832,926,948,605
358: 357,396,707,306,678,853,138,563
359: 360,589,632,439,837,854,313,410,307,669,538
360: 359,507,439,837,909
361: 115,490,141,315,587,600
362: 319,886,812,820,851
363: 407,842,485,596,536
364: 485,743,368,320,478,860
365: 713,468,621,366,607
366: 910,945,365,713,118,607,418
367: 725,144,478,612,866,486,773,842,485,596,755,142
368: 364,743,424,320,958,478,120,780,326,369,144
369: 148,726,144,374,780,326,334,743,424,368
370: 329,330,337,583,658,145,568,579,654,721
371: 579,607,721,492,508
372: 399,755,492,662,142,735,620,788,866,331,486,842
373: 755,662,34,616,642,331,147,153,40
374: 369,148,765,546,144,154,648,326,333,868,130,36,334,928
375: 573,149,376,928,381,765,726
376: 375,728,928,615
377: 343,336,344,100,337,498,132,761,384
378: 156,379,807,338,385,701,498,155,761
379: 156,829,378,807,150,857,155
380: 146,524,662,34,616,857,646
381: 148,472,765,546,726,741,530,573,149,375
382: 383,554,149,131,881,813,525
383: 342,390,550,348,779,884,341,758,554,131,382
384: 818,761,343,640,377,654
385: 156,378,626,701,414,155,818,963
386: 156,134,436,542,151,353,953,688,666,160,38,392
387: 162,388,158,157,465,432,685,819
388: 387,158,157,432,159,813,685,39,525,916,472,530
389: 949,766,602,340,390,779,729,884
390: 383,779,872,884,395,389,949,159,404
391: 656,624,707,794,963,953
392: 523,656,474,161,160,489,134,386,353,953,825,905
393: 162,465,419,825,134,569,905
394: 835,28,347,301,949,602,793,795,354,736,139,585,668,450
395: 390,557,949,585,159,404
396: 358,113,410,606,413,474
397: 736,140,965,837,854,398,769
398: 574,569,769,951,736,397,668
399: 536,492,508,524,662,142,735,372,407,842
401: 414,818,963,828,640,863
402: 718,409,687,185,846
403: 259,680,494,452,529,417,791,840,305,635,251,823
404: 390,395,159,916
405: 297,683,598,912
406: 426,653,408,849,164,41
407: 363,842,945,399,536,508,735
408: 406,653,164,41,723,175,437,831
409: 718,532,402,185,603,62
410: 396,606,413,359,837,538
411: 520,190,186,782,46,604,567,879
412: 335,296,287,126,428,511,758,805,342
413: 396,113,489,410,854,474,161,769
414: 401,155,794,818,889,963,385
415: 798,930,810
416: 69,797,739,760,237,555,65,941,749,64,785,879,939
417: 403,680,452,483,900,251,107,806,682
418: 492,735,118,621,31,620,366,607,721
419: 162,158,465,38,685,825,668,450,393,569
420: 249,933,257,817,681,802,708,435,483
421: 146,492,865,145,150,568,721
422: 277,96,705,90,225,459,271,880,70,65,238,627
423: 688,438,345,666,346,160,731,565,789,795,477,970,353
424: 368,792,780,908,369
425: 877,733,49,834,922,759,480,240
426: 169,406,732,907,653,787,849,955
427: 50,209,870,771,215,55,691
428: 335,280,287,433,519,126,412,125,488,286,709,895
429: 855,16,711,628,560,591,593,618,81,86
430: 29,706,246,582,560,552,950,82,815,803
431: 235,288,747,845,700,497
432: 387,388,813,916
433: 335,280,519,428,615,622,125,328,327,645,728
434: 135,699,25,894,935,293,29,917,582,552
435: 420,817,3,483,15,960,856,515,510,952,608,27
436: 491,156,134,647,386,953
437: 674,781,203,455,925,52,556,164,653,661,408
438: 37,345,128,346,423,505,102,789,634,108
439: 354,360,359,114,589,600,507,776,965,837,909,444
440: 89,810,798,281,479,94,930
441: 870,673,250,107,806,969,258
442: 193,227,913,922
443: 553,300,734,102,13,245,5,932,4
444: 770,891,114,600,439,822
445: 686,54,496,887,49,77
446: 670,123,722,633,330,337,850,145,100,498,127
447: 692,648,33,339,527,21,868,130,929,931
448: 663,572,875,893,236
449: 214,659,253,219,921,753,957
450: 158,159,685,419,668,471,835,347,394,949,766
451: 320,325,958,91,478,860,539,811,612,821,119
452: 403,220,575,814,417,258,840,861,806
453: 850,460,801,956,94,290,99,336,100,608
454: 264,265,594,923,221,885,867
455: 674,771,203,927,437,925,215,661,209
456: 248,303,763,841
457: 187,919,796,188,193,558,232
458: 200,247,898,533,561
459: 225,876,271,880,422,238,643,627
460: 329,89,633,282,330,337,850,583,801,453,956,94
461: 350,952,625,344,100,106,608,298,27,943,23,132,352,577
462: 314,770,266,890,885,809,891
463: 500,672,844,172,496,887,14,914,946
464: 194,242,544,243,826,845,663,201,572,630,676,22,73
465: 387,162,157,38,685,419,825,819,393,163,134,542
466: 830,245,762,804,667,97,1,0,551,581,514,862
467: 727,256,304,871
468: 317,713,118,886,812,365,318,910
469: 87,315,730,267,694,260,891
470: 196,518,653,661,787,838,836,51,936,955,556
471: 685,39,450,827,565,835,347,35,766
472: 381,765,546,530,154,149,388,813,39,525
473: 314,81,890,116,308,847,867,528,529,717,664
474: 523,656,392,161,160,396,707,113,489,413
475: 268,778,897
476: 609,619,244,630,173,196,202,243,73,839,74,540,526
477: 28,795,423,731,970,589,139,858
478: 320,325,958,451,860,612,119,485,364,368,367,144
479: 228,281,235,68,938,544,94,547,501,799,930,440
480: 233,595,922,67,759,714,425,240,898,892
481: 886,124,820,325,612,486,842,851,485
482: 190,165,46,732
483: 257,420,708,435,15,960,900,251,417
484: 851,319,860,485
485: 364,596,481,325,478,860,363,484,842,367
486: 788,866,481,124,612,842,735,372,367
487: 611,832,678,112,635,900,680,305,625,106,943,111,605
488: 519,126,428,125,637,92,286,692,21,495
489: 113,413,970,160,139,854,353,825,474,392,161,951
490: 355,361,141,140,600,507,776,585
491: 646,156,829,436,647
492: 399,146,508,421,662,372,418,865,620,371,721
493: 292,4,7,777,283,101,651,0,20,862,128
494: 403,529,664,305,299,823,116,307,521
495: 692,648,326,868,285,696,120,645,125,488
496: 445,54,672,463,77,14,11,902,833
497: 676,700,614,78,22,242,431,845
498: 701,132,133,127,337,145,670,446,100,377,761,378,338
499: 821,284,268,843,277,90,271,704,539,811,2
500: 199,672,463,77,844,915
501: 228,236,68,938,544,479,243,189,547,9,739,720,619
502: 181,212,177,58,603,914,182,946,954
503: 18,273,537,91,704,811,697,271,903
504: 317,276,657,284,719,812,843,859
505: 438,27,37,911,345,731,703,299,102,108,521
506: 351,111,605,764,263,611
507: 360,140,600,439,965,909,490
508: 399,146,492,407,371
509: 259,528,220,265,594,814,840,217,60,962,221,61
510: 515,290,291,817,3,435,852,608,577
511: 126,412,896,805,104,295,286,964,895,716,103,294,348,26
512: 328,878,234,280
513: 214,255,659,82,644,738,253,672,14,753,920,833
514: 20,692,24,33,581,862,929,804,293,97,466,935
515: 15,553,703,856,510,291,435,101,27,37
516: 270,224,629,924
517: 9,768,739,754,230,229,68,547,719,689,19
518: 165,168,470,46,195,732,42,787,836,936
519: 280,433,428,125,488,800,92,709,696,328,121,645
520: 190,411,613,186,165,46,42,879,939
521: 307,669,112,635,299,823,494,305,116,911,731,505,108,858
522: 291,720,966,547,633,956,852,722,19,651
523: 656,474,392,161,905
524: 399,536,380,146,662,142,152,147,143
525: 388,159,813,39,766,884,472,154,131,382
526: 839,856,883,476,681,691,73,708,3
527: 447,339,868,130,341,36,816,931,154
528: 259,265,529,509,840,664,60,61,80,934,16,628,81,473,85,867
529: 403,259,528,265,494,575,840,717,664,923,473,116,307
530: 381,590,472,546,388,157,813
531: 217,216,702,962,594
532: 671,409,901,603
533: 295,241,234,247,458,898,709,895,287
534: 49,844,915,887
535: 254,303,712,772,815,803,716,302,310,309,710,26
536: 399,524,142,363,407,596,143
537: 321,273,320,91,503,120,548
538: 313,312,410,606,359,632
539: 91,451,811,757,612,271,499,2,627,32,285,119
540: 839,745,252,74,210,883,196,944,51,203,556,580,476,609
541: 902,53,740,14,545,706,246,76
542: 163,646,386,151,40,688,616,157,465,38,685,827
543: 295,841,296,287,805,559
544: 228,194,235,236,464,938,479,243,747,501,826,845
545: 205,212,824,14,914,599,54,171,53,541,706,17,571,204,684
546: 381,590,148,153,472,765,741,530,154,882,374,333,130,39
547: 68,938,479,94,501,9,517,522,966,89,633,689,956,19
548: 617,848,321,273,537
549: 764,784,350,297,693,874
550: 342,349,383,872
551: 70,0,762,466,777,283,2,627,581
552: 29,430,246,582,104,293,815,896,135,588,302,894,434,26
553: 15,703,856,515,79,252,74,300,443,734,102,883,13,37
554: 131,383,382
555: 797,237,746,416,197,42,47,623,939,570
556: 203,437,52,580,470,196,661,944,51,967,540
557: 564,136,729,872,395,602,585,355,356,141
558: 225,188,655,880,570,940,232,191,187,457,643
559: 342,349,808,296,805,543
560: 29,706,17,430,429,855,711,592,950,961,593,253,219,86
561: 200,247,458,576,207,833,199,672,77,644
562: 117,323,322,317
563: 656,138,358,707
564: 349,294,710,557,751,136,729,872
565: 789,835,347,35,129,25,795,715,688,346,423,40,471
566: 604,937,189
567: 749,783,224,64,675,677,879,411,186,223,604
568: 579,654,721,873,370,145,421,761
569: 398,162,158,419,668,393
570: 558,880,232,191,623,231,746,555,65,643
571: 706,75,17,204,855,684,584,641,950,76,545
572: 448,663,201,968,194,242,464
573: 149,375,381
574: 398,736,140,585,355
575: 264,220,265,84,452,594,529,578,840,861,923
576: 241,247,72,561,239,833,892,77,11,597,902,98
577: 27,23,906,132,127,510,852,952,100,608,461
578: 84,575,717,923,316,312,311
579: 568,371,607,721,370,658
580: 674,179,203,52,556,944,57,967,745,252,80,210,540,75
581: 20,692,33,627,514,32,285,551,10,762,97,466,777
582: 29,917,430,246,552,950,76,293,434
583: 329,89,370,282,330,460,658,899,322
584: 917,75,571,204,641,932,76,830,245,71,745,734
585: 354,736,776,965,394,301,949,602,557,395,355,490,141,574
586: 172,198,8,41,599,54,742,665,723,171,955,176
587: 315,115,361
588: 135,340,302,894,931,552,896,348,26,729
589: 354,359,114,439,30,837,854,858,116,28,477,669,970
590: 147,153,546,741,530,882,904,616,157,39,827
591: 185,57,211,58,610,62,824,593,618,17,429,855,16,684
592: 29,711,638,560,803,219,694,260,87,730,302,309
593: 213,58,901,591,62,921,671,618,17,429,560,253,219,86
594: 264,220,265,575,509,454,531,962,221
595: 233,922,714,480,877
596: 485,743,363,842,536,142,367,143
597: 11,637,902,98,104,293,740,241,576,964,239,246
598: 790,683,405,288,99,801
599: 586,8,54,723,171,918,176,205,545,967,53,204
600: 507,439,776,110,822,444,315,490,361,141
601: 167,750,43,959,724,166
602: 389,347,394,301,949,340,793,302,557,136,729,585
603: 185,181,502,58,901,182,409,532
604: 566,223,937,782,411,749,567,879,189,69
605: 351,506,764,138,357,611,487,832,678
606: 313,396,410,948,538
607: 579,371,721,365,658,621,366,418
608: 952,336,683,100,461,298,290,817,99,435,510,453,577
609: 476,12,695,797,237,786,619,941,244,196,836,51,74,540
610: 176,767,185,181,205,57,211,831,591,824,967,179,52,180
611: 357,487,311,832,263,680,791,506,605
612: 325,451,478,539,481,124,866,486,773,32,119,367
613: 520,190,186,660,959,191,43,165,42,231,939
614: 256,249,208,78,497
615: 335,433,758,36,125,376,728
616: 380,34,373,590,147,153,904,163,646,542,40,157,827
617: 548,121,848,278,279,947,273
618: 671,718,222,61,211,591,62,593,429,16,266,81,86,85
619: 9,476,12,69,609,739,720,941,244,236,243,501
620: 31,670,123,788,331,145,621,721,492,662,372,418,865
621: 330,658,365,323,713,31,620,122,607,721,418
622: 335,280,433,328,942
623: 8,724,197,47,570,232,746,555,48,774
624: 138,137,828,391
625: 952,693,106,461,298,257,960,900,943,111,487
626: 156,385,953,701,652,666,352,160,963
627: 581,285,422,459,271,70,551,238,10,762,539,757,2
628: 6,75,429,855,16,641,961,80,300,934,528,664,81
629: 516,698,924,88,268,704,697
630: 663,201,173,50,202,464,243,476,73
631: 79,251,80,210,107,56,60,259,814
632: 359,909,717,847,316,312,538
633: 89,330,850,460,689,956,547,522,122,722,446,19
634: 789,699,25,715,102,5,4,24,438,37,128,346
635: 703,960,900,403,680,305,27,943,911,487,521,112
636: 679,11,637,10,762,643,98,667,740,97,66
637: 10,597,92,636,98,293,740,97,241,286,93,692,21,488
638: 29,711,109,592,971,694,135,301,302,309,110,30,822
639: 730,957,671,218,219,267,86,809
640: 343,344,828,401,818,384
641: 75,571,855,628,737,584,932,950,961,300
642: 292,670,7,331,744,128,133,346,715,34,373,151,40,338
643: 679,238,762,636,667,459,558,880,570,940,66,232
644: 248,255,82,513,738,763,672,247,561,239,207,833
645: 328,121,327,792,848,780,696,120,495,433,519,125
646: 163,491,156,647,542,151,807,380,34,616,857
647: 163,646,491,134,436
648: 692,447,33,773,326,333,868,32,130,285,495,119,144,374
649: 222,221
650: 172,177,946,954
651: 292,722,283,19,493,101,12,95,291,522,966,0,13
652: 23,911,345,666,352,160,731,707,678,112,853,626
653: 169,470,406,426,661,408,955,164,723,437
654: 568,873,370,761,384
655: 225,188,558,880,660,191,187,231,705,698
656: 523,474,563,392,391,160,707,953
657: 317,713,504,118,719,886,124,323,31,122,324
658: 370,330,583,621,322,579,607,721
659: 254,214,255,82,449,513,772,803,253,219
660: 613,186,191,187,43,231,675,655
661: 169,173,470,196,653,936,202,437,455,925,556
662: 399,380,146,492,524,34,142,372,865,373,620,331,147
663: 448,45,201,572,630,893,173,236,464,243
664: 259,528,494,529,299,823,934,6,628,81,473,116
665: 172,586,198,44,742,192,887
666: 701,688,652,345,133,346,160,423,386,151,626,353
667: 238,830,762,774,643,636,740,466,1,746
668: 158,419,450,835,394,736,569,398,951
669: 313,306,113,307,521,112,853,970,116,731,359,589,858
670: 292,620,642,123,446,331,145,498,133,127,34,865,338
671: 222,532,618,901,62,593,218,86,639
672: 199,500,463,77,496,14,920,561,207,833,513,644,738
673: 216,702,870,441,56,258
674: 781,183,179,203,437,455,52,180,580,56
675: 224,64,567,186,660
676: 78,22,497,691,73,201,242,464
677: 749,270,783,224,230,64,567,229,756,785,96,275,223
678: 358,707,487,112,853,106,943,652,352,605,138,137
679: 11,643,636,98,686,796,940,66,232,759,72
680: 403,417,791,305,635,900,83,263,111,611,487
681: 78,22,420,817,691,73,708,3,826,526
682: 83,727,806,969,250,257,871,802,417
683: 350,297,343,790,336,598,608,405,298,912,99
684: 75,17,571,204,855,205,57,591,824,545
685: 387,162,388,158,157,465,38,419,39,450,827,471,835,542
686: 198,445,54,192,733,49,796,232,679,11,48,72
687: 184,767,402
688: 666,346,423,565,835,542,386,151,40,353,38
689: 89,633,754,547,517,117,323,719,122,19
690: 115,712,310,751
691: 208,676,78,250,681,73,708,427,55,526
692: 648,447,33,581,21,868,514,285,495,929,637,10,97,488
693: 350,297,625,106,874,298,933,257,304,111,764,549
694: 260,711,638,592,87,315,469,309,110,822
695: 1,609,237,786,918,245,71,774,745,74,734
696: 273,91,120,757,876,278,10,92,645,285,495,519
697: 18,503,704,629,88
698: 224,629,705,924,225,88,655
699: 789,135,634,28,108,25,793,434,109,737
700: 249,78,22,497,912,99,288,431,747
701: 498,666,132,133,156,378,151,626,338,385
702: 217,216,531,673,60,962,183,56,814,258
703: 635,15,553,960,515,79,251,300,299,102,823,27,37,911,505
704: 18,503,811,697,277,629,88,271,268,499
705: 224,231,64,96,698,422,225,655,880,65
706: 17,571,430,246,560,950,76,14,545,541,82,253
707: 358,678,853,652,160,138,656,474,563,391
708: 250,420,681,691,483,55,15,251,210,107,526
709: 241,234,286,898,533,93,895,800,280,287,519,428
710: 294,310,309,564,26,751,136,729,535,712,302
711: 6,29,429,109,638,560,592,961,81,86,971,694,260
712: 254,535,261,87,262,310,309,710,751,115,690
713: 317,657,468,118,365,323,621,31,366
714: 233,595,480,234,898
715: 565,634,129,25,642,24,744,869,128,346
716: 248,535,303,772,815,841,103,295,511,805,294,310,26,808
717: 529,578,923,314,473,116,847,316,312,307,632
718: 222,409,61,402,618,185,211,62
719: 276,657,504,859,754,230,90,517,768,323,689,122,19,324
720: 9,12,291,522,966,619,938,243,501,826,290,3,856,74
721: 568,579,371,607,370,658,145,621,620,492,421,418
722: 292,852,123,446,19,101,651,522,633,850,956,127
723: 586,8,41,599,653,944,838,408,955,52,176,831,967
724: 170,198,8,742,192,623,959,167,750,601,919,197,232
725: 147,148,367,143,741,144,333,755,142
726: 381,369,148,375
727: 83,263,467,682,257,304,111
728: 376,928,780,908,433,615,334
729: 294,710,564,557,348,26,136,779,588,389,602,340,302
730: 87,639,469,957,592,219,267,86,260
731: 652,911,345,423,505,477,669,521,112,853,970,858
732: 165,169,168,46,426,518,907,482
733: 425,686,192,49,796,759
734: 553,745,252,74,300,443,695,13,245,71,75,584,932
735: 399,372,418,118,31,788,486,407,842
736: 354,397,139,585,965,394,668,574,398,951
737: 6,109,641,932,961,300,299,102,699,108
738: 214,255,513,644,763,672,864,207
739: 9,517,69,768,416,619,941,749,230,229,785,68,189,501
740: 11,830,637,597,636,98,804,53,667,293,541,97,246,76
741: 381,590,147,148,143,546,725,904
742: 170,586,198,8,41,665,724,750
743: 364,596,368,369,148,144
744: 20,24,33,869,752,642,7,331,128,129,715
745: 252,734,540,944,580,967,695,71,75,204,584
746: 1,760,237,555,65,47,623,570,238,774,667
747: 281,235,288,938,431,544,94,826,290,845,700,22,99,801
748: 846,183,184
749: 64,567,229,677,879,223,604,189,69,739,416
750: 167,601,44,742,192,724
751: 310,309,710,564,136,712,115,690,356,141
752: 20,33,744,773,333,32,7,777,332,866,331,755
753: 59,921,182,920,213,214,449,513,253
754: 274,275,230,229,68,517,117,276,719,689
755: 142,372,373,866,331,333,752,147,367,153,725
756: 270,783,677,275,276,269
757: 696,91,539,876,271,903,10,627,285
758: 335,341,412,615,36,125,816,342,383,348,131
759: 922,67,480,733,425,49,796,193,679,240,72,892
760: 1,95,237,746,786,70,416,65,941,785
761: 384,337,145,377,498,568,654,873,378
762: 238,10,643,636,667,97,466,551,627,581
763: 456,248,255,644,738,207
764: 351,506,111,605,549,693,106
765: 381,472,546,154,374,36,149,131,375,928
766: 389,347,35,949,340,884,159,39,450,525,471
767: 185,181,610,831,687,781,175,184,180
768: 517,95,739,70,230,785,90,719,283,19
769: 398,951,413,397,161
770: 314,890,462,308,847,260,891,444
771: 203,202,455,215,55,50,427,209
772: 254,248,255,659,535,82,303,815,803,716,103
773: 648,333,32,752,119,612,866,367,144
774: 830,48,71,53,667,47,623,918,1,695,237,746
775: 328,327,848
776: 354,600,439,585,110,965,301,490,141
777: 7,283,2,332,493,551,20,581,32,752
778: 821,319,268,475,820,18
779: 342,383,390,294,348,729,872,884,389
780: 645,792,908,120,326,334,424,368,369,728
781: 674,175,437,52,184,180,767,831
782: 411,46,604
783: 567,756,677,275,223
784: 137,549,350,828,106
785: 230,64,677,96,90,768,739,760,70,416,65
786: 1,12,95,695,609,760,237,0,13,941,74
787: 165,470,197,426,518,42,838,47,955,170,8
788: 31,620,122,123,332,324,866,331,486,735,372
789: 565,634,699,108,25,795,438,346,423
790: 343,336,683,598,329,289
791: 403,680,84,305,611,311,832
792: 327,645,780,908,321,120,424
793: 135,699,347,394,301,602,340
794: 414,963,391
795: 565,789,835,28,347,394,477,423,139
796: 193,232,457,733,686,759,679
797: 69,609,237,416,555,941,244,42,836
798: 274,415,930,440,810
799: 228,68,479,930,63
800: 233,67,878,947,278,92,234,93,709,121,519
801: 282,460,453,281,288,94,747,99,598
802: 249,208,250,257,420,871,682
803: 254,659,535,82,772,815,253,29,430,592
804: 830,245,293,740,97,466,917,76,514,862,935
805: 296,287,412,511,295,716,342,559
806: 83,682,969,441,107,452,417,258
807: 646,156,379,378,151,338,34,865,857
808: 559,349,294,310,105,716
809: 267,462,639
810: 440,798,415,930
811: 18,91,451,503,704,539,271,821,499
812: 362,317,468,504,886,897,318
813: 388,432,525,472,530,149,881,382
814: 259,220,452,509,258,840,56,702,60,107,631
815: 535,82,772,803,716,103,430,246,552,26
816: 341,126,758,36,125,527,868,931,348
817: 933,420,681,99,3,435,290,510,608
818: 414,401,384,963,344,828,640,385
819: 387,162,157,465
820: 362,821,319,284,481,886,778,325,851
821: 284,268,499,778,820,18,325,451,811
822: 114,600,110,30,638,971,694,260,444,301
823: 703,79,251,299,934,403,259,494,664,521
824: 176,181,205,212,58,610,591,545,17,684
825: 465,38,419,393,489,353,392,161,905,951
826: 464,938,544,243,747,290,720,22,681,73,3
827: 157,685,39,471,616,590,882,542,40
828: 350,344,640,352,624,137,784,401,818,963
829: 491,379,857
830: 245,71,774,804,53,667,740,466,1,584,76
831: 176,767,181,610,408,723,781,175,52
832: 357,306,611,487,311,307,112,791,305,605
833: 576,561,239,496,672,77,14,902,513,644
834: 49,915,425,240
835: 565,347,394,795,688,139,353,38,685,668,450,471
836: 470,196,518,42,51,936,609,797,237,244
837: 360,359,397,589,439,965,854,410
838: 470,944,787,51,47,955,8,723,918
839: 210,540,526,203,202,55,476
840: 403,259,528,220,265,452,575,529,509,814
841: 456,248,716,295,543
842: 363,407,481,486,485,596,399,142,735,372,367
843: 284,268,499,504,859,277,90,924
844: 500,534,463,887
845: 194,235,242,464,431,544,747,22,497
846: 217,748,183,184,180,211,402
847: 314,770,473,116,308,717,114,632
848: 548,328,121,327,617,775,645
849: 406,426,907,955,170,41,166
850: 633,330,337,460,453,956,852,722,446,100,127
851: 484,362,481,886,820
852: 722,101,291,522,510,850,956,100,577,127
853: 358,707,306,113,669,678,112,970,652,160,731
854: 354,359,397,589,139,837,113,489,413,970,951
855: 75,17,571,429,16,628,684,560,641,961,57,591
856: 15,553,515,74,526,883,291,720,3,435
857: 380,146,150,646,829,379,807
858: 589,30,116,731,28,108,477,669,521
859: 276,504,719,843,270,230,96,90
860: 320,325,451,478,484,485,364
861: 220,452,575
862: 20,24,514,0,245,804,466,5,4,493
863: 401
864: 59,214,738
865: 492,421,662,34,145,670,620,807,338
866: 332,788,331,486,612,773,752,755,372,367
867: 890,473,85,221,528,265,454
868: 692,648,447,326,527,130,495,36,125,816,374
869: 24,33,744,339,130,35,129,25,715
870: 427,209,441,215,673
871: 256,249,208,802,467,682
872: 349,390,294,550,564,557,779
873: 150,568,654,761
874: 297,693,304,549
875: 448
876: 226,278,459,271,903,66,10,696,757
877: 425,595,922
878: 233,279,800,947,234,512
879: 749,64,567,939,520,411,186,604,69,416
880: 225,459,558,655,570,231,705,422,65,238,643
881: 149,813,382
882: 590,153,546,333,130,35,129,39,827
883: 15,553,856,79,252,74,210,540,526
884: 383,390,779,341,389,766,154,159,525
885: 314,462,454
886: 362,657,468,118,481,812,820,851
887: 172,445,665,534,463,844
888: 254,303,310,105
889: 414,155
890: 314,770,266,81,473,462,85,308,867
891: 770,462,260,444,469
892: 241,240,898,72,576,93,759,480,98
893: 448,45,663,195,236
894: 588,340,931,935,434,293,552,339,21,929,896
895: 295,241,247,286,533,964,709,287,428,511
896: 126,511,104,552,21,588,894,931,348,26
897: 475,812,318
898: 241,234,458,533,93,709,892,233,714,480
899: 329,282,583
900: 635,960,251,257,483,680,417,625,111,487
901: 213,58,603,62,593,921,182,671,532,218
902: 11,597,541,496,14,576,239,833,246
903: 226,876,278,272,271,273,503,757
904: 590,152,147,741,616
905: 134,825,393,523,392,161
906: 27,37,23,345,132,133,577,127,101
907: 165,426,732,849,170,166
908: 327,792,780,424,728
909: 360,632,507,439
910: 366,945,468,118
911: 27,943,23,652,345,731,505,635,703,521,112
912: 249,700,933,99,297,683,405
913: 922,67,947,226,227,442
914: 502,212,177,14,545,172,171,463,920,946
915: 199,500,534,49,834
916: 388,158,432,159,404
917: 5,582,584,932,76,245,804,293,935,434
918: 8,599,944,838,51,47,695,71,774,53
919: 167,191,187,457,43,724,232
920: 206,753,182,946,672,213,212,14,914,513
921: 753,182,213,901,593,218,449,253
922: 913,595,67,759,480,425,877,442
923: 264,265,575,529,578,717,454,316
924: 270,224,277,516,629,96,698,268,843
925: 927,437,455,661
926: 357,948
927: 455,925,209,178
928: 131,376,375,728,36,334,765,374
929: 692,447,24,33,339,21,514,293,97,894,935
930: 281,235,479,799,798,415,440,810
931: 588,340,894,447,339,527,896,816,348
932: 917,5,737,584,641,245,300,443,734,102
933: 249,257,420,304,817,912,297,693,298
934: 79,80,300,299,823,628,259,528,664
935: 25,894,434,804,293,917,5,24,514,929
936: 169,168,173,470,195,196,518,661,836
937: 566,63,223,604
938: 544,479,243,94,547,747,501,826,290,720,956
939: 231,64,879,520,613,186,42,416,555,65
940: 226,188,193,558,66,232,679,643
941: 12,95,69,609,797,739,760,237,786,416,619,244
942: 622
943: 27,23,911,635,625,106,461,487,678,112
944: 838,51,723,918,556,580,967,745,540
945: 407,366,910
946: 206,920,954,650,463,502,914
947: 233,279,913,67,800,878,226,278,121,617
948: 357,313,606,926
949: 389,347,394,766,602,390,395,585,159,450
950: 29,706,571,430,246,582,560,641,961,76
951: 398,769,489,736,139,854,825,668,161
952: 625,608,461,298,435,27,577
953: 156,436,386,626,160,656,392,391
954: 206,182,946,650,502
955: 470,426,653,787,838,849,170,586,8,41,723
956: 633,850,460,453,938,94,547,290,522,852,722
957: 261,639,730,449,219
958: 320,91,451,478,120,326,285,119,368
959: 613,601,43,165,197,170,724
960: 635,15,703,900,251,435,483,625,27
961: 6,29,855,711,628,109,737,560,641,950
962: 217,216,531,702,60,221,220,594,509
963: 414,401,794,818,828,352,626,385,391
964: 295,241,247,286,239,895,597,104,103,511
965: 354,736,140,397,507,439,776,585,837
966: 9,12,95,291,720,522,547,19,651
967: 176,205,610,944,599,723,52,556,580,745
968: 201,572
969: 806,682,441,250
970: 113,489,669,853,423,731,477,589,854
971: 81,308,260,6,711,638,114,30,822