0: 551,12,95,695,760,651,13,1,466,245,4,20,493
1: 695,760,0,238,746,71,667,466,245
2: 283,332,277,70,627,499,90,539
3: 15,515,74,526,291,720,522,290,435,681,510
4: 20,493,0,13,466,245,443,5,24,514,634
5: 584,582,293,466,245,443,4,24,514,434,25
6: 711,628,109,737,638,641,300,299,664,81,308,108,521,30,116
7: 292,642,20,752,332,331,493,744,715,128
8: 170,586,198,41,723,724,470,197,47,48,623,599
9: 12,517,95,291,739,720,522,651,619,768,547,501,19
10: 692,581,285,495,459,66,92,97,762,627,696,757
11: 679,48,686,597,72,636,98,496,53,740,541,54,576
12: 9,95,695,609,291,760,720,237,651,0,13,619,74
13: 12,695,291,651,0,245,553,515,74,443,734,4,493,101,634
14: 502,212,213,171,463,672,206,753,496,541,17,253,545,513
15: 483,553,703,708,3,515,79,251,252,74,210,107,526,435
16: 75,429,628,211,57,591,80,528,618,61
17: 706,593,429,253,545,684,560,571,212,14,213
18: 451,503,704,325,697,319,284,268,499
19: 633,122,123,283,324,719,722,689,547,9,517,522,651,768
20: 4,7,283,752,332,493,551,0,466,24,33,581,32,514,744
21: 692,339,527,488,447,514,104,293,126,434,588
22: 676,700,78,497,681,73,242,464,431,544,243,747
23: 27,345,132,133,352,505,577,652,625,635,106,461,112
24: 339,514,744,5,4,20,438,715,634,434,25
25: 565,135,434,35,340,347,699,5,24,339,438,715
26: 294,710,302,552,535,716,103,511,588,729
27: 37,23,102,101,345,510,505,577,625,553,703,515,635
28: 565,38,108,394,301,602,347,699,438,477,423,354,30,139
29: 302,711,109,560,552,641,582,592,430,135
30: 354,114,589,110,116,6,109,638,444,308,28,108,301
31: 122,123,332,124,324,621,331,486,620,418,657,713,118,481,735,372
32: 648,33,119,333,144,367,285,612,539,20,752,332,486
33: 692,648,339,333,581,32,130,285,447,514,744,20,752
34: 662,373,642,40,646,616,151,338
35: 565,471,39,766,25,340,347,129,339,527,130
36: 341,126,615,758,334,374,326,154,125,447,765,131,376
37: 438,27,102,101,345,133,346,127,505,577,634,128
38: 565,450,471,28,394,347,688,353,423,139,685,419,668
39: 471,35,766,527,154,130,153,546,388,525
40: 688,373,642,129,565,471,34,153,616,151
41: 170,586,8,742,723,470,406,426,653,408
42: 470,46,197,518,69,520,237,244,555
43: 613,191,601,187,660
44: 665
45: 448,663,168,173,195
46: 165,168,195,732,518,42,190,411,482,69,520
47: 237,51,555,470,197,8,48,746,623,599
48: 679,11,686,746,71,623,643,53,667,232,599,740,198,8,54,47
49: 445,733,425,534,686,72,240,77
50: 427,201,630,178,202,771
51: 695,609,47,237,470,196,723,556,71,599,745,540
52: 674,175,179,437,556,180,723,176,205,57,610,408,767,580
53: 11,48,71,599,740,541,54,205,204,76,545
54: 586,198,171,445,11,48,686,496,53,541
55: 708,210,107,526,427,215,203,56,771,691
56: 183,179,215,203,60,673,702,55,80,210,107,631,258
57: 205,610,591,179,211,52,580,80,75,16,684
58: 182,185,181,212,532,603,610,591,62,213,593
59: 206,218,753,182,214,449
60: 183,179,211,56,217,702,80,631,509,258
61: 85,618,221,211,217,718,16,528,509
62: 185,409,58,532,591,671,718,593,618
63: 566,274,754,275,223,229,228,68,189
64: 186,231,567,675,677,96,749,520,416
65: 95,739,760,70,416,555,96,422,238,746,570
66: 679,637,92,643,636,98,762,226,278,459,67,93,10
67: 233,279,595,442,226,227,278,759,66,480,93
68: 228,479,189,547,501,274,63,754,229,517,89
69: 520,237,244,416,619,46,195,42,749,236,189,501
70: 551,95,739,65,768,277,96,422,238,627,90,283,2
71: 48,746,53,667,599,740,466,245,695,51,1,745,204,76,584
72: 679,11,686,98,49,759,240,480,77,576
73: 676,681,691,22,630,464,243,476,526
74: 15,553,3,515,252,734,540,526,12,695,609,291,720,13
75: 204,429,16,628,684,584,641,571,57,580,745,79,80,300
76: 204,246,545,584,571,582,71,53,293,740,541
77: 240,576,561,445,49,199,500,534,672,72,496
78: 249,208,676,700,614,420,497,681,691,22
79: 15,553,703,580,251,252,80,300,210,631,299,75,628
80: 580,79,210,631,179,211,56,60,57,75,16,628,528
81: 266,85,618,308,260,6,429,711,628,528,664
82: 255,659,513,644,103,239,706,253,430
83: 263,727,682,452,417
84: 403,452,575,529,578,305,611,311,307
85: 222,266,81,454,473,618,221,61,528,265
86: 267,618,730,671,219,593,639
87: 261,262,315,592,712,694,730
88: 225,272,629,698,704,697
89: 322,440,460,583,274,68,479,94,547,117,689
90: 657,499,230,277,96,270,70,768,283,719,2
91: 696,273,537,451,503,120,645,757,119,495
92: 637,66,278,93,696,10,488,495,519
93: 241,480,709,278,233,279,512,67,66,92,98,696,519
94: 281,544,479,547,747,522,290,89,282,453,460
95: 9,551,12,739,760,651,70,0,65,768
96: 224,230,64,277,677,705,270,422,739,70,416,65,90
97: 637,636,293,466,762,692,10,581,514
98: 679,11,637,66,72,636,241,480,576,93
99: 336,598,608,683,288,747,700,405,290,282,453
100: 498,132,127,510,577,337,453,446,608
101: 27,37,102,127,510,577,634,128,291,651,13,515,292,493,722
102: 438,27,37,101,505,634,553,703,300,443,737
103: 255,535,82,644,716,104,295,247,239,246,552,430,511,26
104: 637,597,293,286,246,552,103,21,488,511,434,588
105: 559,349,294,310,456,535,303,716
106: 350,693,137,461,23,352,625,111,764,487,678
107: 483,15,55,708,251,210,631,215,56,250,441,417,258
108: 28,699,6,737,438,345,477,731,505,423,521,30,116
109: 6,29,711,737,638,641,135,301,699,30
110: 354,600,141,30,638,444,694,315,301,309
111: 506,764,257,263,680,693,106,611,487
112: 306,113,487,521,678,635,305,23,731,505,652
113: 358,396,707,306,489,413,669,678,112,477,731,652,160,474
114: 359,589,632,439,30,116,444,308,717,770
115: 587,361,690,356,712,315,309,751,141
116: 114,589,30,6,529,664,308,717,108,307,669,521
117: 562,274,754,276,323,89,322,689
118: 362,657,284,713,468,481,31,124,484,366,735
119: 648,326,32,144,285,495,320,368,91,451,478,120,612,539
120: 321,537,320,368,424,91,645,119,326
121: 548,328,327,278,279,512,696,273,617,645,519
122: 31,633,123,19,324,621,719,689,323,330
123: 292,31,670,122,332,446,19,324,621,331,620
124: 31,332,324,486,657,284,118,481,612
125: 326,488,495,447,645,433,519,126,428,36
126: 341,412,428,511,758,36,286,527,21,125,488,447,588,348
127: 37,498,101,100,133,510,577,128,292,670,446,722
128: 37,101,715,133,346,127,634,292,642,7,493
129: 339,130,744,715,40,565,471,35,153
130: 129,33,339,374,333,527,154,447,35,39,153,546
131: 554,149,376,154,341,758,36,383,765,525,382
132: 23,498,100,133,352,577,701,344,461,385
133: 37,23,345,666,132,346,127,577,652,701,128
134: 392,436,647,386,465,393
135: 434,588,729,301,25,602,340,699,29,302,109,552,582
136: 309,710,564,557,751,729,395,602,141,585
137: 350,401,344,549,106,352,391,624,764,138
138: 351,624,605,137,391,358,563,678
139: 354,736,397,353,477,38,28,394,489,413,419,668,161,769
140: 354,736,360,397,574,600,507,439,490,585
141: 354,600,490,110,585,315,309,557,751,136,115,355,361,356
142: 399,536,735,372,481,486,367,363,596
143: 152,147,596,741,725,536,524
144: 648,119,374,326,333,32,367,368,478,369,148,725
145: 670,446,621,620,370,330,337,721,761,498,568,421
146: 379,492,508,421,662,150
147: 590,152,153,143,741,725,373,755,524,616
148: 369,546,726,741,725,765,374,144
149: 573,131,381,375,472,382
150: 568,146,379,421
151: 646,156,542,386,338,688,666,701,40,34
152: 590,147,143,741,524
153: 590,147,546,741,373,129,130,755,40,471,39,616,157
154: 374,527,130,447,341,36,39,546,765,131,525
155: 414,379,491,156,378,385
156: 646,491,436,386,378,151,338,385,626,701,379,155
157: 387,388,465,685,471,590,153,530,163,542,616
158: 387,162,432,159,685,419,668,450,404,569
159: 388,158,432,472,685,525,450,395,766,404
160: 626,353,666,652,707,113,489,392,386,656,474
161: 769,489,139,392,393,419,523,474
162: 387,158,465,393,685,419,569
163: 646,647,542,616,157,465
164: 175,174,437,406,653,408
165: 46,197,426,732,166,190,613,482,601
166: 165,426,750,601,170
167: 191,750,601,457,192,724
168: 169,173,46,195,732,518,482,45
169: 168,426,732,518,653,661,174
170: 8,41,742,724,601,197,426,166
171: 172,586,445,463,54,176,205,502,212,177,14,496,545
172: 586,171,445,463,665,177,650
173: 168,195,196,518,661,45,663,630,202,236,476,244
174: 178,437,455,164,169,653,661
175: 674,437,52,184,180,164,408,767
176: 181,205,212,177,610,408,586,171,723,52
177: 176,181,502,650,172,586,171
178: 174,455,771,661,50,427,209
179: 674,183,203,211,52,180,56,60,57,580,80,210
180: 674,183,175,179,211,52,184,748,185,402,767
181: 176,185,502,212,177,58,603,610,767
182: 502,58,532,603,213,59,206,218,753
183: 674,179,211,180,748,56,60,217,702
184: 175,180,748,402,687,767
185: 181,402,409,58,603,610,591,62,767,211,180
186: 64,567,660,675,190,411,613,520
187: 191,457,43,660,188,655
188: 193,655,558,187,457
189: 228,236,68,501,195,566,63,604,229,749,69
190: 411,613,482,165,46,186,520
191: 167,601,187,457,43,613,197,724,231,558,555,623,232,570
192: 198,665,724,733,167,686
193: 226,188,759,558,457,425,733,442,679,232
194: 228,235,242,464,544,572
195: 168,173,46,518,411,448,45,663,236,189,69,244
196: 173,470,518,661,202,556,476,609,237,244,51,540
197: 165,470,426,42,613,191,601,170,8,724,47,555,623
198: 586,8,445,665,192,724,54,48,686
199: 500,672,200,240,77,561,207
200: 458,561,207,199
201: 663,572,630,50,464,676
202: 203,455,771,630,173,196,661,50,476,540,526
203: 674,179,202,455,556,56,771,55,580,210,540
204: 75,76,545,684,584,571,205,71,53,599,745
205: 176,57,212,610,171,723,52,53,599,204,545,684
206: 59,753,463,672,182,502,14,513
207: 200,561,199,672,248,513,644,738,763
208: 256,614,78,250,420,691
209: 427,178,215,771
210: 15,55,580,79,252,80,107,631,540,526,179,203,56
211: 183,179,180,60,185,402,57,591,217,80,16,61
212: 176,181,205,502,58,610,591,14,213,171,17,545,684
213: 182,502,212,58,14,218,753,17,593,253
214: 659,449,513,738,59,753
215: 56,771,427,209,673,250,55,107,441,258
216: 531,673,702,220,258
217: 531,702,183,211,748,60,402,509,61
218: 59,753,182,532,213,671,449,639
219: 593,429,253,560,592,449,86,730,639
220: 259,452,594,575,509,258,216,531,702
221: 222,454,85,61,649,265,594,509
222: 85,618,221,718,649
223: 604,567,229,756,677,749,63,275
224: 277,516,675,677,96,705,698,270
225: 88,271,459,655,272,558,422,277,705,698
226: 227,278,459,193,272,558,442,67,66
227: 226,278,279,442,67
228: 194,235,236,68,415,544,479,189,501,566,63
229: 223,230,749,63,754,275,68,189,517,739
230: 229,756,677,96,270,754,517,739,768,276,90,719
231: 64,660,705,613,191,655,555,570
232: 679,48,686,623,643,570,191,457,733,193,558
233: 279,512,595,67,480,714,93
234: 458,533,714,709,512
235: 228,194,281,242,415,431,544,479
236: 228,464,243,189,501,663,173,195,476,69,244,619
237: 12,695,69,609,47,760,244,51,416,619,555,470,196,42
238: 746,643,667,466,570,762,627,459,422,551,760,70,65,1
239: 247,576,597,496,541,246,82,644,103
240: 458,480,77,425,49,199,759,595,72
241: 247,286,458,480,533,576,93,709,637,98
242: 194,235,464,431,572,676,497,22
243: 236,464,544,501,630,476,720,619,73,22,526
244: 476,69,237,619,173,195,196,518,42,236
245: 71,466,695,0,13,1,443,734,5,584,4
246: 706,76,552,582,430,104,597,293,541,239,103
247: 295,241,286,458,533,576,561,239,248,644,103
248: 456,255,644,763,247,207
249: 256,700,614,298,78,405,420,304
250: 208,420,691,682,215,708,107,441
251: 483,15,703,79,107,631,635,403,259,680,494,417,258
252: 15,553,580,745,79,74,210,734,540
253: 706,219,17,593,560,430,14,213,753,659,82,449,513
254: 255,659,535,303,712,430,261,262
255: 456,254,248,659,535,82,303,644,716,103,430
256: 249,208,614,420,304,682,467,727
257: 298,420,304,483,263,727,680,417,693,625,111
258: 259,220,452,417,215,56,60,216,673,702,251,107,631,441
259: 403,528,220,265,494,452,575,529,509,258,251,631
260: 266,81,444,308,694,730,711,638,592
261: 87,262,639,254,730
262: 261,87,254,712,690
263: 83,727,257,680,417,506,111,611
264: 594,575,578
265: 259,528,594,575,529,509,454,473,85,221
266: 267,81,469,454,473,444,462,85,308,260,770
267: 266,86,469,462,730,639
268: 475,629,18,704
269: 276,275,756
270: 224,230,277,516,756,677,96,276,657,499,504,90
271: 225,459,272,422,277,627,499,503,704,757,539
272: 225,226,88,271,459,273,503,704,757,697
273: 696,537,91,503,617,757,278,272,121
274: 63,754,68,415,479,117,89,440
275: 63,754,223,229,756,276,269
276: 317,657,504,269,754,275,230,756,270,117,719,689
277: 224,96,705,698,270,225,271,422,70,627,499,90,704,2
278: 226,227,279,67,66,92,93,696,273,121
279: 233,512,67,227,278,93,617,121
280: 287,433,519,428,622,512,709,328
281: 235,415,479,94,282,440
282: 329,453,460,281,288,94,747,99,336,598
283: 20,332,19,324,2,551,70,768,90
284: 362,319,657,499,504,118,475,18,124
285: 692,648,33,10,119,581,32,495,627,757,539
286: 295,241,247,533,709,104,637,488,287,126,412,428,511
287: 335,296,280,412,428,543,295,286,533,709
288: 431,747,700,405,282,99,598
289: 343,336,598
290: 435,94,747,522,3,453,99,608,510
291: 9,12,720,522,651,13,3,515,74,722,101,510
292: 670,642,7,123,332,446,331,493,722,101,127,128
293: 104,637,597,740,97,466,5,76,246,582,21,514,434
294: 342,559,349,105,710,348,26,716,412,511,588
295: 247,286,533,456,716,103,287,412,511,543
296: 335,287,412,543,559
297: 350,693,549,683,298,405,304
298: 249,405,257,420,304,435,350,297,693,683,625
299: 703,79,300,6,628,494,664,505
300: 553,79,443,734,299,6,75,628,737,584,641,102
301: 135,28,394,602,699,109,638,354,110,30
302: 29,552,592,430,535,694,135,729,309,710,26
303: 456,254,255,535,716,310,105
304: 256,249,298,257,420,467,727,297,693
305: 403,680,494,84,635,306,611,487,307,112
306: 357,358,313,113,611,487,311,307,669,678,112,305
307: 313,312,306,311,669,521,494,84,529,578,305,717,116
308: 266,81,473,444,260,770,6,638,664,114,30,116
309: 710,751,136,302,712,694,141,110,115
310: 105,710,751,535,303,712,690
311: 357,313,312,306,611,307,84,578
312: 313,311,307,578,316,717,632
313: 358,312,306,311,606,307,413,538,669,359,632
314: 454,473,462,717,770,316
315: 87,469,444,694,600,141,110,115,587,361
316: 578,314,717,312,632
317: 318,276,657,468,504,323,562
318: 362,317,468,504,475
319: 362,284,475,18,325,484
320: 321,537,368,451,478,325,120,119,364
321: 537,320,424,120,548
322: 89,583,658,562,117,323
323: 317,657,713,562,117,322,122,621,689
324: 31,122,123,283,332,19,124,719,657
325: 18,320,451,478,612,319,481,484,485,364
326: 648,334,119,374,125,144,495,447,368,424,120,645,36,369
327: 548,328,121,424,645,433,728,622
328: 121,327,512,280,433,519,622
329: 370,282,330,337,460,583,336
330: 329,370,337,460,583,658,633,122,145,446,621
331: 292,31,670,373,642,7,123,752,332,486,620,372
332: 292,31,7,123,20,283,752,124,324,331,486,2,32
333: 648,33,374,32,144,130,755,752,725
334: 374,326,424,728,36,369,765,376
335: 296,287,412,428,622
336: 99,343,289,598,377,683,329,282,337,453
337: 329,370,330,453,460,633,145,446,336,377,498,100
338: 646,156,378,151,670,642,498,701,379,421,34
339: 129,24,33,527,21,130,447,514,744,434,35,25,340
340: 135,434,588,389,729,35,766,25,602,347,339,527
341: 126,758,36,527,154,342,383,348,131,525
342: 559,349,383,390,294,550,348,341,412,758
343: 350,289,336,384,344,640,377,683
344: 350,343,401,384,137,640,377,461,132,352,391,385
345: 438,27,37,23,666,133,346,731,505,423,652,108
346: 688,438,37,715,345,666,133,423,128,642,565
347: 565,450,471,38,389,28,394,35,395,766,25,602,340,699
348: 342,390,294,527,341,126,588,389,729
349: 342,559,294,105,550,564
350: 297,343,693,344,137,549,106,461,683,298,764
351: 506,605,764,138
352: 626,23,132,391,652,344,137,106,461,678
353: 688,666,423,160,38,489,139,392,386,419
354: 736,140,589,600,439,141,110,30,585,139,28,394,301
355: 356,557,574,490,141,585
356: 115,355,564,557,751,141
357: 358,306,611,311,606,605
358: 357,313,396,707,306,113,563,606,678,138,474
359: 360,114,397,589,632,439,410,313,413,538,669
360: 359,140,397,507,439,410,538
361: 115,587,315,600,490,141
362: 318,319,284,468,118,475,484
363: 407,484,481,485,536,142,596
364: 485,743,320,368,478,325
365: 713,468,607,366
366: 407,365,713,468,118,607,418,735
367: 32,144,481,478,612,486,485,142,596,725
368: 320,424,478,120,119,326,144,364,743,369
369: 148,726,368,424,334,374,326,144,743
370: 329,330,337,658,721,145,568,579
371: 579,607,721,508
372: 399,492,662,142,735,31,373,331,486,620,418
373: 642,752,331,755,40,662,34,372,147,153,616
374: 648,334,326,333,154,144,130,447,36,369,148,546,765
375: 381,726,765,573,149,376
376: 131,334,728,615,36,375,765
377: 343,336,384,344,761,337,498
378: 156,338,385,384,761,498,379,155
379: 146,421,662,150,155,646,491,156,378,338
380: 524,662,646,616
381: 375,530,546,741,149,472
382: 383,554,149,131,472,525
383: 342,390,550,341,554,131,525,382
384: 343,344,640,377,761,654,378,385
385: 156,378,401,384,344,626,132,391,701,414,155
386: 156,392,134,436,647,542,151,626,688,353,666,160,656
387: 162,388,158,157,465,432,685,530
388: 387,157,432,159,472,685,525,471,39,530,546
389: 729,395,766,602,340,347,527,390,348,525
390: 342,383,550,564,348,389,395,525,404
391: 626,352,401,344,137,624,138,414,385
392: 134,386,353,160,489,393,419,523,656,474,161
393: 162,465,419,392,134,523,161
394: 450,38,28,301,395,602,347,354,736,585,139,668
395: 450,389,394,766,602,347,390,557,136,585,159,404
396: 358,113,606,413,410,474
397: 736,360,359,140,589,439,410,139,413,398,769
398: 569,769,736,397,574,668
399: 536,492,508,524,662,142,372
401: 344,137,640,391,624,414,385
402: 185,409,687,211,184,180,748,217,718
403: 259,680,494,84,452,305,417,251,635
404: 395,390,158,432,159,525
405: 249,700,298,288,99,297,598,683
406: 653,41,164,408
407: 363,366,536,508,735
408: 176,767,406,653,41,723,175,437,52,164
409: 185,402,532,603,62
410: 360,359,397,396,413,538
411: 190,482,46,195,186,604,520
412: 335,296,287,126,428,511,758,295,286,342,559,294
413: 313,396,113,489,669,477,359,397,589,410,139,474,769
414: 155,401,626,391,385
415: 228,281,235,479,274,440
416: 69,520,739,760,237,555,65,64,96,749
417: 403,680,452,258,257,420,682,483,251,107,83,263,441
418: 31,621,620,713,607,721,366,492,735,372
419: 162,158,465,393,685,668,353,38,489,139,392,161,569
420: 256,249,208,298,78,250,257,304,435,681,682,483,708,417
421: 146,379,492,662,721,670,145,620,150,568,338
422: 225,271,459,558,277,96,705,70,65,238,570,627
423: 688,438,353,345,666,346,477,565,38,28,108
424: 321,368,120,645,327,334,326,728,369
425: 49,733,193,759,595,442,240
426: 165,169,470,197,732,518,166,653,170,41
427: 50,209,178,215,771,691,55
428: 335,280,287,433,519,126,412,286,709,125,488
429: 219,75,17,593,16,711,628,684,560,641,571,591,81,618
430: 29,706,302,246,253,560,552,592,254,255,659,535,82,103
431: 235,242,288,747,700,497,22
432: 387,388,158,159,472,404
433: 280,519,728,428,615,622,645,328,327,125
434: 135,588,25,340,104,293,5,552,582,24,339,21,514
435: 298,420,290,681,483,15,3,608,510,625
436: 491,156,134,647,386
437: 674,175,174,455,52,556,164,653,661,723,408
438: 37,102,715,345,346,505,423,634,737,24,565,28,108,25,699
439: 354,360,359,140,114,397,589,600
440: 89,583,274,281,415,479
441: 215,673,250,682,107,417,258
442: 595,67,425,226,227,193,759
443: 553,300,734,13,245,5,584,4,102,634
444: 266,469,308,260,694,770,638,315,114,600,110,30
445: 172,198,171,463,49,665,54,500,534,686,496,77
446: 292,633,670,123,145,722,330,337,453,498,100,127
447: 692,648,33,339,374,326,527,21,154,125,488,130,495,126,36
448: 45,663,572,195
449: 214,659,59,218,753,219,253,639
450: 38,394,395,766,347,158,159,685,668
451: 18,537,320,91,503,478,325,757,612,539,499,119
452: 403,259,220,84,575,417,258,83
453: 282,337,460,94,747,522,290,633,446,99,336,608,100,510
454: 314,266,473,462,85,221,265
455: 674,178,203,202,174,437,556,771,661
456: 248,255,303,716,295,543,105
457: 167,191,187,733,188,193,232
458: 200,241,234,247,240,480,533,576,561,714
459: 225,226,271,272,558,422,238,66,643,570,762,627,757,10
460: 329,89,282,330,337,453,583,94,633
461: 350,344,106,608,683,23,132,352,577,625
462: 314,267,266,454,770
463: 172,171,445,500,672,502,650,14,206,496
464: 194,242,236,544,243,663,201,572,630,676,73,22
465: 387,162,157,393,685,419,163,134,542
466: 238,71,667,293,740,97,762,245,551,0,1,5,4,20,581,514
467: 727,256,304
468: 362,318,317,713,118,365,366
469: 267,266,444,770,315
470: 196,197,426,518,42,653,8,41,723,47,237,51,599
471: 565,38,35,39,766,347,129,688,40,153,542,616,388,157,685
472: 388,432,159,525,381,530,546,149,382
473: 314,266,454,85,308,717,770,265,529,664
474: 523,656,160,358,396,707,113,489,413,392,161
475: 362,318,319,284,268,504
476: 609,244,619,630,173,196,202,236,243,73,540,526
477: 731,423,28,108,113,489,413,669,589,139
478: 320,368,451,325,612,119,144,367,485,364
479: 228,281,235,68,415,544,94,547,501,274,89,440
480: 241,240,458,714,93,759,233,595,67,72,98
481: 118,325,612,31,124,486,367,363,484,485,142,735,596
482: 190,411,165,168,46,732
483: 15,703,708,251,107,635,257,420,435,680,417,625
484: 363,362,319,118,481,325,485
485: 364,743,481,478,325,367,363,484,596
486: 31,752,332,124,331,481,612,32,367,755,142,735,372
487: 306,611,678,112,635,680,305,106,111,605
488: 692,21,125,495,447,104,637,92,286,519,126,428
489: 113,413,353,477,160,139,392,419,474,161
490: 140,600,507,141,355,361
491: 646,156,436,647,379,155
492: 399,146,508,421,662,372,721,620,418
493: 292,4,7,20,651,0,13,101,634,128
494: 403,259,529,305,664,703,251,299,635,505,307,521
495: 692,648,10,119,326,125,488,285,447,92,696,91,645,519
496: 11,541,171,445,463,54,500,672,14,77,576,239
497: 676,700,614,78,22,242,431
498: 100,132,127,337,670,145,446,377,761,378,338
499: 284,90,277,270,271,18,451,503,704,612,539,2
500: 199,534,672,445,463,496,77
501: 228,236,68,544,479,243,189,547,9,517,69,720,619
502: 182,181,212,177,603,650,14,213,171,463,206
503: 18,273,537,91,451,704,757,697,271,272,499
504: 318,317,276,657,284,475,270
505: 438,27,37,23,102,345,731,703,299,635,494,108,521,112
506: 351,111,605,764,263,611
507: 360,140,600,490
508: 399,536,146,492,407,371
509: 259,528,220,265,594,60,217,531,702,221,61
510: 27,101,100,127,577,291,522,290,435,3,515,453,722,608
511: 126,412,104,295,286,552,716,103,588,294,26
512: 233,279,234,93,709,328,121,280,519
513: 214,82,644,738,672,14,206,753,207,253
514: 692,24,33,339,581,21,293,97,466,5,4,20,434
515: 15,553,3,74,291,13,27,101,510
516: 224,629,756,270
517: 9,739,768,754,230,229,68,547,501,19,719,689
518: 169,168,173,470,46,195,196,426,732,42,653,661,244
519: 280,433,428,512,92,93,709,696,645,328,121,125,488,495
520: 69,416,555,190,411,613,46,42,186,604,64,749
521: 307,669,112,6,494,731,505,108,116
522: 9,291,720,651,544,94,547,290,3,453,633,19,722,510
523: 474,392,393,161
524: 399,536,380,662,152,147,143
525: 388,159,472,527,154,341,389,39,766,383,390,131,382,404
526: 15,55,708,3,74,210,540,202,243,476,681,691,73
527: 339,21,154,130,447,341,126,588,389,35,39,766,340,348,525
528: 259,265,509,664,80,16,628,81,85,61
529: 259,265,494,84,575,578,664,473,717,307,116
530: 381,590,546,741,387,388,157,472
531: 217,216,702,220,594,509
532: 182,409,58,603,62,218,671,593
533: 295,241,234,247,286,458,709,287
534: 500,445,49,77
535: 254,255,303,712,716,103,302,430,310,105,710,26
536: 399,508,524,142,363,407,596,143
537: 321,273,320,91,451,503,120
538: 313,606,360,359,632,410
539: 451,757,612,271,627,499,2,119,32,285
540: 580,252,74,210,526,196,203,202,556,476,609,51
541: 11,597,496,53,740,54,14,576,239,706,76,246,545
542: 163,646,616,386,151,688,471,157,465
543: 296,287,295,456,559
544: 228,194,235,464,479,243,94,547,747,501,720,522,22
545: 706,17,204,76,684,571,171,205,212,14,53,541
546: 381,590,148,153,530,741,765,374,154,130,39,388,472
547: 68,544,479,94,501,9,517,522,89,633,19,689
548: 121,327,321,617
549: 350,297,693,137,764
550: 342,349,383,390
551: 95,70,0,238,466,627,20,283,581
552: 29,302,246,582,430,104,103,511,135,434,588,26
553: 15,703,515,79,252,74,300,443,734,13,27,102
554: 131,383,382
555: 520,47,760,237,416,65,613,191,197,42,231,746,623,570
556: 674,203,437,455,52,196,51,580,540
557: 564,136,395,141,585,355,356
558: 225,226,188,459,193,655,422,191,705,643,232,570
559: 342,349,294,105,296,412,543
560: 29,706,219,17,429,711,253,571,592,430
561: 200,247,458,77,576,207,199,644
562: 117,317,323,322
563: 358,707,138
564: 349,390,710,557,751,136,729,356
565: 471,38,28,35,25,347,129,688,438,715,346,423,40
566: 63,604,228,189
567: 186,604,223,64,675,677,749
568: 150,579,370,721,145,761,421,654
569: 398,162,158,419,668
570: 238,746,623,643,232,191,231,705,459,558,422,555,65
571: 706,75,17,204,429,76,545,684,584,560,641,582
572: 448,663,201,194,242,464
573: 149,375
574: 736,140,585,355,398
575: 264,259,220,265,84,452,594,529,578
576: 241,247,458,77,561,239,11,637,597,72,98,496,541
577: 27,37,23,101,100,132,133,127,510,608,461
578: 264,84,575,529,316,717,312,311,307
579: 568,371,370,658,607,721
580: 745,79,252,80,210,540,179,203,52,556,57,75
581: 692,33,10,285,514,551,97,466,762,627,20
582: 29,706,5,76,246,584,552,641,571,293,135,434
583: 329,89,322,440,330,460,658
584: 75,204,5,76,641,571,582,71,245,745,300,443,734
585: 354,736,140,574,141,394,395,557,136,355
586: 172,198,8,171,41,742,665,723,54,176,177,599
587: 115,361,315
588: 135,434,729,340,104,552,527,21,126,511,294,348,26
589: 354,359,114,397,439,30,116,477,413,669
590: 152,147,153,530,546,741,616,157
591: 185,57,212,58,610,62,211,593,429,16,684,618
592: 29,219,302,711,560,638,430,260,694,730,87
593: 219,17,429,253,58,532,591,62,213,671,86,618,639
594: 264,220,265,575,509,531,221
595: 233,442,67,425,759,240,480,714
596: 143,725,481,367,363,485,536,142
597: 11,104,637,636,293,740,541,576,239,246
598: 99,289,336,288,405,282
599: 48,71,53,470,586,8,723,205,47,51,204
600: 354,140,507,439,490,141,110,444,315,361
601: 167,191,750,43,613,165,197,166,170,724
602: 135,389,28,729,394,301,395,340,347,136
603: 182,185,181,502,409,58,532
604: 223,567,749,411,566,189,520
605: 351,506,764,138,357,611,487
606: 357,358,313,396,538
607: 658,721,365,713,621,418,366,579,371
608: 99,461,683,290,435,453,100,510,577
609: 476,12,695,237,51,619,196,74,540
610: 176,185,181,205,57,212,58,591,767,52,684
611: 357,306,487,311,263,680,84,305,506,111,605
612: 451,478,325,539,499,481,124,486,119,32,367
613: 43,190,191,601,165,197,186,231,660,520,555
614: 256,249,208,700,78,497
615: 433,728,622,36,376
616: 163,646,542,373,40,471,380,34,590,147,153,157
617: 273,279,548,121
618: 222,81,86,85,61,591,62,671,718,593,429,16
619: 9,476,12,69,609,720,237,244,236,243,501
620: 31,670,123,145,621,331,418,721,492,421,372
621: 31,122,123,145,620,418,713,323,330,658,607,721
622: 335,280,433,615,328,327
623: 48,746,232,570,191,197,8,724,47,555
624: 138,401,137,391
625: 27,23,298,257,435,483,635,680,106,461
626: 666,352,391,652,701,160,707,414,156,386,385,656
627: 238,762,277,271,459,422,551,70,757,539,2,10,581,285
628: 6,75,429,16,641,79,80,300,299,528,664,81
629: 516,698,88,268,704,697
630: 663,201,173,50,202,464,243,476,73
631: 79,251,80,210,107,56,60,259,258
632: 359,114,316,717,313,312,538
633: 122,446,19,722,547,522,330,337,453,460
634: 438,37,102,101,715,128,13,443,4,493,24
635: 483,703,251,403,680,494,305,27,23,505,625,487,112
636: 679,11,637,597,66,643,98,667,740,97,762
637: 104,597,66,92,636,98,293,97,241,286,576,488
638: 6,711,109,592,444,308,260,694,301,110,30
639: 261,218,671,219,593,449,267,86,730
640: 343,401,384,344
641: 6,29,75,429,711,628,109,737,584,571,582,300
642: 292,670,373,7,331,715,346,128,40,34,338
643: 679,238,48,66,636,667,232,570,762,459,558
644: 248,255,82,513,103,247,561,239,207
645: 696,424,91,120,121,327,326,125,495,433,519
646: 163,491,156,647,542,616,151,338,380,379,662,34
647: 163,646,491,134,436,386
648: 692,33,119,374,326,333,32,144,285,495,447
649: 222,221
650: 502,177,172,463
651: 9,12,95,291,522,0,13,768,19,493,722,101
652: 626,23,345,666,133,352,731,160,707,113,678,112
653: 169,470,406,426,518,41,174,437,164,408
654: 384,761,568
655: 225,188,558,187,231,660,705,698
656: 474,626,160,707,392,386
657: 317,276,284,504,118,323,90,270,31,124,324,719
658: 370,322,330,583,607,621,579
659: 254,214,255,82,449,253,430
660: 186,231,675,43,613,187,655
661: 169,173,196,518,178,202,174,437,455
662: 399,380,146,379,492,524,421,34,372,373,646
663: 448,45,201,572,630,173,195,236,464
664: 528,494,529,299,6,628,81,473,308,116
665: 172,586,198,44,445,742,192
666: 626,688,353,345,133,346,423,652,701,160,386,151
667: 238,48,746,71,643,636,740,466,762,1
668: 158,419,450,38,394,736,139,569,398
669: 313,306,113,307,413,521,477,731,359,589,116
670: 292,642,123,145,446,331,620,498,127,421,338
671: 532,62,218,593,86,618,639
672: 199,500,463,14,206,496,77,207,513
673: 216,702,215,56,441,258
674: 183,175,179,203,437,455,52,556,180
675: 186,224,64,567,660,677,705,698
676: 78,497,691,73,22,201,242,464
677: 223,224,230,64,567,756,675,96,270
678: 358,707,306,113,487,112,106,352,652,138
679: 11,48,686,66,72,643,636,98,232,733,193,759
680: 403,305,417,257,483,251,635,263,625,111,611,487
681: 78,420,435,691,73,22,708,3,526
682: 256,250,420,83,727,441,417
683: 350,99,297,343,336,608,461,298,405
684: 75,17,204,429,545,571,205,57,212,610,591
685: 387,162,388,158,157,465,159,419,450,471,38
686: 679,11,48,72,232,198,445,49,192,733,54
687: 402,184
688: 353,666,346,423,40,565,471,38,542,386,151
689: 122,19,719,754,547,517,117,276,323,89
690: 115,712,262,310,751
691: 208,676,78,250,681,73,427,55,708,526
692: 648,33,10,581,21,488,285,495,447,514,97
693: 350,297,549,106,298,257,304,111,764
694: 444,260,302,638,592,87,315,309,110
695: 12,609,760,237,51,0,13,1,71,245,745,74,734
696: 273,91,645,757,278,92,93,121,10,495,519
697: 18,503,704,629,88,272
698: 224,277,629,675,705,225,88,655
699: 135,28,108,301,25,347,109,737,438
700: 249,614,78,405,497,22,288,431,747,99
701: 626,666,132,133,156,151,338,385
702: 217,216,531,673,183,56,60,220,509,258
703: 483,15,553,79,251,299,635,494,27,102,505
704: 18,503,697,277,629,88,271,272,268,499
705: 224,231,277,675,96,698,225,655,558,422,570
706: 17,246,253,545,560,571,582,430,541,82
707: 358,113,563,678,626,652,160,656,474
708: 483,15,55,107,526,250,420,681,691
709: 241,234,286,533,93,512,280,287,519,428
710: 294,310,309,564,26,751,136,302,535,729
711: 6,29,429,109,560,638,641,592,81,260
712: 254,535,87,262,310,309,751,115,690
713: 468,118,323,365,607,31,621,418,366
714: 234,458,480,233,595
715: 438,346,634,128,642,7,129,24,744,565,25
716: 456,255,535,303,103,295,511,294,105,26
717: 314,473,529,578,316,312,307,114,632,116
718: 402,62,222,618,61
719: 122,19,324,689,230,517,768,276,657,90
720: 9,12,291,522,619,544,243,501,3,74
721: 370,607,145,621,620,418,568,579,371,492,421
722: 292,633,446,19,291,522,651,101,127,510
723: 586,8,41,470,437,52,176,205,408,51,599
724: 170,198,8,192,167,191,601,197,623
725: 147,148,596,143,741,333,144,367,755
726: 369,148,375
727: 83,263,467,256,257,304,682
728: 433,615,424,327,334,376
729: 135,588,389,602,340,302,710,564,348,26,136
730: 267,86,260,219,592,261,87,639
731: 345,477,505,652,108,113,669,521,112
732: 165,169,168,46,426,518,482
733: 49,192,457,425,193,759,679,686,232
734: 553,745,252,74,300,443,695,13,245,584
735: 142,372,118,481,31,486,418,407,366
736: 354,140,397,574,585,139,394,668,398
737: 6,109,641,300,438,102,108,699
738: 214,513,763,207
739: 9,517,95,70,416,65,768,230,229,96,749
740: 11,48,597,71,636,53,667,293,466,541,76
741: 381,590,152,147,148,153,530,143,546,725
742: 170,586,41,665
743: 485,364,368,369
744: 129,24,33,339,7,20,752,715
745: 580,252,734,695,51,71,75,204,584
746: 238,48,71,623,667,570,47,760,555,65,1
747: 288,431,544,94,700,290,22,282,453,99
748: 183,184,180,402,217
749: 604,223,64,567,229,189,69,520,739,416
750: 167,601,166
751: 310,309,710,564,136,712,141,115,690,356
752: 373,7,20,332,331,486,33,333,32,755,744
753: 59,206,218,182,14,213,253,214,449,513
754: 274,63,275,230,229,68,517,117,276,689
755: 333,373,752,486,147,153,725
756: 223,230,516,677,270,275,276,269
757: 696,273,91,451,503,539,271,459,272,627,10,285
758: 341,126,412,36,342,131
759: 193,425,733,595,442,67,679,72,240,480
760: 12,95,695,237,0,416,555,65,1,238,746
761: 384,377,145,498,568,654,378
762: 238,66,643,636,667,97,466,627,459,10,581
763: 248,738,207
764: 351,506,111,605,350,693,137,549,106
765: 148,375,546,334,374,154,36,131,376
766: 450,471,389,35,39,395,340,347,527,159,525
767: 185,181,610,408,175,52,184,180
768: 9,517,95,739,651,70,230,90,283,19,719
769: 161,398,413,397,139
770: 314,266,469,473,444,462,308,114
771: 178,215,203,202,455,50,427,209,55