0: 292,7,35,129,339,2,3,20,23,96,101,284,291,4,24,102,1,13,75,245,5,25,103,293,6,28,108,300
1: 13,75,245,12,74,244,10,70,238,8,14,16,52,76,80,204,246,252,292,0,4,24,102
2: 292,20,96,284,0,4,24,102,32,124,332,19,95,283,10,70,238,21,97,285,18,91,277
3: 34,338,292,128,23,101,291,0,4,24,102,22,100,290,19,12,95,74,283,244,27,107,299
4: 292,7,35,129,339,2,3,20,23,96,101,284,291,0,24,102,1,13,75,245,5,25,103,293,6,28,108,300
5: 36,130,340,25,103,293,21,97,285,301,14,109,76,246,29,292,0,4,24,102,26,104,294
6: 346,134,38,28,108,300,27,107,299,301,16,109,80,252,29,292,0,4,24,102,30,113,307
7: 34,338,292,128,35,129,339,0,4,24,102,32,124,332,36,130,340,346,134,38,152,40,380
8: 52,53,57,204,205,211,41,175,47,197,1,51,13,203,75,245
9: 46,64,68,69,196,230,236,237,19,12,95,74,283,244,10,70,238
10: 11,47,65,70,71,197,231,238,239,9,69,237,1,13,75,245,2,20,96,284
11: 10,48,66,70,71,72,198,232,238,239,240,21,97,285,14,76,246
12: 9,69,237,74,244,1,15,51,73,13,79,203,243,75,251,245,3,23,101,291
13: 1,75,245,12,74,244,10,70,238,8,14,16,52,76,80,204,246,252,292,0,4,24,102
14: 17,53,76,77,81,205,246,247,253,11,71,239,1,13,75,245,5,25,103,293
15: 56,78,79,84,210,250,251,258,27,107,299,12,74,244,16,80,252
16: 17,57,80,81,85,211,252,253,259,1,15,13,79,75,251,245,6,28,108,300
17: 301,14,16,58,109,76,80,81,82,86,212,246,252,253,254,260,29
18: 278,119,325,91,277,92,90,276,65,231,271,88,2,20,96,284
19: 9,69,237,95,283,90,276,31,123,331,282,2,3,20,23,96,101,284,291,94
20: 292,2,96,284,0,4,24,102,32,124,332,19,95,283,10,70,238,21,97,285,18,91,277
21: 11,71,239,97,285,2,20,96,284,33,333,125,286,278,5,25,103,293,92,98
22: 282,127,337,3,23,101,291,100,290,94,73,243,289,99,106,298
23: 34,338,292,128,3,101,291,0,4,24,102,22,100,290,19,12,95,74,283,244,27,107,299
24: 292,7,35,129,339,2,3,20,23,96,101,284,291,0,4,102,1,13,75,245,5,25,103,293,6,28,108,300
25: 36,130,340,5,103,293,21,97,285,301,14,109,76,246,29,292,0,4,24,102,26,104,294
26: 104,294,110,302,77,105,247,295,341,286,131,5,25,103,293,98
27: 15,79,251,107,299,3,23,101,291,37,345,133,6,28,108,300,106,112,298,306
28: 346,134,38,6,108,300,27,107,299,301,16,109,80,252,29,292,0,4,24,102,30,113,307
29: 301,17,109,81,253,5,25,103,293,6,28,108,300,39,347,135,110,114,302,308
30: 353,139,113,307,114,308,313,85,259,116,6,28,108,300,112,306
31: 34,118,122,123,146,338,324,330,331,372,128,32,124,332,19,95,283
32: 31,123,331,7,35,129,339,2,20,96,284,124,332,373,33,333,125,147,119,325
33: 326,333,120,125,126,148,334,374,36,130,340,21,97,285,32,124,332
34: 31,379,123,151,338,331,128,127,337,7,35,129,339,3,23,101,291,37,345,133
35: 34,338,292,128,7,129,339,0,4,24,102,32,124,332,36,130,340,346,134,38,152,40,380
36: 33,333,125,341,131,153,381,130,340,5,25,103,293,7,35,129,339,39,347,135
37: 346,344,345,386,134,132,133,138,156,38,352,27,107,299,34,338,128
38: 346,37,345,134,133,6,28,108,300,7,35,129,339,387,39,353,347,157,135,139
39: 388,158,347,348,354,135,136,140,301,109,29,36,130,340,346,134,38
40: 387,152,157,380,379,151,7,35,129,339,373,147,153,381,163
41: 8,52,204,175,176,180,164,170,174
42: 46,64,189,190,196,230,165,186,43,191
43: 44,47,65,191,192,197,231,166,187,42,190
44: 43,48,66,191,192,193,198,232,167,188
45: 46,68,189,195,196,236,168,194,50,202
46: 9,42,45,69,190,195,196,237,169,47,197,51,203
47: 10,43,48,70,191,197,198,238,170,46,196,8,52,204
48: 11,44,47,49,71,192,197,198,199,239,171,53,205
49: 48,72,193,198,199,240,172,200,54,206
50: 51,55,73,202,203,209,243,173,201,45,195
51: 50,56,202,203,210,174,46,196,12,74,244,8,52,204
52: 8,53,57,204,205,211,41,175,47,197,1,51,13,203,75,245
53: 8,14,52,54,58,76,204,205,206,212,246,176,48,198
54: 53,59,77,205,206,213,247,177,207,49,199
55: 50,56,78,202,209,210,215,250,178,208
56: 15,51,55,60,79,203,209,210,216,251,179,57,211
57: 8,16,52,58,61,80,204,211,212,217,252,180,56,210
58: 17,53,57,59,62,81,205,211,212,213,218,253,181
59: 54,58,82,206,212,213,219,254,182,214
60: 56,84,210,215,216,258,183,220,61,217
61: 57,62,85,211,217,218,259,184,221,60,216
62: 58,61,86,212,217,218,219,260,185,222
63: 64,68,189,229,230,236,223,228,89,275
64: 9,42,63,69,190,229,230,237,224,90,276,65,231
65: 10,43,66,70,191,231,232,238,225,64,230,18,91,277
66: 11,44,65,67,71,192,231,232,233,239,226,278,92
67: 66,72,193,232,233,240,227,234,279,93
68: 9,45,63,69,195,229,236,237,235,73,243,282,94
69: 9,46,64,68,196,230,236,237,19,12,95,74,283,244,10,70,238
70: 10,11,47,65,71,197,231,238,239,9,69,237,1,13,75,245,2,20,96,284
71: 10,11,48,66,70,72,198,232,238,239,240,21,97,285,14,76,246
72: 11,49,67,71,199,233,239,240,241,77,247,286,98
73: 50,78,202,243,250,242,68,236,12,74,244,22,100,290
74: 9,69,237,12,244,1,15,51,73,13,79,203,243,75,251,245,3,23,101,291
75: 1,13,245,12,74,244,10,70,238,8,14,16,52,76,80,204,246,252,292,0,4,24,102
76: 14,17,53,77,81,205,246,247,253,11,71,239,1,13,75,245,5,25,103,293
77: 14,54,76,82,206,246,247,254,248,72,240,26,104,294
78: 15,55,73,79,83,209,243,250,251,257,249,106,298
79: 15,56,78,84,210,250,251,258,27,107,299,12,74,244,16,80,252
80: 16,17,57,81,85,211,252,253,259,1,15,13,79,75,251,245,6,28,108,300
81: 301,14,16,17,58,109,76,80,82,86,212,246,252,253,254,260,29
82: 17,59,77,81,87,213,247,253,254,261,255,110,302
83: 78,84,215,250,257,258,256,263,111,305
84: 15,60,79,83,216,251,257,258,264,85,259,112,306
85: 16,61,80,86,217,252,259,260,265,84,258,30,113,307
86: 17,62,81,85,87,218,253,259,260,261,266,114,308
87: 82,86,219,254,260,261,262,267,309,115
88: 225,272,271,268,270,319,18,91,277
89: 63,229,90,275,276,269,274,117,323,282,94
90: 64,230,19,95,283,89,275,276,270,118,324,18,91,277
91: 278,119,325,18,277,92,90,276,65,231,271,88,2,20,96,284
92: 326,120,278,18,91,277,66,232,272,279,21,97,93,285
93: 67,233,273,279,280,327,121,286,278,92,98
94: 122,330,282,22,100,290,68,236,19,95,283,89,275,281
95: 9,69,237,19,283,90,276,31,123,331,282,2,3,20,23,96,101,284,291,94
96: 292,2,20,284,0,4,24,102,32,124,332,19,95,283,10,70,238,21,97,285,18,91,277
97: 11,71,239,21,285,2,20,96,284,33,333,125,286,278,5,25,103,293,92,98
98: 126,286,334,72,240,279,21,97,287,93,285,26,104,294
99: 242,297,289,281,288,336,22,100,290
100: 282,127,337,3,23,101,291,22,290,94,73,243,289,99,106,298
101: 34,338,292,128,3,23,291,0,4,24,102,22,100,290,19,12,95,74,283,244,27,107,299
102: 292,7,35,129,339,2,3,20,23,96,101,284,291,0,4,24,1,13,75,245,5,25,103,293,6,28,108,300
103: 36,130,340,5,25,293,21,97,285,301,14,109,76,246,29,292,0,4,24,102,26,104,294
104: 26,294,110,302,77,105,247,295,341,286,131,5,25,103,293,98
105: 248,303,295,287,296,342,26,104,294
106: 344,132,298,78,250,297,27,107,111,305,299,22,100,290
107: 15,79,251,27,299,3,23,101,291,37,345,133,6,28,108,300,106,112,298,306
108: 346,134,38,6,28,300,27,107,299,301,16,109,80,252,29,292,0,4,24,102,30,113,307
109: 301,17,81,253,29,5,25,103,293,6,28,108,300,39,347,135,110,114,302,308
110: 348,136,26,104,294,302,301,109,82,254,303,309,115,29
111: 83,257,311,304,305,137,351,106,112,298,306
112: 138,352,306,84,258,27,312,107,111,305,299,30,113,307
113: 353,139,30,307,114,308,313,85,259,116,6,28,108,300,112,306
114: 354,140,30,113,307,308,301,109,86,260,314,309,115,29
115: 87,261,315,310,309,355,141,110,114,302,308
116: 313,265,314,312,316,359,30,113,307
117: 118,122,323,324,330,365,317,322,89,275
118: 31,117,123,142,323,324,331,366,318,90,276,119,325
119: 326,120,319,325,18,91,277,118,324,32,124,332,143,367
120: 33,320,326,333,327,121,368,125,144,278,119,325,92
121: 328,321,369,326,327,120,126,334,279,93
122: 31,117,123,145,323,330,331,371,329,282,127,337,94
123: 31,34,118,122,146,338,324,330,331,372,128,32,124,332,19,95,283
124: 31,123,331,7,35,129,339,2,20,96,284,32,332,373,33,333,125,147,119,325
125: 33,326,333,120,126,148,334,374,36,130,340,21,97,285,32,124,332
126: 335,33,333,327,121,125,149,341,286,334,131,375,98
127: 34,122,150,336,338,330,378,128,337,22,100,290,344,132
128: 31,34,379,123,151,338,331,127,337,7,35,129,339,3,23,101,291,37,345,133
129: 34,338,292,128,7,35,339,0,4,24,102,32,124,332,36,130,340,346,134,38,152,40,380
130: 33,333,125,341,131,153,381,36,340,5,25,103,293,7,35,129,339,39,347,135
131: 126,341,334,154,382,36,130,340,342,348,136,26,104,294
132: 37,343,344,385,345,133,137,351,155,106,298,127,337
133: 346,37,344,345,386,134,132,138,156,38,352,27,107,299,34,338,128
134: 346,37,345,133,38,6,28,108,300,7,35,129,339,387,39,353,347,157,135,139
135: 388,39,158,347,348,354,136,140,301,109,29,36,130,340,346,134,38
136: 349,39,347,348,355,389,159,135,141,110,302,341,131
137: 357,350,344,132,138,391,351,352,111,305
138: 392,358,37,345,133,137,351,160,352,112,306,353,139
139: 359,161,393,353,354,140,30,113,307,346,134,138,38,352
140: 360,39,162,353,347,394,354,355,135,139,141,114,308
141: 361,356,395,348,354,355,136,140,309,115
142: 399,362,118,146,324,365,366,372,143,367
143: 142,366,367,363,373,368,144,147,119,325
144: 364,369,326,120,368,148,374,143,367
145: 370,122,146,150,330,365,371,372,378
146: 31,379,123,142,145,151,331,366,371,372,373,147
147: 373,148,374,146,372,32,124,332,143,367,152,40,380
148: 373,33,333,368,125,144,147,149,375,374,153,381
149: 376,369,126,148,334,375,374,154,382
150: 379,145,151,371,378,127,337,377,385,155
151: 34,379,146,150,338,372,378,128,386,156,152,40,380
152: 387,157,40,380,379,151,7,35,129,339,373,147,153,381,163
153: 148,374,381,154,382,36,130,340,388,158,152,40,380
154: 149,341,131,375,153,381,382,383,389,159
155: 384,344,385,386,132,391,156,150,378
156: 392,37,385,345,386,133,155,160,379,151,387,157
157: 387,388,161,393,158,152,40,380,346,386,134,156,38
158: 387,388,39,162,347,394,389,157,159,135,153,381
159: 390,388,395,158,348,389,136,154,382
160: 396,392,386,138,391,156,352,161,393
161: 397,387,393,162,353,394,157,139,392,160
162: 398,388,161,393,395,158,394,354,140
163: 152,40,380
164: 41,175
165: 42,190,169,166
166: 43,191,167,170,165
167: 44,192,166,171
168: 45,195,169,173
169: 46,196,165,168,170,174
170: 47,197,166,171,169,41,175
171: 48,198,167,170,172,176
172: 49,199,171,177
173: 50,202,174,178,168
174: 51,203,173,179,169,41,175
175: 8,52,204,41,176,180,164,170,174
176: 53,205,41,175,177,181,171
177: 54,206,176,182,172
178: 55,209,173,179
179: 56,210,174,178,183,180
180: 57,211,41,175,181,184,179
181: 58,212,176,180,182,185
182: 59,213,177,181
183: 60,216,179,184
184: 61,217,180,185,183
185: 62,218,181,184
186: 42,190,224,187
187: 43,191,188,225,186
188: 44,192,187,226
189: 42,45,63,190,195,229
190: 42,46,64,189,196,230,165,186,43,191
191: 43,44,47,65,192,197,231,166,187,42,190
192: 43,44,48,66,191,193,198,232,167,188
193: 44,49,67,192,199,233
194: 45,195,235,201
195: 45,46,68,189,196,236,168,194,50,202
196: 9,42,45,46,69,190,195,237,169,47,197,51,203
197: 10,43,47,48,70,191,198,238,170,46,196,8,52,204
198: 11,44,47,48,49,71,192,197,199,239,171,53,205
199: 48,49,72,193,198,240,172,200,54,206
200: 49,199,241,207
201: 50,202,208,242,194
202: 50,51,55,73,203,209,243,173,201,45,195
203: 50,51,56,202,210,174,46,196,12,74,244,8,52,204
204: 8,52,53,57,205,211,41,175,47,197,1,51,13,203,75,245
205: 8,14,52,53,54,58,76,204,206,212,246,176,48,198
206: 53,54,59,77,205,213,247,177,207,49,199
207: 54,206,214,248,200
208: 55,209,201,249
209: 50,55,56,78,202,210,215,250,178,208
210: 15,51,55,56,60,79,203,209,216,251,179,57,211
211: 8,16,52,57,58,61,80,204,212,217,252,180,56,210
212: 17,53,57,58,59,62,81,205,211,213,218,253,181
213: 54,58,59,82,206,212,219,254,182,214
214: 59,213,207,255
215: 55,60,83,209,216,257
216: 56,60,84,210,215,258,183,220,61,217
217: 57,61,62,85,211,218,259,184,221,60,216
218: 58,61,62,86,212,217,219,260,185,222
219: 59,62,87,213,218,261
220: 60,216,264,221
221: 61,217,222,265,220
222: 62,218,221,266
223: 63,229,224,269
224: 64,230,186,223,270,225
225: 65,231,187,226,271,88,224
226: 66,232,188,225,227,272
227: 67,233,226,273
228: 63,229,235,274
229: 63,64,68,189,230,236,223,228,89,275
230: 9,42,63,64,69,190,229,237,224,90,276,65,231
231: 10,43,65,66,70,191,232,238,225,64,230,18,91,277
232: 11,44,65,66,67,71,192,231,233,239,226,278,92
233: 66,67,72,193,232,240,227,234,279,93
234: 67,233,241,280
235: 68,236,194,228,281,242
236: 9,45,63,68,69,195,229,237,235,73,243,282,94
237: 9,46,64,68,69,196,230,236,19,12,95,74,283,244,10,70,238
238: 10,11,47,65,70,71,197,231,239,9,69,237,1,13,75,245,2,20,96,284
239: 10,11,48,66,70,71,72,198,232,238,240,21,97,285,14,76,246
240: 11,49,67,71,72,199,233,239,241,77,247,286,98
241: 72,240,200,234,287,248
242: 73,243,201,249,289,99,235
243: 50,73,78,202,250,242,68,236,12,74,244,22,100,290
244: 9,69,237,12,74,1,15,51,73,13,79,203,243,75,251,245,3,23,101,291
245: 1,13,75,12,74,244,10,70,238,8,14,16,52,76,80,204,246,252,292,0,4,24,102
246: 14,17,53,76,77,81,205,247,253,11,71,239,1,13,75,245,5,25,103,293
247: 14,54,76,77,82,206,246,254,248,72,240,26,104,294
248: 77,105,247,207,255,295,241
249: 78,250,208,242,256,297
250: 15,55,73,78,79,83,209,243,251,257,249,106,298
251: 15,56,78,79,84,210,250,258,27,107,299,12,74,244,16,80,252
252: 16,17,57,80,81,85,211,253,259,1,15,13,79,75,251,245,6,28,108,300
253: 301,14,16,17,58,109,76,80,81,82,86,212,246,252,254,260,29
254: 17,59,77,81,82,87,213,247,253,261,255,110,302
255: 82,254,214,248,262,303
256: 83,257,249,304
257: 78,83,84,215,250,258,256,263,111,305
258: 15,60,79,83,84,216,251,257,264,85,259,112,306
259: 16,61,80,85,86,217,252,260,265,84,258,30,113,307
260: 17,62,81,85,86,87,218,253,259,261,266,114,308
261: 82,86,87,219,254,260,262,267,309,115
262: 87,261,255,310
263: 83,257,264,311
264: 84,258,220,263,312,265
265: 313,85,259,221,266,116,264
266: 86,260,222,265,267,314
267: 87,261,266,315
268: 271,88
269: 223,89,275,270,317
270: 224,90,276,269,271,88,318
271: 225,272,88,268,270,319,18,91,277
272: 226,273,271,88,320,278,92
273: 227,272,279,93,321
274: 228,89,275,281,322
275: 63,229,89,90,276,269,274,117,323,282,94
276: 64,230,19,95,283,89,90,275,270,118,324,18,91,277
277: 278,119,325,18,91,92,90,276,65,231,271,88,2,20,96,284
278: 326,120,18,91,277,92,66,232,272,279,21,97,93,285
279: 67,233,273,280,93,327,121,286,278,92,98
280: 234,279,287,93,328
281: 235,274,289,99,329,282,94
282: 122,330,22,100,290,94,68,236,19,95,283,89,275,281
283: 9,69,237,19,95,90,276,31,123,331,282,2,3,20,23,96,101,284,291,94
284: 292,2,20,96,0,4,24,102,32,124,332,19,95,283,10,70,238,21,97,285,18,91,277
285: 11,71,239,21,97,2,20,96,284,33,333,125,286,278,5,25,103,293,92,98
286: 126,334,98,72,240,279,21,97,287,93,285,26,104,294
287: 241,280,105,295,335,286,98
288: 289,99
289: 242,297,99,281,288,336,22,100,290
290: 282,127,337,3,23,101,291,22,100,94,73,243,289,99,106,298
291: 34,338,292,128,3,23,101,0,4,24,102,22,100,290,19,12,95,74,283,244,27,107,299
292: 7,35,129,339,2,3,20,23,96,101,284,291,0,4,24,102,1,13,75,245,5,25,103,293,6,28,108,300
293: 36,130,340,5,25,103,21,97,285,301,14,109,76,246,29,292,0,4,24,102,26,104,294
294: 26,104,110,302,77,105,247,295,341,286,131,5,25,103,293,98
295: 105,248,303,287,296,342,26,104,294
296: 105,295
297: 249,304,289,99,343,106,298
298: 344,132,106,78,250,297,27,107,111,305,299,22,100,290
299: 15,79,251,27,107,3,23,101,291,37,345,133,6,28,108,300,106,112,298,306
300: 346,134,38,6,28,108,27,107,299,301,16,109,80,252,29,292,0,4,24,102,30,113,307
301: 17,109,81,253,29,5,25,103,293,6,28,108,300,39,347,135,110,114,302,308
302: 348,136,26,104,294,110,301,109,82,254,303,309,115,29
303: 105,255,310,295,349,110,302
304: 256,297,111,305,350
305: 83,257,311,304,111,137,351,106,112,298,306
306: 138,352,112,84,258,27,312,107,111,305,299,30,113,307
307: 353,139,30,113,114,308,313,85,259,116,6,28,108,300,112,306
308: 354,140,30,113,307,114,301,109,86,260,314,309,115,29
309: 87,261,315,310,115,355,141,110,114,302,308
310: 262,303,309,115,356
311: 263,312,111,305,357
312: 264,311,313,116,358,112,306
313: 265,314,116,312,316,359,30,113,307
314: 313,266,315,116,360,114,308
315: 267,314,309,115,361
316: 313,116
317: 117,323,318,269
318: 362,118,324,317,270,319
319: 363,320,119,325,271,88,318
320: 364,321,326,120,319,272
321: 320,327,121,273
322: 117,323,329,274
323: 117,118,122,324,330,365,317,322,89,275
324: 31,117,118,123,142,323,331,366,318,90,276,119,325
325: 326,120,319,119,18,91,277,118,324,32,124,332,143,367
326: 33,320,333,327,120,121,368,125,144,278,119,325,92
327: 328,321,369,326,120,121,126,334,279,93
328: 335,327,121,280
329: 370,122,336,330,322,281
330: 31,117,122,123,145,323,331,371,329,282,127,337,94
331: 31,34,118,122,123,146,338,324,330,372,128,32,124,332,19,95,283
332: 31,123,331,7,35,129,339,2,20,96,284,32,124,373,33,333,125,147,119,325
333: 33,326,120,125,126,148,334,374,36,130,340,21,97,285,32,124,332
334: 335,33,333,327,121,125,126,149,341,286,131,375,98
335: 376,328,126,334,287,342
336: 329,127,337,377,289,99,343
337: 34,122,150,336,338,330,378,128,127,22,100,290,344,132
338: 31,34,379,123,151,331,128,127,337,7,35,129,339,3,23,101,291,37,345,133
339: 34,338,292,128,7,35,129,0,4,24,102,32,124,332,36,130,340,346,134,38,152,40,380
340: 33,333,125,341,131,153,381,36,130,5,25,103,293,7,35,129,339,39,347,135
341: 126,334,131,154,382,36,130,340,342,348,136,26,104,294
342: 383,349,105,295,335,341,131
343: 384,350,344,132,297,336
344: 37,343,385,345,132,133,137,351,155,106,298,127,337
345: 346,37,344,386,134,132,133,138,156,38,352,27,107,299,34,338,128
346: 37,345,134,133,38,6,28,108,300,7,35,129,339,387,39,353,347,157,135,139
347: 388,39,158,348,354,135,136,140,301,109,29,36,130,340,346,134,38
348: 349,39,347,355,389,159,135,136,141,110,302,341,131
349: 390,356,342,348,136,303
350: 343,137,351,304
351: 357,350,344,132,137,138,391,352,111,305
352: 392,358,37,345,133,137,138,351,160,112,306,353,139
353: 359,161,393,354,139,140,30,113,307,346,134,138,38,352
354: 360,39,162,353,347,394,355,135,139,140,141,114,308
355: 361,356,395,348,354,136,140,141,309,115
356: 349,355,141,310
357: 358,137,351,311
358: 396,357,138,352,312,359
359: 397,360,353,139,313,116,358
360: 398,361,359,354,140,314
361: 360,355,141,315
362: 142,366,318,363
363: 364,319,362,143,367
364: 363,320,368,144
365: 117,142,145,323,366,371
366: 399,362,118,142,146,324,365,372,143,367
367: 142,366,143,363,373,368,144,147,119,325
368: 364,369,326,120,144,148,374,143,367
369: 327,121,368,144,149,375
370: 145,371,329,377
371: 370,122,145,146,150,330,365,372,378
372: 31,379,123,142,145,146,151,331,366,371,373,147
373: 147,148,374,146,372,32,124,332,143,367,152,40,380
374: 373,33,333,368,125,144,147,148,149,375,153,381
375: 376,369,126,148,149,334,374,154,382
376: 335,149,375,383
377: 370,150,336,378,384
378: 379,145,150,151,371,127,337,377,385,155
379: 34,146,150,151,338,372,378,128,386,156,152,40,380
380: 387,152,157,40,379,151,7,35,129,339,373,147,153,381,163
381: 148,374,153,154,382,36,130,340,388,158,152,40,380
382: 149,341,131,375,153,381,154,383,389,159
383: 390,342,376,154,382
384: 343,385,155,377
385: 384,344,386,132,391,155,156,150,378
386: 392,37,385,345,133,155,156,160,379,151,387,157
387: 388,161,393,158,152,157,40,380,346,386,134,156,38
388: 387,39,158,162,347,394,389,157,159,135,153,381
389: 390,388,395,158,348,159,136,154,382
390: 383,349,389,159
391: 392,385,137,351,155,160
392: 396,386,138,391,156,160,352,161,393
393: 397,387,161,162,353,394,157,139,392,160
394: 398,388,161,393,395,158,162,354,140
395: 162,394,355,389,159,141
396: 392,358,160,397
397: 398,359,161,393,396
398: 397,360,162,394
399: 142,366