0: 1,12,95,786,13,466,245,4,283,551,493,651,20
1: 95,695,760,237,746,786,0,238,667,466,830,245
2: 777,283,551,324,70,627,499,90,539,32
3: 15,515,74,526,708,435,290,291,720,817,681,510
4: 493,0,13,245,443,5,20,24,634
5: 582,584,804,293,245,443,4,24,514,634,434,25
6: 711,628,109,737,641,638,299,81,664,308,116,108,30
7: 292,642,332,331,493,20,744,752,128
8: 170,586,198,41,599,742,723,724,470,197,787,47,623
9: 12,517,95,768,739,720,522,619,547,501,19,651
10: 637,66,92,762,636,627,97,459,696,757,692,581,285
11: 679,48,597,636,98,53,740,541,686,54,72,576,833
12: 9,95,291,720,786,0,13,619,74,651
13: 12,291,786,0,245,553,515,74,443,734,4,493,651,101
14: 502,213,212,171,496,672,463,206,541,706,17,545,513,253
15: 483,553,703,3,515,79,251,252,74,210,107,526,708,435,27
16: 75,429,628,60,57,211,591,61,80,528,81,618
17: 706,571,429,545,684,560,213,212,58,591,14,593,824,253
18: 537,503,704,811,697,268,821
19: 122,722,283,324,651,547,9,517,768,522,719,689,633
20: 24,33,744,581,514,32,752,0,466,4,7,777,551,493
21: 692,339,527,514,488,447,104,293,97,126,434,588
22: 676,700,78,497,681,242,464,431,747,826
23: 27,652,345,352,577,505,635,625,106,461,678,112
24: 20,744,339,514,5,4,634,715,434,25
25: 565,789,434,699,347,35,340,793,5,24,339,715
26: 294,710,729,552,535,815,716,511,588,302
27: 37,23,577,510,505,483,15,703,635,515,435,625
28: 699,108,394,301,795,477,354,589,139,30
29: 571,430,711,109,582,560,592,552,641,638,135,302
30: 114,589,822,6,109,638,308,116,28,108,301
31: 620,122,621,788,657,713,118,735,418
32: 20,648,33,773,581,752,285,539,612,777,2
33: 20,692,648,744,773,339,333,581,514,32,752,130,285,447
34: 380,373,662,616,670,642,331,646,151,807,40
35: 565,347,129,766,25,340,339,527,130,153,471,39
36: 341,615,758,125,816,334,374,154,447,765,131,376
37: 438,27,634,345,128,133,577,505,553,515,102,101
38: 565,347,394,795,688,423,139,353,471,685,419,825,668,450
39: 388,471,827,154,130,35,766,153,472,546
40: 542,151,642,688,346,565,129,373,34,616,153,827
41: 170,586,8,742,723,470,406,426,653,787,408
42: 165,46,197,518,787,613,520,797,555
43: 613,167,191,601,187,660
44: 665,192,750
45: 448,663,168,173,195
46: 165,168,195,732,518,42,190,411,482,782,520,69
47: 470,8,599,237,746,51,555,774,623
48: 679,11,774,623,53,667,232,198,686,54,724
49: 534,77,834,733,425,686,445,240,72
50: 427,178,201,630,173,661,771,202
51: 695,609,237,470,196,47,599,723,556,71,745,540
52: 674,781,179,437,556,408,723,176,205,610,831,580
53: 11,48,71,774,740,541,830,599,54,76,545
54: 172,586,198,686,445,496,171,11,48,53,541
55: 210,107,526,708,427,771,203,215,56,691
56: 183,179,203,60,215,673,702,55,210,107,631,814
57: 211,610,591,824,179,580,80,75,429,16,684
58: 185,181,213,212,532,603,591,62,593,824,182,17
59: 206,753,182,214,513
60: 183,179,56,211,217,702,61,80,631,16,528,509,814
61: 718,222,221,60,211,217,16,528,509,85,618
62: 185,58,532,591,593,671,718,409,618
63: 566,274,275,223,229,68,189,799
64: 749,224,231,567,675,677,96,705,186,520,416,555,65,785
65: 760,746,70,416,555,785,231,64,96,705,422,238,570
66: 679,10,92,643,636,98,226,278,459,67,93
67: 233,279,595,442,759,227,226,278,66,480,93
68: 228,479,189,547,501,274,63,754,229,517,739
69: 797,739,416,619,520,46,195,244,604,749,236,189,501
70: 95,768,760,65,785,96,422,238,627,90,283,2,551
71: 774,53,830,245,599,695,51,745,204,584
72: 240,480,576,686,49,77,759,679,11,98
73: 676,681,691,630,464,243,826,476,526
74: 15,553,3,515,252,734,540,526,12,609,291,720,786,13
75: 571,204,429,16,628,684,584,641,57,580,745,79,252,80,300
76: 571,204,246,582,584,804,53,293,740,541,830
77: 199,500,672,49,445,496,240,72,576,561,833
78: 249,208,676,700,614,22,420,497,681,691,802
79: 15,553,703,251,252,80,300,210,631,299,823,75,628
80: 580,79,210,631,179,60,57,211,75,16,628,528
81: 266,86,473,85,618,664,308,260,6,429,16,711,628,528
82: 255,659,513,644,772,815,803,253,239,706,430,246
83: 263,727,806,682,452
84: 452,575,578,791,311
85: 266,81,454,473,618,664,222,61,221,528,265
86: 267,266,81,618,260,730,593,671,219,639
87: 261,262,315,592,254,712,694,730,309,115
88: 225,272,277,629,698,704,697
89: 322,440,330,460,583,689,633,479,94,547,117
90: 499,504,719,270,230,277,96,768,70,785,2
91: 696,273,537,320,119,451,503,120,539,811,757,285
92: 637,10,66,278,800,93,696,488,519
93: 241,480,278,233,67,800,637,66,92,98
94: 281,544,479,547,747,290,522,89,453,460,801
95: 9,1,12,768,760,786,70,0,785,283,651
96: 270,224,230,64,277,677,705,70,65,785,90
97: 637,10,762,636,293,466,692,581,21,514
98: 679,11,637,66,636,241,480,72,576,93
99: 700,298,817,405,288,747,290,453,801,336,598,608,683
100: 336,377,608,461,337,453,127,498,132,577,510
101: 292,127,722,493,651,291,522,13,515,37,128,577,510
102: 553,703,300,443,299,737,438,37,634,505,108
103: 295,247,286,239,104,815,716,511
104: 637,597,293,286,239,103,246,552,815,21,488,126,511,434,588
105: 310,808,303
106: 350,625,693,461,23,352,111,764,137,487,678
107: 483,15,55,251,210,631,708,215,56,250,441,806,417,814
108: 789,699,28,299,102,6,737,438,423,731,505,521,477,30
109: 6,29,711,737,641,638,135,699,30
110: 600,776,822,694,315,301,309,141
111: 506,764,257,263,727,680,625,693,106,487
112: 306,113,487,521,678,635,305,23,652,731,505
113: 358,396,707,306,489,413,669,678,112,477,652,160,731,474
114: 359,589,632,439,30,822,444,770,308,717,116
115: 587,361,690,356,141,712,87,315,309,751
116: 473,664,308,717,6,494,529,307,669,521,114,30
117: 562,323,274,754,89,322,689
118: 657,713,468,481,124,812,820,31,484,366,735
119: 320,368,91,451,478,120,539,612,648,773,326,144,285,495,367
120: 321,320,368,119,91,645,792,780,326,495
121: 548,328,617,775,645,278,279,512,800,696,273,519
122: 31,123,19,324,621,788,323,657,719,330,689,633
123: 292,670,620,122,722,332,446,324,331,788
124: 657,118,481,820,612,486,788
125: 433,519,126,428,615,758,36,816,645,488,495,447
126: 412,428,511,125,816,104,286,21,488,588,348
127: 292,670,722,446,101,100,498,128,133,577,510
128: 438,37,634,715,133,346,292,127,642,7,493,101
129: 565,35,642,744,130,715,373,153,40,827
130: 648,33,339,374,333,527,154,447,35,129,153,546,39
131: 554,149,376,154,341,758,36,383,472,765,382,525
132: 701,338,498,133,352,577,344,100,377,461,818,385
133: 701,338,37,498,345,666,128,132,346,577,127,670,642,151
134: 392,436,647,386,465,393
135: 434,699,588,340,793,302,29,109,582,552,729
136: 309,710,564,557,751,729,602,302,356,141
137: 624,138,784,828,106,352,678,391
138: 351,624,605,137,357,358,707,678,563
139: 354,736,397,589,38,28,394,795,489,413,477,353,419,825,668,161
140: 354,736,397,600,507,439,776,585,490,398,574
141: 115,355,361,356,490,315,309,557,751,136,600,776,585,110
142: 399,536,735,372,481,486,363,407,596,367,143
143: 152,147,741,725,596,536,524,142
144: 648,773,374,326,333,368,119,478,743,369,148,367,725
145: 370,330,337,670,620,446,621,498,568,721,421,761
146: 399,380,492,508,524,421,662,150,379
147: 590,152,153,143,741,725,755,373,524,662,616
148: 369,546,741,725,374,144
149: 573,131,375,381,472,813,382
150: 568,371,146,421,379
151: 646,156,542,386,807,40,642,701,688,338,666,133,346,34
152: 590,147,143,741,524,616
153: 590,147,546,755,333,130,35,129,373,616,40,39,827
154: 374,527,130,447,341,36,472,765,546,131,39,525
155: 414,818,491,156,379,378,385,829
156: 646,491,436,379,386,378,151,807,626,385,701,338,155
157: 387,388,465,685,530,827,616,590,163,542
158: 387,162,388,432,159,685,419,668,450,395,404,569
159: 388,158,432,450,395,766,390,404,525
160: 652,666,423,707,113,489,392,386,626,353,656,474
161: 769,489,413,139,392,825,523,474
162: 387,158,465,685,419,819,569,393
163: 646,647,542,616,157,465
164: 175,174,437,406,653,408
165: 46,197,426,732,42,166,787,190,613,482,601
166: 165,426,750,601,170
167: 191,750,601,457,43,192,724
168: 169,173,46,195,732,518,45
169: 168,173,426,732,518,653,661
170: 8,41,742,724,750,601,197,426,166,787
171: 176,181,205,502,212,177,14,824,172,586,54,496,463,545
172: 586,445,54,665,463,177,650,171
173: 169,168,195,196,518,661,244,45,663,630,50,202,476
174: 437,455,164,661,178
175: 781,164,831
176: 181,205,177,171,831,586,723,52
177: 176,181,502,650,171,172,586
178: 50,209,661,771,174,455
179: 674,183,60,52,180,56,57,211,610,580,80
180: 674,781,183,179,184,767,211,610,748,402
181: 176,767,185,502,212,177,58,603,610,824,171,831
182: 59,206,218,753,502,213,58,532,603
183: 674,179,60,180,56,211,217,702,748
184: 781,180,767,687,748,402
185: 767,181,211,58,532,603,610,591,62,718,409,402
186: 190,411,613,520,64,567,660,675
187: 191,457,43,660,188,655
188: 226,193,558,655,187,457
189: 228,236,68,501,566,63,223,604,749,229,69,739
190: 411,613,482,186,520,165,46
191: 167,601,187,457,43,613,197,724,231,660,555,623,232,570
192: 198,44,686,665,724,167,750,733
193: 226,796,188,558,442,759
194: 228,235,242,464,544,572
195: 168,173,46,518,244,782,448,45,663,236,69
196: 173,470,518,661,244,202,556,476,609,51,540
197: 165,42,787,613,191,601,170,8,724,555,623
198: 586,8,686,54,742,665,192,724,48
199: 500,672,77,200,561,207
200: 458,561,207,199
201: 663,572,630,50,464,676
202: 771,203,630,173,196,661,50,476,540
203: 674,771,202,455,556,56,55,580,210,540
204: 75,571,76,545,684,584,599,205,71,745
205: 176,610,824,171,599,723,52,745,204,545,684
206: 59,753,182,672,463,502,213,14,513
207: 200,561,199,672,248,644,738,763
208: 256,614,78,250,691,802,682
209: 427,178,771,455,215
210: 15,55,580,79,251,252,80,107,631,540,526,203,56
211: 185,57,610,591,183,179,60,180,217,718,61,402,80,16,618
212: 181,502,213,58,14,824,171,17,545
213: 502,212,58,14,593,206,218,753,182,17,253
214: 255,659,449,513,738,253,59,753
215: 771,56,427,209,673,441,55,107
216: 531,673,702,220,258
217: 531,702,748,183,60,211,61,402,509
218: 753,182,213,532,593,671,449,253,639
219: 560,592,593,449,253,86,730,261,639
220: 259,452,594,575,509,258,814,216,702
221: 649,222,61,531,265,594,509,454,85
222: 718,649,61,221,85,618
223: 63,275,604,783,567,229,677,189
224: 270,64,277,516,629,675,677,96,705,698
225: 88,422,459,558,655,272,271,277,705,698
226: 188,278,459,193,558,272,442,67,227,66
227: 279,442,67,226,278
228: 194,235,236,68,544,479,189,501,799
229: 749,230,677,63,754,275,223,68,189,517,739
230: 270,229,677,96,754,517,768,739,785,276,719,90
231: 64,660,705,613,191,655,555,65,570
232: 679,48,623,643,570,191,457,686,724,796,558
233: 279,512,595,67,800,234,480,714,93
234: 241,458,480,533,714,709,233,512
235: 228,194,281,415,431,544,479,747,799
236: 228,464,544,243,189,501,448,663,195,69,619
237: 1,695,609,797,760,746,786,51,555,47
238: 762,643,667,627,570,422,1,760,746,70,65
239: 247,576,103,833,104,597,541,246,82,644,815
240: 458,480,72,714,425,49,77,834,595
241: 234,247,286,458,480,533,576,93,709,637,98
242: 194,464,431,572,676,22,497
243: 236,464,544,501,826,663,630,476,720,619,73,526
244: 173,195,196,518,476,69,797,619
245: 71,804,466,830,1,695,786,0,13,443,734,5,584,4
246: 706,571,430,76,582,552,104,597,293,541,239,82,815
247: 295,241,286,458,533,576,561,239,103,248,644
248: 456,255,644,772,763,295,247,207
249: 256,700,614,298,78,420,304,405,802
250: 208,420,441,691,802,107,708,682
251: 483,15,703,635,79,210,107,631,823,403,259,417,814
252: 15,553,580,745,79,74,210,734,540,75
253: 214,659,82,449,513,213,14,593,218,753,706,219,17,430,560
254: 659,535,303,712,772,803,261,87,262
255: 214,248,659,82,513,644,738,772
256: 249,208,614,304,802,467,727,682
257: 298,420,304,802,483,727,680,625,693,111
258: 220,452,814,216,673,702,441,806
259: 403,528,220,265,494,452,575,529,509,814,251,631,823
260: 267,266,81,86,469,308,694,730,711,592,638,822
261: 87,262,639,219,254,449,730
262: 261,87,254,712
263: 83,727,680,791,506,111,611
264: 594,575,578
265: 259,528,594,575,529,509,221,454,85
266: 314,267,770,81,86,469,473,462,85,308,260
267: 266,86,469,809,260,730,639
268: 499,475,778,821,629,18,704
269: 276,756
270: 224,230,277,516,629,756,677,96,276,504,90
271: 225,422,459,272,277,627,499,503,704,539,811,757
272: 225,226,88,459,271,273,503,704,697
273: 696,537,91,503,757,278,272,548,121,617
274: 63,754,275,798,68,479,117
275: 274,63,754,223,229,756,677,276
276: 317,504,719,269,754,275,270,230,756
277: 270,224,629,96,705,698,225,88,422,271,499,90,704
278: 226,279,67,800,227,66,92,93,696,273,121
279: 233,512,67,800,227,278,121,617
280: 335,287,433,519,428,622,512,709,328
281: 235,288,415,479,94,747,282,440,460,801
282: 329,460,583,801,281
283: 777,2,19,551,324,651,95,768,70,0
284: 657,499,504,475,812,820,821,325
285: 692,648,33,581,32,495,10,627,696,119,91,539,757
286: 295,241,247,533,709,103,104,637,488,287,126,428,511
287: 335,296,280,412,428,543,805,295,286,533,709
288: 281,431,747,700,405,99,801,598
289: 790
290: 94,747,826,720,522,817,99,3,453,510
291: 12,720,522,13,3,515,74,651,101,510
292: 127,670,642,7,123,722,331,493,651,101,128
293: 104,637,597,804,740,97,5,76,246,582,552,21,514,434
294: 342,559,349,710,564,348,26,779,729,808,716,511,805,588
295: 247,286,533,103,456,248,716,287,511,543,805
296: 335,287,412,543,805,559
297: 350,693,683,298,304,405,549
298: 249,257,420,304,817,405,99,350,625,297,693,608,461,683
299: 703,79,300,102,823,6,628,737,505,108,521
300: 553,79,443,734,299,102,75,628,737,584,641
301: 699,28,394,602,793,638,354,776,585,110,30,822
302: 135,29,592,552,535,803,309,710,26,136,729
303: 456,254,535,772,716,310,105,808
304: 256,249,298,257,802,727,297,693
305: 403,680,494,791,635,306,487,307,521,112,832
306: 358,313,113,487,307,669,521,678,112,832,305
307: 313,312,306,311,669,521,832,494,529,305,791,717,116
308: 770,266,81,473,664,260,116,6,711,638,114,30,822
309: 710,751,136,592,712,694,87,315,302,110,115,141
310: 105,710,564,751,808,535,303,712,690
311: 357,313,312,611,307,832,84,578,791
312: 313,311,307,578,316,717,632
313: 358,312,306,311,606,307,538,669,832,359,632
314: 770,266,454,473,462,316,717
315: 87,469,694,309,600,110,822,444,115,587,361,141
316: 314,717,578,312,632
317: 318,276,657,713,468,504,812,562,323
318: 317,468,504,475,812
319: 362,778,325,484
320: 321,537,368,119,91,451,478,120,364
321: 537,320,120,548,792
322: 89,583,658,562,117,323
323: 562,117,317,657,713,719,322,689,122,621
324: 122,123,777,283,2,332,19,657,719
325: 451,478,612,319,284,481,820,821,484,485
326: 648,334,374,144,495,368,119,120,780,369
327: 548,328,775,645,792,780,433,728
328: 121,327,775,512,280,433,519,622
329: 370,282,337,460,583,790,336
330: 89,370,337,460,583,658,145,633,122,446,621
331: 292,670,620,642,7,123,332,486,788,752,373,662,34,372,755
332: 7,123,777,324,331,486,788,752
333: 648,33,773,374,144,752,130,153,546,725,755
334: 374,326,780,728,36,369,765,376
335: 296,280,287,433,412,428,615,622,758
336: 343,790,100,377,608,683,99,329,337,453
337: 329,370,330,453,460,145,446,336,100,377,498
338: 701,498,132,133,670,156,378,151,807
339: 24,33,744,527,21,514,130,447,434,35,25,340
340: 135,434,588,389,347,35,25,602,793,339,527,729
341: 758,36,816,527,154,342,383,348,131,525
342: 559,349,383,294,550,348,779,341,412,758,805
343: 350,790,336,384,344,640,377,683
344: 350,343,784,384,828,640,461,132,352,818
345: 438,37,23,652,666,133,346,577,423,731,505
346: 688,438,715,345,666,128,133,423,642,565,789,151,40
347: 565,38,389,394,35,395,766,25,602,340,793,795,471,450
348: 342,294,779,729,527,341,126,511,758,816,588,389
349: 342,559,294,550,564,808
350: 297,343,784,693,344,106,461,683,298,549
351: 506,605,764,138
352: 23,652,132,344,828,106,461,137,678,626,391
353: 392,386,688,666,160,423,38,489,139,825
354: 736,140,397,589,139,439,776,585,28,394,301
355: 356,141,490,557,585,574
356: 115,355,141,564,557,751,136
357: 358,611,311,606,832,605,138
358: 357,313,396,707,306,113,606,678,138,474,563
359: 360,114,397,589,632,439,313,410,413,538,669
360: 359,397,632,507,439,410,538
361: 115,587,141,490,315,600
362: 319,475,812,820,484
363: 407,484,481,485,596,536,142
364: 485,743,320,368,478
365: 713,468,658,366,607
366: 407,365,713,468,118,607,735,418
367: 725,755,481,119,478,612,486,773,144,485,596,142
368: 320,119,478,120,792,780,326,144,364,743,424,369
369: 148,726,368,334,374,326,144,743,424
370: 329,330,337,583,658,145,568,579,654
371: 150,579,607,721,492,508
372: 399,492,662,142,735,418,620,331,486,788
373: 662,34,616,642,331,129,147,153,755,40
374: 648,334,326,333,154,144,130,447,36,369,148,765,546
375: 573,149,376,381,765,726
376: 131,375,334,728,615,36,765
377: 343,336,384,100,337,498,132,761
378: 156,379,807,385,338,155,761
379: 646,491,156,378,807,829,150,146,421,155
380: 146,524,662,34,616,646
381: 472,765,546,573,149,375,530
382: 525,383,554,149,131,813
383: 342,390,550,779,341,758,554,131,382,525
384: 343,344,640,377,654,818,761
385: 156,378,626,391,701,132,414,155,818
386: 156,392,134,436,542,151,626,353,688,666,160,656
387: 162,388,158,157,465,432,685,819
388: 387,158,157,432,159,471,813,685,39,450,530,766,472,525
389: 347,395,766,602,340,527,390,348,779,729,525
390: 383,779,389,395,159,404,525
391: 626,385,828,352,624,137,707,414,401,794,656
392: 134,386,353,160,489,825,523,656,474,161,393
393: 569,392,134,162,465,419,825,523
394: 38,28,347,301,395,602,795,354,736,139,585,668,450
395: 389,347,394,766,602,390,557,585,158,159,450,404
396: 358,113,410,606,413,474
397: 354,736,360,359,140,589,139,439,410,413,769
398: 569,769,574,736,140,668
399: 536,146,492,508,524,662,142,372,407
401: 414,818,784,828,640,624,391
402: 718,409,184,180,767,185,211,687,217,748
403: 259,680,494,452,305,417,791,635,251,823
404: 395,390,158,432,159
405: 249,700,298,99,288,297,598,683
406: 426,653,408,41,164
407: 363,366,399,536,492,508,142,735,418
408: 406,653,41,723,437,52,164,831
409: 718,402,185,532,603,62
410: 396,413,538,360,359,397
411: 190,186,782,520,46,604,567
412: 335,296,287,126,428,758,805,342
413: 396,113,489,410,669,477,359,397,589,139,474,161
414: 401,155,794,818,385,391
415: 281,235,479,799,798,440,810
416: 69,797,739,760,619,555,65,785,520,749,64
417: 403,680,452,483,251,107,806,682
418: 492,735,372,31,620,621,407,366,607,721
419: 162,158,465,685,825,668,38,139,569,393
420: 249,298,78,250,257,817,681,802,483,708,435
421: 146,492,662,145,670,620,150,568,721,379,807
422: 225,459,558,271,277,705,70,65,238,643,627,570
423: 688,438,652,345,666,346,160,731,565,789,38,108,795,477,353
424: 368,792,780,369
425: 733,49,834,595,442,759,240
426: 165,169,470,406,732,518,166,653,787,170,41
427: 50,209,771,215,691,55
428: 335,280,287,433,519,126,412,125,286,709,488
429: 75,17,571,16,711,628,684,560,641,57,591,593,81,618
430: 29,706,246,582,560,592,552,82,815,803,253
431: 235,242,288,747,700,22,497
432: 387,388,158,159,813,404
433: 335,280,519,728,428,615,622,125,328,327,645
434: 135,588,25,340,104,293,5,582,552,24,339,21,514
435: 483,15,3,515,708,420,817,625,27,510
436: 491,156,134,647,386,626,656
437: 674,781,174,455,52,556,164,653,661,408
438: 37,634,345,128,346,423,505,102,789,108
439: 354,360,359,140,114,397,589,600,507,776
440: 89,810,798,281,415,479
441: 250,215,673,107,806,682,258
442: 595,67,759,227,425,226,193
443: 553,300,734,102,13,245,5,584,4,634
444: 114,600,822,770,469,315
445: 172,686,54,665,496,500,534,49,463,77
446: 127,670,123,722,330,337,145,633,498
447: 692,648,33,339,374,527,21,154,488,130,495,36,125,816
448: 45,663,572,195,236
449: 214,659,253,218,753,219,261,639
450: 388,158,159,471,685,668,38,347,394,395,766
451: 320,119,91,478,325,539,811,612
452: 403,259,220,84,575,417,258,83,806
453: 337,460,801,94,290,522,817,99,336,100,608,510
454: 314,473,462,85,221,265,594,529,578
455: 674,771,203,174,437,661,209,178
456: 248,303,772,716,295,543
457: 167,191,187,796,188,558,232
458: 200,241,234,247,240,480,533,576,561,714
459: 225,226,422,558,272,271,10,66,762,643,627,757
460: 329,89,282,330,337,453,583,801,633,281,94
461: 350,625,344,100,106,608,298,23,132,352,577
462: 314,770,266,454
463: 500,672,172,445,496,502,650,14,171,206
464: 194,242,236,544,243,826,663,201,572,630,676,22,73
465: 387,162,157,685,419,819,163,134,542,393
466: 762,804,667,97,830,245,1,0,551,20,581,514
467: 727,256
468: 318,317,713,118,812,365,366
469: 267,770,266,260,315,444
470: 196,426,518,653,787,47,8,41,599,723,51
471: 388,685,39,450,827,565,38,347,35,766
472: 381,765,546,154,149,131,388,813,39,530,525
473: 314,770,266,81,454,85,664,308,717,116,529
474: 523,656,160,358,396,707,113,489,413,392,161
475: 362,318,284,268,504,778,812
476: 609,619,630,173,196,244,202,243,73,540,526
477: 113,489,413,669,423,731,28,108,795,589,139
478: 320,368,119,451,325,612,144,485,364,367
479: 228,281,235,68,415,544,94,547,501,799,274,89,440
480: 241,234,240,458,72,576,714,93,233,595,67,759,98
481: 118,124,820,325,612,486,363,484,485,142,735,367
482: 190,165,46,732
483: 15,703,635,251,107,708,435,257,420,680,417,625,27
484: 363,362,319,118,481,820,325,485
485: 364,596,481,478,325,363,484,367
486: 332,331,788,481,124,612,773,752,142,735,372,367,755
487: 306,611,678,112,832,635,680,305,791,106,111,605
488: 692,21,495,447,104,637,92,286,519,126,428,125
489: 113,413,477,160,139,392,353,825,474,161
490: 355,361,141,140,600,507
491: 646,156,436,647,379,829,155
492: 399,146,508,421,662,372,418,620,407,371,721
493: 292,4,7,651,101,0,13,20,634,128
494: 403,259,529,305,823,664,116,307,521
495: 692,648,326,488,285,447,696,119,120,645,780,519,125
496: 445,54,672,463,77,14,171,541,833
497: 676,700,614,78,22,242,431
498: 338,132,133,337,145,127,670,446,100,377,761
499: 284,268,504,90,821,277,271,704,539,811,2
500: 199,534,672,463,77,445
501: 228,236,68,544,479,243,189,547,9,69,739,720,619
502: 181,213,212,177,603,650,14,171,463,206,182
503: 18,273,537,91,704,811,697,272,271
504: 318,317,276,657,284,499,475,719,90,812,270
505: 438,27,37,23,345,731,703,635,299,102,108,521,112
506: 351,111,605,764,263,611
507: 360,140,600,439,490
508: 399,146,492,407,371
509: 259,528,220,265,594,814,60,217,531,702,61,221
510: 27,577,290,291,522,817,3,515,435,453,127,101,100,608
511: 126,805,104,295,286,103,552,716,588,294,348,26
512: 233,279,800,234,709,328,121,280,519
513: 214,255,659,82,644,738,253,672,14,59,206,753
514: 20,692,24,33,339,581,21,804,293,97,466,5,434
515: 15,553,703,3,74,435,291,13,101,27,37,510
516: 270,224,629,756
517: 9,768,739,754,230,229,68,547,719,689,19
518: 169,168,173,470,46,195,196,426,732,42,653,244,787,797
519: 280,433,428,125,512,800,92,709,696,328,121,645,488,495
520: 190,411,613,186,46,42,749,64,567,69,797,416,555
521: 306,307,669,112,635,299,494,305,116,731,505,108
522: 9,291,720,94,547,290,453,633,722,19,651,101,510
523: 474,392,161,393
524: 399,536,380,146,662,152,147,143
525: 382,527,154,341,389,766,383,390,779,472,131,388,159
526: 15,55,3,74,210,540,708,243,476,681,691,73
527: 339,21,154,130,447,341,816,588,389,35,340,348,525
528: 259,265,529,509,60,61,80,631,16,628,81,85,664
529: 259,528,265,494,575,578,454,473,664,717,116,307
530: 388,157,813,381,590,472,546
531: 217,216,702,221,594,509
532: 185,58,603,62,593,218,182,671,409
533: 295,241,234,247,286,458,709,287
534: 500,49,445
535: 254,303,712,772,815,803,716,302,310,710,26
536: 399,524,142,363,407,596,143
537: 321,18,273,320,91,503,811,548
538: 313,410,606,360,359,632
539: 119,91,451,811,757,612,271,627,499,2,32,285
540: 580,745,252,74,210,526,196,203,202,556,476,609,51
541: 11,597,53,740,54,496,14,576,239,833,706,76,246,545
542: 163,646,647,386,151,40,688,616,157,465,685,827
543: 296,287,805,295,456,559
544: 228,194,235,236,464,479,243,94,747,501,826,720
545: 706,17,571,204,684,205,212,14,824,171,53,541
546: 381,590,148,153,472,765,741,374,333,154,130,39,530
547: 68,479,94,501,9,517,522,89,689,633,19
548: 121,327,617,775,645,792,321,273,537
549: 764,350,297,784,693
550: 342,349,383
551: 777,283,2,70,0,627,466,20,581
552: 29,430,246,582,104,293,815,511,135,434,588,302,26
553: 15,703,515,79,252,74,300,443,734,102,13,37
554: 131,383,382
555: 797,760,237,746,416,65,613,520,191,197,42,47,231,64,623,570
556: 674,203,437,52,196,51,580,540
557: 564,136,395,602,585,355,356,141
558: 225,226,188,422,459,193,655,457,643,232,570
559: 342,349,294,808,296,543,805
560: 29,706,219,17,571,430,429,711,592,641,593,253
561: 200,247,458,576,207,833,199,672,77,644
562: 117,323,317,322
563: 138,358,707
564: 349,294,310,710,557,751,136,779,729,356
565: 789,38,347,35,129,25,795,688,715,346,423,40,471,827
566: 63,604,189
567: 749,783,64,675,677,411,186,520,223,604
568: 150,579,654,721,370,145,421,761
569: 398,393,162,158,419,668
570: 238,623,643,667,232,191,231,705,422,558,746,555,65
571: 29,706,75,17,204,429,76,246,582,545,684,584,560,641
572: 448,663,201,194,242,464
573: 149,375,381
574: 398,736,140,585,355
575: 264,259,220,265,84,452,594,529,578
576: 241,247,458,480,72,561,239,833,77,11,637,597,98,541
577: 27,37,23,345,132,133,510,127,101,100,608,461
578: 264,84,575,529,454,316,717,312,311
579: 568,371,607,721,370,658
580: 745,252,80,210,540,674,179,203,52,556,57,75
581: 20,692,33,514,32,285,10,762,627,97,466,777,551
582: 29,571,430,5,76,246,584,552,641,293,135,434
583: 329,89,370,322,282,330,460,658
584: 75,571,204,5,76,582,641,71,804,830,245,745,300,443,734
585: 354,736,140,776,394,301,395,602,557,355,141,574
586: 172,198,8,41,599,54,742,665,723,176,177,171
587: 115,361,315
588: 135,434,340,104,552,527,21,126,511,294,348,26,729
589: 354,359,114,397,139,439,30,28,413,669,477
590: 152,147,153,546,741,616,157,530
591: 185,57,211,58,610,62,593,824,17,429,16,684,618
592: 29,219,430,711,560,638,803,260,694,730,87,302,309
593: 213,58,532,591,62,218,671,219,17,429,560,253,86,618,639
594: 264,220,265,575,509,531,221,454
595: 233,442,67,759,425,240,480,714
596: 485,363,536,142,367,143
597: 11,104,637,636,293,740,541,576,239,246
598: 790,683,288,405,99,801
599: 586,8,723,470,47,205,51,71,774,53,745,204
600: 140,507,439,776,110,822,444,315,361,141,490
601: 167,191,750,43,613,165,197,166,787,170,724
602: 389,347,394,301,395,340,793,557,136,729,585
603: 185,181,502,58,532,182,409
604: 566,223,411,749,567,189,69
605: 351,506,764,138,357,611,487,678
606: 357,358,313,396,538
607: 579,371,721,365,658,621,366,418
608: 336,100,461,683,298,817,99,453,577,510
609: 476,695,237,786,51,619,196,74,734,540
610: 767,185,181,205,57,211,591,824,781,179,52,180
611: 357,487,311,832,263,791,506,605
612: 119,451,478,325,539,481,124,486,773,32,367
613: 43,190,186,520,191,601,165,197,42,231,660,555
614: 256,249,208,700,78,497
615: 335,433,728,758,36,125,376
616: 380,373,34,590,152,147,153,163,646,542,40,157,827
617: 548,121,279,273
618: 81,86,85,211,591,62,593,671,718,222,61,429,16
619: 9,476,12,69,609,797,739,720,786,416,244,236,243,501
620: 31,670,123,621,331,788,145,721,492,421,662,372,418
621: 31,620,122,323,713,330,658,145,607,721,418
622: 335,280,433,328
623: 48,774,667,232,570,191,197,47,8,724,746,555
624: 138,137,828,401,391
625: 693,106,461,298,257,483,635,435,680,27,23,111
626: 156,436,386,385,391,701,652,666,352,160,707,656
627: 238,10,762,422,459,271,70,539,757,2,551,581,285
628: 6,75,429,16,641,79,80,300,299,823,528,81,664
629: 270,224,277,516,698,88,268,704
630: 663,201,173,50,202,464,243,476,73
631: 79,251,80,210,107,60,56,259,528,814
632: 360,359,114,316,717,313,312,538
633: 89,330,460,689,547,522,122,722,446,19
634: 438,37,715,128,443,102,5,4,493,24
635: 483,703,251,823,403,680,305,625,27,23,505,487,521,112
636: 679,11,637,10,597,66,762,643,98,667,740,97
637: 104,10,597,92,636,98,293,97,241,286,576,93,488
638: 6,29,711,109,592,308,260,694,301,30,822
639: 261,593,218,671,219,449,267,86,730
640: 343,384,344,401,818
641: 6,29,75,571,429,711,628,109,582,737,584,560,300
642: 292,670,7,331,715,128,133,346,129,373,34,151,40
643: 679,238,66,762,636,667,232,570,422,459,558
644: 248,255,82,513,738,672,247,561,239,207,833
645: 548,121,327,775,792,780,696,120,495,433,519,125
646: 163,491,156,647,542,379,151,807,380,34,616
647: 163,646,491,134,436,542
648: 692,33,773,374,326,333,32,144,130,285,495,447,119
649: 222,221
650: 502,177,172,463
651: 292,722,283,19,493,101,9,12,95,291,522,0,13
652: 23,345,666,352,160,423,731,707,113,678,112,626
653: 169,470,406,426,518,661,408,41,723,437,164
654: 568,370,384,761
655: 225,188,558,187,231,660,705,698
656: 474,160,707,392,436,386,626,391
657: 317,284,713,504,118,719,124,812,323,31,122,324
658: 370,322,330,583,365,621,579,607
659: 254,214,255,82,449,513,803,253
660: 231,675,43,613,186,191,187,655
661: 169,173,196,653,50,178,202,174,437,455
662: 399,380,146,373,492,524,421,34,372,620,331,147
663: 448,45,201,572,630,173,195,236,464,243
664: 81,473,85,308,116,823,6,628,528,494,529
665: 172,586,198,44,686,445,742,192
666: 701,688,652,345,133,346,160,423,386,151,626,353
667: 238,48,762,774,623,643,636,740,466,570,830,1,746
668: 158,419,450,38,394,736,139,569,398
669: 313,306,113,307,413,521,477,116,731,359,589
670: 292,127,620,642,123,446,331,145,338,498,133,421,34
671: 532,62,593,218,86,618,639
672: 199,500,463,77,496,14,206,561,207,833,513,644
673: 216,702,215,56,441,258
674: 781,183,179,203,437,455,52,556,180,580
675: 224,64,567,660,677,186
676: 78,22,497,691,73,201,242,464
677: 749,270,783,224,230,64,567,229,756,675,96,275,223
678: 358,707,306,113,487,112,106,23,652,352,605,138,137
679: 11,48,66,643,636,98,232,686,796,759,72
680: 403,305,417,257,483,635,263,727,625,111,487
681: 78,22,420,817,691,73,826,3,526,708
682: 83,727,806,256,208,250,441,802,417
683: 350,297,343,790,336,598,608,298,405,99
684: 75,17,571,204,429,545,205,57,591,824
685: 387,162,388,158,157,465,471,419,450,827,38,542
686: 198,445,54,665,192,733,49,796,679,11,48,232,72
687: 767,184,402
688: 666,346,423,565,38,542,386,151,40,353,827
689: 89,633,754,547,517,117,323,719,122,19
690: 115,712,310,751
691: 208,676,78,250,681,73,427,55,526,708
692: 648,33,581,21,514,488,285,495,447,10,97
693: 350,625,297,106,298,257,304,111,764,549
694: 260,592,638,87,315,309,110,822
695: 1,609,237,786,51,71,830,245,745,734
696: 273,91,757,278,10,92,121,645,285,495,519
697: 18,503,704,88,272
698: 224,277,629,705,225,88,655
699: 789,135,28,108,301,25,793,795,109,737
700: 249,614,78,22,497,405,99,288,431,747
701: 338,666,132,133,156,151,626,385
702: 217,216,531,673,183,60,56,220,509,258,814
703: 483,15,553,635,515,79,251,299,102,823,27,505
704: 18,503,697,277,629,88,272,271,268,499
705: 224,231,64,277,96,698,225,422,655,65,570
706: 17,571,430,246,545,560,14,541,82,253
707: 358,113,678,652,160,138,626,391,656,474,563
708: 483,15,55,3,107,526,435,250,420,681,691
709: 241,234,286,533,512,800,280,287,519,428
710: 294,310,309,564,26,751,136,729,535,712,302
711: 6,29,429,109,560,592,641,638,81,308,260
712: 254,535,87,262,310,309,710,751,115,690
713: 317,657,468,118,365,323,31,621,366
714: 234,240,458,480,233,595
715: 634,128,346,642,24,744,565,129,25
716: 456,535,303,772,295,103,511,805,294,26,808
717: 314,473,316,116,529,578,312,307,114,632
718: 222,409,61,402,185,211,62,618
719: 276,657,504,90,754,230,517,768,323,689,122,19,324
720: 9,12,291,522,619,544,243,501,290,3,74
721: 568,579,371,607,145,620,621,492,421,418
722: 292,127,123,446,19,651,101,522,633
723: 586,8,41,599,470,653,408,52,176,205,831,51
724: 170,198,8,192,167,191,750,601,197,48,623,232
725: 147,148,367,143,741,755,333,144
726: 369,375
727: 83,263,467,682,256,257,304,802,680,111
728: 433,615,327,780,334,376
729: 294,710,564,348,26,136,779,135,588,389,602,340,302
730: 267,86,260,219,592,261,87,639
731: 652,345,423,505,108,113,669,521,112,477
732: 165,169,168,46,426,518,482
733: 425,686,192,49,796
734: 553,745,252,74,300,443,695,609,13,245,584
735: 142,372,418,118,481,31,486,788,407,366
736: 354,140,397,139,585,394,668,398,574
737: 6,109,641,300,299,102,699,108
738: 214,255,513,644,763,207
739: 9,517,69,416,619,785,749,230,229,68,189,501
740: 11,597,636,804,53,667,293,541,830,76
741: 590,152,147,148,143,546,725
742: 170,586,198,8,41,665
743: 364,368,144,369
744: 20,24,33,339,752,7,715,129
745: 580,252,734,540,599,205,695,51,71,75,204,584
746: 1,760,237,555,65,47,238,774,623,667,570
747: 281,235,288,431,544,94,826,290,700,22,99,801
748: 217,183,184,180,402
749: 64,567,229,677,520,604,189,69,739,416
750: 167,601,166,170,44,192,724
751: 310,309,710,564,136,712,115,690,356,141
752: 20,33,744,773,333,32,7,777,332,331,486,755
753: 59,206,218,182,213,214,449,513,253
754: 274,275,230,229,68,517,117,276,719,689
755: 147,367,153,725,331,486,773,333,752,373
756: 270,783,516,677,275,276,269
757: 696,273,91,539,811,459,271,10,627,285
758: 335,341,412,615,36,125,816,342,383,348,131
759: 595,442,67,425,796,193,679,480,72
760: 1,95,237,746,786,70,416,555,65,785,238
761: 145,384,377,498,568,654,378
762: 238,10,643,636,667,627,97,466,459,581
763: 248,738,207
764: 351,506,111,605,549,693,106
765: 381,472,546,334,374,154,36,131,376,375
766: 389,347,35,395,388,159,471,39,450,525
767: 185,181,610,687,831,781,184,180,402
768: 9,517,95,70,785,230,719,90,283,19
769: 161,398,397
770: 314,266,469,473,462,308,114,444
771: 203,202,455,215,50,427,209,178,55
772: 456,254,248,255,535,82,303,815,803,716
773: 648,33,333,32,144,752,119,612,486,367,755
774: 48,71,623,53,667,830,47,599,746
775: 548,328,121,327,645
776: 354,140,600,439,585,110,301,141
777: 283,2,332,551,324,20,581,32,752
778: 319,268,475,821
779: 342,383,390,294,564,348,729,389,525
780: 327,645,792,368,120,334,326,495,728,424
781: 674,175,437,52,184,180,767,610,831
782: 411,46,195
783: 567,756,677,223
784: 350,344,828,137,549,401
785: 95,768,739,760,70,416,65,230,64,96,90
786: 1,12,95,695,609,760,237,0,13,619,245,74
787: 165,470,197,426,518,42,601,170,8,41
788: 31,620,122,123,332,331,486,124,735,372
789: 565,699,108,25,795,438,346,423
790: 343,336,598,683,329,289
791: 403,84,305,263,611,487,311,307,832
792: 548,327,645,780,321,368,120,424
793: 135,699,347,301,25,602,340
794: 414,391
795: 565,789,699,38,28,347,394,423,477,139
796: 193,457,733,686,759,679,232
797: 69,237,416,619,555,520,518,42,244
798: 274,415,440,810
799: 228,235,415,479,63
800: 233,279,512,278,92,93,709,121,519
801: 282,453,460,281,288,94,747,99,598
802: 256,249,208,78,250,257,420,304,727,682
803: 254,659,535,82,772,815,430,592,302
804: 293,740,466,830,245,5,76,584,514
805: 296,287,412,511,543,295,716,342,559,294
806: 83,682,441,107,452,417,258
807: 646,156,379,378,151,338,421,34
808: 559,349,294,310,105,303,716
809: 267
810: 440,798,415
811: 18,537,91,451,503,539,757,271,499,821
812: 362,318,317,657,284,468,504,118,475,820
813: 388,432,530,472,149,382
814: 259,220,509,258,60,56,702,251,107,631
815: 535,82,772,803,104,239,103,430,246,552,26
816: 341,126,758,36,125,527,447,348
817: 298,420,681,99,290,3,435,453,608,510
818: 414,401,155,384,344,828,640,132,385
819: 387,162,465
820: 362,284,118,481,124,812,325,484
821: 284,268,499,778,18,325,811
822: 114,600,110,30,444,638,308,260,694,315,301
823: 703,635,79,251,299,628,403,259,494,664
824: 181,205,57,212,58,610,591,171,17,545,684
825: 419,38,489,139,392,353,161,393
826: 464,544,243,747,290,22,681,73
827: 157,471,685,39,688,565,129,616,153,542,40
828: 784,344,352,624,137,401,818,391
829: 491,379,155
830: 71,774,804,53,667,740,466,245,1,695,76,584
831: 176,767,181,408,723,781,175,52
832: 357,313,306,611,487,311,307,305,791
833: 576,561,239,496,672,77,11,541,644
834: 49,425,240