time(minutes) centre_concentration(uM) average_concentration(uM) average_concentration_only_cells(uM) minimum_concentration(uM)
  0.00000000e+00   1.00000000e+01   1.00000000e+01   1.00000000e+01   1.00000000e+01 
  1.00000000e-02   9.89998805e+00   9.93513084e+00   9.89292447e+00   9.86245838e+00 
  2.00000000e-02   9.80096005e+00   9.87327963e+00   9.79083047e+00   9.75754287e+00 
  3.00000000e-02   9.70295194e+00   9.81411417e+00   9.69316967e+00   9.66390884e+00 
  4.00000000e-02   9.60594859e+00   9.75736865e+00   9.59950332e+00   9.58347788e+00 
  5.00000000e-02   9.50995031e+00   9.70282637e+00   9.50947373e+00   9.48937823e+00 
  6.00000000e-02   9.41488930e+00   9.65030737e+00   9.42278384e+00   9.39167509e+00 
  7.00000000e-02   9.32075098e+00   9.59966006e+00   9.33918344e+00   9.29684280e+00 
  8.00000000e-02   9.22752914e+00   9.55075486e+00   9.25845862e+00   9.20508775e+00 
  9.00000000e-02   9.13522256e+00   9.50347955e+00   9.18042418e+00   9.11769918e+00 
  1.00000000e-01   9.04383190e+00   9.45773591e+00   9.10491795e+00   9.03186178e+00 
  1.10000000e-01   8.95335741e+00   9.41343703e+00   9.03179651e+00   8.94368066e+00 
  1.20000000e-01   8.86379747e+00   9.37050538e+00   8.96093187e+00   8.85275610e+00 
  1.30000000e-01   8.77514788e+00   9.32887121e+00   8.89220890e+00   8.76347683e+00 
  1.40000000e-01   8.68740166e+00   9.28847136e+00   8.82552335e+00   8.67596929e+00 
  1.50000000e-01   8.60054927e+00   9.24924828e+00   8.76078021e+00   8.59032892e+00 
  1.60000000e-01   8.51457907e+00   9.21114923e+00   8.69789245e+00   8.50662412e+00 
  1.70000000e-01   8.42947789e+00   9.17412565e+00   8.63677991e+00   8.42434659e+00 
  1.80000000e-01   8.34523168e+00   9.13813265e+00   8.57736847e+00   8.34148617e+00 
  1.90000000e-01   8.26182605e+00   9.10312853e+00   8.51958932e+00   8.25766511e+00 
  2.00000000e-01   8.17924682e+00   9.06907445e+00   8.46337833e+00   8.17473976e+00 
  2.10000000e-01   8.09748045e+00   9.03593410e+00   8.40867560e+00   8.09288165e+00 
  2.20000000e-01   8.01651439e+00   9.00367346e+00   8.35542494e+00   8.01212538e+00 
  2.30000000e-01   7.93633731e+00   8.97226055e+00   8.30357357e+00   7.93250130e+00 
  2.40000000e-01   7.85693927e+00   8.94166523e+00   8.25307175e+00   7.85403541e+00 
  2.50000000e-01   7.77831184e+00   8.91185906e+00   8.20387255e+00   7.77674945e+00 
  2.60000000e-01   7.70044807e+00   8.88281514e+00   8.15593153e+00   7.69920241e+00 
  2.70000000e-01   7.62334253e+00   8.85450797e+00   8.10920661e+00   7.62208287e+00 
  2.80000000e-01   7.54699119e+00   8.82691333e+00   8.06365783e+00   7.54579746e+00 
  2.90000000e-01   7.47139136e+00   8.80000820e+00   8.01924720e+00   7.47035328e+00 
  3.00000000e-01   7.39654159e+00   8.77377068e+00   7.97593854e+00   7.39575728e+00 
  3.10000000e-01   7.32244150e+00   8.74817987e+00   7.93369735e+00   7.32201608e+00 
  3.20000000e-01   7.24908903e+00   8.72321521e+00   7.89248972e+00   7.24908903e+00 
  3.30000000e-01   7.17648873e+00   8.69885840e+00   7.85228543e+00   7.17648873e+00 
  3.40000000e-01   7.10464252e+00   8.67509116e+00   7.81305431e+00   7.10464252e+00 
  3.50000000e-01   7.03355288e+00   8.65189600e+00   7.77476748e+00   7.03355288e+00 
  3.60000000e-01   6.96322277e+00   8.62925615e+00   7.73739727e+00   6.96322277e+00 
  3.70000000e-01   6.89365546e+00   8.60715552e+00   7.70091712e+00   6.89365546e+00 
  3.80000000e-01   6.82485449e+00   8.58557867e+00   7.66530152e+00   6.82485449e+00 
  3.90000000e-01   6.75682349e+00   8.56451074e+00   7.63052599e+00   6.75682349e+00 
  4.00000000e-01   6.68956615e+00   8.54393747e+00   7.59656695e+00   6.68956615e+00 
  4.10000000e-01   6.62308609e+00   8.52384511e+00   7.56340173e+00   6.62308609e+00 
  4.20000000e-01   6.55738684e+00   8.50422044e+00   7.53100849e+00   6.55738684e+00 
  4.30000000e-01   6.49247169e+00   8.48505070e+00   7.49936618e+00   6.49247169e+00 
  4.40000000e-01   6.42834371e+00   8.46632360e+00   7.46845452e+00   6.42834371e+00 
  4.50000000e-01   6.36500566e+00   8.44802729e+00   7.43825390e+00   6.36500566e+00 
  4.60000000e-01   6.30245999e+00   8.43015030e+00   7.40874545e+00   6.30245999e+00 
  4.70000000e-01   6.24070872e+00   8.41268157e+00   7.37991091e+00   6.24070872e+00 
  4.80000000e-01   6.17975354e+00   8.39561043e+00   7.35173262e+00   6.17975354e+00 
  4.90000000e-01   6.11959567e+00   8.37892654e+00   7.32419355e+00   6.11959567e+00 
  5.00000000e-01   6.06023592e+00   8.36261991e+00   7.29727719e+00   6.06023592e+00 
  5.10000000e-01   6.00167467e+00   8.34668087e+00   7.27096759e+00   6.00167467e+00 
  5.20000000e-01   5.94391182e+00   8.33110005e+00   7.24524930e+00   5.94391182e+00 
  5.30000000e-01   5.88694685e+00   8.31586840e+00   7.22010735e+00   5.88694685e+00 
  5.40000000e-01   5.83077877e+00   8.30097714e+00   7.19552726e+00   5.83077877e+00 
  5.50000000e-01   5.77540618e+00   8.28641776e+00   7.17149498e+00   5.77540618e+00 
  5.60000000e-01   5.72082720e+00   8.27218200e+00   7.14799689e+00   5.72082720e+00 
  5.70000000e-01   5.66703956e+00   8.25826188e+00   7.12501979e+00   5.66703956e+00 
  5.80000000e-01   5.61404055e+00   8.24464963e+00   7.10255089e+00   5.61404055e+00 
  5.90000000e-01   5.56182707e+00   8.23133772e+00   7.08057774e+00   5.56182707e+00 
  6.00000000e-01   5.51039561e+00   8.21831885e+00   7.05908828e+00   5.51039561e+00 
  6.10000000e-01   5.45974231e+00   8.20558592e+00   7.03807082e+00   5.45974231e+00 
  6.20000000e-01   5.40986293e+00   8.19313204e+00   7.01751397e+00   5.40986293e+00 
  6.30000000e-01   5.36075289e+00   8.18095052e+00   6.99740668e+00   5.36075289e+00 
  6.40000000e-01   5.31240727e+00   8.16903486e+00   6.97773823e+00   5.31240727e+00 
  6.50000000e-01   5.26482085e+00   8.15737874e+00   6.95849819e+00   5.26482085e+00 
  6.60000000e-01   5.21798811e+00   8.14597601e+00   6.93967641e+00   5.21798811e+00 
  6.70000000e-01   5.17190324e+00   8.13482071e+00   6.92126303e+00   5.17190324e+00 
  6.80000000e-01   5.12656020e+00   8.12390701e+00   6.90324846e+00   5.12656020e+00 
  6.90000000e-01   5.08195265e+00   8.11322928e+00   6.88562339e+00   5.08195265e+00 
  7.00000000e-01   5.03807407e+00   8.10278201e+00   6.86837872e+00   5.03807407e+00 
  7.10000000e-01   4.99491769e+00   8.09255986e+00   6.85150564e+00   4.99491769e+00 
  7.20000000e-01   4.95247656e+00   8.08255762e+00   6.83499555e+00   4.95247656e+00 
  7.30000000e-01   4.91074354e+00   8.07277021e+00   6.81884009e+00   4.91074354e+00 
  7.40000000e-01   4.86971133e+00   8.06319271e+00   6.80303110e+00   4.86971133e+00 
  7.50000000e-01   4.82937245e+00   8.05382031e+00   6.78756065e+00   4.82937245e+00 
  7.60000000e-01   4.78971931e+00   8.04464833e+00   6.77242102e+00   4.78971931e+00 
  7.70000000e-01   4.75074418e+00   8.03567220e+00   6.75760468e+00   4.75074418e+00 
  7.80000000e-01   4.71243922e+00   8.02688749e+00   6.74310430e+00   4.71243922e+00 
  7.90000000e-01   4.67479648e+00   8.01828987e+00   6.72891273e+00   4.67479648e+00 
  8.00000000e-01   4.63780793e+00   8.00987512e+00   6.71502301e+00   4.63780793e+00 
  8.10000000e-01   4.60146547e+00   8.00163912e+00   6.70142836e+00   4.60146547e+00 
  8.20000000e-01   4.56576091e+00   7.99357787e+00   6.68812215e+00   4.56576091e+00 
  8.30000000e-01   4.53068602e+00   7.98568746e+00   6.67509793e+00   4.53068602e+00 
  8.40000000e-01   4.49623254e+00   7.97796407e+00   6.66234941e+00   4.49623254e+00 
  8.50000000e-01   4.46239214e+00   7.97040400e+00   6.64987046e+00   4.46239214e+00 
  8.60000000e-01   4.42915649e+00   7.96300361e+00   6.63765509e+00   4.42915649e+00 
  8.70000000e-01   4.39651722e+00   7.95575937e+00   6.62569747e+00   4.39651722e+00 
  8.80000000e-01   4.36446599e+00   7.94866783e+00   6.61399190e+00   4.36446599e+00 
  8.90000000e-01   4.33299440e+00   7.94172562e+00   6.60253282e+00   4.33299440e+00 
  9.00000000e-01   4.30209411e+00   7.93492946e+00   6.59131481e+00   4.30209411e+00 
  9.10000000e-01   4.27175676e+00   7.92827614e+00   6.58033258e+00   4.27175676e+00 
  9.20000000e-01   4.24197402e+00   7.92176253e+00   6.56958097e+00   4.24197402e+00 
  9.30000000e-01   4.21273759e+00   7.91538558e+00   6.55905493e+00   4.21273759e+00 
  9.40000000e-01   4.18403919e+00   7.90914230e+00   6.54874954e+00   4.18403919e+00 
  9.50000000e-01   4.15587057e+00   7.90302980e+00   6.53866000e+00   4.15587057e+00 
  9.60000000e-01   4.12822356e+00   7.89704521e+00   6.52878162e+00   4.12822356e+00 
  9.70000000e-01   4.10108999e+00   7.89118578e+00   6.51910981e+00   4.10108999e+00 
  9.80000000e-01   4.07446176e+00   7.88544878e+00   6.50964009e+00   4.07446176e+00 
  9.90000000e-01   4.04833083e+00   7.87983157e+00   6.50036811e+00   4.04833083e+00 
  1.00000000e+00   4.02268922e+00   7.87433157e+00   6.49128959e+00   4.02268922e+00 
  1.01000000e+00   3.99752900e+00   7.86894624e+00   6.48240037e+00   3.99752900e+00 
  1.02000000e+00   3.97284231e+00   7.86367312e+00   6.47369636e+00   3.97284231e+00 
  1.03000000e+00   3.94862136e+00   7.85850981e+00   6.46517359e+00   3.94862136e+00 
  1.04000000e+00   3.92485844e+00   7.85345394e+00   6.45682818e+00   3.92485844e+00 
  1.05000000e+00   3.90154591e+00   7.84850322e+00   6.44865632e+00   3.90154591e+00 
  1.06000000e+00   3.87867618e+00   7.84365539e+00   6.44065431e+00   3.87867618e+00 
  1.07000000e+00   3.85624178e+00   7.83890825e+00   6.43281850e+00   3.85624178e+00 
  1.08000000e+00   3.83423529e+00   7.83425967e+00   6.42514537e+00   3.83423529e+00 
  1.09000000e+00   3.81264939e+00   7.82970753e+00   6.41763144e+00   3.81264939e+00 
  1.10000000e+00   3.79147684e+00   7.82524979e+00   6.41027332e+00   3.79147684e+00 
  1.11000000e+00   3.77071046e+00   7.82088445e+00   6.40306771e+00   3.77071046e+00 
  1.12000000e+00   3.75034320e+00   7.81660953e+00   6.39601137e+00   3.75034320e+00 
  1.13000000e+00   3.73036806e+00   7.81242312e+00   6.38910113e+00   3.73036806e+00 
  1.14000000e+00   3.71078241e+00   7.80832256e+00   6.38233258e+00   3.71078241e+00 
  1.15000000e+00   3.69157501e+00   7.80430687e+00   6.37570413e+00   3.69157501e+00 
  1.16000000e+00   3.67273915e+00   7.80037426e+00   6.36921280e+00   3.67273915e+00 
  1.17000000e+00   3.65426819e+00   7.79652296e+00   6.36285571e+00   3.65426819e+00 
  1.18000000e+00   3.63615560e+00   7.79275127e+00   6.35663001e+00   3.63615560e+00 
  1.19000000e+00   3.61839494e+00   7.78905750e+00   6.35053293e+00   3.61839494e+00 
  1.20000000e+00   3.60097986e+00   7.78544002e+00   6.34456177e+00   3.60097986e+00 
  1.21000000e+00   3.58390409e+00   7.78189720e+00   6.33871386e+00   3.58390409e+00 
  1.22000000e+00   3.56716146e+00   7.77842749e+00   6.33298663e+00   3.56716146e+00 
  1.23000000e+00   3.55074589e+00   7.77502935e+00   6.32737752e+00   3.55074589e+00 
  1.24000000e+00   3.53465138e+00   7.77170127e+00   6.32188406e+00   3.53465138e+00 
  1.25000000e+00   3.51887204e+00   7.76844178e+00   6.31650382e+00   3.51887204e+00 
  1.26000000e+00   3.50340204e+00   7.76524945e+00   6.31123444e+00   3.50340204e+00 
  1.27000000e+00   3.48823567e+00   7.76212286e+00   6.30607358e+00   3.48823567e+00 
  1.28000000e+00   3.47336728e+00   7.75906065e+00   6.30101897e+00   3.47336728e+00 
  1.29000000e+00   3.45879133e+00   7.75606147e+00   6.29606841e+00   3.45879133e+00 
  1.30000000e+00   3.44450235e+00   7.75312400e+00   6.29121970e+00   3.44450235e+00 
  1.31000000e+00   3.43049497e+00   7.75024695e+00   6.28647073e+00   3.43049497e+00 
  1.32000000e+00   3.41676391e+00   7.74742906e+00   6.28181941e+00   3.41676391e+00 
  1.33000000e+00   3.40330395e+00   7.74466910e+00   6.27726372e+00   3.40330395e+00 
  1.34000000e+00   3.39010999e+00   7.74196586e+00   6.27280165e+00   3.39010999e+00 
  1.35000000e+00   3.37717700e+00   7.73931816e+00   6.26843125e+00   3.37717700e+00 
  1.36000000e+00   3.36450002e+00   7.73672485e+00   6.26415063e+00   3.36450002e+00 
  1.37000000e+00   3.35207419e+00   7.73418479e+00   6.25995791e+00   3.35207419e+00 
  1.38000000e+00   3.33989473e+00   7.73169688e+00   6.25585127e+00   3.33989473e+00 
  1.39000000e+00   3.32795695e+00   7.72926003e+00   6.25182892e+00   3.32795695e+00 
  1.40000000e+00   3.31625622e+00   7.72687319e+00   6.24788911e+00   3.31625622e+00 
  1.41000000e+00   3.30478800e+00   7.72453532e+00   6.24403013e+00   3.30478800e+00 
  1.42000000e+00   3.29354783e+00   7.72224540e+00   6.24025030e+00   3.29354783e+00 
  1.43000000e+00   3.28253134e+00   7.72000244e+00   6.23654798e+00   3.28253134e+00 
  1.44000000e+00   3.27173420e+00   7.71780547e+00   6.23292157e+00   3.27173420e+00 
  1.45000000e+00   3.26115221e+00   7.71565353e+00   6.22936950e+00   3.26115221e+00 
  1.46000000e+00   3.25078119e+00   7.71354569e+00   6.22589022e+00   3.25078119e+00 
  1.47000000e+00   3.24061707e+00   7.71148105e+00   6.22248224e+00   3.24061707e+00 
  1.48000000e+00   3.23065584e+00   7.70945870e+00   6.21914407e+00   3.23065584e+00 
  1.49000000e+00   3.22089357e+00   7.70747778e+00   6.21587428e+00   3.22089357e+00 
  1.50000000e+00   3.21132638e+00   7.70553742e+00   6.21267146e+00   3.21132638e+00 
  1.51000000e+00   3.20195049e+00   7.70363680e+00   6.20953422e+00   3.20195049e+00 
  1.52000000e+00   3.19276217e+00   7.70177508e+00   6.20646120e+00   3.19276217e+00 
  1.53000000e+00   3.18375776e+00   7.69995148e+00   6.20345109e+00   3.18375776e+00 
  1.54000000e+00   3.17493366e+00   7.69816520e+00   6.20050258e+00   3.17493366e+00 
  1.55000000e+00   3.16628636e+00   7.69641547e+00   6.19761441e+00   3.16628636e+00 
  1.56000000e+00   3.15781238e+00   7.69470154e+00   6.19478534e+00   3.15781238e+00 
  1.57000000e+00   3.14950834e+00   7.69302267e+00   6.19201414e+00   3.14950834e+00 
  1.58000000e+00   3.14137090e+00   7.69137815e+00   6.18929962e+00   3.14137090e+00 
  1.59000000e+00   3.13339678e+00   7.68976726e+00   6.18664062e+00   3.13339678e+00 
  1.60000000e+00   3.12558278e+00   7.68818931e+00   6.18403599e+00   3.12558278e+00 
  1.61000000e+00   3.11792574e+00   7.68664362e+00   6.18148462e+00   3.11792574e+00 
  1.62000000e+00   3.11042257e+00   7.68512953e+00   6.17898541e+00   3.11042257e+00 
  1.63000000e+00   3.10307024e+00   7.68364640e+00   6.17653729e+00   3.10307024e+00 
  1.64000000e+00   3.09586576e+00   7.68219358e+00   6.17413921e+00   3.09586576e+00 
  1.65000000e+00   3.08880622e+00   7.68077045e+00   6.17179014e+00   3.08880622e+00 
  1.66000000e+00   3.08188875e+00   7.67937640e+00   6.16948907e+00   3.08188875e+00 
  1.67000000e+00   3.07511054e+00   7.67801083e+00   6.16723501e+00   3.07511054e+00 
  1.68000000e+00   3.06846883e+00   7.67667317e+00   6.16502701e+00   3.06846883e+00 
  1.69000000e+00   3.06196092e+00   7.67536283e+00   6.16286412e+00   3.06196092e+00 
  1.70000000e+00   3.05558414e+00   7.67407926e+00   6.16074540e+00   3.05558414e+00 
  1.71000000e+00   3.04933589e+00   7.67282190e+00   6.15866996e+00   3.04933589e+00 
  1.72000000e+00   3.04321363e+00   7.67159022e+00   6.15663691e+00   3.04321363e+00 
  1.73000000e+00   3.03721485e+00   7.67038370e+00   6.15464537e+00   3.03721485e+00 
  1.74000000e+00   3.03133708e+00   7.66920181e+00   6.15269450e+00   3.03133708e+00 
  1.75000000e+00   3.02557792e+00   7.66804405e+00   6.15078346e+00   3.02557792e+00 
  1.76000000e+00   3.01993501e+00   7.66690993e+00   6.14891144e+00   3.01993501e+00 
  1.77000000e+00   3.01440602e+00   7.66579896e+00   6.14707763e+00   3.01440602e+00 
  1.78000000e+00   3.00898869e+00   7.66471067e+00   6.14528126e+00   3.00898869e+00 
  1.79000000e+00   3.00368079e+00   7.66364460e+00   6.14352155e+00   3.00368079e+00 
  1.80000000e+00   2.99848013e+00   7.66260028e+00   6.14179776e+00   2.99848013e+00 
  1.81000000e+00   2.99338456e+00   7.66157727e+00   6.14010914e+00   2.99338456e+00 
  1.82000000e+00   2.98839199e+00   7.66057514e+00   6.13845499e+00   2.98839199e+00 
  1.83000000e+00   2.98350036e+00   7.65959346e+00   6.13683459e+00   2.98350036e+00 
  1.84000000e+00   2.97870764e+00   7.65863181e+00   6.13524725e+00   2.97870764e+00 
  1.85000000e+00   2.97401185e+00   7.65768978e+00   6.13369230e+00   2.97401185e+00 
  1.86000000e+00   2.96941106e+00   7.65676697e+00   6.13216908e+00   2.96941106e+00 
  1.87000000e+00   2.96490336e+00   7.65586299e+00   6.13067693e+00   2.96490336e+00 
  1.88000000e+00   2.96048687e+00   7.65497745e+00   6.12921521e+00   2.96048687e+00 
  1.89000000e+00   2.95615978e+00   7.65410997e+00   6.12778332e+00   2.95615978e+00 
  1.90000000e+00   2.95192028e+00   7.65326018e+00   6.12638063e+00   2.95192028e+00 
  1.91000000e+00   2.94776662e+00   7.65242773e+00   6.12500655e+00   2.94776662e+00 
  1.92000000e+00   2.94369707e+00   7.65161225e+00   6.12366049e+00   2.94369707e+00 
  1.93000000e+00   2.93970995e+00   7.65081341e+00   6.12234189e+00   2.93970995e+00 
  1.94000000e+00   2.93580359e+00   7.65003085e+00   6.12105018e+00   2.93580359e+00 
  1.95000000e+00   2.93197637e+00   7.64926426e+00   6.11978480e+00   2.93197637e+00 
  1.96000000e+00   2.92822670e+00   7.64851329e+00   6.11854523e+00   2.92822670e+00 
  1.97000000e+00   2.92455302e+00   7.64777764e+00   6.11733094e+00   2.92455302e+00 
  1.98000000e+00   2.92095379e+00   7.64705699e+00   6.11614140e+00   2.92095379e+00 
  1.99000000e+00   2.91742753e+00   7.64635103e+00   6.11497612e+00   2.91742753e+00 
  2.00000000e+00   2.91397275e+00   7.64565947e+00   6.11383460e+00   2.91397275e+00 
  2.01000000e+00   2.91058802e+00   7.64498200e+00   6.11271634e+00   2.91058802e+00 
  2.02000000e+00   2.90727193e+00   7.64431834e+00   6.11162089e+00   2.90727193e+00 
  2.03000000e+00   2.90402309e+00   7.64366822e+00   6.11054776e+00   2.90402309e+00 
  2.04000000e+00   2.90084015e+00   7.64303134e+00   6.10949651e+00   2.90084015e+00 
  2.05000000e+00   2.89772177e+00   7.64240745e+00   6.10846669e+00   2.89772177e+00 
  2.06000000e+00   2.89466666e+00   7.64179628e+00   6.10745786e+00   2.89466666e+00 
  2.07000000e+00   2.89167353e+00   7.64119756e+00   6.10646960e+00   2.89167353e+00 
  2.08000000e+00   2.88874114e+00   7.64061104e+00   6.10550147e+00   2.88874114e+00 
  2.09000000e+00   2.88586826e+00   7.64003648e+00   6.10455308e+00   2.88586826e+00 
  2.10000000e+00   2.88305368e+00   7.63947363e+00   6.10362402e+00   2.88305368e+00 
  2.11000000e+00   2.88029623e+00   7.63892225e+00   6.10271389e+00   2.88029623e+00 
  2.12000000e+00   2.87759475e+00   7.63838211e+00   6.10182231e+00   2.87759475e+00 
  2.13000000e+00   2.87494811e+00   7.63785298e+00   6.10094890e+00   2.87494811e+00 
  2.14000000e+00   2.87235521e+00   7.63733462e+00   6.10009329e+00   2.87235521e+00 
  2.15000000e+00   2.86981496e+00   7.63682683e+00   6.09925511e+00   2.86981496e+00 
  2.16000000e+00   2.86732628e+00   7.63632939e+00   6.09843402e+00   2.86732628e+00 
  2.17000000e+00   2.86488815e+00   7.63584209e+00   6.09762965e+00   2.86488815e+00 
  2.18000000e+00   2.86249953e+00   7.63536471e+00   6.09684168e+00   2.86249953e+00 
  2.19000000e+00   2.86015942e+00   7.63489706e+00   6.09606976e+00   2.86015942e+00 
  2.20000000e+00   2.85786685e+00   7.63443894e+00   6.09531357e+00   2.85786685e+00 
  2.21000000e+00   2.85562084e+00   7.63399016e+00   6.09457279e+00   2.85562084e+00 
  2.22000000e+00   2.85342046e+00   7.63355052e+00   6.09384710e+00   2.85342046e+00 
  2.23000000e+00   2.85126479e+00   7.63311983e+00   6.09313619e+00   2.85126479e+00 
  2.24000000e+00   2.84915291e+00   7.63269792e+00   6.09243977e+00   2.84915291e+00 
  2.25000000e+00   2.84708394e+00   7.63228461e+00   6.09175754e+00   2.84708394e+00 
  2.26000000e+00   2.84505701e+00   7.63187972e+00   6.09108921e+00   2.84505701e+00 
  2.27000000e+00   2.84307127e+00   7.63148307e+00   6.09043449e+00   2.84307127e+00 
  2.28000000e+00   2.84112588e+00   7.63109451e+00   6.08979311e+00   2.84112588e+00 
  2.29000000e+00   2.83922003e+00   7.63071386e+00   6.08916480e+00   2.83922003e+00 
  2.30000000e+00   2.83735291e+00   7.63034097e+00   6.08854929e+00   2.83735291e+00 
  2.31000000e+00   2.83552375e+00   7.62997567e+00   6.08794631e+00   2.83552375e+00 
  2.32000000e+00   2.83373176e+00   7.62961781e+00   6.08735562e+00   2.83373176e+00 
  2.33000000e+00   2.83197620e+00   7.62926725e+00   6.08677696e+00   2.83197620e+00 
  2.34000000e+00   2.83025632e+00   7.62892382e+00   6.08621009e+00   2.83025632e+00 
  2.35000000e+00   2.82857141e+00   7.62858739e+00   6.08565477e+00   2.82857141e+00 
  2.36000000e+00   2.82692075e+00   7.62825782e+00   6.08511076e+00   2.82692075e+00 
  2.37000000e+00   2.82530365e+00   7.62793495e+00   6.08457783e+00   2.82530365e+00 
  2.38000000e+00   2.82371943e+00   7.62761867e+00   6.08405576e+00   2.82371943e+00 
  2.39000000e+00   2.82216742e+00   7.62730882e+00   6.08354431e+00   2.82216742e+00 
  2.40000000e+00   2.82064697e+00   7.62700529e+00   6.08304329e+00   2.82064697e+00 
  2.41000000e+00   2.81915792e+00   7.62670824e+00   6.08255298e+00   2.81915792e+00 
  2.42000000e+00   2.81769913e+00   7.62641723e+00   6.08207262e+00   2.81769913e+00 
  2.43000000e+00   2.81626998e+00   7.62613214e+00   6.08160203e+00   2.81626998e+00 
  2.44000000e+00   2.81486986e+00   7.62585283e+00   6.08114100e+00   2.81486986e+00 
  2.45000000e+00   2.81349820e+00   7.62557920e+00   6.08068934e+00   2.81349820e+00 
  2.46000000e+00   2.81215442e+00   7.62531114e+00   6.08024686e+00   2.81215442e+00 
  2.47000000e+00   2.81083794e+00   7.62504852e+00   6.07981337e+00   2.81083794e+00 
  2.48000000e+00   2.80954823e+00   7.62479123e+00   6.07938869e+00   2.80954823e+00 
  2.49000000e+00   2.80828473e+00   7.62453918e+00   6.07897264e+00   2.80828473e+00 
  2.50000000e+00   2.80704692e+00   7.62429225e+00   6.07856505e+00   2.80704692e+00 
  2.51000000e+00   2.80583427e+00   7.62405035e+00   6.07816575e+00   2.80583427e+00 
  2.52000000e+00   2.80464627e+00   7.62381336e+00   6.07777456e+00   2.80464627e+00 
  2.53000000e+00   2.80348243e+00   7.62358119e+00   6.07739133e+00   2.80348243e+00 
  2.54000000e+00   2.80234226e+00   7.62335373e+00   6.07701589e+00   2.80234226e+00 
  2.55000000e+00   2.80122527e+00   7.62313091e+00   6.07664809e+00   2.80122527e+00 
  2.56000000e+00   2.80013099e+00   7.62291261e+00   6.07628776e+00   2.80013099e+00 
  2.57000000e+00   2.79905897e+00   7.62269876e+00   6.07593476e+00   2.79905897e+00 
  2.58000000e+00   2.79800874e+00   7.62248925e+00   6.07558894e+00   2.79800874e+00 
  2.59000000e+00   2.79697988e+00   7.62228400e+00   6.07525015e+00   2.79697988e+00 
  2.60000000e+00   2.79597195e+00   7.62208293e+00   6.07491826e+00   2.79597195e+00 
  2.61000000e+00   2.79498451e+00   7.62188595e+00   6.07459311e+00   2.79498451e+00 
  2.62000000e+00   2.79401716e+00   7.62169297e+00   6.07427458e+00   2.79401716e+00 
  2.63000000e+00   2.79306949e+00   7.62150392e+00   6.07396252e+00   2.79306949e+00 
  2.64000000e+00   2.79214109e+00   7.62131872e+00   6.07365681e+00   2.79214109e+00 
  2.65000000e+00   2.79123158e+00   7.62113728e+00   6.07335732e+00   2.79123158e+00 
  2.66000000e+00   2.79034057e+00   7.62095953e+00   6.07306392e+00   2.79034057e+00 
  2.67000000e+00   2.78946769e+00   7.62078540e+00   6.07277649e+00   2.78946769e+00 
  2.68000000e+00   2.78861256e+00   7.62061481e+00   6.07249491e+00   2.78861256e+00 
  2.69000000e+00   2.78777483e+00   7.62044769e+00   6.07221906e+00   2.78777483e+00 
  2.70000000e+00   2.78695415e+00   7.62028397e+00   6.07194881e+00   2.78695415e+00 
  2.71000000e+00   2.78615016e+00   7.62012358e+00   6.07168407e+00   2.78615016e+00 
  2.72000000e+00   2.78536253e+00   7.61996645e+00   6.07142471e+00   2.78536253e+00 
  2.73000000e+00   2.78459093e+00   7.61981252e+00   6.07117063e+00   2.78459093e+00 
  2.74000000e+00   2.78383502e+00   7.61966172e+00   6.07092171e+00   2.78383502e+00 
  2.75000000e+00   2.78309449e+00   7.61951399e+00   6.07067786e+00   2.78309449e+00 
  2.76000000e+00   2.78236904e+00   7.61936927e+00   6.07043898e+00   2.78236904e+00 
  2.77000000e+00   2.78165834e+00   7.61922749e+00   6.07020495e+00   2.78165834e+00 
  2.78000000e+00   2.78096210e+00   7.61908859e+00   6.06997568e+00   2.78096210e+00 
  2.79000000e+00   2.78028003e+00   7.61895252e+00   6.06975108e+00   2.78028003e+00 
  2.80000000e+00   2.77961184e+00   7.61881922e+00   6.06953105e+00   2.77961184e+00 
  2.81000000e+00   2.77895725e+00   7.61868863e+00   6.06931549e+00   2.77895725e+00 
  2.82000000e+00   2.77831597e+00   7.61856070e+00   6.06910433e+00   2.77831597e+00 
  2.83000000e+00   2.77768775e+00   7.61843537e+00   6.06889745e+00   2.77768775e+00 
  2.84000000e+00   2.77707230e+00   7.61831259e+00   6.06869479e+00   2.77707230e+00 
  2.85000000e+00   2.77646939e+00   7.61819231e+00   6.06849625e+00   2.77646939e+00 
  2.86000000e+00   2.77587874e+00   7.61807448e+00   6.06830176e+00   2.77587874e+00 
  2.87000000e+00   2.77530011e+00   7.61795905e+00   6.06811121e+00   2.77530011e+00 
  2.88000000e+00   2.77473325e+00   7.61784596e+00   6.06792455e+00   2.77473325e+00 
  2.89000000e+00   2.77417793e+00   7.61773518e+00   6.06774169e+00   2.77417793e+00 
  2.90000000e+00   2.77363391e+00   7.61762665e+00   6.06756254e+00   2.77363391e+00 
  2.91000000e+00   2.77310096e+00   7.61752033e+00   6.06738704e+00   2.77310096e+00 
  2.92000000e+00   2.77257886e+00   7.61741617e+00   6.06721512e+00   2.77257886e+00 
  2.93000000e+00   2.77206738e+00   7.61731413e+00   6.06704669e+00   2.77206738e+00 
  2.94000000e+00   2.77156631e+00   7.61721417e+00   6.06688169e+00   2.77156631e+00 
  2.95000000e+00   2.77107543e+00   7.61711624e+00   6.06672005e+00   2.77107543e+00 
  2.96000000e+00   2.77059455e+00   7.61702031e+00   6.06656169e+00   2.77059455e+00 
  2.97000000e+00   2.77012345e+00   7.61692633e+00   6.06640656e+00   2.77012345e+00 
  2.98000000e+00   2.76966194e+00   7.61683426e+00   6.06625459e+00   2.76966194e+00 
  2.99000000e+00   2.76920982e+00   7.61674406e+00   6.06610571e+00   2.76920982e+00 
  3.00000000e+00   2.76876690e+00   7.61665570e+00   6.06595986e+00   2.76876690e+00 
  3.01000000e+00   2.76833300e+00   7.61656914e+00   6.06581698e+00   2.76833300e+00 
  3.02000000e+00   2.76790793e+00   7.61648434e+00   6.06567700e+00   2.76790793e+00 
  3.03000000e+00   2.76749150e+00   7.61640126e+00   6.06553988e+00   2.76749150e+00 
  3.04000000e+00   2.76708355e+00   7.61631988e+00   6.06540554e+00   2.76708355e+00 
  3.05000000e+00   2.76668391e+00   7.61624015e+00   6.06527394e+00   2.76668391e+00 
  3.06000000e+00   2.76629239e+00   7.61616205e+00   6.06514502e+00   2.76629239e+00 
  3.07000000e+00   2.76590885e+00   7.61608553e+00   6.06501872e+00   2.76590885e+00 
  3.08000000e+00   2.76553311e+00   7.61601058e+00   6.06489499e+00   2.76553311e+00 
  3.09000000e+00   2.76516502e+00   7.61593714e+00   6.06477378e+00   2.76516502e+00 
  3.10000000e+00   2.76480441e+00   7.61586521e+00   6.06465504e+00   2.76480441e+00 
  3.11000000e+00   2.76445115e+00   7.61579473e+00   6.06453872e+00   2.76445115e+00 
  3.12000000e+00   2.76410508e+00   7.61572570e+00   6.06442476e+00   2.76410508e+00 
  3.13000000e+00   2.76376605e+00   7.61565806e+00   6.06431312e+00   2.76376605e+00 
  3.14000000e+00   2.76343392e+00   7.61559180e+00   6.06420375e+00   2.76343392e+00 
  3.15000000e+00   2.76310855e+00   7.61552690e+00   6.06409661e+00   2.76310855e+00 
  3.16000000e+00   2.76278980e+00   7.61546331e+00   6.06399165e+00   2.76278980e+00 
  3.17000000e+00   2.76247753e+00   7.61540102e+00   6.06388883e+00   2.76247753e+00 
  3.18000000e+00   2.76217163e+00   7.61533999e+00   6.06378810e+00   2.76217163e+00 
  3.19000000e+00   2.76187195e+00   7.61528021e+00   6.06368942e+00   2.76187195e+00 
  3.20000000e+00   2.76157837e+00   7.61522164e+00   6.06359275e+00   2.76157837e+00 
  3.21000000e+00   2.76129076e+00   7.61516427e+00   6.06349804e+00   2.76129076e+00 
  3.22000000e+00   2.76100901e+00   7.61510806e+00   6.06340527e+00   2.76100901e+00 
  3.23000000e+00   2.76073299e+00   7.61505300e+00   6.06331438e+00   2.76073299e+00 
  3.24000000e+00   2.76046259e+00   7.61499906e+00   6.06322534e+00   2.76046259e+00 
  3.25000000e+00   2.76019769e+00   7.61494621e+00   6.06313811e+00   2.76019769e+00 
  3.26000000e+00   2.75993818e+00   7.61489444e+00   6.06305266e+00   2.75993818e+00 
  3.27000000e+00   2.75968396e+00   7.61484373e+00   6.06296895e+00   2.75968396e+00 
  3.28000000e+00   2.75943491e+00   7.61479405e+00   6.06288695e+00   2.75943491e+00 
  3.29000000e+00   2.75919093e+00   7.61474538e+00   6.06280661e+00   2.75919093e+00 
  3.30000000e+00   2.75895191e+00   7.61469770e+00   6.06272791e+00   2.75895191e+00 
  3.31000000e+00   2.75871776e+00   7.61465099e+00   6.06265081e+00   2.75871776e+00 
  3.32000000e+00   2.75848838e+00   7.61460523e+00   6.06257527e+00   2.75848838e+00 
  3.33000000e+00   2.75826366e+00   7.61456040e+00   6.06250128e+00   2.75826366e+00 
  3.34000000e+00   2.75804352e+00   7.61451649e+00   6.06242879e+00   2.75804352e+00 
  3.35000000e+00   2.75782785e+00   7.61447347e+00   6.06235778e+00   2.75782785e+00 
  3.36000000e+00   2.75761658e+00   7.61443132e+00   6.06228822e+00   2.75761658e+00 
  3.37000000e+00   2.75740961e+00   7.61439004e+00   6.06222007e+00   2.75740961e+00 
  3.38000000e+00   2.75720685e+00   7.61434959e+00   6.06215330e+00   2.75720685e+00 
  3.39000000e+00   2.75700822e+00   7.61430996e+00   6.06208790e+00   2.75700822e+00 
  3.40000000e+00   2.75681363e+00   7.61427115e+00   6.06202383e+00   2.75681363e+00 
  3.41000000e+00   2.75662300e+00   7.61423312e+00   6.06196106e+00   2.75662300e+00 
  3.42000000e+00   2.75643625e+00   7.61419587e+00   6.06189957e+00   2.75643625e+00 
  3.43000000e+00   2.75625330e+00   7.61415937e+00   6.06183933e+00   2.75625330e+00 
  3.44000000e+00   2.75607407e+00   7.61412362e+00   6.06178032e+00   2.75607407e+00 
  3.45000000e+00   2.75589850e+00   7.61408860e+00   6.06172250e+00   2.75589850e+00 
  3.46000000e+00   2.75572650e+00   7.61405429e+00   6.06166587e+00   2.75572650e+00 
  3.47000000e+00   2.75555799e+00   7.61402068e+00   6.06161039e+00   2.75555799e+00 
  3.48000000e+00   2.75539292e+00   7.61398775e+00   6.06155604e+00   2.75539292e+00 
  3.49000000e+00   2.75523121e+00   7.61395549e+00   6.06150279e+00   2.75523121e+00 
  3.50000000e+00   2.75507279e+00   7.61392389e+00   6.06145063e+00   2.75507279e+00 
  3.51000000e+00   2.75491759e+00   7.61389293e+00   6.06139953e+00   2.75491759e+00 
  3.52000000e+00   2.75476556e+00   7.61386260e+00   6.06134947e+00   2.75476556e+00 
  3.53000000e+00   2.75461661e+00   7.61383289e+00   6.06130043e+00   2.75461661e+00 
  3.54000000e+00   2.75447070e+00   7.61380379e+00   6.06125238e+00   2.75447070e+00 
  3.55000000e+00   2.75432776e+00   7.61377528e+00   6.06120532e+00   2.75432776e+00 
  3.56000000e+00   2.75418773e+00   7.61374734e+00   6.06115921e+00   2.75418773e+00 
  3.57000000e+00   2.75405055e+00   7.61371998e+00   6.06111405e+00   2.75405055e+00 
  3.58000000e+00   2.75391616e+00   7.61369317e+00   6.06106980e+00   2.75391616e+00 
  3.59000000e+00   2.75378451e+00   7.61366691e+00   6.06102645e+00   2.75378451e+00 
  3.60000000e+00   2.75365553e+00   7.61364118e+00   6.06098398e+00   2.75365553e+00 
  3.61000000e+00   2.75352919e+00   7.61361598e+00   6.06094238e+00   2.75352919e+00 
  3.62000000e+00   2.75340541e+00   7.61359129e+00   6.06090163e+00   2.75340541e+00 
  3.63000000e+00   2.75328415e+00   7.61356711e+00   6.06086171e+00   2.75328415e+00 
  3.64000000e+00   2.75316536e+00   7.61354341e+00   6.06082259e+00   2.75316536e+00 
  3.65000000e+00   2.75304899e+00   7.61352020e+00   6.06078428e+00   2.75304899e+00 
  3.66000000e+00   2.75293499e+00   7.61349746e+00   6.06074674e+00   2.75293499e+00 
  3.67000000e+00   2.75282331e+00   7.61347518e+00   6.06070997e+00   2.75282331e+00 
  3.68000000e+00   2.75271390e+00   7.61345336e+00   6.06067395e+00   2.75271390e+00 
  3.69000000e+00   2.75260672e+00   7.61343198e+00   6.06063866e+00   2.75260672e+00 
  3.70000000e+00   2.75250172e+00   7.61341103e+00   6.06060409e+00   2.75250172e+00 
  3.71000000e+00   2.75239886e+00   7.61339052e+00   6.06057022e+00   2.75239886e+00 
  3.72000000e+00   2.75229809e+00   7.61337042e+00   6.06053704e+00   2.75229809e+00 
  3.73000000e+00   2.75219938e+00   7.61335073e+00   6.06050454e+00   2.75219938e+00 
  3.74000000e+00   2.75210267e+00   7.61333144e+00   6.06047270e+00   2.75210267e+00 
  3.75000000e+00   2.75200793e+00   7.61331254e+00   6.06044151e+00   2.75200793e+00 
  3.76000000e+00   2.75191512e+00   7.61329403e+00   6.06041095e+00   2.75191512e+00 
  3.77000000e+00   2.75182420e+00   7.61327589e+00   6.06038102e+00   2.75182420e+00 
  3.78000000e+00   2.75173513e+00   7.61325812e+00   6.06035169e+00   2.75173513e+00 
  3.79000000e+00   2.75164787e+00   7.61324072e+00   6.06032296e+00   2.75164787e+00 
  3.80000000e+00   2.75156239e+00   7.61322367e+00   6.06029482e+00   2.75156239e+00 
  3.81000000e+00   2.75147865e+00   7.61320697e+00   6.06026725e+00   2.75147865e+00 
  3.82000000e+00   2.75139661e+00   7.61319060e+00   6.06024024e+00   2.75139661e+00 
  3.83000000e+00   2.75131625e+00   7.61317457e+00   6.06021378e+00   2.75131625e+00 
  3.84000000e+00   2.75123752e+00   7.61315887e+00   6.06018786e+00   2.75123752e+00 
  3.85000000e+00   2.75116039e+00   7.61314349e+00   6.06016246e+00   2.75116039e+00 
  3.86000000e+00   2.75108483e+00   7.61312841e+00   6.06013759e+00   2.75108483e+00 
  3.87000000e+00   2.75101081e+00   7.61311365e+00   6.06011322e+00   2.75101081e+00 
  3.88000000e+00   2.75093830e+00   7.61309919e+00   6.06008934e+00   2.75093830e+00 
  3.89000000e+00   2.75086726e+00   7.61308502e+00   6.06006595e+00   2.75086726e+00 
  3.90000000e+00   2.75079767e+00   7.61307114e+00   6.06004304e+00   2.75079767e+00 
  3.91000000e+00   2.75072950e+00   7.61305754e+00   6.06002060e+00   2.75072950e+00 
  3.92000000e+00   2.75066271e+00   7.61304422e+00   6.05999861e+00   2.75066271e+00 
  3.93000000e+00   2.75059728e+00   7.61303117e+00   6.05997707e+00   2.75059728e+00 
  3.94000000e+00   2.75053319e+00   7.61301838e+00   6.05995596e+00   2.75053319e+00 
  3.95000000e+00   2.75047040e+00   7.61300586e+00   6.05993529e+00   2.75047040e+00 
  3.96000000e+00   2.75040889e+00   7.61299359e+00   6.05991504e+00   2.75040889e+00 
  3.97000000e+00   2.75034863e+00   7.61298157e+00   6.05989520e+00   2.75034863e+00 
  3.98000000e+00   2.75028959e+00   7.61296980e+00   6.05987576e+00   2.75028959e+00 
  3.99000000e+00   2.75023176e+00   7.61295826e+00   6.05985672e+00   2.75023176e+00 
  4.00000000e+00   2.75017511e+00   7.61294696e+00   6.05983807e+00   2.75017511e+00 
  4.01000000e+00   2.75011961e+00   7.61293589e+00   6.05981980e+00   2.75011961e+00 
  4.02000000e+00   2.75006524e+00   7.61292505e+00   6.05980190e+00   2.75006524e+00 
  4.03000000e+00   2.75001197e+00   7.61291442e+00   6.05978436e+00   2.75001197e+00 
  4.04000000e+00   2.74995979e+00   7.61290401e+00   6.05976718e+00   2.74995979e+00 
  4.05000000e+00   2.74990868e+00   7.61289382e+00   6.05975035e+00   2.74990868e+00 
  4.06000000e+00   2.74985860e+00   7.61288383e+00   6.05973387e+00   2.74985860e+00 
  4.07000000e+00   2.74980954e+00   7.61287405e+00   6.05971771e+00   2.74980954e+00 
  4.08000000e+00   2.74976148e+00   7.61286446e+00   6.05970189e+00   2.74976148e+00 
  4.09000000e+00   2.74971440e+00   7.61285507e+00   6.05968639e+00   2.74971440e+00 
  4.10000000e+00   2.74966828e+00   7.61284587e+00   6.05967121e+00   2.74966828e+00 
  4.11000000e+00   2.74962310e+00   7.61283686e+00   6.05965633e+00   2.74962310e+00 
  4.12000000e+00   2.74957883e+00   7.61282803e+00   6.05964176e+00   2.74957883e+00 
  4.13000000e+00   2.74953547e+00   7.61281938e+00   6.05962748e+00   2.74953547e+00 
  4.14000000e+00   2.74949299e+00   7.61281091e+00   6.05961350e+00   2.74949299e+00 
  4.15000000e+00   2.74945138e+00   7.61280261e+00   6.05959980e+00   2.74945138e+00 
  4.16000000e+00   2.74941061e+00   7.61279448e+00   6.05958637e+00   2.74941061e+00 
  4.17000000e+00   2.74937067e+00   7.61278651e+00   6.05957323e+00   2.74937067e+00 
  4.18000000e+00   2.74933155e+00   7.61277871e+00   6.05956034e+00   2.74933155e+00 
  4.19000000e+00   2.74929322e+00   7.61277106e+00   6.05954773e+00   2.74929322e+00 
  4.20000000e+00   2.74925567e+00   7.61276357e+00   6.05953536e+00   2.74925567e+00 
  4.21000000e+00   2.74921889e+00   7.61275624e+00   6.05952325e+00   2.74921889e+00 
  4.22000000e+00   2.74918285e+00   7.61274905e+00   6.05951139e+00   2.74918285e+00 
  4.23000000e+00   2.74914755e+00   7.61274201e+00   6.05949977e+00   2.74914755e+00 
  4.24000000e+00   2.74911297e+00   7.61273511e+00   6.05948838e+00   2.74911297e+00 
  4.25000000e+00   2.74907909e+00   7.61272835e+00   6.05947723e+00   2.74907909e+00 
  4.26000000e+00   2.74904590e+00   7.61272173e+00   6.05946630e+00   2.74904590e+00 
  4.27000000e+00   2.74901339e+00   7.61271525e+00   6.05945560e+00   2.74901339e+00 
  4.28000000e+00   2.74898154e+00   7.61270890e+00   6.05944511e+00   2.74898154e+00 
  4.29000000e+00   2.74895033e+00   7.61270267e+00   6.05943484e+00   2.74895033e+00 
  4.30000000e+00   2.74891977e+00   7.61269658e+00   6.05942478e+00   2.74891977e+00 
  4.31000000e+00   2.74888982e+00   7.61269060e+00   6.05941492e+00   2.74888982e+00 
  4.32000000e+00   2.74886048e+00   7.61268475e+00   6.05940526e+00   2.74886048e+00 
  4.33000000e+00   2.74883175e+00   7.61267902e+00   6.05939580e+00   2.74883175e+00 
  4.34000000e+00   2.74880359e+00   7.61267340e+00   6.05938653e+00   2.74880359e+00 
  4.35000000e+00   2.74877601e+00   7.61266790e+00   6.05937745e+00   2.74877601e+00 
  4.36000000e+00   2.74874899e+00   7.61266251e+00   6.05936855e+00   2.74874899e+00 
  4.37000000e+00   2.74872252e+00   7.61265724e+00   6.05935984e+00   2.74872252e+00 
  4.38000000e+00   2.74869660e+00   7.61265206e+00   6.05935130e+00   2.74869660e+00 
  4.39000000e+00   2.74867119e+00   7.61264700e+00   6.05934294e+00   2.74867119e+00 
  4.40000000e+00   2.74864631e+00   7.61264203e+00   6.05933475e+00   2.74864631e+00 
  4.41000000e+00   2.74862193e+00   7.61263717e+00   6.05932672e+00   2.74862193e+00 
  4.42000000e+00   2.74859805e+00   7.61263241e+00   6.05931886e+00   2.74859805e+00 
  4.43000000e+00   2.74857465e+00   7.61262774e+00   6.05931116e+00   2.74857465e+00 
  4.44000000e+00   2.74855173e+00   7.61262317e+00   6.05930361e+00   2.74855173e+00 
  4.45000000e+00   2.74852928e+00   7.61261869e+00   6.05929622e+00   2.74852928e+00 
  4.46000000e+00   2.74850728e+00   7.61261431e+00   6.05928898e+00   2.74850728e+00 
  4.47000000e+00   2.74850728e+00   7.61261431e+00   6.05928898e+00   2.74850728e+00 
  4.48000000e+00   2.74850728e+00   7.61261431e+00   6.05928898e+00   2.74850728e+00 
  4.49000000e+00   2.74850728e+00   7.61261431e+00   6.05928898e+00   2.74850728e+00 
  4.50000000e+00   2.74850728e+00   7.61261431e+00   6.05928898e+00   2.74850728e+00 
  4.51000000e+00   2.74850728e+00   7.61261431e+00   6.05928898e+00   2.74850728e+00 
  4.52000000e+00   2.74850728e+00   7.61261431e+00   6.05928898e+00   2.74850728e+00 
  4.53000000e+00   2.74850728e+00   7.61261431e+00   6.05928898e+00   2.74850728e+00 
  4.54000000e+00   2.74850728e+00   7.61261431e+00   6.05928898e+00   2.74850728e+00 
  4.55000000e+00   2.74850728e+00   7.61261431e+00   6.05928898e+00   2.74850728e+00 
  4.56000000e+00   2.74850728e+00   7.61261431e+00   6.05928898e+00   2.74850728e+00 
  4.57000000e+00   2.74850728e+00   7.61261431e+00   6.05928898e+00   2.74850728e+00 
  4.58000000e+00   2.74850728e+00   7.61261431e+00   6.05928898e+00   2.74850728e+00 
  4.59000000e+00   2.74850728e+00   7.61261431e+00   6.05928898e+00   2.74850728e+00 
  4.60000000e+00   2.74850728e+00   7.61261431e+00   6.05928898e+00   2.74850728e+00 
  4.61000000e+00   2.74850728e+00   7.61261431e+00   6.05928898e+00   2.74850728e+00 
  4.62000000e+00   2.74850728e+00   7.61261431e+00   6.05928898e+00   2.74850728e+00 
  4.63000000e+00   2.74850728e+00   7.61261431e+00   6.05928898e+00   2.74850728e+00 
  4.64000000e+00   2.74850728e+00   7.61261431e+00   6.05928898e+00   2.74850728e+00 
  4.65000000e+00   2.74850728e+00   7.61261431e+00   6.05928898e+00   2.74850728e+00 
  4.66000000e+00   2.74850728e+00   7.61261431e+00   6.05928898e+00   2.74850728e+00 
  4.67000000e+00   2.74850728e+00   7.61261431e+00   6.05928898e+00   2.74850728e+00 
  4.68000000e+00   2.74850728e+00   7.61261431e+00   6.05928898e+00   2.74850728e+00 
  4.69000000e+00   2.74850728e+00   7.61261431e+00   6.05928898e+00   2.74850728e+00 
  4.70000000e+00   2.74850728e+00   7.61261431e+00   6.05928898e+00   2.74850728e+00 
  4.71000000e+00   2.74850728e+00   7.61261431e+00   6.05928898e+00   2.74850728e+00 
  4.72000000e+00   2.74850728e+00   7.61261431e+00   6.05928898e+00   2.74850728e+00 
  4.73000000e+00   2.74850728e+00   7.61261431e+00   6.05928898e+00   2.74850728e+00 
  4.74000000e+00   2.74850728e+00   7.61261431e+00   6.05928898e+00   2.74850728e+00 
  4.75000000e+00   2.74850728e+00   7.61261431e+00   6.05928898e+00   2.74850728e+00 
  4.76000000e+00   2.74850728e+00   7.61261431e+00   6.05928898e+00   2.74850728e+00 
  4.77000000e+00   2.74850728e+00   7.61261431e+00   6.05928898e+00   2.74850728e+00 
  4.78000000e+00   2.74850728e+00   7.61261431e+00   6.05928898e+00   2.74850728e+00 
  4.79000000e+00   2.74850728e+00   7.61261431e+00   6.05928898e+00   2.74850728e+00 
  4.80000000e+00   2.74850728e+00   7.61261431e+00   6.05928898e+00   2.74850728e+00 
  4.81000000e+00   2.74850728e+00   7.61261431e+00   6.05928898e+00   2.74850728e+00 
  4.82000000e+00   2.74850728e+00   7.61261431e+00   6.05928898e+00   2.74850728e+00 
  4.83000000e+00   2.74850728e+00   7.61261431e+00   6.05928898e+00   2.74850728e+00 
  4.84000000e+00   2.74850728e+00   7.61261431e+00   6.05928898e+00   2.74850728e+00 
  4.85000000e+00   2.74850728e+00   7.61261431e+00   6.05928898e+00   2.74850728e+00 
  4.86000000e+00   2.74850728e+00   7.61261431e+00   6.05928898e+00   2.74850728e+00 
  4.87000000e+00   2.74850728e+00   7.61261431e+00   6.05928898e+00   2.74850728e+00 
  4.88000000e+00   2.74850728e+00   7.61261431e+00   6.05928898e+00   2.74850728e+00 
  4.89000000e+00   2.74850728e+00   7.61261431e+00   6.05928898e+00   2.74850728e+00 
  4.90000000e+00   2.74850728e+00   7.61261431e+00   6.05928898e+00   2.74850728e+00 
  4.91000000e+00   2.74850728e+00   7.61261431e+00   6.05928898e+00   2.74850728e+00 
  4.92000000e+00   2.74850728e+00   7.61261431e+00   6.05928898e+00   2.74850728e+00 
  4.93000000e+00   2.74850728e+00   7.61261431e+00   6.05928898e+00   2.74850728e+00 
  4.94000000e+00   2.74850728e+00   7.61261431e+00   6.05928898e+00   2.74850728e+00 
  4.95000000e+00   2.74850728e+00   7.61261431e+00   6.05928898e+00   2.74850728e+00 
  4.96000000e+00   2.74850728e+00   7.61261431e+00   6.05928898e+00   2.74850728e+00 
  4.97000000e+00   2.74850728e+00   7.61261431e+00   6.05928898e+00   2.74850728e+00 
  4.98000000e+00   2.74850728e+00   7.61261431e+00   6.05928898e+00   2.74850728e+00 
  4.99000000e+00   2.74850728e+00   7.61261431e+00   6.05928898e+00   2.74850728e+00 
  5.00000000e+00   2.74850728e+00   7.61261431e+00   6.05928898e+00   2.74850728e+00 
  5.01000000e+00   2.74850728e+00   7.61261431e+00   6.05928898e+00   2.74850728e+00 
  5.02000000e+00   2.74850728e+00   7.61261431e+00   6.05928898e+00   2.74850728e+00 
  5.03000000e+00   2.74850728e+00   7.61261431e+00   6.05928898e+00   2.74850728e+00 
  5.04000000e+00   2.74850728e+00   7.61261431e+00   6.05928898e+00   2.74850728e+00 
  5.05000000e+00   2.74850728e+00   7.61261431e+00   6.05928898e+00   2.74850728e+00 
  5.06000000e+00   2.74850728e+00   7.61261431e+00   6.05928898e+00   2.74850728e+00 
  5.07000000e+00   2.74850728e+00   7.61261431e+00   6.05928898e+00   2.74850728e+00 
  5.08000000e+00   2.74850728e+00   7.61261431e+00   6.05928898e+00   2.74850728e+00 
  5.09000000e+00   2.74850728e+00   7.61261431e+00   6.05928898e+00   2.74850728e+00 
  5.10000000e+00   2.74850728e+00   7.61261431e+00   6.05928898e+00   2.74850728e+00 
  5.11000000e+00   2.74850728e+00   7.61261431e+00   6.05928898e+00   2.74850728e+00 
  5.12000000e+00   2.74850728e+00   7.61261431e+00   6.05928898e+00   2.74850728e+00 
  5.13000000e+00   2.74850728e+00   7.61261431e+00   6.05928898e+00   2.74850728e+00 
  5.14000000e+00   2.74850728e+00   7.61261431e+00   6.05928898e+00   2.74850728e+00 
  5.15000000e+00   2.74850728e+00   7.61261431e+00   6.05928898e+00   2.74850728e+00 
  5.16000000e+00   2.74850728e+00   7.61261431e+00   6.05928898e+00   2.74850728e+00 
  5.17000000e+00   2.74850728e+00   7.61261431e+00   6.05928898e+00   2.74850728e+00 
  5.18000000e+00   2.74850728e+00   7.61261431e+00   6.05928898e+00   2.74850728e+00 
  5.19000000e+00   2.74850728e+00   7.61261431e+00   6.05928898e+00   2.74850728e+00 
  5.20000000e+00   2.74850728e+00   7.61261431e+00   6.05928898e+00   2.74850728e+00 
  5.21000000e+00   2.74850728e+00   7.61261431e+00   6.05928898e+00   2.74850728e+00 
  5.22000000e+00   2.74850728e+00   7.61261431e+00   6.05928898e+00   2.74850728e+00 
  5.23000000e+00   2.74850728e+00   7.61261431e+00   6.05928898e+00   2.74850728e+00 
  5.24000000e+00   2.74850728e+00   7.61261431e+00   6.05928898e+00   2.74850728e+00 
  5.25000000e+00   2.74850728e+00   7.61261431e+00   6.05928898e+00   2.74850728e+00 
  5.26000000e+00   2.74850728e+00   7.61261431e+00   6.05928898e+00   2.74850728e+00 
  5.27000000e+00   2.74850728e+00   7.61261431e+00   6.05928898e+00   2.74850728e+00 
  5.28000000e+00   2.74850728e+00   7.61261431e+00   6.05928898e+00   2.74850728e+00 
  5.29000000e+00   2.74850728e+00   7.61261431e+00   6.05928898e+00   2.74850728e+00 
  5.30000000e+00   2.74850728e+00   7.61261431e+00   6.05928898e+00   2.74850728e+00 
  5.31000000e+00   2.74850728e+00   7.61261431e+00   6.05928898e+00   2.74850728e+00 
  5.32000000e+00   2.74850728e+00   7.61261431e+00   6.05928898e+00   2.74850728e+00 
  5.33000000e+00   2.74850728e+00   7.61261431e+00   6.05928898e+00   2.74850728e+00 
  5.34000000e+00   2.74850728e+00   7.61261431e+00   6.05928898e+00   2.74850728e+00 
  5.35000000e+00   2.74850728e+00   7.61261431e+00   6.05928898e+00   2.74850728e+00 
  5.36000000e+00   2.74850728e+00   7.61261431e+00   6.05928898e+00   2.74850728e+00 
  5.37000000e+00   2.74850728e+00   7.61261431e+00   6.05928898e+00   2.74850728e+00 
  5.38000000e+00   2.74850728e+00   7.61261431e+00   6.05928898e+00   2.74850728e+00 
  5.39000000e+00   2.74850728e+00   7.61261431e+00   6.05928898e+00   2.74850728e+00 
  5.40000000e+00   2.74850728e+00   7.61261431e+00   6.05928898e+00   2.74850728e+00 
  5.41000000e+00   2.74850728e+00   7.61261431e+00   6.05928898e+00   2.74850728e+00 
  5.42000000e+00   2.74850728e+00   7.61261431e+00   6.05928898e+00   2.74850728e+00 
  5.43000000e+00   2.74850728e+00   7.61261431e+00   6.05928898e+00   2.74850728e+00 
  5.44000000e+00   2.74850728e+00   7.61261431e+00   6.05928898e+00   2.74850728e+00 
  5.45000000e+00   2.74850728e+00   7.61261431e+00   6.05928898e+00   2.74850728e+00 
  5.46000000e+00   2.74850728e+00   7.61261431e+00   6.05928898e+00   2.74850728e+00 
  5.47000000e+00   2.74850728e+00   7.61261431e+00   6.05928898e+00   2.74850728e+00 
  5.48000000e+00   2.74850728e+00   7.61261431e+00   6.05928898e+00   2.74850728e+00 
  5.49000000e+00   2.74850728e+00   7.61261431e+00   6.05928898e+00   2.74850728e+00 
  5.50000000e+00   2.74850728e+00   7.61261431e+00   6.05928898e+00   2.74850728e+00 
  5.51000000e+00   2.74850728e+00   7.61261431e+00   6.05928898e+00   2.74850728e+00 
  5.52000000e+00   2.74850728e+00   7.61261431e+00   6.05928898e+00   2.74850728e+00 
  5.53000000e+00   2.74850728e+00   7.61261431e+00   6.05928898e+00   2.74850728e+00 
  5.54000000e+00   2.74850728e+00   7.61261431e+00   6.05928898e+00   2.74850728e+00 
  5.55000000e+00   2.74850728e+00   7.61261431e+00   6.05928898e+00   2.74850728e+00 
  5.56000000e+00   2.74850728e+00   7.61261431e+00   6.05928898e+00   2.74850728e+00 
  5.57000000e+00   2.74850728e+00   7.61261431e+00   6.05928898e+00   2.74850728e+00 
  5.58000000e+00   2.74850728e+00   7.61261431e+00   6.05928898e+00   2.74850728e+00 
  5.59000000e+00   2.74850728e+00   7.61261431e+00   6.05928898e+00   2.74850728e+00 
  5.60000000e+00   2.74850728e+00   7.61261431e+00   6.05928898e+00   2.74850728e+00 
  5.61000000e+00   2.74850728e+00   7.61261431e+00   6.05928898e+00   2.74850728e+00 
  5.62000000e+00   2.74850728e+00   7.61261431e+00   6.05928898e+00   2.74850728e+00 
  5.63000000e+00   2.74850728e+00   7.61261431e+00   6.05928898e+00   2.74850728e+00 
  5.64000000e+00   2.74850728e+00   7.61261431e+00   6.05928898e+00   2.74850728e+00 
  5.65000000e+00   2.74850728e+00   7.61261431e+00   6.05928898e+00   2.74850728e+00 
  5.66000000e+00   2.74850728e+00   7.61261431e+00   6.05928898e+00   2.74850728e+00 
  5.67000000e+00   2.74850728e+00   7.61261431e+00   6.05928898e+00   2.74850728e+00 
  5.68000000e+00   2.74850728e+00   7.61261431e+00   6.05928898e+00   2.74850728e+00 
  5.69000000e+00   2.74850728e+00   7.61261431e+00   6.05928898e+00   2.74850728e+00 
  5.70000000e+00   2.74850728e+00   7.61261431e+00   6.05928898e+00   2.74850728e+00 
  5.71000000e+00   2.74850728e+00   7.61261431e+00   6.05928898e+00   2.74850728e+00 
  5.72000000e+00   2.74850728e+00   7.61261431e+00   6.05928898e+00   2.74850728e+00 
  5.73000000e+00   2.74850728e+00   7.61261431e+00   6.05928898e+00   2.74850728e+00 
  5.74000000e+00   2.74850728e+00   7.61261431e+00   6.05928898e+00   2.74850728e+00 
  5.75000000e+00   2.74850728e+00   7.61261431e+00   6.05928898e+00   2.74850728e+00 
  5.76000000e+00   2.74850728e+00   7.61261431e+00   6.05928898e+00   2.74850728e+00 
  5.77000000e+00   2.74850728e+00   7.61261431e+00   6.05928898e+00   2.74850728e+00 
  5.78000000e+00   2.74850728e+00   7.61261431e+00   6.05928898e+00   2.74850728e+00 
  5.79000000e+00   2.74850728e+00   7.61261431e+00   6.05928898e+00   2.74850728e+00 
  5.80000000e+00   2.74850728e+00   7.61261431e+00   6.05928898e+00   2.74850728e+00 
  5.81000000e+00   2.74850728e+00   7.61261431e+00   6.05928898e+00   2.74850728e+00 
  5.82000000e+00   2.74850728e+00   7.61261431e+00   6.05928898e+00   2.74850728e+00 
  5.83000000e+00   2.74850728e+00   7.61261431e+00   6.05928898e+00   2.74850728e+00 
  5.84000000e+00   2.74850728e+00   7.61261431e+00   6.05928898e+00   2.74850728e+00 
  5.85000000e+00   2.74850728e+00   7.61261431e+00   6.05928898e+00   2.74850728e+00 
  5.86000000e+00   2.74850728e+00   7.61261431e+00   6.05928898e+00   2.74850728e+00 
  5.87000000e+00   2.74850728e+00   7.61261431e+00   6.05928898e+00   2.74850728e+00 
  5.88000000e+00   2.74850728e+00   7.61261431e+00   6.05928898e+00   2.74850728e+00 
  5.89000000e+00   2.74850728e+00   7.61261431e+00   6.05928898e+00   2.74850728e+00 
  5.90000000e+00   2.74850728e+00   7.61261431e+00   6.05928898e+00   2.74850728e+00 
  5.91000000e+00   2.74850728e+00   7.61261431e+00   6.05928898e+00   2.74850728e+00 
  5.92000000e+00   2.74850728e+00   7.61261431e+00   6.05928898e+00   2.74850728e+00 
  5.93000000e+00   2.74850728e+00   7.61261431e+00   6.05928898e+00   2.74850728e+00 
  5.94000000e+00   2.74850728e+00   7.61261431e+00   6.05928898e+00   2.74850728e+00 
  5.95000000e+00   2.74850728e+00   7.61261431e+00   6.05928898e+00   2.74850728e+00 
  5.96000000e+00   2.74850728e+00   7.61261431e+00   6.05928898e+00   2.74850728e+00 
  5.97000000e+00   2.74850728e+00   7.61261431e+00   6.05928898e+00   2.74850728e+00 
  5.98000000e+00   2.74850728e+00   7.61261431e+00   6.05928898e+00   2.74850728e+00 
  5.99000000e+00   2.74850728e+00   7.61261431e+00   6.05928898e+00   2.74850728e+00 
  6.00000000e+00   2.74850728e+00   7.61261431e+00   6.05928898e+00   2.74850728e+00 
  6.01000000e+00   2.74850728e+00   7.61261431e+00   6.05928898e+00   2.74850728e+00 
  6.02000000e+00   2.74850728e+00   7.61261431e+00   6.05928898e+00   2.74850728e+00 
  6.03000000e+00   2.74850728e+00   7.61261431e+00   6.05928898e+00   2.74850728e+00 
  6.04000000e+00   2.74850728e+00   7.61261431e+00   6.05928898e+00   2.74850728e+00 
  6.05000000e+00   2.74850728e+00   7.61261431e+00   6.05928898e+00   2.74850728e+00 
  6.06000000e+00   2.74850728e+00   7.61261431e+00   6.05928898e+00   2.74850728e+00 
  6.07000000e+00   2.74850728e+00   7.61261431e+00   6.05928898e+00   2.74850728e+00 
  6.08000000e+00   2.74850728e+00   7.61261431e+00   6.05928898e+00   2.74850728e+00 
  6.09000000e+00   2.74850728e+00   7.61261431e+00   6.05928898e+00   2.74850728e+00 
  6.10000000e+00   2.74850728e+00   7.61261431e+00   6.05928898e+00   2.74850728e+00 
  6.11000000e+00   2.74850728e+00   7.61261431e+00   6.05928898e+00   2.74850728e+00 
  6.12000000e+00   2.74850728e+00   7.61261431e+00   6.05928898e+00   2.74850728e+00 
  6.13000000e+00   2.74850728e+00   7.61261431e+00   6.05928898e+00   2.74850728e+00 
  6.14000000e+00   2.74850728e+00   7.61261431e+00   6.05928898e+00   2.74850728e+00 
  6.15000000e+00   2.74850728e+00   7.61261431e+00   6.05928898e+00   2.74850728e+00 
  6.16000000e+00   2.74850728e+00   7.61261431e+00   6.05928898e+00   2.74850728e+00 
  6.17000000e+00   2.74850728e+00   7.61261431e+00   6.05928898e+00   2.74850728e+00 
  6.18000000e+00   2.74850728e+00   7.61261431e+00   6.05928898e+00   2.74850728e+00 
  6.19000000e+00   2.74850728e+00   7.61261431e+00   6.05928898e+00   2.74850728e+00 
  6.20000000e+00   2.74850728e+00   7.61261431e+00   6.05928898e+00   2.74850728e+00 
  6.21000000e+00   2.74850728e+00   7.61261431e+00   6.05928898e+00   2.74850728e+00 
  6.22000000e+00   2.74850728e+00   7.61261431e+00   6.05928898e+00   2.74850728e+00 
  6.23000000e+00   2.74850728e+00   7.61261431e+00   6.05928898e+00   2.74850728e+00 
  6.24000000e+00   2.74850728e+00   7.61261431e+00   6.05928898e+00   2.74850728e+00 
  6.25000000e+00   2.74850728e+00   7.61261431e+00   6.05928898e+00   2.74850728e+00 
  6.26000000e+00   2.74850728e+00   7.61261431e+00   6.05928898e+00   2.74850728e+00 
  6.27000000e+00   2.74850728e+00   7.61261431e+00   6.05928898e+00   2.74850728e+00 
  6.28000000e+00   2.74850728e+00   7.61261431e+00   6.05928898e+00   2.74850728e+00 
  6.29000000e+00   2.74850728e+00   7.61261431e+00   6.05928898e+00   2.74850728e+00 
  6.30000000e+00   2.74850728e+00   7.61261431e+00   6.05928898e+00   2.74850728e+00 
  6.31000000e+00   2.74850728e+00   7.61261431e+00   6.05928898e+00   2.74850728e+00 
  6.32000000e+00   2.74850728e+00   7.61261431e+00   6.05928898e+00   2.74850728e+00 
  6.33000000e+00   2.74850728e+00   7.61261431e+00   6.05928898e+00   2.74850728e+00 
  6.34000000e+00   2.74850728e+00   7.61261431e+00   6.05928898e+00   2.74850728e+00 
  6.35000000e+00   2.74850728e+00   7.61261431e+00   6.05928898e+00   2.74850728e+00 
  6.36000000e+00   2.74850728e+00   7.61261431e+00   6.05928898e+00   2.74850728e+00 
  6.37000000e+00   2.74850728e+00   7.61261431e+00   6.05928898e+00   2.74850728e+00 
  6.38000000e+00   2.74850728e+00   7.61261431e+00   6.05928898e+00   2.74850728e+00 
  6.39000000e+00   2.74850728e+00   7.61261431e+00   6.05928898e+00   2.74850728e+00 
  6.40000000e+00   2.74850728e+00   7.61261431e+00   6.05928898e+00   2.74850728e+00 
  6.41000000e+00   2.74850728e+00   7.61261431e+00   6.05928898e+00   2.74850728e+00 
  6.42000000e+00   2.74850728e+00   7.61261431e+00   6.05928898e+00   2.74850728e+00 
  6.43000000e+00   2.74850728e+00   7.61261431e+00   6.05928898e+00   2.74850728e+00 
  6.44000000e+00   2.74850728e+00   7.61261431e+00   6.05928898e+00   2.74850728e+00 
  6.45000000e+00   2.74850728e+00   7.61261431e+00   6.05928898e+00   2.74850728e+00 
  6.46000000e+00   2.74850728e+00   7.61261431e+00   6.05928898e+00   2.74850728e+00 
  6.47000000e+00   2.74850728e+00   7.61261431e+00   6.05928898e+00   2.74850728e+00 
  6.48000000e+00   2.74850728e+00   7.61261431e+00   6.05928898e+00   2.74850728e+00 
  6.49000000e+00   2.74850728e+00   7.61261431e+00   6.05928898e+00   2.74850728e+00 
  6.50000000e+00   2.74850728e+00   7.61261431e+00   6.05928898e+00   2.74850728e+00 
  6.51000000e+00   2.74850728e+00   7.61261431e+00   6.05928898e+00   2.74850728e+00 
  6.52000000e+00   2.74850728e+00   7.61261431e+00   6.05928898e+00   2.74850728e+00 
  6.53000000e+00   2.74850728e+00   7.61261431e+00   6.05928898e+00   2.74850728e+00 
  6.54000000e+00   2.74850728e+00   7.61261431e+00   6.05928898e+00   2.74850728e+00 
  6.55000000e+00   2.74850728e+00   7.61261431e+00   6.05928898e+00   2.74850728e+00 
  6.56000000e+00   2.74850728e+00   7.61261431e+00   6.05928898e+00   2.74850728e+00 
  6.57000000e+00   2.74850728e+00   7.61261431e+00   6.05928898e+00   2.74850728e+00 
  6.58000000e+00   2.74850728e+00   7.61261431e+00   6.05928898e+00   2.74850728e+00 
  6.59000000e+00   2.74850728e+00   7.61261431e+00   6.05928898e+00   2.74850728e+00 
  6.60000000e+00   2.74850728e+00   7.61261431e+00   6.05928898e+00   2.74850728e+00 
  6.61000000e+00   2.74850728e+00   7.61261431e+00   6.05928898e+00   2.74850728e+00 
  6.62000000e+00   2.74850728e+00   7.61261431e+00   6.05928898e+00   2.74850728e+00 
  6.63000000e+00   2.74850728e+00   7.61261431e+00   6.05928898e+00   2.74850728e+00 
  6.64000000e+00   2.74850728e+00   7.61261431e+00   6.05928898e+00   2.74850728e+00 
  6.65000000e+00   2.74850728e+00   7.61261431e+00   6.05928898e+00   2.74850728e+00 
  6.66000000e+00   2.74850728e+00   7.61261431e+00   6.05928898e+00   2.74850728e+00 
  6.67000000e+00   2.74850728e+00   7.61261431e+00   6.05928898e+00   2.74850728e+00 
  6.68000000e+00   2.74850728e+00   7.61261431e+00   6.05928898e+00   2.74850728e+00 
  6.69000000e+00   2.74850728e+00   7.61261431e+00   6.05928898e+00   2.74850728e+00 
  6.70000000e+00   2.74850728e+00   7.61261431e+00   6.05928898e+00   2.74850728e+00 
  6.71000000e+00   2.74850728e+00   7.61261431e+00   6.05928898e+00   2.74850728e+00 
  6.72000000e+00   2.74850728e+00   7.61261431e+00   6.05928898e+00   2.74850728e+00 
  6.73000000e+00   2.74850728e+00   7.61261431e+00   6.05928898e+00   2.74850728e+00 
  6.74000000e+00   2.74850728e+00   7.61261431e+00   6.05928898e+00   2.74850728e+00 
  6.75000000e+00   2.74850728e+00   7.61261431e+00   6.05928898e+00   2.74850728e+00 
  6.76000000e+00   2.74850728e+00   7.61261431e+00   6.05928898e+00   2.74850728e+00 
  6.77000000e+00   2.74850728e+00   7.61261431e+00   6.05928898e+00   2.74850728e+00 
  6.78000000e+00   2.74850728e+00   7.61261431e+00   6.05928898e+00   2.74850728e+00 
  6.79000000e+00   2.74850728e+00   7.61261431e+00   6.05928898e+00   2.74850728e+00 
  6.80000000e+00   2.74850728e+00   7.61261431e+00   6.05928898e+00   2.74850728e+00 
  6.81000000e+00   2.74850728e+00   7.61261431e+00   6.05928898e+00   2.74850728e+00 
  6.82000000e+00   2.74850728e+00   7.61261431e+00   6.05928898e+00   2.74850728e+00 
  6.83000000e+00   2.74850728e+00   7.61261431e+00   6.05928898e+00   2.74850728e+00 
  6.84000000e+00   2.74850728e+00   7.61261431e+00   6.05928898e+00   2.74850728e+00 
  6.85000000e+00   2.74850728e+00   7.61261431e+00   6.05928898e+00   2.74850728e+00 
  6.86000000e+00   2.74850728e+00   7.61261431e+00   6.05928898e+00   2.74850728e+00 
  6.87000000e+00   2.74850728e+00   7.61261431e+00   6.05928898e+00   2.74850728e+00 
  6.88000000e+00   2.74850728e+00   7.61261431e+00   6.05928898e+00   2.74850728e+00 
  6.89000000e+00   2.74850728e+00   7.61261431e+00   6.05928898e+00   2.74850728e+00 
  6.90000000e+00   2.74850728e+00   7.61261431e+00   6.05928898e+00   2.74850728e+00 
  6.91000000e+00   2.74850728e+00   7.61261431e+00   6.05928898e+00   2.74850728e+00 
  6.92000000e+00   2.74850728e+00   7.61261431e+00   6.05928898e+00   2.74850728e+00 
  6.93000000e+00   2.74850728e+00   7.61261431e+00   6.05928898e+00   2.74850728e+00 
  6.94000000e+00   2.74850728e+00   7.61261431e+00   6.05928898e+00   2.74850728e+00 
  6.95000000e+00   2.74850728e+00   7.61261431e+00   6.05928898e+00   2.74850728e+00 
  6.96000000e+00   2.74850728e+00   7.61261431e+00   6.05928898e+00   2.74850728e+00 
  6.97000000e+00   2.74850728e+00   7.61261431e+00   6.05928898e+00   2.74850728e+00 
  6.98000000e+00   2.74850728e+00   7.61261431e+00   6.05928898e+00   2.74850728e+00 
  6.99000000e+00   2.74850728e+00   7.61261431e+00   6.05928898e+00   2.74850728e+00 
  7.00000000e+00   2.74850728e+00   7.61261431e+00   6.05928898e+00   2.74850728e+00 
  7.01000000e+00   2.74850728e+00   7.61261431e+00   6.05928898e+00   2.74850728e+00 
  7.02000000e+00   2.74850728e+00   7.61261431e+00   6.05928898e+00   2.74850728e+00 
  7.03000000e+00   2.74850728e+00   7.61261431e+00   6.05928898e+00   2.74850728e+00 
  7.04000000e+00   2.74850728e+00   7.61261431e+00   6.05928898e+00   2.74850728e+00 
  7.05000000e+00   2.74850728e+00   7.61261431e+00   6.05928898e+00   2.74850728e+00 
  7.06000000e+00   2.74850728e+00   7.61261431e+00   6.05928898e+00   2.74850728e+00 
  7.07000000e+00   2.74850728e+00   7.61261431e+00   6.05928898e+00   2.74850728e+00 
  7.08000000e+00   2.74850728e+00   7.61261431e+00   6.05928898e+00   2.74850728e+00 
  7.09000000e+00   2.74850728e+00   7.61261431e+00   6.05928898e+00   2.74850728e+00 
  7.10000000e+00   2.74850728e+00   7.61261431e+00   6.05928898e+00   2.74850728e+00 
  7.11000000e+00   2.74850728e+00   7.61261431e+00   6.05928898e+00   2.74850728e+00 
  7.12000000e+00   2.74850728e+00   7.61261431e+00   6.05928898e+00   2.74850728e+00 
  7.13000000e+00   2.74850728e+00   7.61261431e+00   6.05928898e+00   2.74850728e+00 
  7.14000000e+00   2.74850728e+00   7.61261431e+00   6.05928898e+00   2.74850728e+00 
  7.15000000e+00   2.74850728e+00   7.61261431e+00   6.05928898e+00   2.74850728e+00 
  7.16000000e+00   2.74850728e+00   7.61261431e+00   6.05928898e+00   2.74850728e+00 
  7.17000000e+00   2.74850728e+00   7.61261431e+00   6.05928898e+00   2.74850728e+00 
  7.18000000e+00   2.74850728e+00   7.61261431e+00   6.05928898e+00   2.74850728e+00 
  7.19000000e+00   2.74850728e+00   7.61261431e+00   6.05928898e+00   2.74850728e+00 
  7.20000000e+00   2.74850728e+00   7.61261431e+00   6.05928898e+00   2.74850728e+00 
  7.21000000e+00   2.74850728e+00   7.61261431e+00   6.05928898e+00   2.74850728e+00 
  7.22000000e+00   2.74850728e+00   7.61261431e+00   6.05928898e+00   2.74850728e+00 
  7.23000000e+00   2.74850728e+00   7.61261431e+00   6.05928898e+00   2.74850728e+00 
  7.24000000e+00   2.74850728e+00   7.61261431e+00   6.05928898e+00   2.74850728e+00 
  7.25000000e+00   2.74850728e+00   7.61261431e+00   6.05928898e+00   2.74850728e+00 
  7.26000000e+00   2.74850728e+00   7.61261431e+00   6.05928898e+00   2.74850728e+00 
  7.27000000e+00   2.74850728e+00   7.61261431e+00   6.05928898e+00   2.74850728e+00 
  7.28000000e+00   2.74850728e+00   7.61261431e+00   6.05928898e+00   2.74850728e+00 
  7.29000000e+00   2.74850728e+00   7.61261431e+00   6.05928898e+00   2.74850728e+00 
  7.30000000e+00   2.74850728e+00   7.61261431e+00   6.05928898e+00   2.74850728e+00 
  7.31000000e+00   2.74850728e+00   7.61261431e+00   6.05928898e+00   2.74850728e+00 
  7.32000000e+00   2.74850728e+00   7.61261431e+00   6.05928898e+00   2.74850728e+00 
  7.33000000e+00   2.74850728e+00   7.61261431e+00   6.05928898e+00   2.74850728e+00 
  7.34000000e+00   2.74850728e+00   7.61261431e+00   6.05928898e+00   2.74850728e+00 
  7.35000000e+00   2.74850728e+00   7.61261431e+00   6.05928898e+00   2.74850728e+00 
  7.36000000e+00   2.74850728e+00   7.61261431e+00   6.05928898e+00   2.74850728e+00 
  7.37000000e+00   2.74850728e+00   7.61261431e+00   6.05928898e+00   2.74850728e+00 
  7.38000000e+00   2.74850728e+00   7.61261431e+00   6.05928898e+00   2.74850728e+00 
  7.39000000e+00   2.74850728e+00   7.61261431e+00   6.05928898e+00   2.74850728e+00 
  7.40000000e+00   2.74850728e+00   7.61261431e+00   6.05928898e+00   2.74850728e+00 
  7.41000000e+00   2.74850728e+00   7.61261431e+00   6.05928898e+00   2.74850728e+00 
  7.42000000e+00   2.74850728e+00   7.61261431e+00   6.05928898e+00   2.74850728e+00 
  7.43000000e+00   2.74850728e+00   7.61261431e+00   6.05928898e+00   2.74850728e+00 
  7.44000000e+00   2.74850728e+00   7.61261431e+00   6.05928898e+00   2.74850728e+00 
  7.45000000e+00   2.74850728e+00   7.61261431e+00   6.05928898e+00   2.74850728e+00 
  7.46000000e+00   2.74850728e+00   7.61261431e+00   6.05928898e+00   2.74850728e+00 
  7.47000000e+00   2.74850728e+00   7.61261431e+00   6.05928898e+00   2.74850728e+00 
  7.48000000e+00   2.74850728e+00   7.61261431e+00   6.05928898e+00   2.74850728e+00 
  7.49000000e+00   2.74850728e+00   7.61261431e+00   6.05928898e+00   2.74850728e+00 
  7.50000000e+00   2.74850728e+00   7.61261431e+00   6.05928898e+00   2.74850728e+00 
  7.51000000e+00   2.74850728e+00   7.61261431e+00   6.05928898e+00   2.74850728e+00 
  7.52000000e+00   2.74850728e+00   7.61261431e+00   6.05928898e+00   2.74850728e+00 
  7.53000000e+00   2.74850728e+00   7.61261431e+00   6.05928898e+00   2.74850728e+00 
  7.54000000e+00   2.74850728e+00   7.61261431e+00   6.05928898e+00   2.74850728e+00 
  7.55000000e+00   2.74850728e+00   7.61261431e+00   6.05928898e+00   2.74850728e+00 
  7.56000000e+00   2.74850728e+00   7.61261431e+00   6.05928898e+00   2.74850728e+00 
  7.57000000e+00   2.74850728e+00   7.61261431e+00   6.05928898e+00   2.74850728e+00 
  7.58000000e+00   2.74850728e+00   7.61261431e+00   6.05928898e+00   2.74850728e+00 
  7.59000000e+00   2.74850728e+00   7.61261431e+00   6.05928898e+00   2.74850728e+00 
  7.60000000e+00   2.74850728e+00   7.61261431e+00   6.05928898e+00   2.74850728e+00 
  7.61000000e+00   2.74850728e+00   7.61261431e+00   6.05928898e+00   2.74850728e+00 
  7.62000000e+00   2.74850728e+00   7.61261431e+00   6.05928898e+00   2.74850728e+00 
  7.63000000e+00   2.74850728e+00   7.61261431e+00   6.05928898e+00   2.74850728e+00 
  7.64000000e+00   2.74850728e+00   7.61261431e+00   6.05928898e+00   2.74850728e+00 
  7.65000000e+00   2.74850728e+00   7.61261431e+00   6.05928898e+00   2.74850728e+00 
  7.66000000e+00   2.74850728e+00   7.61261431e+00   6.05928898e+00   2.74850728e+00 
  7.67000000e+00   2.74850728e+00   7.61261431e+00   6.05928898e+00   2.74850728e+00 
  7.68000000e+00   2.74850728e+00   7.61261431e+00   6.05928898e+00   2.74850728e+00 
  7.69000000e+00   2.74850728e+00   7.61261431e+00   6.05928898e+00   2.74850728e+00 
  7.70000000e+00   2.74850728e+00   7.61261431e+00   6.05928898e+00   2.74850728e+00 
  7.71000000e+00   2.74850728e+00   7.61261431e+00   6.05928898e+00   2.74850728e+00 
  7.72000000e+00   2.74850728e+00   7.61261431e+00   6.05928898e+00   2.74850728e+00 
  7.73000000e+00   2.74850728e+00   7.61261431e+00   6.05928898e+00   2.74850728e+00 
  7.74000000e+00   2.74850728e+00   7.61261431e+00   6.05928898e+00   2.74850728e+00 
  7.75000000e+00   2.74850728e+00   7.61261431e+00   6.05928898e+00   2.74850728e+00 
  7.76000000e+00   2.74850728e+00   7.61261431e+00   6.05928898e+00   2.74850728e+00 
  7.77000000e+00   2.74850728e+00   7.61261431e+00   6.05928898e+00   2.74850728e+00 
  7.78000000e+00   2.74850728e+00   7.61261431e+00   6.05928898e+00   2.74850728e+00 
  7.79000000e+00   2.74850728e+00   7.61261431e+00   6.05928898e+00   2.74850728e+00 
  7.80000000e+00   2.74850728e+00   7.61261431e+00   6.05928898e+00   2.74850728e+00 
  7.81000000e+00   2.74850728e+00   7.61261431e+00   6.05928898e+00   2.74850728e+00 
  7.82000000e+00   2.74850728e+00   7.61261431e+00   6.05928898e+00   2.74850728e+00 
  7.83000000e+00   2.74850728e+00   7.61261431e+00   6.05928898e+00   2.74850728e+00 
  7.84000000e+00   2.74850728e+00   7.61261431e+00   6.05928898e+00   2.74850728e+00 
  7.85000000e+00   2.74850728e+00   7.61261431e+00   6.05928898e+00   2.74850728e+00 
  7.86000000e+00   2.74850728e+00   7.61261431e+00   6.05928898e+00   2.74850728e+00 
  7.87000000e+00   2.74850728e+00   7.61261431e+00   6.05928898e+00   2.74850728e+00 
  7.88000000e+00   2.74850728e+00   7.61261431e+00   6.05928898e+00   2.74850728e+00 
  7.89000000e+00   2.74850728e+00   7.61261431e+00   6.05928898e+00   2.74850728e+00 
  7.90000000e+00   2.74850728e+00   7.61261431e+00   6.05928898e+00   2.74850728e+00 
  7.91000000e+00   2.74850728e+00   7.61261431e+00   6.05928898e+00   2.74850728e+00 
  7.92000000e+00   2.74850728e+00   7.61261431e+00   6.05928898e+00   2.74850728e+00 
  7.93000000e+00   2.74850728e+00   7.61261431e+00   6.05928898e+00   2.74850728e+00 
  7.94000000e+00   2.74850728e+00   7.61261431e+00   6.05928898e+00   2.74850728e+00 
  7.95000000e+00   2.74850728e+00   7.61261431e+00   6.05928898e+00   2.74850728e+00 
  7.96000000e+00   2.74850728e+00   7.61261431e+00   6.05928898e+00   2.74850728e+00 
  7.97000000e+00   2.74850728e+00   7.61261431e+00   6.05928898e+00   2.74850728e+00 
  7.98000000e+00   2.74850728e+00   7.61261431e+00   6.05928898e+00   2.74850728e+00 
  7.99000000e+00   2.74850728e+00   7.61261431e+00   6.05928898e+00   2.74850728e+00 
  8.00000000e+00   2.74850728e+00   7.61261431e+00   6.05928898e+00   2.74850728e+00 
  8.01000000e+00   2.74850728e+00   7.61261431e+00   6.05928898e+00   2.74850728e+00 
  8.02000000e+00   2.74850728e+00   7.61261431e+00   6.05928898e+00   2.74850728e+00 
  8.03000000e+00   2.74850728e+00   7.61261431e+00   6.05928898e+00   2.74850728e+00 
  8.04000000e+00   2.74850728e+00   7.61261431e+00   6.05928898e+00   2.74850728e+00 
  8.05000000e+00   2.74850728e+00   7.61261431e+00   6.05928898e+00   2.74850728e+00 
  8.06000000e+00   2.74850728e+00   7.61261431e+00   6.05928898e+00   2.74850728e+00 
  8.07000000e+00   2.74850728e+00   7.61261431e+00   6.05928898e+00   2.74850728e+00 
  8.08000000e+00   2.74850728e+00   7.61261431e+00   6.05928898e+00   2.74850728e+00 
  8.09000000e+00   2.74850728e+00   7.61261431e+00   6.05928898e+00   2.74850728e+00 
  8.10000000e+00   2.74850728e+00   7.61261431e+00   6.05928898e+00   2.74850728e+00 
  8.11000000e+00   2.74850728e+00   7.61261431e+00   6.05928898e+00   2.74850728e+00 
  8.12000000e+00   2.74850728e+00   7.61261431e+00   6.05928898e+00   2.74850728e+00 
  8.13000000e+00   2.74850728e+00   7.61261431e+00   6.05928898e+00   2.74850728e+00 
  8.14000000e+00   2.74850728e+00   7.61261431e+00   6.05928898e+00   2.74850728e+00 
  8.15000000e+00   2.74850728e+00   7.61261431e+00   6.05928898e+00   2.74850728e+00 
  8.16000000e+00   2.74850728e+00   7.61261431e+00   6.05928898e+00   2.74850728e+00 
  8.17000000e+00   2.74850728e+00   7.61261431e+00   6.05928898e+00   2.74850728e+00 
  8.18000000e+00   2.74850728e+00   7.61261431e+00   6.05928898e+00   2.74850728e+00 
  8.19000000e+00   2.74850728e+00   7.61261431e+00   6.05928898e+00   2.74850728e+00 
  8.20000000e+00   2.74850728e+00   7.61261431e+00   6.05928898e+00   2.74850728e+00 
  8.21000000e+00   2.74850728e+00   7.61261431e+00   6.05928898e+00   2.74850728e+00 
  8.22000000e+00   2.74850728e+00   7.61261431e+00   6.05928898e+00   2.74850728e+00 
  8.23000000e+00   2.74850728e+00   7.61261431e+00   6.05928898e+00   2.74850728e+00 
  8.24000000e+00   2.74850728e+00   7.61261431e+00   6.05928898e+00   2.74850728e+00 
  8.25000000e+00   2.74850728e+00   7.61261431e+00   6.05928898e+00   2.74850728e+00 
  8.26000000e+00   2.74850728e+00   7.61261431e+00   6.05928898e+00   2.74850728e+00 
  8.27000000e+00   2.74850728e+00   7.61261431e+00   6.05928898e+00   2.74850728e+00 
  8.28000000e+00   2.74850728e+00   7.61261431e+00   6.05928898e+00   2.74850728e+00 
  8.29000000e+00   2.74850728e+00   7.61261431e+00   6.05928898e+00   2.74850728e+00 
  8.30000000e+00   2.74850728e+00   7.61261431e+00   6.05928898e+00   2.74850728e+00 
  8.31000000e+00   2.74850728e+00   7.61261431e+00   6.05928898e+00   2.74850728e+00 
  8.32000000e+00   2.74850728e+00   7.61261431e+00   6.05928898e+00   2.74850728e+00 
  8.33000000e+00   2.74850728e+00   7.61261431e+00   6.05928898e+00   2.74850728e+00 
  8.34000000e+00   2.74850728e+00   7.61261431e+00   6.05928898e+00   2.74850728e+00 
  8.35000000e+00   2.74850728e+00   7.61261431e+00   6.05928898e+00   2.74850728e+00 
  8.36000000e+00   2.74850728e+00   7.61261431e+00   6.05928898e+00   2.74850728e+00 
  8.37000000e+00   2.74850728e+00   7.61261431e+00   6.05928898e+00   2.74850728e+00 
  8.38000000e+00   2.74850728e+00   7.61261431e+00   6.05928898e+00   2.74850728e+00 
  8.39000000e+00   2.74850728e+00   7.61261431e+00   6.05928898e+00   2.74850728e+00 
  8.40000000e+00   2.74850728e+00   7.61261431e+00   6.05928898e+00   2.74850728e+00 
  8.41000000e+00   2.74850728e+00   7.61261431e+00   6.05928898e+00   2.74850728e+00 
  8.42000000e+00   2.74850728e+00   7.61261431e+00   6.05928898e+00   2.74850728e+00 
  8.43000000e+00   2.74850728e+00   7.61261431e+00   6.05928898e+00   2.74850728e+00 
  8.44000000e+00   2.74850728e+00   7.61261431e+00   6.05928898e+00   2.74850728e+00 
  8.45000000e+00   2.74850728e+00   7.61261431e+00   6.05928898e+00   2.74850728e+00 
  8.46000000e+00   2.74850728e+00   7.61261431e+00   6.05928898e+00   2.74850728e+00 
  8.47000000e+00   2.74850728e+00   7.61261431e+00   6.05928898e+00   2.74850728e+00 
  8.48000000e+00   2.74850728e+00   7.61261431e+00   6.05928898e+00   2.74850728e+00 
  8.49000000e+00   2.74850728e+00   7.61261431e+00   6.05928898e+00   2.74850728e+00 
  8.50000000e+00   2.74850728e+00   7.61261431e+00   6.05928898e+00   2.74850728e+00 
  8.51000000e+00   2.74850728e+00   7.61261431e+00   6.05928898e+00   2.74850728e+00 
  8.52000000e+00   2.74850728e+00   7.61261431e+00   6.05928898e+00   2.74850728e+00 
  8.53000000e+00   2.74850728e+00   7.61261431e+00   6.05928898e+00   2.74850728e+00 
  8.54000000e+00   2.74850728e+00   7.61261431e+00   6.05928898e+00   2.74850728e+00 
  8.55000000e+00   2.74850728e+00   7.61261431e+00   6.05928898e+00   2.74850728e+00 
  8.56000000e+00   2.74850728e+00   7.61261431e+00   6.05928898e+00   2.74850728e+00 
  8.57000000e+00   2.74850728e+00   7.61261431e+00   6.05928898e+00   2.74850728e+00 
  8.58000000e+00   2.74850728e+00   7.61261431e+00   6.05928898e+00   2.74850728e+00 
  8.59000000e+00   2.74850728e+00   7.61261431e+00   6.05928898e+00   2.74850728e+00 
  8.60000000e+00   2.74850728e+00   7.61261431e+00   6.05928898e+00   2.74850728e+00 
  8.61000000e+00   2.74850728e+00   7.61261431e+00   6.05928898e+00   2.74850728e+00 
  8.62000000e+00   2.74850728e+00   7.61261431e+00   6.05928898e+00   2.74850728e+00 
  8.63000000e+00   2.74850728e+00   7.61261431e+00   6.05928898e+00   2.74850728e+00 
  8.64000000e+00   2.74850728e+00   7.61261431e+00   6.05928898e+00   2.74850728e+00 
  8.65000000e+00   2.74850728e+00   7.61261431e+00   6.05928898e+00   2.74850728e+00 
  8.66000000e+00   2.74850728e+00   7.61261431e+00   6.05928898e+00   2.74850728e+00 
  8.67000000e+00   2.74850728e+00   7.61261431e+00   6.05928898e+00   2.74850728e+00 
  8.68000000e+00   2.74850728e+00   7.61261431e+00   6.05928898e+00   2.74850728e+00 
  8.69000000e+00   2.74850728e+00   7.61261431e+00   6.05928898e+00   2.74850728e+00 
  8.70000000e+00   2.74850728e+00   7.61261431e+00   6.05928898e+00   2.74850728e+00 
  8.71000000e+00   2.74850728e+00   7.61261431e+00   6.05928898e+00   2.74850728e+00 
  8.72000000e+00   2.74850728e+00   7.61261431e+00   6.05928898e+00   2.74850728e+00 
  8.73000000e+00   2.74850728e+00   7.61261431e+00   6.05928898e+00   2.74850728e+00 
  8.74000000e+00   2.74850728e+00   7.61261431e+00   6.05928898e+00   2.74850728e+00 
  8.75000000e+00   2.74850728e+00   7.61261431e+00   6.05928898e+00   2.74850728e+00 
  8.76000000e+00   2.74850728e+00   7.61261431e+00   6.05928898e+00   2.74850728e+00 
  8.77000000e+00   2.74850728e+00   7.61261431e+00   6.05928898e+00   2.74850728e+00 
  8.78000000e+00   2.74850728e+00   7.61261431e+00   6.05928898e+00   2.74850728e+00 
  8.79000000e+00   2.74850728e+00   7.61261431e+00   6.05928898e+00   2.74850728e+00 
  8.80000000e+00   2.74850728e+00   7.61261431e+00   6.05928898e+00   2.74850728e+00 
  8.81000000e+00   2.74850728e+00   7.61261431e+00   6.05928898e+00   2.74850728e+00 
  8.82000000e+00   2.74850728e+00   7.61261431e+00   6.05928898e+00   2.74850728e+00 
  8.83000000e+00   2.74850728e+00   7.61261431e+00   6.05928898e+00   2.74850728e+00 
  8.84000000e+00   2.74850728e+00   7.61261431e+00   6.05928898e+00   2.74850728e+00 
  8.85000000e+00   2.74850728e+00   7.61261431e+00   6.05928898e+00   2.74850728e+00 
  8.86000000e+00   2.74850728e+00   7.61261431e+00   6.05928898e+00   2.74850728e+00 
  8.87000000e+00   2.74850728e+00   7.61261431e+00   6.05928898e+00   2.74850728e+00 
  8.88000000e+00   2.74850728e+00   7.61261431e+00   6.05928898e+00   2.74850728e+00 
  8.89000000e+00   2.74850728e+00   7.61261431e+00   6.05928898e+00   2.74850728e+00 
  8.90000000e+00   2.74850728e+00   7.61261431e+00   6.05928898e+00   2.74850728e+00 
  8.91000000e+00   2.74850728e+00   7.61261431e+00   6.05928898e+00   2.74850728e+00 
  8.92000000e+00   2.74850728e+00   7.61261431e+00   6.05928898e+00   2.74850728e+00 
  8.93000000e+00   2.74850728e+00   7.61261431e+00   6.05928898e+00   2.74850728e+00 
  8.94000000e+00   2.74850728e+00   7.61261431e+00   6.05928898e+00   2.74850728e+00 
  8.95000000e+00   2.74850728e+00   7.61261431e+00   6.05928898e+00   2.74850728e+00 
  8.96000000e+00   2.74850728e+00   7.61261431e+00   6.05928898e+00   2.74850728e+00 
  8.97000000e+00   2.74850728e+00   7.61261431e+00   6.05928898e+00   2.74850728e+00 
  8.98000000e+00   2.74850728e+00   7.61261431e+00   6.05928898e+00   2.74850728e+00 
  8.99000000e+00   2.74850728e+00   7.61261431e+00   6.05928898e+00   2.74850728e+00 
  9.00000000e+00   2.74850728e+00   7.61261431e+00   6.05928898e+00   2.74850728e+00 
  9.01000000e+00   2.74850728e+00   7.61261431e+00   6.05928898e+00   2.74850728e+00 
  9.02000000e+00   2.74850728e+00   7.61261431e+00   6.05928898e+00   2.74850728e+00 
  9.03000000e+00   2.74850728e+00   7.61261431e+00   6.05928898e+00   2.74850728e+00 
  9.04000000e+00   2.74850728e+00   7.61261431e+00   6.05928898e+00   2.74850728e+00 
  9.05000000e+00   2.74850728e+00   7.61261431e+00   6.05928898e+00   2.74850728e+00 
  9.06000000e+00   2.74850728e+00   7.61261431e+00   6.05928898e+00   2.74850728e+00 
  9.07000000e+00   2.74850728e+00   7.61261431e+00   6.05928898e+00   2.74850728e+00 
  9.08000000e+00   2.74850728e+00   7.61261431e+00   6.05928898e+00   2.74850728e+00 
  9.09000000e+00   2.74850728e+00   7.61261431e+00   6.05928898e+00   2.74850728e+00 
  9.10000000e+00   2.74850728e+00   7.61261431e+00   6.05928898e+00   2.74850728e+00 
  9.11000000e+00   2.74850728e+00   7.61261431e+00   6.05928898e+00   2.74850728e+00 
  9.12000000e+00   2.74850728e+00   7.61261431e+00   6.05928898e+00   2.74850728e+00 
  9.13000000e+00   2.74850728e+00   7.61261431e+00   6.05928898e+00   2.74850728e+00 
  9.14000000e+00   2.74850728e+00   7.61261431e+00   6.05928898e+00   2.74850728e+00 
  9.15000000e+00   2.74850728e+00   7.61261431e+00   6.05928898e+00   2.74850728e+00 
  9.16000000e+00   2.74850728e+00   7.61261431e+00   6.05928898e+00   2.74850728e+00 
  9.17000000e+00   2.74850728e+00   7.61261431e+00   6.05928898e+00   2.74850728e+00 
  9.18000000e+00   2.74850728e+00   7.61261431e+00   6.05928898e+00   2.74850728e+00 
  9.19000000e+00   2.74850728e+00   7.61261431e+00   6.05928898e+00   2.74850728e+00 
  9.20000000e+00   2.74850728e+00   7.61261431e+00   6.05928898e+00   2.74850728e+00 
  9.21000000e+00   2.74850728e+00   7.61261431e+00   6.05928898e+00   2.74850728e+00 
  9.22000000e+00   2.74850728e+00   7.61261431e+00   6.05928898e+00   2.74850728e+00 
  9.23000000e+00   2.74850728e+00   7.61261431e+00   6.05928898e+00   2.74850728e+00 
  9.24000000e+00   2.74850728e+00   7.61261431e+00   6.05928898e+00   2.74850728e+00 
  9.25000000e+00   2.74850728e+00   7.61261431e+00   6.05928898e+00   2.74850728e+00 
  9.26000000e+00   2.74850728e+00   7.61261431e+00   6.05928898e+00   2.74850728e+00 
  9.27000000e+00   2.74850728e+00   7.61261431e+00   6.05928898e+00   2.74850728e+00 
  9.28000000e+00   2.74850728e+00   7.61261431e+00   6.05928898e+00   2.74850728e+00 
  9.29000000e+00   2.74850728e+00   7.61261431e+00   6.05928898e+00   2.74850728e+00 
  9.30000000e+00   2.74850728e+00   7.61261431e+00   6.05928898e+00   2.74850728e+00 
  9.31000000e+00   2.74850728e+00   7.61261431e+00   6.05928898e+00   2.74850728e+00 
  9.32000000e+00   2.74850728e+00   7.61261431e+00   6.05928898e+00   2.74850728e+00 
  9.33000000e+00   2.74850728e+00   7.61261431e+00   6.05928898e+00   2.74850728e+00 
  9.34000000e+00   2.74850728e+00   7.61261431e+00   6.05928898e+00   2.74850728e+00 
  9.35000000e+00   2.74850728e+00   7.61261431e+00   6.05928898e+00   2.74850728e+00 
  9.36000000e+00   2.74850728e+00   7.61261431e+00   6.05928898e+00   2.74850728e+00 
  9.37000000e+00   2.74850728e+00   7.61261431e+00   6.05928898e+00   2.74850728e+00 
  9.38000000e+00   2.74850728e+00   7.61261431e+00   6.05928898e+00   2.74850728e+00 
  9.39000000e+00   2.74850728e+00   7.61261431e+00   6.05928898e+00   2.74850728e+00 
  9.40000000e+00   2.74850728e+00   7.61261431e+00   6.05928898e+00   2.74850728e+00 
  9.41000000e+00   2.74850728e+00   7.61261431e+00   6.05928898e+00   2.74850728e+00 
  9.42000000e+00   2.74850728e+00   7.61261431e+00   6.05928898e+00   2.74850728e+00 
  9.43000000e+00   2.74850728e+00   7.61261431e+00   6.05928898e+00   2.74850728e+00 
  9.44000000e+00   2.74850728e+00   7.61261431e+00   6.05928898e+00   2.74850728e+00 
  9.45000000e+00   2.74850728e+00   7.61261431e+00   6.05928898e+00   2.74850728e+00 
  9.46000000e+00   2.74850728e+00   7.61261431e+00   6.05928898e+00   2.74850728e+00 
  9.47000000e+00   2.74850728e+00   7.61261431e+00   6.05928898e+00   2.74850728e+00 
  9.48000000e+00   2.74850728e+00   7.61261431e+00   6.05928898e+00   2.74850728e+00 
  9.49000000e+00   2.74850728e+00   7.61261431e+00   6.05928898e+00   2.74850728e+00 
  9.50000000e+00   2.74850728e+00   7.61261431e+00   6.05928898e+00   2.74850728e+00 
  9.51000000e+00   2.74850728e+00   7.61261431e+00   6.05928898e+00   2.74850728e+00 
  9.52000000e+00   2.74850728e+00   7.61261431e+00   6.05928898e+00   2.74850728e+00 
  9.53000000e+00   2.74850728e+00   7.61261431e+00   6.05928898e+00   2.74850728e+00 
  9.54000000e+00   2.74850728e+00   7.61261431e+00   6.05928898e+00   2.74850728e+00 
  9.55000000e+00   2.74850728e+00   7.61261431e+00   6.05928898e+00   2.74850728e+00 
  9.56000000e+00   2.74850728e+00   7.61261431e+00   6.05928898e+00   2.74850728e+00 
  9.57000000e+00   2.74850728e+00   7.61261431e+00   6.05928898e+00   2.74850728e+00 
  9.58000000e+00   2.74850728e+00   7.61261431e+00   6.05928898e+00   2.74850728e+00 
  9.59000000e+00   2.74850728e+00   7.61261431e+00   6.05928898e+00   2.74850728e+00 
  9.60000000e+00   2.74850728e+00   7.61261431e+00   6.05928898e+00   2.74850728e+00 
  9.61000000e+00   2.74850728e+00   7.61261431e+00   6.05928898e+00   2.74850728e+00 
  9.62000000e+00   2.74850728e+00   7.61261431e+00   6.05928898e+00   2.74850728e+00 
  9.63000000e+00   2.74850728e+00   7.61261431e+00   6.05928898e+00   2.74850728e+00 
  9.64000000e+00   2.74850728e+00   7.61261431e+00   6.05928898e+00   2.74850728e+00 
  9.65000000e+00   2.74850728e+00   7.61261431e+00   6.05928898e+00   2.74850728e+00 
  9.66000000e+00   2.74850728e+00   7.61261431e+00   6.05928898e+00   2.74850728e+00 
  9.67000000e+00   2.74850728e+00   7.61261431e+00   6.05928898e+00   2.74850728e+00 
  9.68000000e+00   2.74850728e+00   7.61261431e+00   6.05928898e+00   2.74850728e+00 
  9.69000000e+00   2.74850728e+00   7.61261431e+00   6.05928898e+00   2.74850728e+00 
  9.70000000e+00   2.74850728e+00   7.61261431e+00   6.05928898e+00   2.74850728e+00 
  9.71000000e+00   2.74850728e+00   7.61261431e+00   6.05928898e+00   2.74850728e+00 
  9.72000000e+00   2.74850728e+00   7.61261431e+00   6.05928898e+00   2.74850728e+00 
  9.73000000e+00   2.74850728e+00   7.61261431e+00   6.05928898e+00   2.74850728e+00 
  9.74000000e+00   2.74850728e+00   7.61261431e+00   6.05928898e+00   2.74850728e+00 
  9.75000000e+00   2.74850728e+00   7.61261431e+00   6.05928898e+00   2.74850728e+00 
  9.76000000e+00   2.74850728e+00   7.61261431e+00   6.05928898e+00   2.74850728e+00 
  9.77000000e+00   2.74850728e+00   7.61261431e+00   6.05928898e+00   2.74850728e+00 
  9.78000000e+00   2.74850728e+00   7.61261431e+00   6.05928898e+00   2.74850728e+00 
  9.79000000e+00   2.74850728e+00   7.61261431e+00   6.05928898e+00   2.74850728e+00 
  9.80000000e+00   2.74850728e+00   7.61261431e+00   6.05928898e+00   2.74850728e+00 
  9.81000000e+00   2.74850728e+00   7.61261431e+00   6.05928898e+00   2.74850728e+00 
  9.82000000e+00   2.74850728e+00   7.61261431e+00   6.05928898e+00   2.74850728e+00 
  9.83000000e+00   2.74850728e+00   7.61261431e+00   6.05928898e+00   2.74850728e+00 
  9.84000000e+00   2.74850728e+00   7.61261431e+00   6.05928898e+00   2.74850728e+00 
  9.85000000e+00   2.74850728e+00   7.61261431e+00   6.05928898e+00   2.74850728e+00 
  9.86000000e+00   2.74850728e+00   7.61261431e+00   6.05928898e+00   2.74850728e+00 
  9.87000000e+00   2.74850728e+00   7.61261431e+00   6.05928898e+00   2.74850728e+00 
  9.88000000e+00   2.74850728e+00   7.61261431e+00   6.05928898e+00   2.74850728e+00 
  9.89000000e+00   2.74850728e+00   7.61261431e+00   6.05928898e+00   2.74850728e+00 
  9.90000000e+00   2.74850728e+00   7.61261431e+00   6.05928898e+00   2.74850728e+00 
  9.91000000e+00   2.74850728e+00   7.61261431e+00   6.05928898e+00   2.74850728e+00 
  9.92000000e+00   2.74850728e+00   7.61261431e+00   6.05928898e+00   2.74850728e+00 
  9.93000000e+00   2.74850728e+00   7.61261431e+00   6.05928898e+00   2.74850728e+00 
  9.94000000e+00   2.74850728e+00   7.61261431e+00   6.05928898e+00   2.74850728e+00 
  9.95000000e+00   2.74850728e+00   7.61261431e+00   6.05928898e+00   2.74850728e+00 
  9.96000000e+00   2.74850728e+00   7.61261431e+00   6.05928898e+00   2.74850728e+00 
  9.97000000e+00   2.74850728e+00   7.61261431e+00   6.05928898e+00   2.74850728e+00 
  9.98000000e+00   2.74850728e+00   7.61261431e+00   6.05928898e+00   2.74850728e+00 
  9.99000000e+00   2.74850728e+00   7.61261431e+00   6.05928898e+00   2.74850728e+00 
  1.00000000e+01   2.74850728e+00   7.61261431e+00   6.05928898e+00   2.74850728e+00 