time(minutes) centre_concentration(uM) average_concentration(uM) average_concentration_only_cells(uM) minimum_concentration(uM)
  0.00000000e+00   1.00000000e+01   1.00000000e+01   1.00000000e+01   1.00000000e+01 
  1.00000000e-02   9.90000331e+00   9.92284333e+00   9.90091452e+00   9.89969926e+00 
  2.00000000e-02   9.80100515e+00   9.85015581e+00   9.80756838e+00   9.80100253e+00 
  3.00000000e-02   9.70299634e+00   9.78111988e+00   9.71891165e+00   9.70299628e+00 
  4.00000000e-02   9.60596726e+00   9.71520429e+00   9.63426210e+00   9.60596726e+00 
  5.00000000e-02   9.50990827e+00   9.65203567e+00   9.55314024e+00   9.50990827e+00 
  6.00000000e-02   9.41481305e+00   9.59133454e+00   9.47518716e+00   9.41481305e+00 
  7.00000000e-02   9.32066803e+00   9.53288328e+00   9.40012339e+00   9.32066803e+00 
  8.00000000e-02   9.22746402e+00   9.47650461e+00   9.32772126e+00   9.22746402e+00 
  9.00000000e-02   9.13519181e+00   9.42205073e+00   9.25779097e+00   9.13519181e+00 
  1.00000000e-01   9.04384236e+00   9.36939574e+00   9.19017082e+00   9.04384236e+00 
  1.10000000e-01   8.95340690e+00   9.31843049e+00   9.12472067e+00   8.95340690e+00 
  1.20000000e-01   8.86387649e+00   9.26905915e+00   9.06131743e+00   8.86387649e+00 
  1.30000000e-01   8.77524160e+00   9.22119669e+00   8.99985192e+00   8.77524160e+00 
  1.40000000e-01   8.68749299e+00   9.17476676e+00   8.94022607e+00   8.68749299e+00 
  1.50000000e-01   8.60062194e+00   9.12970024e+00   8.88235113e+00   8.60062194e+00 
  1.60000000e-01   8.51462001e+00   9.08593416e+00   8.82614623e+00   8.51462001e+00 
  1.70000000e-01   8.42947903e+00   9.04341085e+00   8.77153731e+00   8.42947903e+00 
  1.80000000e-01   8.34519118e+00   9.00207719e+00   8.71845616e+00   8.34519118e+00 
  1.90000000e-01   8.26174892e+00   8.96188404e+00   8.66683966e+00   8.26174892e+00 
  2.00000000e-01   8.17914536e+00   8.92278576e+00   8.61662921e+00   8.17914536e+00 
  2.10000000e-01   8.09737378e+00   8.88473980e+00   8.56777015e+00   8.09737378e+00 
  2.20000000e-01   8.01642849e+00   8.84770637e+00   8.52021139e+00   8.01642849e+00 
  2.30000000e-01   7.93630363e+00   8.81164812e+00   8.47390498e+00   7.93630363e+00 
  2.40000000e-01   7.85699500e+00   8.77652998e+00   8.42880586e+00   7.85699500e+00 
  2.50000000e-01   7.77849752e+00   8.74231884e+00   8.38487153e+00   7.77849752e+00 
  2.60000000e-01   7.70080867e+00   8.70898345e+00   8.34206184e+00   7.70080867e+00 
  2.70000000e-01   7.62392397e+00   8.67649423e+00   8.30033881e+00   7.62392397e+00 
  2.80000000e-01   7.54784268e+00   8.64482312e+00   8.25966641e+00   7.54784268e+00 
  2.90000000e-01   7.47256067e+00   8.61394347e+00   8.22001041e+00   7.47256067e+00 
  3.00000000e-01   7.39807899e+00   8.58382993e+00   8.18133826e+00   7.39807899e+00 
  3.10000000e-01   7.32439358e+00   8.55445836e+00   8.14361895e+00   7.32439358e+00 
  3.20000000e-01   7.25150716e+00   8.52580571e+00   8.10682290e+00   7.25150716e+00 
  3.30000000e-01   7.17941553e+00   8.49784999e+00   8.07092185e+00   7.17941553e+00 
  3.40000000e-01   7.10812282e+00   8.47056979e+00   8.03588831e+00   7.10812282e+00 
  3.50000000e-01   7.03762784e+00   8.44394574e+00   8.00169739e+00   7.03762784e+00 
  3.60000000e-01   6.96793011e+00   8.41795787e+00   7.96832348e+00   6.96793011e+00 
  3.70000000e-01   6.89902615e+00   8.39258832e+00   7.93574361e+00   6.89902615e+00 
  3.80000000e-01   6.83092227e+00   8.36781866e+00   7.90393413e+00   6.83092227e+00 
  3.90000000e-01   6.76361884e+00   8.34363243e+00   7.87287390e+00   6.76361884e+00 
  4.00000000e-01   6.69711388e+00   8.32001270e+00   7.84254117e+00   6.69711388e+00 
  4.10000000e-01   6.63140947e+00   8.29694394e+00   7.81291601e+00   6.63140947e+00 
  4.20000000e-01   6.56649843e+00   8.27441118e+00   7.78397919e+00   6.56649843e+00 
  4.30000000e-01   6.50239086e+00   8.25239934e+00   7.75571133e+00   6.50239086e+00 
  4.40000000e-01   6.43908252e+00   8.23089454e+00   7.72809461e+00   6.43908252e+00 
  4.50000000e-01   6.37657260e+00   8.20988314e+00   7.70111154e+00   6.37657260e+00 
  4.60000000e-01   6.31486769e+00   8.18935220e+00   7.67474547e+00   6.31486769e+00 
  4.70000000e-01   6.25395779e+00   8.16928865e+00   7.64897963e+00   6.25395779e+00 
  4.80000000e-01   6.19384602e+00   8.14968045e+00   7.62379856e+00   6.19384602e+00 
  4.90000000e-01   6.13453197e+00   8.13051574e+00   7.59918702e+00   6.13453197e+00 
  5.00000000e-01   6.07600573e+00   8.11178321e+00   7.57513048e+00   6.07600573e+00 
  5.10000000e-01   6.01827674e+00   8.09347145e+00   7.55161432e+00   6.01827674e+00 
  5.20000000e-01   5.96133813e+00   8.07556994e+00   7.52862499e+00   5.96133813e+00 
  5.30000000e-01   5.90518666e+00   8.05806825e+00   7.50614913e+00   5.90518666e+00 
  5.40000000e-01   5.84982990e+00   8.04095649e+00   7.48417400e+00   5.84982990e+00 
  5.50000000e-01   5.79525081e+00   8.02422462e+00   7.46268674e+00   5.79525081e+00 
  5.60000000e-01   5.74145181e+00   8.00786335e+00   7.44167542e+00   5.74145181e+00 
  5.70000000e-01   5.68842946e+00   7.99186351e+00   7.42112825e+00   5.68842946e+00 
  5.80000000e-01   5.63618018e+00   7.97621623e+00   7.40103383e+00   5.63618018e+00 
  5.90000000e-01   5.58470044e+00   7.96091288e+00   7.38138109e+00   5.58470044e+00 
  6.00000000e-01   5.53398714e+00   7.94594508e+00   7.36215927e+00   5.53398714e+00 
  6.10000000e-01   5.48402267e+00   7.93130483e+00   7.34335809e+00   5.48402267e+00 
  6.20000000e-01   5.43481964e+00   7.91698401e+00   7.32496714e+00   5.43481964e+00 
  6.30000000e-01   5.38636600e+00   7.90297511e+00   7.30697675e+00   5.38636600e+00 
  6.40000000e-01   5.33865606e+00   7.88927067e+00   7.28937735e+00   5.33865606e+00 
  6.50000000e-01   5.29168354e+00   7.87586345e+00   7.27215965e+00   5.29168354e+00 
  6.60000000e-01   5.24544140e+00   7.86274641e+00   7.25531459e+00   5.24544140e+00 
  6.70000000e-01   5.19993995e+00   7.84991284e+00   7.23883357e+00   5.19993995e+00 
  6.80000000e-01   5.15514948e+00   7.83735589e+00   7.22270779e+00   5.15514948e+00 
  6.90000000e-01   5.11107245e+00   7.82506920e+00   7.20692909e+00   5.11107245e+00 
  7.00000000e-01   5.06770130e+00   7.81304647e+00   7.19148936e+00   5.06770130e+00 
  7.10000000e-01   5.02504112e+00   7.80128167e+00   7.17638087e+00   5.02504112e+00 
  7.20000000e-01   4.98306840e+00   7.78976867e+00   7.16159575e+00   4.98306840e+00 
  7.30000000e-01   4.94178244e+00   7.77850178e+00   7.14712668e+00   4.94178244e+00 
  7.40000000e-01   4.90117552e+00   7.76747534e+00   7.13296640e+00   4.90117552e+00 
  7.50000000e-01   4.86123928e+00   7.75668384e+00   7.11910784e+00   4.86123928e+00 
  7.60000000e-01   4.82198012e+00   7.74612202e+00   7.10554422e+00   4.82198012e+00 
  7.70000000e-01   4.78337096e+00   7.73578451e+00   7.09226868e+00   4.78337096e+00 
  7.80000000e-01   4.74541160e+00   7.72566632e+00   7.07927477e+00   4.74541160e+00 
  7.90000000e-01   4.70809354e+00   7.71576247e+00   7.06655615e+00   4.70809354e+00 
  8.00000000e-01   4.67140795e+00   7.70606814e+00   7.05410657e+00   4.67140795e+00 
  8.10000000e-01   4.63536701e+00   7.69657872e+00   7.04192015e+00   4.63536701e+00 
  8.20000000e-01   4.59993332e+00   7.68728948e+00   7.02999081e+00   4.59993332e+00 
  8.30000000e-01   4.56511017e+00   7.67819603e+00   7.01831289e+00   4.56511017e+00 
  8.40000000e-01   4.53088852e+00   7.66929398e+00   7.00688078e+00   4.53088852e+00 
  8.50000000e-01   4.49727765e+00   7.66057917e+00   6.99568912e+00   4.49727765e+00 
  8.60000000e-01   4.46424454e+00   7.65204732e+00   6.98473243e+00   4.46424454e+00 
  8.70000000e-01   4.43179064e+00   7.64369447e+00   6.97400559e+00   4.43179064e+00 
  8.80000000e-01   4.39990693e+00   7.63551664e+00   6.96350354e+00   4.39990693e+00 
  8.90000000e-01   4.36859982e+00   7.62751006e+00   6.95322140e+00   4.36859982e+00 
  9.00000000e-01   4.33784072e+00   7.61967087e+00   6.94315421e+00   4.33784072e+00 
  9.10000000e-01   4.30762942e+00   7.61199544e+00   6.93329734e+00   4.30762942e+00 
  9.20000000e-01   4.27795713e+00   7.60448021e+00   6.92364619e+00   4.27795713e+00 
  9.30000000e-01   4.24882703e+00   7.59712172e+00   6.91419634e+00   4.24882703e+00 
  9.40000000e-01   4.22021560e+00   7.58991647e+00   6.90494328e+00   4.22021560e+00 
  9.50000000e-01   4.19212094e+00   7.58286120e+00   6.89588282e+00   4.19212094e+00 
  9.60000000e-01   4.16453478e+00   7.57595264e+00   6.88701076e+00   4.16453478e+00 
  9.70000000e-01   4.13744866e+00   7.56918761e+00   6.87832304e+00   4.13744866e+00 
  9.80000000e-01   4.11086745e+00   7.56256308e+00   6.86981574e+00   4.11086745e+00 
  9.90000000e-01   4.08476511e+00   7.55607592e+00   6.86148486e+00   4.08476511e+00 
  1.00000000e+00   4.05914135e+00   7.54972322e+00   6.85332665e+00   4.05914135e+00 
  1.01000000e+00   4.03398846e+00   7.54350210e+00   6.84533742e+00   4.03398846e+00 
  1.02000000e+00   4.00929903e+00   7.53740973e+00   6.83751352e+00   4.00929903e+00 
  1.03000000e+00   3.98507199e+00   7.53144340e+00   6.82985149e+00   3.98507199e+00 
  1.04000000e+00   3.96128955e+00   7.52560033e+00   6.82234776e+00   3.96128955e+00 
  1.05000000e+00   3.93794908e+00   7.51987795e+00   6.81499901e+00   3.93794908e+00 
  1.06000000e+00   3.91504365e+00   7.51427367e+00   6.80780193e+00   3.91504365e+00 
  1.07000000e+00   3.89256659e+00   7.50878497e+00   6.80075328e+00   3.89256659e+00 
  1.08000000e+00   3.87050715e+00   7.50340945e+00   6.79384998e+00   3.87050715e+00 
  1.09000000e+00   3.84886213e+00   7.49814463e+00   6.78708884e+00   3.84886213e+00 
  1.10000000e+00   3.82762333e+00   7.49298821e+00   6.78046690e+00   3.82762333e+00 
  1.11000000e+00   3.80678382e+00   7.48793788e+00   6.77398121e+00   3.80678382e+00 
  1.12000000e+00   3.78633719e+00   7.48299141e+00   6.76762890e+00   3.78633719e+00 
  1.13000000e+00   3.76628196e+00   7.47814663e+00   6.76140718e+00   3.76628196e+00 
  1.14000000e+00   3.74660207e+00   7.47340134e+00   6.75531322e+00   3.74660207e+00 
  1.15000000e+00   3.72729532e+00   7.46875349e+00   6.74934439e+00   3.72729532e+00 
  1.16000000e+00   3.70835550e+00   7.46420101e+00   6.74349804e+00   3.70835550e+00 
  1.17000000e+00   3.68977667e+00   7.45974190e+00   6.73777161e+00   3.68977667e+00 
  1.18000000e+00   3.67155019e+00   7.45537423e+00   6.73216260e+00   3.67155019e+00 
  1.19000000e+00   3.65367165e+00   7.45109603e+00   6.72666849e+00   3.65367165e+00 
  1.20000000e+00   3.63613439e+00   7.44690546e+00   6.72128691e+00   3.63613439e+00 
  1.21000000e+00   3.61893221e+00   7.44280069e+00   6.71601552e+00   3.61893221e+00 
  1.22000000e+00   3.60205964e+00   7.43877992e+00   6.71085200e+00   3.60205964e+00 
  1.23000000e+00   3.58551755e+00   7.43484141e+00   6.70579412e+00   3.58551755e+00 
  1.24000000e+00   3.56928816e+00   7.43098340e+00   6.70083962e+00   3.56928816e+00 
  1.25000000e+00   3.55337112e+00   7.42720426e+00   6.69598640e+00   3.55337112e+00 
  1.26000000e+00   3.53776100e+00   7.42350232e+00   6.69123233e+00   3.53776100e+00 
  1.27000000e+00   3.52245263e+00   7.41987600e+00   6.68657537e+00   3.52245263e+00 
  1.28000000e+00   3.50744065e+00   7.41632372e+00   6.68201349e+00   3.50744065e+00 
  1.29000000e+00   3.49271678e+00   7.41284393e+00   6.67754470e+00   3.49271678e+00 
  1.30000000e+00   3.47827828e+00   7.40943512e+00   6.67316707e+00   3.47827828e+00 
  1.31000000e+00   3.46411921e+00   7.40609583e+00   6.66887871e+00   3.46411921e+00 
  1.32000000e+00   3.45023443e+00   7.40282462e+00   6.66467779e+00   3.45023443e+00 
  1.33000000e+00   3.43661958e+00   7.39962010e+00   6.66056250e+00   3.43661958e+00 
  1.34000000e+00   3.42327032e+00   7.39648087e+00   6.65653107e+00   3.42327032e+00 
  1.35000000e+00   3.41018124e+00   7.39340558e+00   6.65258175e+00   3.41018124e+00 
  1.36000000e+00   3.39734718e+00   7.39039292e+00   6.64871285e+00   3.39734718e+00 
  1.37000000e+00   3.38476342e+00   7.38744158e+00   6.64492271e+00   3.38476342e+00 
  1.38000000e+00   3.37242533e+00   7.38455030e+00   6.64120970e+00   3.37242533e+00 
  1.39000000e+00   3.36032834e+00   7.38171785e+00   6.63757224e+00   3.36032834e+00 
  1.40000000e+00   3.34846795e+00   7.37894301e+00   6.63400876e+00   3.34846795e+00 
  1.41000000e+00   3.33683971e+00   7.37622460e+00   6.63051774e+00   3.33683971e+00 
  1.42000000e+00   3.32543922e+00   7.37356145e+00   6.62709769e+00   3.32543922e+00 
  1.43000000e+00   3.31426216e+00   7.37095243e+00   6.62374716e+00   3.31426216e+00 
  1.44000000e+00   3.30330430e+00   7.36839642e+00   6.62046471e+00   3.30330430e+00 
  1.45000000e+00   3.29256149e+00   7.36589234e+00   6.61724894e+00   3.29256149e+00 
  1.46000000e+00   3.28202965e+00   7.36343912e+00   6.61409848e+00   3.28202965e+00 
  1.47000000e+00   3.27170478e+00   7.36103571e+00   6.61101200e+00   3.27170478e+00 
  1.48000000e+00   3.26158296e+00   7.35868110e+00   6.60798818e+00   3.26158296e+00 
  1.49000000e+00   3.25166032e+00   7.35637428e+00   6.60502574e+00   3.25166032e+00 
  1.50000000e+00   3.24193307e+00   7.35411427e+00   6.60212341e+00   3.24193307e+00 
  1.51000000e+00   3.23239749e+00   7.35190012e+00   6.59927997e+00   3.23239749e+00 
  1.52000000e+00   3.22304991e+00   7.34973088e+00   6.59649421e+00   3.22304991e+00 
  1.53000000e+00   3.21388674e+00   7.34760564e+00   6.59376495e+00   3.21388674e+00 
  1.54000000e+00   3.20490445e+00   7.34552349e+00   6.59109103e+00   3.20490445e+00 
  1.55000000e+00   3.19609956e+00   7.34348356e+00   6.58847133e+00   3.19609956e+00 
  1.56000000e+00   3.18746867e+00   7.34148498e+00   6.58590473e+00   3.18746867e+00 
  1.57000000e+00   3.17900843e+00   7.33952691e+00   6.58339015e+00   3.17900843e+00 
  1.58000000e+00   3.17071555e+00   7.33760851e+00   6.58092652e+00   3.17071555e+00 
  1.59000000e+00   3.16258680e+00   7.33572898e+00   6.57851281e+00   3.16258680e+00 
  1.60000000e+00   3.15461902e+00   7.33388753e+00   6.57614800e+00   3.15461902e+00 
  1.61000000e+00   3.14680909e+00   7.33208338e+00   6.57383108e+00   3.14680909e+00 
  1.62000000e+00   3.13915395e+00   7.33031576e+00   6.57156109e+00   3.13915395e+00 
  1.63000000e+00   3.13165061e+00   7.32858394e+00   6.56933706e+00   3.13165061e+00 
  1.64000000e+00   3.12429611e+00   7.32688718e+00   6.56715806e+00   3.12429611e+00 
  1.65000000e+00   3.11708758e+00   7.32522477e+00   6.56502318e+00   3.11708758e+00 
  1.66000000e+00   3.11002217e+00   7.32359600e+00   6.56293150e+00   3.11002217e+00 
  1.67000000e+00   3.10309709e+00   7.32200020e+00   6.56088215e+00   3.10309709e+00 
  1.68000000e+00   3.09630961e+00   7.32043669e+00   6.55887428e+00   3.09630961e+00 
  1.69000000e+00   3.08965705e+00   7.31890482e+00   6.55690703e+00   3.08965705e+00 
  1.70000000e+00   3.08313677e+00   7.31740394e+00   6.55497958e+00   3.08313677e+00 
  1.71000000e+00   3.07674620e+00   7.31593342e+00   6.55309112e+00   3.07674620e+00 
  1.72000000e+00   3.07048278e+00   7.31449264e+00   6.55124085e+00   3.07048278e+00 
  1.73000000e+00   3.06434405e+00   7.31308100e+00   6.54942801e+00   3.06434405e+00 
  1.74000000e+00   3.05832755e+00   7.31169790e+00   6.54765183e+00   3.05832755e+00 
  1.75000000e+00   3.05243089e+00   7.31034278e+00   6.54591156e+00   3.05243089e+00 
  1.76000000e+00   3.04665172e+00   7.30901505e+00   6.54420647e+00   3.04665172e+00 
  1.77000000e+00   3.04099584e+00   7.30771422e+00   6.54253593e+00   3.04099584e+00 
  1.78000000e+00   3.03544307e+00   7.30643963e+00   6.54089909e+00   3.03544307e+00 
  1.79000000e+00   3.02999606e+00   7.30519085e+00   6.53929540e+00   3.02999606e+00 
  1.80000000e+00   3.02467404e+00   7.30396732e+00   6.53772412e+00   3.02467404e+00 
  1.81000000e+00   3.01944542e+00   7.30276845e+00   6.53618452e+00   3.01944542e+00 
  1.82000000e+00   3.01431856e+00   7.30159386e+00   6.53467609e+00   3.01431856e+00 
  1.83000000e+00   3.00930798e+00   7.30044300e+00   6.53319815e+00   3.00930798e+00 
  1.84000000e+00   3.00437817e+00   7.29931540e+00   6.53175007e+00   3.00437817e+00 
  1.85000000e+00   2.99956214e+00   7.29821052e+00   6.53033117e+00   2.99956214e+00 
  1.86000000e+00   2.99484302e+00   7.29712800e+00   6.52894099e+00   2.99484302e+00 
  1.87000000e+00   2.99020654e+00   7.29606735e+00   6.52757889e+00   2.99020654e+00 
  1.88000000e+00   2.98567895e+00   7.29502813e+00   6.52624431e+00   2.98567895e+00 
  1.89000000e+00   2.98122877e+00   7.29400984e+00   6.52493661e+00   2.98122877e+00 
  1.90000000e+00   2.97686653e+00   7.29301216e+00   6.52365537e+00   2.97686653e+00 
  1.91000000e+00   2.97260267e+00   7.29203462e+00   6.52240001e+00   2.97260267e+00 
  1.92000000e+00   2.96840869e+00   7.29107683e+00   6.52117001e+00   2.96840869e+00 
  1.93000000e+00   2.96432012e+00   7.29013840e+00   6.51996486e+00   2.96432012e+00 
  1.94000000e+00   2.96029505e+00   7.28921885e+00   6.51878396e+00   2.96029505e+00 
  1.95000000e+00   2.95635251e+00   7.28831789e+00   6.51762694e+00   2.95635251e+00 
  1.96000000e+00   2.95249784e+00   7.28743512e+00   6.51649329e+00   2.95249784e+00 
  1.97000000e+00   2.94870796e+00   7.28657018e+00   6.51538252e+00   2.94870796e+00 
  1.98000000e+00   2.94501123e+00   7.28572271e+00   6.51429418e+00   2.94501123e+00 
  1.99000000e+00   2.94136477e+00   7.28489237e+00   6.51322785e+00   2.94136477e+00 
  2.00000000e+00   2.93781151e+00   7.28407871e+00   6.51218294e+00   2.93781151e+00 
  2.01000000e+00   2.93432617e+00   7.28328150e+00   6.51115916e+00   2.93432617e+00 
  2.02000000e+00   2.93090299e+00   7.28250038e+00   6.51015603e+00   2.93090299e+00 
  2.03000000e+00   2.92755908e+00   7.28173503e+00   6.50917316e+00   2.92755908e+00 
  2.04000000e+00   2.92426745e+00   7.28098513e+00   6.50821013e+00   2.92426745e+00 
  2.05000000e+00   2.92106242e+00   7.28025038e+00   6.50726656e+00   2.92106242e+00 
  2.06000000e+00   2.91790380e+00   7.27953040e+00   6.50634195e+00   2.91790380e+00 
  2.07000000e+00   2.91481141e+00   7.27882496e+00   6.50543602e+00   2.91481141e+00 
  2.08000000e+00   2.91178784e+00   7.27813376e+00   6.50454837e+00   2.91178784e+00 
  2.09000000e+00   2.90881549e+00   7.27745651e+00   6.50367864e+00   2.90881549e+00 
  2.10000000e+00   2.90591591e+00   7.27679293e+00   6.50282646e+00   2.90591591e+00 
  2.11000000e+00   2.90305638e+00   7.27614275e+00   6.50199150e+00   2.90305638e+00 
  2.12000000e+00   2.90027963e+00   7.27550573e+00   6.50117342e+00   2.90027963e+00 
  2.13000000e+00   2.89753618e+00   7.27488146e+00   6.50037173e+00   2.89753618e+00 
  2.14000000e+00   2.89485267e+00   7.27426981e+00   6.49958624e+00   2.89485267e+00 
  2.15000000e+00   2.89222911e+00   7.27367049e+00   6.49881659e+00   2.89222911e+00 
  2.16000000e+00   2.88964978e+00   7.27308327e+00   6.49806247e+00   2.88964978e+00 
  2.17000000e+00   2.88713400e+00   7.27250790e+00   6.49732357e+00   2.88713400e+00 
  2.18000000e+00   2.88465250e+00   7.27194415e+00   6.49659960e+00   2.88465250e+00 
  2.19000000e+00   2.88224358e+00   7.27139180e+00   6.49589027e+00   2.88224358e+00 
  2.20000000e+00   2.87986293e+00   7.27085051e+00   6.49519513e+00   2.87986293e+00 
  2.21000000e+00   2.87753453e+00   7.27032015e+00   6.49451404e+00   2.87753453e+00 
  2.22000000e+00   2.87525823e+00   7.26980049e+00   6.49384669e+00   2.87525823e+00 
  2.23000000e+00   2.87302027e+00   7.26929131e+00   6.49319279e+00   2.87302027e+00 
  2.24000000e+00   2.87083756e+00   7.26879240e+00   6.49255209e+00   2.87083756e+00 
  2.25000000e+00   2.86868451e+00   7.26830357e+00   6.49192433e+00   2.86868451e+00 
  2.26000000e+00   2.86659461e+00   7.26782463e+00   6.49130926e+00   2.86659461e+00 
  2.27000000e+00   2.86451953e+00   7.26735540e+00   6.49070667e+00   2.86451953e+00 
  2.28000000e+00   2.86250974e+00   7.26689550e+00   6.49011607e+00   2.86250974e+00 
  2.29000000e+00   2.86053437e+00   7.26644489e+00   6.48953739e+00   2.86053437e+00 
  2.30000000e+00   2.85859345e+00   7.26600337e+00   6.48897038e+00   2.85859345e+00 
  2.31000000e+00   2.85669885e+00   7.26557075e+00   6.48841480e+00   2.85669885e+00 
  2.32000000e+00   2.85483224e+00   7.26514686e+00   6.48787044e+00   2.85483224e+00 
  2.33000000e+00   2.85301728e+00   7.26473153e+00   6.48733708e+00   2.85301728e+00 
  2.34000000e+00   2.85121945e+00   7.26432462e+00   6.48681451e+00   2.85121945e+00 
  2.35000000e+00   2.84948508e+00   7.26392596e+00   6.48630256e+00   2.84948508e+00 
  2.36000000e+00   2.84776109e+00   7.26353521e+00   6.48580074e+00   2.84776109e+00 
  2.37000000e+00   2.84607792e+00   7.26315234e+00   6.48530906e+00   2.84607792e+00 
  2.38000000e+00   2.84443348e+00   7.26277719e+00   6.48482729e+00   2.84443348e+00 
  2.39000000e+00   2.84281535e+00   7.26240961e+00   6.48435524e+00   2.84281535e+00 
  2.40000000e+00   2.84123920e+00   7.26204945e+00   6.48389271e+00   2.84123920e+00 
  2.41000000e+00   2.83968177e+00   7.26169656e+00   6.48343953e+00   2.83968177e+00 
  2.42000000e+00   2.83817391e+00   7.26135083e+00   6.48299553e+00   2.83817391e+00 
  2.43000000e+00   2.83667155e+00   7.26101212e+00   6.48256057e+00   2.83667155e+00 
  2.44000000e+00   2.83522097e+00   7.26068010e+00   6.48213418e+00   2.83522097e+00 
  2.45000000e+00   2.83379386e+00   7.26035479e+00   6.48171641e+00   2.83379386e+00 
  2.46000000e+00   2.83239105e+00   7.26003603e+00   6.48130706e+00   2.83239105e+00 
  2.47000000e+00   2.83102259e+00   7.25972370e+00   6.48090596e+00   2.83102259e+00 
  2.48000000e+00   2.82967321e+00   7.25941767e+00   6.48051296e+00   2.82967321e+00 
  2.49000000e+00   2.82836282e+00   7.25911783e+00   6.48012790e+00   2.82836282e+00 
  2.50000000e+00   2.82706261e+00   7.25882407e+00   6.47975064e+00   2.82706261e+00 
  2.51000000e+00   2.82581146e+00   7.25853629e+00   6.47938107e+00   2.82581146e+00 
  2.52000000e+00   2.82456488e+00   7.25825417e+00   6.47901877e+00   2.82456488e+00 
  2.53000000e+00   2.82334865e+00   7.25797775e+00   6.47866379e+00   2.82334865e+00 
  2.54000000e+00   2.82216079e+00   7.25770690e+00   6.47831596e+00   2.82216079e+00 
  2.55000000e+00   2.82099144e+00   7.25744151e+00   6.47797515e+00   2.82099144e+00 
  2.56000000e+00   2.81985316e+00   7.25718148e+00   6.47764121e+00   2.81985316e+00 
  2.57000000e+00   2.81872743e+00   7.25692670e+00   6.47731402e+00   2.81872743e+00 
  2.58000000e+00   2.81763895e+00   7.25667709e+00   6.47699347e+00   2.81763895e+00 
  2.59000000e+00   2.81655256e+00   7.25643257e+00   6.47667945e+00   2.81655256e+00 
  2.60000000e+00   2.81551635e+00   7.25619309e+00   6.47637191e+00   2.81551635e+00 
  2.61000000e+00   2.81447530e+00   7.25595820e+00   6.47607026e+00   2.81447530e+00 
  2.62000000e+00   2.81346188e+00   7.25572804e+00   6.47577469e+00   2.81346188e+00 
  2.63000000e+00   2.81247329e+00   7.25550253e+00   6.47548509e+00   2.81247329e+00 
  2.64000000e+00   2.81149847e+00   7.25528158e+00   6.47520133e+00   2.81149847e+00 
  2.65000000e+00   2.81055186e+00   7.25506508e+00   6.47492331e+00   2.81055186e+00 
  2.66000000e+00   2.80961257e+00   7.25485297e+00   6.47465091e+00   2.80961257e+00 
  2.67000000e+00   2.80870880e+00   7.25464518e+00   6.47438407e+00   2.80870880e+00 
  2.68000000e+00   2.80780087e+00   7.25444167e+00   6.47412272e+00   2.80780087e+00 
  2.69000000e+00   2.80693054e+00   7.25424207e+00   6.47386639e+00   2.80693054e+00 
  2.70000000e+00   2.80607234e+00   7.25404650e+00   6.47361524e+00   2.80607234e+00 
  2.71000000e+00   2.80522779e+00   7.25385488e+00   6.47336915e+00   2.80522779e+00 
  2.72000000e+00   2.80440531e+00   7.25366712e+00   6.47312803e+00   2.80440531e+00 
  2.73000000e+00   2.80359242e+00   7.25348315e+00   6.47289177e+00   2.80359242e+00 
  2.74000000e+00   2.80280571e+00   7.25330291e+00   6.47266031e+00   2.80280571e+00 
  2.75000000e+00   2.80202149e+00   7.25312634e+00   6.47243355e+00   2.80202149e+00 
  2.76000000e+00   2.80127210e+00   7.25295339e+00   6.47221145e+00   2.80127210e+00 
  2.77000000e+00   2.80051248e+00   7.25278407e+00   6.47199401e+00   2.80051248e+00 
  2.78000000e+00   2.79978986e+00   7.25261788e+00   6.47178058e+00   2.79978986e+00 
  2.79000000e+00   2.79907557e+00   7.25245504e+00   6.47157146e+00   2.79907557e+00 
  2.80000000e+00   2.79837167e+00   7.25229548e+00   6.47136656e+00   2.79837167e+00 
  2.81000000e+00   2.79768753e+00   7.25213915e+00   6.47116579e+00   2.79768753e+00 
  2.82000000e+00   2.79700951e+00   7.25198598e+00   6.47096909e+00   2.79700951e+00 
  2.83000000e+00   2.79635596e+00   7.25183592e+00   6.47077638e+00   2.79635596e+00 
  2.84000000e+00   2.79570098e+00   7.25168894e+00   6.47058763e+00   2.79570098e+00 
  2.85000000e+00   2.79508017e+00   7.25154502e+00   6.47040281e+00   2.79508017e+00 
  2.86000000e+00   2.79444435e+00   7.25140421e+00   6.47022198e+00   2.79444435e+00 
  2.87000000e+00   2.79384466e+00   7.25126582e+00   6.47004425e+00   2.79384466e+00 
  2.88000000e+00   2.79325020e+00   7.25113022e+00   6.46987012e+00   2.79325020e+00 
  2.89000000e+00   2.79266343e+00   7.25099736e+00   6.46969950e+00   2.79266343e+00 
  2.90000000e+00   2.79209449e+00   7.25086719e+00   6.46953233e+00   2.79209449e+00 
  2.91000000e+00   2.79152880e+00   7.25073966e+00   6.46936855e+00   2.79152880e+00 
  2.92000000e+00   2.79098616e+00   7.25061473e+00   6.46920812e+00   2.79098616e+00 
  2.93000000e+00   2.79043885e+00   7.25049240e+00   6.46905102e+00   2.79043885e+00 
  2.94000000e+00   2.78992522e+00   7.25037267e+00   6.46889727e+00   2.78992522e+00 
  2.95000000e+00   2.78939274e+00   7.25025564e+00   6.46874696e+00   2.78939274e+00 
  2.96000000e+00   2.78889537e+00   7.25014039e+00   6.46859896e+00   2.78889537e+00 
  2.97000000e+00   2.78840068e+00   7.25002747e+00   6.46845395e+00   2.78840068e+00 
  2.98000000e+00   2.78791144e+00   7.24991683e+00   6.46831186e+00   2.78791144e+00 
  2.99000000e+00   2.78743841e+00   7.24980843e+00   6.46817266e+00   2.78743841e+00 
  3.00000000e+00   2.78696628e+00   7.24970225e+00   6.46803630e+00   2.78696628e+00 
  3.01000000e+00   2.78651600e+00   7.24959825e+00   6.46790274e+00   2.78651600e+00 
  3.02000000e+00   2.78605842e+00   7.24949645e+00   6.46777201e+00   2.78605842e+00 
  3.03000000e+00   2.78563411e+00   7.24939689e+00   6.46764415e+00   2.78563411e+00 
  3.04000000e+00   2.78519606e+00   7.24929894e+00   6.46751836e+00   2.78519606e+00 
  3.05000000e+00   2.78477250e+00   7.24920297e+00   6.46739512e+00   2.78477250e+00 
  3.06000000e+00   2.78436097e+00   7.24910894e+00   6.46727436e+00   2.78436097e+00 
  3.07000000e+00   2.78395293e+00   7.24901681e+00   6.46715605e+00   2.78395293e+00 
  3.08000000e+00   2.78355991e+00   7.24892656e+00   6.46704015e+00   2.78355991e+00 
  3.09000000e+00   2.78316564e+00   7.24883816e+00   6.46692663e+00   2.78316564e+00 
  3.10000000e+00   2.78279251e+00   7.24875161e+00   6.46681548e+00   2.78279251e+00 
  3.11000000e+00   2.78240964e+00   7.24866694e+00   6.46670674e+00   2.78240964e+00 
  3.12000000e+00   2.78206017e+00   7.24858422e+00   6.46660051e+00   2.78206017e+00 
  3.13000000e+00   2.78169371e+00   7.24850265e+00   6.46649575e+00   2.78169371e+00 
  3.14000000e+00   2.78134061e+00   7.24842272e+00   6.46639312e+00   2.78134061e+00 
  3.15000000e+00   2.78099832e+00   7.24834442e+00   6.46629255e+00   2.78099832e+00 
  3.16000000e+00   2.78065790e+00   7.24826770e+00   6.46619403e+00   2.78065790e+00 
  3.17000000e+00   2.78033147e+00   7.24819255e+00   6.46609753e+00   2.78033147e+00 
  3.18000000e+00   2.78000207e+00   7.24811896e+00   6.46600302e+00   2.78000207e+00 
  3.19000000e+00   2.77969319e+00   7.24804694e+00   6.46591054e+00   2.77969319e+00 
  3.20000000e+00   2.77937266e+00   7.24797655e+00   6.46582014e+00   2.77937266e+00 
  3.21000000e+00   2.77908559e+00   7.24790790e+00   6.46573197e+00   2.77908559e+00 
  3.22000000e+00   2.77877876e+00   7.24783995e+00   6.46564471e+00   2.77877876e+00 
  3.23000000e+00   2.77848434e+00   7.24777338e+00   6.46555922e+00   2.77848434e+00 
  3.24000000e+00   2.77819966e+00   7.24770816e+00   6.46547546e+00   2.77819966e+00 
  3.25000000e+00   2.77791554e+00   7.24764426e+00   6.46539341e+00   2.77791554e+00 
  3.26000000e+00   2.77764453e+00   7.24758169e+00   6.46531305e+00   2.77764453e+00 
  3.27000000e+00   2.77736920e+00   7.24752043e+00   6.46523439e+00   2.77736920e+00 
  3.28000000e+00   2.77711378e+00   7.24746052e+00   6.46515745e+00   2.77711378e+00 
  3.29000000e+00   2.77684535e+00   7.24740204e+00   6.46508234e+00   2.77684535e+00 
  3.30000000e+00   2.77661016e+00   7.24734512e+00   6.46500925e+00   2.77661016e+00 
  3.31000000e+00   2.77635309e+00   7.24728851e+00   6.46493655e+00   2.77635309e+00 
  3.32000000e+00   2.77610752e+00   7.24723305e+00   6.46486533e+00   2.77610752e+00 
  3.33000000e+00   2.77587075e+00   7.24717872e+00   6.46479556e+00   2.77587075e+00 
  3.34000000e+00   2.77563354e+00   7.24712550e+00   6.46472721e+00   2.77563354e+00 
  3.35000000e+00   2.77540860e+00   7.24707339e+00   6.46466029e+00   2.77540860e+00 
  3.36000000e+00   2.77517836e+00   7.24702240e+00   6.46459481e+00   2.77517836e+00 
  3.37000000e+00   2.77496734e+00   7.24697258e+00   6.46453082e+00   2.77496734e+00 
  3.38000000e+00   2.77474254e+00   7.24692401e+00   6.46446845e+00   2.77474254e+00 
  3.39000000e+00   2.77455027e+00   7.24687688e+00   6.46440793e+00   2.77455027e+00 
  3.40000000e+00   2.77433479e+00   7.24682971e+00   6.46434735e+00   2.77433479e+00 
  3.41000000e+00   2.77412990e+00   7.24678349e+00   6.46428800e+00   2.77412990e+00 
  3.42000000e+00   2.77393295e+00   7.24673822e+00   6.46422986e+00   2.77393295e+00 
  3.43000000e+00   2.77373485e+00   7.24669388e+00   6.46417292e+00   2.77373485e+00 
  3.44000000e+00   2.77354814e+00   7.24665048e+00   6.46411718e+00   2.77354814e+00 
  3.45000000e+00   2.77335558e+00   7.24660803e+00   6.46406267e+00   2.77335558e+00 
  3.46000000e+00   2.77318131e+00   7.24656660e+00   6.46400946e+00   2.77318131e+00 
  3.47000000e+00   2.77299310e+00   7.24652629e+00   6.46395769e+00   2.77299310e+00 
  3.48000000e+00   2.77283608e+00   7.24648729e+00   6.46390762e+00   2.77283608e+00 
  3.49000000e+00   2.77265544e+00   7.24644797e+00   6.46385711e+00   2.77265544e+00 
  3.50000000e+00   2.77248445e+00   7.24640944e+00   6.46380764e+00   2.77248445e+00 
  3.51000000e+00   2.77232056e+00   7.24637171e+00   6.46375918e+00   2.77232056e+00 
  3.52000000e+00   2.77215509e+00   7.24633476e+00   6.46371173e+00   2.77215509e+00 
  3.53000000e+00   2.77200006e+00   7.24629860e+00   6.46366529e+00   2.77200006e+00 
  3.54000000e+00   2.77183901e+00   7.24626326e+00   6.46361991e+00   2.77183901e+00 
  3.55000000e+00   2.77169504e+00   7.24622880e+00   6.46357565e+00   2.77169504e+00 
  3.56000000e+00   2.77153755e+00   7.24619534e+00   6.46353269e+00   2.77153755e+00 
  3.57000000e+00   2.77140919e+00   7.24616308e+00   6.46349125e+00   2.77140919e+00 
  3.58000000e+00   2.77125627e+00   7.24613224e+00   6.46345165e+00   2.77125627e+00 
  3.59000000e+00   2.77112355e+00   7.24610006e+00   6.46341033e+00   2.77112355e+00 
  3.60000000e+00   2.77098672e+00   7.24606856e+00   6.46336987e+00   2.77098672e+00 
  3.61000000e+00   2.77084855e+00   7.24603771e+00   6.46333025e+00   2.77084855e+00 
  3.62000000e+00   2.77071911e+00   7.24600752e+00   6.46329148e+00   2.77071911e+00 
  3.63000000e+00   2.77058465e+00   7.24597801e+00   6.46325359e+00   2.77058465e+00 
  3.64000000e+00   2.77046443e+00   7.24594924e+00   6.46321664e+00   2.77046443e+00 
  3.65000000e+00   2.77033294e+00   7.24592130e+00   6.46318076e+00   2.77033294e+00 
  3.66000000e+00   2.77022576e+00   7.24589436e+00   6.46314616e+00   2.77022576e+00 
  3.67000000e+00   2.77009808e+00   7.24586861e+00   6.46311310e+00   2.77009808e+00 
  3.68000000e+00   2.77000796e+00   7.24584418e+00   6.46308173e+00   2.77000796e+00 
  3.69000000e+00   2.76988331e+00   7.24581781e+00   6.46304786e+00   2.76988331e+00 
  3.70000000e+00   2.76976801e+00   7.24579200e+00   6.46301471e+00   2.76976801e+00 
  3.71000000e+00   2.76965921e+00   7.24576672e+00   6.46298225e+00   2.76965921e+00 
  3.72000000e+00   2.76954718e+00   7.24574201e+00   6.46295051e+00   2.76954718e+00 
  3.73000000e+00   2.76944552e+00   7.24571787e+00   6.46291951e+00   2.76944552e+00 
  3.74000000e+00   2.76933603e+00   7.24569438e+00   6.46288935e+00   2.76933603e+00 
  3.75000000e+00   2.76924422e+00   7.24567164e+00   6.46286015e+00   2.76924422e+00 
  3.76000000e+00   2.76913752e+00   7.24564981e+00   6.46283211e+00   2.76913752e+00 
  3.77000000e+00   2.76905933e+00   7.24562904e+00   6.46280544e+00   2.76905933e+00 
  3.78000000e+00   2.76895733e+00   7.24560936e+00   6.46278016e+00   2.76895733e+00 
  3.79000000e+00   2.76889183e+00   7.24559062e+00   6.46275610e+00   2.76889183e+00 
  3.80000000e+00   2.76879488e+00   7.24557260e+00   6.46273296e+00   2.76879488e+00 
  3.81000000e+00   2.76871117e+00   7.24555170e+00   6.46270612e+00   2.76871117e+00 
  3.82000000e+00   2.76862284e+00   7.24553125e+00   6.46267985e+00   2.76862284e+00 
  3.83000000e+00   2.76853253e+00   7.24551124e+00   6.46265415e+00   2.76853253e+00 
  3.84000000e+00   2.76844961e+00   7.24549168e+00   6.46262904e+00   2.76844961e+00 
  3.85000000e+00   2.76836144e+00   7.24547261e+00   6.46260455e+00   2.76836144e+00 
  3.86000000e+00   2.76828578e+00   7.24545410e+00   6.46258078e+00   2.76828578e+00 
  3.87000000e+00   2.76819967e+00   7.24543626e+00   6.46255786e+00   2.76819967e+00 
  3.88000000e+00   2.76813432e+00   7.24541921e+00   6.46253597e+00   2.76813432e+00 
  3.89000000e+00   2.76805160e+00   7.24540304e+00   6.46251521e+00   2.76805160e+00 
  3.90000000e+00   2.76799718e+00   7.24538770e+00   6.46249551e+00   2.76799718e+00 
  3.91000000e+00   2.76791866e+00   7.24537302e+00   6.46247665e+00   2.76791866e+00 
  3.92000000e+00   2.76787045e+00   7.24535881e+00   6.46245841e+00   2.76787045e+00 
  3.93000000e+00   2.76779516e+00   7.24534495e+00   6.46244061e+00   2.76779516e+00 
  3.94000000e+00   2.76774958e+00   7.24533137e+00   6.46242317e+00   2.76774958e+00 
  3.95000000e+00   2.76767692e+00   7.24531803e+00   6.46240604e+00   2.76767692e+00 
  3.96000000e+00   2.76763303e+00   7.24530493e+00   6.46238921e+00   2.76763303e+00 
  3.97000000e+00   2.76756280e+00   7.24529204e+00   6.46237266e+00   2.76756280e+00 
  3.98000000e+00   2.76752040e+00   7.24527938e+00   6.46235640e+00   2.76752040e+00 
  3.99000000e+00   2.76745250e+00   7.24526692e+00   6.46234040e+00   2.76745250e+00 
  4.00000000e+00   2.76741151e+00   7.24525468e+00   6.46232468e+00   2.76741151e+00 
  4.01000000e+00   2.76734587e+00   7.24524264e+00   6.46230921e+00   2.76734587e+00 
  4.02000000e+00   2.76730624e+00   7.24523080e+00   6.46229401e+00   2.76730624e+00 
  4.03000000e+00   2.76724277e+00   7.24521916e+00   6.46227906e+00   2.76724277e+00 
  4.04000000e+00   2.76720446e+00   7.24520771e+00   6.46226436e+00   2.76720446e+00 
  4.05000000e+00   2.76714310e+00   7.24519645e+00   6.46224991e+00   2.76714310e+00 
  4.06000000e+00   2.76710606e+00   7.24518539e+00   6.46223569e+00   2.76710606e+00 
  4.07000000e+00   2.76704674e+00   7.24517451e+00   6.46222172e+00   2.76704674e+00 
  4.08000000e+00   2.76701092e+00   7.24516381e+00   6.46220798e+00   2.76701092e+00 
  4.09000000e+00   2.76695357e+00   7.24515329e+00   6.46219447e+00   2.76695357e+00 
  4.10000000e+00   2.76691894e+00   7.24514294e+00   6.46218119e+00   2.76691894e+00 
  4.11000000e+00   2.76686350e+00   7.24513277e+00   6.46216812e+00   2.76686350e+00 
  4.12000000e+00   2.76683002e+00   7.24512277e+00   6.46215528e+00   2.76683002e+00 
  4.13000000e+00   2.76677641e+00   7.24511294e+00   6.46214265e+00   2.76677641e+00 
  4.14000000e+00   2.76674404e+00   7.24510327e+00   6.46213024e+00   2.76674404e+00 
  4.15000000e+00   2.76669222e+00   7.24509376e+00   6.46211803e+00   2.76669222e+00 
  4.16000000e+00   2.76666092e+00   7.24508441e+00   6.46210602e+00   2.76666092e+00 
  4.17000000e+00   2.76661082e+00   7.24507522e+00   6.46209422e+00   2.76661082e+00 
  4.18000000e+00   2.76658056e+00   7.24506618e+00   6.46208261e+00   2.76658056e+00 
  4.19000000e+00   2.76653212e+00   7.24505730e+00   6.46207120e+00   2.76653212e+00 
  4.20000000e+00   2.76650286e+00   7.24504856e+00   6.46205998e+00   2.76650286e+00 
  4.21000000e+00   2.76645603e+00   7.24503997e+00   6.46204894e+00   2.76645603e+00 
  4.22000000e+00   2.76642775e+00   7.24503152e+00   6.46203810e+00   2.76642775e+00 
  4.23000000e+00   2.76638247e+00   7.24502321e+00   6.46202743e+00   2.76638247e+00 
  4.24000000e+00   2.76635512e+00   7.24501505e+00   6.46201694e+00   2.76635512e+00 
  4.25000000e+00   2.76631135e+00   7.24500702e+00   6.46200663e+00   2.76631135e+00 
  4.26000000e+00   2.76628491e+00   7.24499912e+00   6.46199649e+00   2.76628491e+00 
  4.27000000e+00   2.76624259e+00   7.24499136e+00   6.46198651e+00   2.76624259e+00 
  4.28000000e+00   2.76621703e+00   7.24498372e+00   6.46197671e+00   2.76621703e+00 
  4.29000000e+00   2.76617611e+00   7.24497621e+00   6.46196707e+00   2.76617611e+00 
  4.30000000e+00   2.76615140e+00   7.24496883e+00   6.46195759e+00   2.76615140e+00 
  4.31000000e+00   2.76611184e+00   7.24496158e+00   6.46194827e+00   2.76611184e+00 
  4.32000000e+00   2.76608795e+00   7.24495444e+00   6.46193911e+00   2.76608795e+00 
  4.33000000e+00   2.76604970e+00   7.24494742e+00   6.46193010e+00   2.76604970e+00 
  4.34000000e+00   2.76602660e+00   7.24494052e+00   6.46192124e+00   2.76602660e+00 
  4.35000000e+00   2.76598963e+00   7.24493374e+00   6.46191253e+00   2.76598963e+00 
  4.36000000e+00   2.76596729e+00   7.24492707e+00   6.46190396e+00   2.76596729e+00 
  4.37000000e+00   2.76593154e+00   7.24492051e+00   6.46189554e+00   2.76593154e+00 
  4.38000000e+00   2.76590995e+00   7.24491406e+00   6.46188726e+00   2.76590995e+00 
  4.39000000e+00   2.76587539e+00   7.24490772e+00   6.46187911e+00   2.76587539e+00 
  4.40000000e+00   2.76585451e+00   7.24490149e+00   6.46187111e+00   2.76585451e+00 
  4.41000000e+00   2.76582110e+00   7.24489536e+00   6.46186323e+00   2.76582110e+00 
  4.42000000e+00   2.76580091e+00   7.24488933e+00   6.46185549e+00   2.76580091e+00 
  4.43000000e+00   2.76576861e+00   7.24488340e+00   6.46184788e+00   2.76576861e+00 
  4.44000000e+00   2.76574909e+00   7.24487758e+00   6.46184040e+00   2.76574909e+00 
  4.45000000e+00   2.76571786e+00   7.24487184e+00   6.46183304e+00   2.76571786e+00 
  4.46000000e+00   2.76569899e+00   7.24486621e+00   6.46182580e+00   2.76569899e+00 
  4.47000000e+00   2.76566880e+00   7.24486067e+00   6.46181869e+00   2.76566880e+00 
  4.48000000e+00   2.76565056e+00   7.24485522e+00   6.46181169e+00   2.76565056e+00 
  4.49000000e+00   2.76562136e+00   7.24484987e+00   6.46180481e+00   2.76562136e+00 
  4.50000000e+00   2.76562136e+00   7.24484987e+00   6.46180481e+00   2.76562136e+00 
  4.51000000e+00   2.76562136e+00   7.24484987e+00   6.46180481e+00   2.76562136e+00 
  4.52000000e+00   2.76562136e+00   7.24484987e+00   6.46180481e+00   2.76562136e+00 
  4.53000000e+00   2.76562136e+00   7.24484987e+00   6.46180481e+00   2.76562136e+00 
  4.54000000e+00   2.76562136e+00   7.24484987e+00   6.46180481e+00   2.76562136e+00 
  4.55000000e+00   2.76562136e+00   7.24484987e+00   6.46180481e+00   2.76562136e+00 
  4.56000000e+00   2.76562136e+00   7.24484987e+00   6.46180481e+00   2.76562136e+00 
  4.57000000e+00   2.76562136e+00   7.24484987e+00   6.46180481e+00   2.76562136e+00 
  4.58000000e+00   2.76562136e+00   7.24484987e+00   6.46180481e+00   2.76562136e+00 
  4.59000000e+00   2.76562136e+00   7.24484987e+00   6.46180481e+00   2.76562136e+00 
  4.60000000e+00   2.76562136e+00   7.24484987e+00   6.46180481e+00   2.76562136e+00 
  4.61000000e+00   2.76562136e+00   7.24484987e+00   6.46180481e+00   2.76562136e+00 
  4.62000000e+00   2.76562136e+00   7.24484987e+00   6.46180481e+00   2.76562136e+00 
  4.63000000e+00   2.76562136e+00   7.24484987e+00   6.46180481e+00   2.76562136e+00 
  4.64000000e+00   2.76562136e+00   7.24484987e+00   6.46180481e+00   2.76562136e+00 
  4.65000000e+00   2.76562136e+00   7.24484987e+00   6.46180481e+00   2.76562136e+00 
  4.66000000e+00   2.76562136e+00   7.24484987e+00   6.46180481e+00   2.76562136e+00 
  4.67000000e+00   2.76562136e+00   7.24484987e+00   6.46180481e+00   2.76562136e+00 
  4.68000000e+00   2.76562136e+00   7.24484987e+00   6.46180481e+00   2.76562136e+00 
  4.69000000e+00   2.76562136e+00   7.24484987e+00   6.46180481e+00   2.76562136e+00 
  4.70000000e+00   2.76562136e+00   7.24484987e+00   6.46180481e+00   2.76562136e+00 
  4.71000000e+00   2.76562136e+00   7.24484987e+00   6.46180481e+00   2.76562136e+00 
  4.72000000e+00   2.76562136e+00   7.24484987e+00   6.46180481e+00   2.76562136e+00 
  4.73000000e+00   2.76562136e+00   7.24484987e+00   6.46180481e+00   2.76562136e+00 
  4.74000000e+00   2.76562136e+00   7.24484987e+00   6.46180481e+00   2.76562136e+00 
  4.75000000e+00   2.76562136e+00   7.24484987e+00   6.46180481e+00   2.76562136e+00 
  4.76000000e+00   2.76562136e+00   7.24484987e+00   6.46180481e+00   2.76562136e+00 
  4.77000000e+00   2.76562136e+00   7.24484987e+00   6.46180481e+00   2.76562136e+00 
  4.78000000e+00   2.76562136e+00   7.24484987e+00   6.46180481e+00   2.76562136e+00 
  4.79000000e+00   2.76562136e+00   7.24484987e+00   6.46180481e+00   2.76562136e+00 
  4.80000000e+00   2.76562136e+00   7.24484987e+00   6.46180481e+00   2.76562136e+00 
  4.81000000e+00   2.76562136e+00   7.24484987e+00   6.46180481e+00   2.76562136e+00 
  4.82000000e+00   2.76562136e+00   7.24484987e+00   6.46180481e+00   2.76562136e+00 
  4.83000000e+00   2.76562136e+00   7.24484987e+00   6.46180481e+00   2.76562136e+00 
  4.84000000e+00   2.76562136e+00   7.24484987e+00   6.46180481e+00   2.76562136e+00 
  4.85000000e+00   2.76562136e+00   7.24484987e+00   6.46180481e+00   2.76562136e+00 
  4.86000000e+00   2.76562136e+00   7.24484987e+00   6.46180481e+00   2.76562136e+00 
  4.87000000e+00   2.76562136e+00   7.24484987e+00   6.46180481e+00   2.76562136e+00 
  4.88000000e+00   2.76562136e+00   7.24484987e+00   6.46180481e+00   2.76562136e+00 
  4.89000000e+00   2.76562136e+00   7.24484987e+00   6.46180481e+00   2.76562136e+00 
  4.90000000e+00   2.76562136e+00   7.24484987e+00   6.46180481e+00   2.76562136e+00 
  4.91000000e+00   2.76562136e+00   7.24484987e+00   6.46180481e+00   2.76562136e+00 
  4.92000000e+00   2.76562136e+00   7.24484987e+00   6.46180481e+00   2.76562136e+00 
  4.93000000e+00   2.76562136e+00   7.24484987e+00   6.46180481e+00   2.76562136e+00 
  4.94000000e+00   2.76562136e+00   7.24484987e+00   6.46180481e+00   2.76562136e+00 
  4.95000000e+00   2.76562136e+00   7.24484987e+00   6.46180481e+00   2.76562136e+00 
  4.96000000e+00   2.76562136e+00   7.24484987e+00   6.46180481e+00   2.76562136e+00 
  4.97000000e+00   2.76562136e+00   7.24484987e+00   6.46180481e+00   2.76562136e+00 
  4.98000000e+00   2.76562136e+00   7.24484987e+00   6.46180481e+00   2.76562136e+00 
  4.99000000e+00   2.76562136e+00   7.24484987e+00   6.46180481e+00   2.76562136e+00 
  5.00000000e+00   2.76562136e+00   7.24484987e+00   6.46180481e+00   2.76562136e+00 
  5.01000000e+00   2.76562136e+00   7.24484987e+00   6.46180481e+00   2.76562136e+00 
  5.02000000e+00   2.76562136e+00   7.24484987e+00   6.46180481e+00   2.76562136e+00 
  5.03000000e+00   2.76562136e+00   7.24484987e+00   6.46180481e+00   2.76562136e+00 
  5.04000000e+00   2.76562136e+00   7.24484987e+00   6.46180481e+00   2.76562136e+00 
  5.05000000e+00   2.76562136e+00   7.24484987e+00   6.46180481e+00   2.76562136e+00 
  5.06000000e+00   2.76562136e+00   7.24484987e+00   6.46180481e+00   2.76562136e+00 
  5.07000000e+00   2.76562136e+00   7.24484987e+00   6.46180481e+00   2.76562136e+00 
  5.08000000e+00   2.76562136e+00   7.24484987e+00   6.46180481e+00   2.76562136e+00 
  5.09000000e+00   2.76562136e+00   7.24484987e+00   6.46180481e+00   2.76562136e+00 
  5.10000000e+00   2.76562136e+00   7.24484987e+00   6.46180481e+00   2.76562136e+00 
  5.11000000e+00   2.76562136e+00   7.24484987e+00   6.46180481e+00   2.76562136e+00 
  5.12000000e+00   2.76562136e+00   7.24484987e+00   6.46180481e+00   2.76562136e+00 
  5.13000000e+00   2.76562136e+00   7.24484987e+00   6.46180481e+00   2.76562136e+00 
  5.14000000e+00   2.76562136e+00   7.24484987e+00   6.46180481e+00   2.76562136e+00 
  5.15000000e+00   2.76562136e+00   7.24484987e+00   6.46180481e+00   2.76562136e+00 
  5.16000000e+00   2.76562136e+00   7.24484987e+00   6.46180481e+00   2.76562136e+00 
  5.17000000e+00   2.76562136e+00   7.24484987e+00   6.46180481e+00   2.76562136e+00 
  5.18000000e+00   2.76562136e+00   7.24484987e+00   6.46180481e+00   2.76562136e+00 
  5.19000000e+00   2.76562136e+00   7.24484987e+00   6.46180481e+00   2.76562136e+00 
  5.20000000e+00   2.76562136e+00   7.24484987e+00   6.46180481e+00   2.76562136e+00 
  5.21000000e+00   2.76562136e+00   7.24484987e+00   6.46180481e+00   2.76562136e+00 
  5.22000000e+00   2.76562136e+00   7.24484987e+00   6.46180481e+00   2.76562136e+00 
  5.23000000e+00   2.76562136e+00   7.24484987e+00   6.46180481e+00   2.76562136e+00 
  5.24000000e+00   2.76562136e+00   7.24484987e+00   6.46180481e+00   2.76562136e+00 
  5.25000000e+00   2.76562136e+00   7.24484987e+00   6.46180481e+00   2.76562136e+00 
  5.26000000e+00   2.76562136e+00   7.24484987e+00   6.46180481e+00   2.76562136e+00 
  5.27000000e+00   2.76562136e+00   7.24484987e+00   6.46180481e+00   2.76562136e+00 
  5.28000000e+00   2.76562136e+00   7.24484987e+00   6.46180481e+00   2.76562136e+00 
  5.29000000e+00   2.76562136e+00   7.24484987e+00   6.46180481e+00   2.76562136e+00 
  5.30000000e+00   2.76562136e+00   7.24484987e+00   6.46180481e+00   2.76562136e+00 
  5.31000000e+00   2.76562136e+00   7.24484987e+00   6.46180481e+00   2.76562136e+00 
  5.32000000e+00   2.76562136e+00   7.24484987e+00   6.46180481e+00   2.76562136e+00 
  5.33000000e+00   2.76562136e+00   7.24484987e+00   6.46180481e+00   2.76562136e+00 
  5.34000000e+00   2.76562136e+00   7.24484987e+00   6.46180481e+00   2.76562136e+00 
  5.35000000e+00   2.76562136e+00   7.24484987e+00   6.46180481e+00   2.76562136e+00 
  5.36000000e+00   2.76562136e+00   7.24484987e+00   6.46180481e+00   2.76562136e+00 
  5.37000000e+00   2.76562136e+00   7.24484987e+00   6.46180481e+00   2.76562136e+00 
  5.38000000e+00   2.76562136e+00   7.24484987e+00   6.46180481e+00   2.76562136e+00 
  5.39000000e+00   2.76562136e+00   7.24484987e+00   6.46180481e+00   2.76562136e+00 
  5.40000000e+00   2.76562136e+00   7.24484987e+00   6.46180481e+00   2.76562136e+00 
  5.41000000e+00   2.76562136e+00   7.24484987e+00   6.46180481e+00   2.76562136e+00 
  5.42000000e+00   2.76562136e+00   7.24484987e+00   6.46180481e+00   2.76562136e+00 
  5.43000000e+00   2.76562136e+00   7.24484987e+00   6.46180481e+00   2.76562136e+00 
  5.44000000e+00   2.76562136e+00   7.24484987e+00   6.46180481e+00   2.76562136e+00 
  5.45000000e+00   2.76562136e+00   7.24484987e+00   6.46180481e+00   2.76562136e+00 
  5.46000000e+00   2.76562136e+00   7.24484987e+00   6.46180481e+00   2.76562136e+00 
  5.47000000e+00   2.76562136e+00   7.24484987e+00   6.46180481e+00   2.76562136e+00 
  5.48000000e+00   2.76562136e+00   7.24484987e+00   6.46180481e+00   2.76562136e+00 
  5.49000000e+00   2.76562136e+00   7.24484987e+00   6.46180481e+00   2.76562136e+00 
  5.50000000e+00   2.76562136e+00   7.24484987e+00   6.46180481e+00   2.76562136e+00 
  5.51000000e+00   2.76562136e+00   7.24484987e+00   6.46180481e+00   2.76562136e+00 
  5.52000000e+00   2.76562136e+00   7.24484987e+00   6.46180481e+00   2.76562136e+00 
  5.53000000e+00   2.76562136e+00   7.24484987e+00   6.46180481e+00   2.76562136e+00 
  5.54000000e+00   2.76562136e+00   7.24484987e+00   6.46180481e+00   2.76562136e+00 
  5.55000000e+00   2.76562136e+00   7.24484987e+00   6.46180481e+00   2.76562136e+00 
  5.56000000e+00   2.76562136e+00   7.24484987e+00   6.46180481e+00   2.76562136e+00 
  5.57000000e+00   2.76562136e+00   7.24484987e+00   6.46180481e+00   2.76562136e+00 
  5.58000000e+00   2.76562136e+00   7.24484987e+00   6.46180481e+00   2.76562136e+00 
  5.59000000e+00   2.76562136e+00   7.24484987e+00   6.46180481e+00   2.76562136e+00 
  5.60000000e+00   2.76562136e+00   7.24484987e+00   6.46180481e+00   2.76562136e+00 
  5.61000000e+00   2.76562136e+00   7.24484987e+00   6.46180481e+00   2.76562136e+00 
  5.62000000e+00   2.76562136e+00   7.24484987e+00   6.46180481e+00   2.76562136e+00 
  5.63000000e+00   2.76562136e+00   7.24484987e+00   6.46180481e+00   2.76562136e+00 
  5.64000000e+00   2.76562136e+00   7.24484987e+00   6.46180481e+00   2.76562136e+00 
  5.65000000e+00   2.76562136e+00   7.24484987e+00   6.46180481e+00   2.76562136e+00 
  5.66000000e+00   2.76562136e+00   7.24484987e+00   6.46180481e+00   2.76562136e+00 
  5.67000000e+00   2.76562136e+00   7.24484987e+00   6.46180481e+00   2.76562136e+00 
  5.68000000e+00   2.76562136e+00   7.24484987e+00   6.46180481e+00   2.76562136e+00 
  5.69000000e+00   2.76562136e+00   7.24484987e+00   6.46180481e+00   2.76562136e+00 
  5.70000000e+00   2.76562136e+00   7.24484987e+00   6.46180481e+00   2.76562136e+00 
  5.71000000e+00   2.76562136e+00   7.24484987e+00   6.46180481e+00   2.76562136e+00 
  5.72000000e+00   2.76562136e+00   7.24484987e+00   6.46180481e+00   2.76562136e+00 
  5.73000000e+00   2.76562136e+00   7.24484987e+00   6.46180481e+00   2.76562136e+00 
  5.74000000e+00   2.76562136e+00   7.24484987e+00   6.46180481e+00   2.76562136e+00 
  5.75000000e+00   2.76562136e+00   7.24484987e+00   6.46180481e+00   2.76562136e+00 
  5.76000000e+00   2.76562136e+00   7.24484987e+00   6.46180481e+00   2.76562136e+00 
  5.77000000e+00   2.76562136e+00   7.24484987e+00   6.46180481e+00   2.76562136e+00 
  5.78000000e+00   2.76562136e+00   7.24484987e+00   6.46180481e+00   2.76562136e+00 
  5.79000000e+00   2.76562136e+00   7.24484987e+00   6.46180481e+00   2.76562136e+00 
  5.80000000e+00   2.76562136e+00   7.24484987e+00   6.46180481e+00   2.76562136e+00 
  5.81000000e+00   2.76562136e+00   7.24484987e+00   6.46180481e+00   2.76562136e+00 
  5.82000000e+00   2.76562136e+00   7.24484987e+00   6.46180481e+00   2.76562136e+00 
  5.83000000e+00   2.76562136e+00   7.24484987e+00   6.46180481e+00   2.76562136e+00 
  5.84000000e+00   2.76562136e+00   7.24484987e+00   6.46180481e+00   2.76562136e+00 
  5.85000000e+00   2.76562136e+00   7.24484987e+00   6.46180481e+00   2.76562136e+00 
  5.86000000e+00   2.76562136e+00   7.24484987e+00   6.46180481e+00   2.76562136e+00 
  5.87000000e+00   2.76562136e+00   7.24484987e+00   6.46180481e+00   2.76562136e+00 
  5.88000000e+00   2.76562136e+00   7.24484987e+00   6.46180481e+00   2.76562136e+00 
  5.89000000e+00   2.76562136e+00   7.24484987e+00   6.46180481e+00   2.76562136e+00 
  5.90000000e+00   2.76562136e+00   7.24484987e+00   6.46180481e+00   2.76562136e+00 
  5.91000000e+00   2.76562136e+00   7.24484987e+00   6.46180481e+00   2.76562136e+00 
  5.92000000e+00   2.76562136e+00   7.24484987e+00   6.46180481e+00   2.76562136e+00 
  5.93000000e+00   2.76562136e+00   7.24484987e+00   6.46180481e+00   2.76562136e+00 
  5.94000000e+00   2.76562136e+00   7.24484987e+00   6.46180481e+00   2.76562136e+00 
  5.95000000e+00   2.76562136e+00   7.24484987e+00   6.46180481e+00   2.76562136e+00 
  5.96000000e+00   2.76562136e+00   7.24484987e+00   6.46180481e+00   2.76562136e+00 
  5.97000000e+00   2.76562136e+00   7.24484987e+00   6.46180481e+00   2.76562136e+00 
  5.98000000e+00   2.76562136e+00   7.24484987e+00   6.46180481e+00   2.76562136e+00 
  5.99000000e+00   2.76562136e+00   7.24484987e+00   6.46180481e+00   2.76562136e+00 
  6.00000000e+00   2.76562136e+00   7.24484987e+00   6.46180481e+00   2.76562136e+00 
  6.01000000e+00   2.76562136e+00   7.24484987e+00   6.46180481e+00   2.76562136e+00 
  6.02000000e+00   2.76562136e+00   7.24484987e+00   6.46180481e+00   2.76562136e+00 
  6.03000000e+00   2.76562136e+00   7.24484987e+00   6.46180481e+00   2.76562136e+00 
  6.04000000e+00   2.76562136e+00   7.24484987e+00   6.46180481e+00   2.76562136e+00 
  6.05000000e+00   2.76562136e+00   7.24484987e+00   6.46180481e+00   2.76562136e+00 
  6.06000000e+00   2.76562136e+00   7.24484987e+00   6.46180481e+00   2.76562136e+00 
  6.07000000e+00   2.76562136e+00   7.24484987e+00   6.46180481e+00   2.76562136e+00 
  6.08000000e+00   2.76562136e+00   7.24484987e+00   6.46180481e+00   2.76562136e+00 
  6.09000000e+00   2.76562136e+00   7.24484987e+00   6.46180481e+00   2.76562136e+00 
  6.10000000e+00   2.76562136e+00   7.24484987e+00   6.46180481e+00   2.76562136e+00 
  6.11000000e+00   2.76562136e+00   7.24484987e+00   6.46180481e+00   2.76562136e+00 
  6.12000000e+00   2.76562136e+00   7.24484987e+00   6.46180481e+00   2.76562136e+00 
  6.13000000e+00   2.76562136e+00   7.24484987e+00   6.46180481e+00   2.76562136e+00 
  6.14000000e+00   2.76562136e+00   7.24484987e+00   6.46180481e+00   2.76562136e+00 
  6.15000000e+00   2.76562136e+00   7.24484987e+00   6.46180481e+00   2.76562136e+00 
  6.16000000e+00   2.76562136e+00   7.24484987e+00   6.46180481e+00   2.76562136e+00 
  6.17000000e+00   2.76562136e+00   7.24484987e+00   6.46180481e+00   2.76562136e+00 
  6.18000000e+00   2.76562136e+00   7.24484987e+00   6.46180481e+00   2.76562136e+00 
  6.19000000e+00   2.76562136e+00   7.24484987e+00   6.46180481e+00   2.76562136e+00 
  6.20000000e+00   2.76562136e+00   7.24484987e+00   6.46180481e+00   2.76562136e+00 
  6.21000000e+00   2.76562136e+00   7.24484987e+00   6.46180481e+00   2.76562136e+00 
  6.22000000e+00   2.76562136e+00   7.24484987e+00   6.46180481e+00   2.76562136e+00 
  6.23000000e+00   2.76562136e+00   7.24484987e+00   6.46180481e+00   2.76562136e+00 
  6.24000000e+00   2.76562136e+00   7.24484987e+00   6.46180481e+00   2.76562136e+00 
  6.25000000e+00   2.76562136e+00   7.24484987e+00   6.46180481e+00   2.76562136e+00 
  6.26000000e+00   2.76562136e+00   7.24484987e+00   6.46180481e+00   2.76562136e+00 
  6.27000000e+00   2.76562136e+00   7.24484987e+00   6.46180481e+00   2.76562136e+00 
  6.28000000e+00   2.76562136e+00   7.24484987e+00   6.46180481e+00   2.76562136e+00 
  6.29000000e+00   2.76562136e+00   7.24484987e+00   6.46180481e+00   2.76562136e+00 
  6.30000000e+00   2.76562136e+00   7.24484987e+00   6.46180481e+00   2.76562136e+00 
  6.31000000e+00   2.76562136e+00   7.24484987e+00   6.46180481e+00   2.76562136e+00 
  6.32000000e+00   2.76562136e+00   7.24484987e+00   6.46180481e+00   2.76562136e+00 
  6.33000000e+00   2.76562136e+00   7.24484987e+00   6.46180481e+00   2.76562136e+00 
  6.34000000e+00   2.76562136e+00   7.24484987e+00   6.46180481e+00   2.76562136e+00 
  6.35000000e+00   2.76562136e+00   7.24484987e+00   6.46180481e+00   2.76562136e+00 
  6.36000000e+00   2.76562136e+00   7.24484987e+00   6.46180481e+00   2.76562136e+00 
  6.37000000e+00   2.76562136e+00   7.24484987e+00   6.46180481e+00   2.76562136e+00 
  6.38000000e+00   2.76562136e+00   7.24484987e+00   6.46180481e+00   2.76562136e+00 
  6.39000000e+00   2.76562136e+00   7.24484987e+00   6.46180481e+00   2.76562136e+00 
  6.40000000e+00   2.76562136e+00   7.24484987e+00   6.46180481e+00   2.76562136e+00 
  6.41000000e+00   2.76562136e+00   7.24484987e+00   6.46180481e+00   2.76562136e+00 
  6.42000000e+00   2.76562136e+00   7.24484987e+00   6.46180481e+00   2.76562136e+00 
  6.43000000e+00   2.76562136e+00   7.24484987e+00   6.46180481e+00   2.76562136e+00 
  6.44000000e+00   2.76562136e+00   7.24484987e+00   6.46180481e+00   2.76562136e+00 
  6.45000000e+00   2.76562136e+00   7.24484987e+00   6.46180481e+00   2.76562136e+00 
  6.46000000e+00   2.76562136e+00   7.24484987e+00   6.46180481e+00   2.76562136e+00 
  6.47000000e+00   2.76562136e+00   7.24484987e+00   6.46180481e+00   2.76562136e+00 
  6.48000000e+00   2.76562136e+00   7.24484987e+00   6.46180481e+00   2.76562136e+00 
  6.49000000e+00   2.76562136e+00   7.24484987e+00   6.46180481e+00   2.76562136e+00 
  6.50000000e+00   2.76562136e+00   7.24484987e+00   6.46180481e+00   2.76562136e+00 
  6.51000000e+00   2.76562136e+00   7.24484987e+00   6.46180481e+00   2.76562136e+00 
  6.52000000e+00   2.76562136e+00   7.24484987e+00   6.46180481e+00   2.76562136e+00 
  6.53000000e+00   2.76562136e+00   7.24484987e+00   6.46180481e+00   2.76562136e+00 
  6.54000000e+00   2.76562136e+00   7.24484987e+00   6.46180481e+00   2.76562136e+00 
  6.55000000e+00   2.76562136e+00   7.24484987e+00   6.46180481e+00   2.76562136e+00 
  6.56000000e+00   2.76562136e+00   7.24484987e+00   6.46180481e+00   2.76562136e+00 
  6.57000000e+00   2.76562136e+00   7.24484987e+00   6.46180481e+00   2.76562136e+00 
  6.58000000e+00   2.76562136e+00   7.24484987e+00   6.46180481e+00   2.76562136e+00 
  6.59000000e+00   2.76562136e+00   7.24484987e+00   6.46180481e+00   2.76562136e+00 
  6.60000000e+00   2.76562136e+00   7.24484987e+00   6.46180481e+00   2.76562136e+00 
  6.61000000e+00   2.76562136e+00   7.24484987e+00   6.46180481e+00   2.76562136e+00 
  6.62000000e+00   2.76562136e+00   7.24484987e+00   6.46180481e+00   2.76562136e+00 
  6.63000000e+00   2.76562136e+00   7.24484987e+00   6.46180481e+00   2.76562136e+00 
  6.64000000e+00   2.76562136e+00   7.24484987e+00   6.46180481e+00   2.76562136e+00 
  6.65000000e+00   2.76562136e+00   7.24484987e+00   6.46180481e+00   2.76562136e+00 
  6.66000000e+00   2.76562136e+00   7.24484987e+00   6.46180481e+00   2.76562136e+00 
  6.67000000e+00   2.76562136e+00   7.24484987e+00   6.46180481e+00   2.76562136e+00 
  6.68000000e+00   2.76562136e+00   7.24484987e+00   6.46180481e+00   2.76562136e+00 
  6.69000000e+00   2.76562136e+00   7.24484987e+00   6.46180481e+00   2.76562136e+00 
  6.70000000e+00   2.76562136e+00   7.24484987e+00   6.46180481e+00   2.76562136e+00 
  6.71000000e+00   2.76562136e+00   7.24484987e+00   6.46180481e+00   2.76562136e+00 
  6.72000000e+00   2.76562136e+00   7.24484987e+00   6.46180481e+00   2.76562136e+00 
  6.73000000e+00   2.76562136e+00   7.24484987e+00   6.46180481e+00   2.76562136e+00 
  6.74000000e+00   2.76562136e+00   7.24484987e+00   6.46180481e+00   2.76562136e+00 
  6.75000000e+00   2.76562136e+00   7.24484987e+00   6.46180481e+00   2.76562136e+00 
  6.76000000e+00   2.76562136e+00   7.24484987e+00   6.46180481e+00   2.76562136e+00 
  6.77000000e+00   2.76562136e+00   7.24484987e+00   6.46180481e+00   2.76562136e+00 
  6.78000000e+00   2.76562136e+00   7.24484987e+00   6.46180481e+00   2.76562136e+00 
  6.79000000e+00   2.76562136e+00   7.24484987e+00   6.46180481e+00   2.76562136e+00 
  6.80000000e+00   2.76562136e+00   7.24484987e+00   6.46180481e+00   2.76562136e+00 
  6.81000000e+00   2.76562136e+00   7.24484987e+00   6.46180481e+00   2.76562136e+00 
  6.82000000e+00   2.76562136e+00   7.24484987e+00   6.46180481e+00   2.76562136e+00 
  6.83000000e+00   2.76562136e+00   7.24484987e+00   6.46180481e+00   2.76562136e+00 
  6.84000000e+00   2.76562136e+00   7.24484987e+00   6.46180481e+00   2.76562136e+00 
  6.85000000e+00   2.76562136e+00   7.24484987e+00   6.46180481e+00   2.76562136e+00 
  6.86000000e+00   2.76562136e+00   7.24484987e+00   6.46180481e+00   2.76562136e+00 
  6.87000000e+00   2.76562136e+00   7.24484987e+00   6.46180481e+00   2.76562136e+00 
  6.88000000e+00   2.76562136e+00   7.24484987e+00   6.46180481e+00   2.76562136e+00 
  6.89000000e+00   2.76562136e+00   7.24484987e+00   6.46180481e+00   2.76562136e+00 
  6.90000000e+00   2.76562136e+00   7.24484987e+00   6.46180481e+00   2.76562136e+00 
  6.91000000e+00   2.76562136e+00   7.24484987e+00   6.46180481e+00   2.76562136e+00 
  6.92000000e+00   2.76562136e+00   7.24484987e+00   6.46180481e+00   2.76562136e+00 
  6.93000000e+00   2.76562136e+00   7.24484987e+00   6.46180481e+00   2.76562136e+00 
  6.94000000e+00   2.76562136e+00   7.24484987e+00   6.46180481e+00   2.76562136e+00 
  6.95000000e+00   2.76562136e+00   7.24484987e+00   6.46180481e+00   2.76562136e+00 
  6.96000000e+00   2.76562136e+00   7.24484987e+00   6.46180481e+00   2.76562136e+00 
  6.97000000e+00   2.76562136e+00   7.24484987e+00   6.46180481e+00   2.76562136e+00 
  6.98000000e+00   2.76562136e+00   7.24484987e+00   6.46180481e+00   2.76562136e+00 
  6.99000000e+00   2.76562136e+00   7.24484987e+00   6.46180481e+00   2.76562136e+00 
  7.00000000e+00   2.76562136e+00   7.24484987e+00   6.46180481e+00   2.76562136e+00 
  7.01000000e+00   2.76562136e+00   7.24484987e+00   6.46180481e+00   2.76562136e+00 
  7.02000000e+00   2.76562136e+00   7.24484987e+00   6.46180481e+00   2.76562136e+00 
  7.03000000e+00   2.76562136e+00   7.24484987e+00   6.46180481e+00   2.76562136e+00 
  7.04000000e+00   2.76562136e+00   7.24484987e+00   6.46180481e+00   2.76562136e+00 
  7.05000000e+00   2.76562136e+00   7.24484987e+00   6.46180481e+00   2.76562136e+00 
  7.06000000e+00   2.76562136e+00   7.24484987e+00   6.46180481e+00   2.76562136e+00 
  7.07000000e+00   2.76562136e+00   7.24484987e+00   6.46180481e+00   2.76562136e+00 
  7.08000000e+00   2.76562136e+00   7.24484987e+00   6.46180481e+00   2.76562136e+00 
  7.09000000e+00   2.76562136e+00   7.24484987e+00   6.46180481e+00   2.76562136e+00 
  7.10000000e+00   2.76562136e+00   7.24484987e+00   6.46180481e+00   2.76562136e+00 
  7.11000000e+00   2.76562136e+00   7.24484987e+00   6.46180481e+00   2.76562136e+00 
  7.12000000e+00   2.76562136e+00   7.24484987e+00   6.46180481e+00   2.76562136e+00 
  7.13000000e+00   2.76562136e+00   7.24484987e+00   6.46180481e+00   2.76562136e+00 
  7.14000000e+00   2.76562136e+00   7.24484987e+00   6.46180481e+00   2.76562136e+00 
  7.15000000e+00   2.76562136e+00   7.24484987e+00   6.46180481e+00   2.76562136e+00 
  7.16000000e+00   2.76562136e+00   7.24484987e+00   6.46180481e+00   2.76562136e+00 
  7.17000000e+00   2.76562136e+00   7.24484987e+00   6.46180481e+00   2.76562136e+00 
  7.18000000e+00   2.76562136e+00   7.24484987e+00   6.46180481e+00   2.76562136e+00 
  7.19000000e+00   2.76562136e+00   7.24484987e+00   6.46180481e+00   2.76562136e+00 
  7.20000000e+00   2.76562136e+00   7.24484987e+00   6.46180481e+00   2.76562136e+00 
  7.21000000e+00   2.76562136e+00   7.24484987e+00   6.46180481e+00   2.76562136e+00 
  7.22000000e+00   2.76562136e+00   7.24484987e+00   6.46180481e+00   2.76562136e+00 
  7.23000000e+00   2.76562136e+00   7.24484987e+00   6.46180481e+00   2.76562136e+00 
  7.24000000e+00   2.76562136e+00   7.24484987e+00   6.46180481e+00   2.76562136e+00 
  7.25000000e+00   2.76562136e+00   7.24484987e+00   6.46180481e+00   2.76562136e+00 
  7.26000000e+00   2.76562136e+00   7.24484987e+00   6.46180481e+00   2.76562136e+00 
  7.27000000e+00   2.76562136e+00   7.24484987e+00   6.46180481e+00   2.76562136e+00 
  7.28000000e+00   2.76562136e+00   7.24484987e+00   6.46180481e+00   2.76562136e+00 
  7.29000000e+00   2.76562136e+00   7.24484987e+00   6.46180481e+00   2.76562136e+00 
  7.30000000e+00   2.76562136e+00   7.24484987e+00   6.46180481e+00   2.76562136e+00 
  7.31000000e+00   2.76562136e+00   7.24484987e+00   6.46180481e+00   2.76562136e+00 
  7.32000000e+00   2.76562136e+00   7.24484987e+00   6.46180481e+00   2.76562136e+00 
  7.33000000e+00   2.76562136e+00   7.24484987e+00   6.46180481e+00   2.76562136e+00 
  7.34000000e+00   2.76562136e+00   7.24484987e+00   6.46180481e+00   2.76562136e+00 
  7.35000000e+00   2.76562136e+00   7.24484987e+00   6.46180481e+00   2.76562136e+00 
  7.36000000e+00   2.76562136e+00   7.24484987e+00   6.46180481e+00   2.76562136e+00 
  7.37000000e+00   2.76562136e+00   7.24484987e+00   6.46180481e+00   2.76562136e+00 
  7.38000000e+00   2.76562136e+00   7.24484987e+00   6.46180481e+00   2.76562136e+00 
  7.39000000e+00   2.76562136e+00   7.24484987e+00   6.46180481e+00   2.76562136e+00 
  7.40000000e+00   2.76562136e+00   7.24484987e+00   6.46180481e+00   2.76562136e+00 
  7.41000000e+00   2.76562136e+00   7.24484987e+00   6.46180481e+00   2.76562136e+00 
  7.42000000e+00   2.76562136e+00   7.24484987e+00   6.46180481e+00   2.76562136e+00 
  7.43000000e+00   2.76562136e+00   7.24484987e+00   6.46180481e+00   2.76562136e+00 
  7.44000000e+00   2.76562136e+00   7.24484987e+00   6.46180481e+00   2.76562136e+00 
  7.45000000e+00   2.76562136e+00   7.24484987e+00   6.46180481e+00   2.76562136e+00 
  7.46000000e+00   2.76562136e+00   7.24484987e+00   6.46180481e+00   2.76562136e+00 
  7.47000000e+00   2.76562136e+00   7.24484987e+00   6.46180481e+00   2.76562136e+00 
  7.48000000e+00   2.76562136e+00   7.24484987e+00   6.46180481e+00   2.76562136e+00 
  7.49000000e+00   2.76562136e+00   7.24484987e+00   6.46180481e+00   2.76562136e+00 
  7.50000000e+00   2.76562136e+00   7.24484987e+00   6.46180481e+00   2.76562136e+00 
  7.51000000e+00   2.76562136e+00   7.24484987e+00   6.46180481e+00   2.76562136e+00 
  7.52000000e+00   2.76562136e+00   7.24484987e+00   6.46180481e+00   2.76562136e+00 
  7.53000000e+00   2.76562136e+00   7.24484987e+00   6.46180481e+00   2.76562136e+00 
  7.54000000e+00   2.76562136e+00   7.24484987e+00   6.46180481e+00   2.76562136e+00 
  7.55000000e+00   2.76562136e+00   7.24484987e+00   6.46180481e+00   2.76562136e+00 
  7.56000000e+00   2.76562136e+00   7.24484987e+00   6.46180481e+00   2.76562136e+00 
  7.57000000e+00   2.76562136e+00   7.24484987e+00   6.46180481e+00   2.76562136e+00 
  7.58000000e+00   2.76562136e+00   7.24484987e+00   6.46180481e+00   2.76562136e+00 
  7.59000000e+00   2.76562136e+00   7.24484987e+00   6.46180481e+00   2.76562136e+00 
  7.60000000e+00   2.76562136e+00   7.24484987e+00   6.46180481e+00   2.76562136e+00 
  7.61000000e+00   2.76562136e+00   7.24484987e+00   6.46180481e+00   2.76562136e+00 
  7.62000000e+00   2.76562136e+00   7.24484987e+00   6.46180481e+00   2.76562136e+00 
  7.63000000e+00   2.76562136e+00   7.24484987e+00   6.46180481e+00   2.76562136e+00 
  7.64000000e+00   2.76562136e+00   7.24484987e+00   6.46180481e+00   2.76562136e+00 
  7.65000000e+00   2.76562136e+00   7.24484987e+00   6.46180481e+00   2.76562136e+00 
  7.66000000e+00   2.76562136e+00   7.24484987e+00   6.46180481e+00   2.76562136e+00 
  7.67000000e+00   2.76562136e+00   7.24484987e+00   6.46180481e+00   2.76562136e+00 
  7.68000000e+00   2.76562136e+00   7.24484987e+00   6.46180481e+00   2.76562136e+00 
  7.69000000e+00   2.76562136e+00   7.24484987e+00   6.46180481e+00   2.76562136e+00 
  7.70000000e+00   2.76562136e+00   7.24484987e+00   6.46180481e+00   2.76562136e+00 
  7.71000000e+00   2.76562136e+00   7.24484987e+00   6.46180481e+00   2.76562136e+00 
  7.72000000e+00   2.76562136e+00   7.24484987e+00   6.46180481e+00   2.76562136e+00 
  7.73000000e+00   2.76562136e+00   7.24484987e+00   6.46180481e+00   2.76562136e+00 
  7.74000000e+00   2.76562136e+00   7.24484987e+00   6.46180481e+00   2.76562136e+00 
  7.75000000e+00   2.76562136e+00   7.24484987e+00   6.46180481e+00   2.76562136e+00 
  7.76000000e+00   2.76562136e+00   7.24484987e+00   6.46180481e+00   2.76562136e+00 
  7.77000000e+00   2.76562136e+00   7.24484987e+00   6.46180481e+00   2.76562136e+00 
  7.78000000e+00   2.76562136e+00   7.24484987e+00   6.46180481e+00   2.76562136e+00 
  7.79000000e+00   2.76562136e+00   7.24484987e+00   6.46180481e+00   2.76562136e+00 
  7.80000000e+00   2.76562136e+00   7.24484987e+00   6.46180481e+00   2.76562136e+00 
  7.81000000e+00   2.76562136e+00   7.24484987e+00   6.46180481e+00   2.76562136e+00 
  7.82000000e+00   2.76562136e+00   7.24484987e+00   6.46180481e+00   2.76562136e+00 
  7.83000000e+00   2.76562136e+00   7.24484987e+00   6.46180481e+00   2.76562136e+00 
  7.84000000e+00   2.76562136e+00   7.24484987e+00   6.46180481e+00   2.76562136e+00 
  7.85000000e+00   2.76562136e+00   7.24484987e+00   6.46180481e+00   2.76562136e+00 
  7.86000000e+00   2.76562136e+00   7.24484987e+00   6.46180481e+00   2.76562136e+00 
  7.87000000e+00   2.76562136e+00   7.24484987e+00   6.46180481e+00   2.76562136e+00 
  7.88000000e+00   2.76562136e+00   7.24484987e+00   6.46180481e+00   2.76562136e+00 
  7.89000000e+00   2.76562136e+00   7.24484987e+00   6.46180481e+00   2.76562136e+00 
  7.90000000e+00   2.76562136e+00   7.24484987e+00   6.46180481e+00   2.76562136e+00 
  7.91000000e+00   2.76562136e+00   7.24484987e+00   6.46180481e+00   2.76562136e+00 
  7.92000000e+00   2.76562136e+00   7.24484987e+00   6.46180481e+00   2.76562136e+00 
  7.93000000e+00   2.76562136e+00   7.24484987e+00   6.46180481e+00   2.76562136e+00 
  7.94000000e+00   2.76562136e+00   7.24484987e+00   6.46180481e+00   2.76562136e+00 
  7.95000000e+00   2.76562136e+00   7.24484987e+00   6.46180481e+00   2.76562136e+00 
  7.96000000e+00   2.76562136e+00   7.24484987e+00   6.46180481e+00   2.76562136e+00 
  7.97000000e+00   2.76562136e+00   7.24484987e+00   6.46180481e+00   2.76562136e+00 
  7.98000000e+00   2.76562136e+00   7.24484987e+00   6.46180481e+00   2.76562136e+00 
  7.99000000e+00   2.76562136e+00   7.24484987e+00   6.46180481e+00   2.76562136e+00 
  8.00000000e+00   2.76562136e+00   7.24484987e+00   6.46180481e+00   2.76562136e+00 
  8.01000000e+00   2.76562136e+00   7.24484987e+00   6.46180481e+00   2.76562136e+00 
  8.02000000e+00   2.76562136e+00   7.24484987e+00   6.46180481e+00   2.76562136e+00 
  8.03000000e+00   2.76562136e+00   7.24484987e+00   6.46180481e+00   2.76562136e+00 
  8.04000000e+00   2.76562136e+00   7.24484987e+00   6.46180481e+00   2.76562136e+00 
  8.05000000e+00   2.76562136e+00   7.24484987e+00   6.46180481e+00   2.76562136e+00 
  8.06000000e+00   2.76562136e+00   7.24484987e+00   6.46180481e+00   2.76562136e+00 
  8.07000000e+00   2.76562136e+00   7.24484987e+00   6.46180481e+00   2.76562136e+00 
  8.08000000e+00   2.76562136e+00   7.24484987e+00   6.46180481e+00   2.76562136e+00 
  8.09000000e+00   2.76562136e+00   7.24484987e+00   6.46180481e+00   2.76562136e+00 
  8.10000000e+00   2.76562136e+00   7.24484987e+00   6.46180481e+00   2.76562136e+00 
  8.11000000e+00   2.76562136e+00   7.24484987e+00   6.46180481e+00   2.76562136e+00 
  8.12000000e+00   2.76562136e+00   7.24484987e+00   6.46180481e+00   2.76562136e+00 
  8.13000000e+00   2.76562136e+00   7.24484987e+00   6.46180481e+00   2.76562136e+00 
  8.14000000e+00   2.76562136e+00   7.24484987e+00   6.46180481e+00   2.76562136e+00 
  8.15000000e+00   2.76562136e+00   7.24484987e+00   6.46180481e+00   2.76562136e+00 
  8.16000000e+00   2.76562136e+00   7.24484987e+00   6.46180481e+00   2.76562136e+00 
  8.17000000e+00   2.76562136e+00   7.24484987e+00   6.46180481e+00   2.76562136e+00 
  8.18000000e+00   2.76562136e+00   7.24484987e+00   6.46180481e+00   2.76562136e+00 
  8.19000000e+00   2.76562136e+00   7.24484987e+00   6.46180481e+00   2.76562136e+00 
  8.20000000e+00   2.76562136e+00   7.24484987e+00   6.46180481e+00   2.76562136e+00 
  8.21000000e+00   2.76562136e+00   7.24484987e+00   6.46180481e+00   2.76562136e+00 
  8.22000000e+00   2.76562136e+00   7.24484987e+00   6.46180481e+00   2.76562136e+00 
  8.23000000e+00   2.76562136e+00   7.24484987e+00   6.46180481e+00   2.76562136e+00 
  8.24000000e+00   2.76562136e+00   7.24484987e+00   6.46180481e+00   2.76562136e+00 
  8.25000000e+00   2.76562136e+00   7.24484987e+00   6.46180481e+00   2.76562136e+00 
  8.26000000e+00   2.76562136e+00   7.24484987e+00   6.46180481e+00   2.76562136e+00 
  8.27000000e+00   2.76562136e+00   7.24484987e+00   6.46180481e+00   2.76562136e+00 
  8.28000000e+00   2.76562136e+00   7.24484987e+00   6.46180481e+00   2.76562136e+00 
  8.29000000e+00   2.76562136e+00   7.24484987e+00   6.46180481e+00   2.76562136e+00 
  8.30000000e+00   2.76562136e+00   7.24484987e+00   6.46180481e+00   2.76562136e+00 
  8.31000000e+00   2.76562136e+00   7.24484987e+00   6.46180481e+00   2.76562136e+00 
  8.32000000e+00   2.76562136e+00   7.24484987e+00   6.46180481e+00   2.76562136e+00 
  8.33000000e+00   2.76562136e+00   7.24484987e+00   6.46180481e+00   2.76562136e+00 
  8.34000000e+00   2.76562136e+00   7.24484987e+00   6.46180481e+00   2.76562136e+00 
  8.35000000e+00   2.76562136e+00   7.24484987e+00   6.46180481e+00   2.76562136e+00 
  8.36000000e+00   2.76562136e+00   7.24484987e+00   6.46180481e+00   2.76562136e+00 
  8.37000000e+00   2.76562136e+00   7.24484987e+00   6.46180481e+00   2.76562136e+00 
  8.38000000e+00   2.76562136e+00   7.24484987e+00   6.46180481e+00   2.76562136e+00 
  8.39000000e+00   2.76562136e+00   7.24484987e+00   6.46180481e+00   2.76562136e+00 
  8.40000000e+00   2.76562136e+00   7.24484987e+00   6.46180481e+00   2.76562136e+00 
  8.41000000e+00   2.76562136e+00   7.24484987e+00   6.46180481e+00   2.76562136e+00 
  8.42000000e+00   2.76562136e+00   7.24484987e+00   6.46180481e+00   2.76562136e+00 
  8.43000000e+00   2.76562136e+00   7.24484987e+00   6.46180481e+00   2.76562136e+00 
  8.44000000e+00   2.76562136e+00   7.24484987e+00   6.46180481e+00   2.76562136e+00 
  8.45000000e+00   2.76562136e+00   7.24484987e+00   6.46180481e+00   2.76562136e+00 
  8.46000000e+00   2.76562136e+00   7.24484987e+00   6.46180481e+00   2.76562136e+00 
  8.47000000e+00   2.76562136e+00   7.24484987e+00   6.46180481e+00   2.76562136e+00 
  8.48000000e+00   2.76562136e+00   7.24484987e+00   6.46180481e+00   2.76562136e+00 
  8.49000000e+00   2.76562136e+00   7.24484987e+00   6.46180481e+00   2.76562136e+00 
  8.50000000e+00   2.76562136e+00   7.24484987e+00   6.46180481e+00   2.76562136e+00 
  8.51000000e+00   2.76562136e+00   7.24484987e+00   6.46180481e+00   2.76562136e+00 
  8.52000000e+00   2.76562136e+00   7.24484987e+00   6.46180481e+00   2.76562136e+00 
  8.53000000e+00   2.76562136e+00   7.24484987e+00   6.46180481e+00   2.76562136e+00 
  8.54000000e+00   2.76562136e+00   7.24484987e+00   6.46180481e+00   2.76562136e+00 
  8.55000000e+00   2.76562136e+00   7.24484987e+00   6.46180481e+00   2.76562136e+00 
  8.56000000e+00   2.76562136e+00   7.24484987e+00   6.46180481e+00   2.76562136e+00 
  8.57000000e+00   2.76562136e+00   7.24484987e+00   6.46180481e+00   2.76562136e+00 
  8.58000000e+00   2.76562136e+00   7.24484987e+00   6.46180481e+00   2.76562136e+00 
  8.59000000e+00   2.76562136e+00   7.24484987e+00   6.46180481e+00   2.76562136e+00 
  8.60000000e+00   2.76562136e+00   7.24484987e+00   6.46180481e+00   2.76562136e+00 
  8.61000000e+00   2.76562136e+00   7.24484987e+00   6.46180481e+00   2.76562136e+00 
  8.62000000e+00   2.76562136e+00   7.24484987e+00   6.46180481e+00   2.76562136e+00 
  8.63000000e+00   2.76562136e+00   7.24484987e+00   6.46180481e+00   2.76562136e+00 
  8.64000000e+00   2.76562136e+00   7.24484987e+00   6.46180481e+00   2.76562136e+00 
  8.65000000e+00   2.76562136e+00   7.24484987e+00   6.46180481e+00   2.76562136e+00 
  8.66000000e+00   2.76562136e+00   7.24484987e+00   6.46180481e+00   2.76562136e+00 
  8.67000000e+00   2.76562136e+00   7.24484987e+00   6.46180481e+00   2.76562136e+00 
  8.68000000e+00   2.76562136e+00   7.24484987e+00   6.46180481e+00   2.76562136e+00 
  8.69000000e+00   2.76562136e+00   7.24484987e+00   6.46180481e+00   2.76562136e+00 
  8.70000000e+00   2.76562136e+00   7.24484987e+00   6.46180481e+00   2.76562136e+00 
  8.71000000e+00   2.76562136e+00   7.24484987e+00   6.46180481e+00   2.76562136e+00 
  8.72000000e+00   2.76562136e+00   7.24484987e+00   6.46180481e+00   2.76562136e+00 
  8.73000000e+00   2.76562136e+00   7.24484987e+00   6.46180481e+00   2.76562136e+00 
  8.74000000e+00   2.76562136e+00   7.24484987e+00   6.46180481e+00   2.76562136e+00 
  8.75000000e+00   2.76562136e+00   7.24484987e+00   6.46180481e+00   2.76562136e+00 
  8.76000000e+00   2.76562136e+00   7.24484987e+00   6.46180481e+00   2.76562136e+00 
  8.77000000e+00   2.76562136e+00   7.24484987e+00   6.46180481e+00   2.76562136e+00 
  8.78000000e+00   2.76562136e+00   7.24484987e+00   6.46180481e+00   2.76562136e+00 
  8.79000000e+00   2.76562136e+00   7.24484987e+00   6.46180481e+00   2.76562136e+00 
  8.80000000e+00   2.76562136e+00   7.24484987e+00   6.46180481e+00   2.76562136e+00 
  8.81000000e+00   2.76562136e+00   7.24484987e+00   6.46180481e+00   2.76562136e+00 
  8.82000000e+00   2.76562136e+00   7.24484987e+00   6.46180481e+00   2.76562136e+00 
  8.83000000e+00   2.76562136e+00   7.24484987e+00   6.46180481e+00   2.76562136e+00 
  8.84000000e+00   2.76562136e+00   7.24484987e+00   6.46180481e+00   2.76562136e+00 
  8.85000000e+00   2.76562136e+00   7.24484987e+00   6.46180481e+00   2.76562136e+00 
  8.86000000e+00   2.76562136e+00   7.24484987e+00   6.46180481e+00   2.76562136e+00 
  8.87000000e+00   2.76562136e+00   7.24484987e+00   6.46180481e+00   2.76562136e+00 
  8.88000000e+00   2.76562136e+00   7.24484987e+00   6.46180481e+00   2.76562136e+00 
  8.89000000e+00   2.76562136e+00   7.24484987e+00   6.46180481e+00   2.76562136e+00 
  8.90000000e+00   2.76562136e+00   7.24484987e+00   6.46180481e+00   2.76562136e+00 
  8.91000000e+00   2.76562136e+00   7.24484987e+00   6.46180481e+00   2.76562136e+00 
  8.92000000e+00   2.76562136e+00   7.24484987e+00   6.46180481e+00   2.76562136e+00 
  8.93000000e+00   2.76562136e+00   7.24484987e+00   6.46180481e+00   2.76562136e+00 
  8.94000000e+00   2.76562136e+00   7.24484987e+00   6.46180481e+00   2.76562136e+00 
  8.95000000e+00   2.76562136e+00   7.24484987e+00   6.46180481e+00   2.76562136e+00 
  8.96000000e+00   2.76562136e+00   7.24484987e+00   6.46180481e+00   2.76562136e+00 
  8.97000000e+00   2.76562136e+00   7.24484987e+00   6.46180481e+00   2.76562136e+00 
  8.98000000e+00   2.76562136e+00   7.24484987e+00   6.46180481e+00   2.76562136e+00 
  8.99000000e+00   2.76562136e+00   7.24484987e+00   6.46180481e+00   2.76562136e+00 
  9.00000000e+00   2.76562136e+00   7.24484987e+00   6.46180481e+00   2.76562136e+00 
  9.01000000e+00   2.76562136e+00   7.24484987e+00   6.46180481e+00   2.76562136e+00 
  9.02000000e+00   2.76562136e+00   7.24484987e+00   6.46180481e+00   2.76562136e+00 
  9.03000000e+00   2.76562136e+00   7.24484987e+00   6.46180481e+00   2.76562136e+00 
  9.04000000e+00   2.76562136e+00   7.24484987e+00   6.46180481e+00   2.76562136e+00 
  9.05000000e+00   2.76562136e+00   7.24484987e+00   6.46180481e+00   2.76562136e+00 
  9.06000000e+00   2.76562136e+00   7.24484987e+00   6.46180481e+00   2.76562136e+00 
  9.07000000e+00   2.76562136e+00   7.24484987e+00   6.46180481e+00   2.76562136e+00 
  9.08000000e+00   2.76562136e+00   7.24484987e+00   6.46180481e+00   2.76562136e+00 
  9.09000000e+00   2.76562136e+00   7.24484987e+00   6.46180481e+00   2.76562136e+00 
  9.10000000e+00   2.76562136e+00   7.24484987e+00   6.46180481e+00   2.76562136e+00 
  9.11000000e+00   2.76562136e+00   7.24484987e+00   6.46180481e+00   2.76562136e+00 
  9.12000000e+00   2.76562136e+00   7.24484987e+00   6.46180481e+00   2.76562136e+00 
  9.13000000e+00   2.76562136e+00   7.24484987e+00   6.46180481e+00   2.76562136e+00 
  9.14000000e+00   2.76562136e+00   7.24484987e+00   6.46180481e+00   2.76562136e+00 
  9.15000000e+00   2.76562136e+00   7.24484987e+00   6.46180481e+00   2.76562136e+00 
  9.16000000e+00   2.76562136e+00   7.24484987e+00   6.46180481e+00   2.76562136e+00 
  9.17000000e+00   2.76562136e+00   7.24484987e+00   6.46180481e+00   2.76562136e+00 
  9.18000000e+00   2.76562136e+00   7.24484987e+00   6.46180481e+00   2.76562136e+00 
  9.19000000e+00   2.76562136e+00   7.24484987e+00   6.46180481e+00   2.76562136e+00 
  9.20000000e+00   2.76562136e+00   7.24484987e+00   6.46180481e+00   2.76562136e+00 
  9.21000000e+00   2.76562136e+00   7.24484987e+00   6.46180481e+00   2.76562136e+00 
  9.22000000e+00   2.76562136e+00   7.24484987e+00   6.46180481e+00   2.76562136e+00 
  9.23000000e+00   2.76562136e+00   7.24484987e+00   6.46180481e+00   2.76562136e+00 
  9.24000000e+00   2.76562136e+00   7.24484987e+00   6.46180481e+00   2.76562136e+00 
  9.25000000e+00   2.76562136e+00   7.24484987e+00   6.46180481e+00   2.76562136e+00 
  9.26000000e+00   2.76562136e+00   7.24484987e+00   6.46180481e+00   2.76562136e+00 
  9.27000000e+00   2.76562136e+00   7.24484987e+00   6.46180481e+00   2.76562136e+00 
  9.28000000e+00   2.76562136e+00   7.24484987e+00   6.46180481e+00   2.76562136e+00 
  9.29000000e+00   2.76562136e+00   7.24484987e+00   6.46180481e+00   2.76562136e+00 
  9.30000000e+00   2.76562136e+00   7.24484987e+00   6.46180481e+00   2.76562136e+00 
  9.31000000e+00   2.76562136e+00   7.24484987e+00   6.46180481e+00   2.76562136e+00 
  9.32000000e+00   2.76562136e+00   7.24484987e+00   6.46180481e+00   2.76562136e+00 
  9.33000000e+00   2.76562136e+00   7.24484987e+00   6.46180481e+00   2.76562136e+00 
  9.34000000e+00   2.76562136e+00   7.24484987e+00   6.46180481e+00   2.76562136e+00 
  9.35000000e+00   2.76562136e+00   7.24484987e+00   6.46180481e+00   2.76562136e+00 
  9.36000000e+00   2.76562136e+00   7.24484987e+00   6.46180481e+00   2.76562136e+00 
  9.37000000e+00   2.76562136e+00   7.24484987e+00   6.46180481e+00   2.76562136e+00 
  9.38000000e+00   2.76562136e+00   7.24484987e+00   6.46180481e+00   2.76562136e+00 
  9.39000000e+00   2.76562136e+00   7.24484987e+00   6.46180481e+00   2.76562136e+00 
  9.40000000e+00   2.76562136e+00   7.24484987e+00   6.46180481e+00   2.76562136e+00 
  9.41000000e+00   2.76562136e+00   7.24484987e+00   6.46180481e+00   2.76562136e+00 
  9.42000000e+00   2.76562136e+00   7.24484987e+00   6.46180481e+00   2.76562136e+00 
  9.43000000e+00   2.76562136e+00   7.24484987e+00   6.46180481e+00   2.76562136e+00 
  9.44000000e+00   2.76562136e+00   7.24484987e+00   6.46180481e+00   2.76562136e+00 
  9.45000000e+00   2.76562136e+00   7.24484987e+00   6.46180481e+00   2.76562136e+00 
  9.46000000e+00   2.76562136e+00   7.24484987e+00   6.46180481e+00   2.76562136e+00 
  9.47000000e+00   2.76562136e+00   7.24484987e+00   6.46180481e+00   2.76562136e+00 
  9.48000000e+00   2.76562136e+00   7.24484987e+00   6.46180481e+00   2.76562136e+00 
  9.49000000e+00   2.76562136e+00   7.24484987e+00   6.46180481e+00   2.76562136e+00 
  9.50000000e+00   2.76562136e+00   7.24484987e+00   6.46180481e+00   2.76562136e+00 
  9.51000000e+00   2.76562136e+00   7.24484987e+00   6.46180481e+00   2.76562136e+00 
  9.52000000e+00   2.76562136e+00   7.24484987e+00   6.46180481e+00   2.76562136e+00 
  9.53000000e+00   2.76562136e+00   7.24484987e+00   6.46180481e+00   2.76562136e+00 
  9.54000000e+00   2.76562136e+00   7.24484987e+00   6.46180481e+00   2.76562136e+00 
  9.55000000e+00   2.76562136e+00   7.24484987e+00   6.46180481e+00   2.76562136e+00 
  9.56000000e+00   2.76562136e+00   7.24484987e+00   6.46180481e+00   2.76562136e+00 
  9.57000000e+00   2.76562136e+00   7.24484987e+00   6.46180481e+00   2.76562136e+00 
  9.58000000e+00   2.76562136e+00   7.24484987e+00   6.46180481e+00   2.76562136e+00 
  9.59000000e+00   2.76562136e+00   7.24484987e+00   6.46180481e+00   2.76562136e+00 
  9.60000000e+00   2.76562136e+00   7.24484987e+00   6.46180481e+00   2.76562136e+00 
  9.61000000e+00   2.76562136e+00   7.24484987e+00   6.46180481e+00   2.76562136e+00 
  9.62000000e+00   2.76562136e+00   7.24484987e+00   6.46180481e+00   2.76562136e+00 
  9.63000000e+00   2.76562136e+00   7.24484987e+00   6.46180481e+00   2.76562136e+00 
  9.64000000e+00   2.76562136e+00   7.24484987e+00   6.46180481e+00   2.76562136e+00 
  9.65000000e+00   2.76562136e+00   7.24484987e+00   6.46180481e+00   2.76562136e+00 
  9.66000000e+00   2.76562136e+00   7.24484987e+00   6.46180481e+00   2.76562136e+00 
  9.67000000e+00   2.76562136e+00   7.24484987e+00   6.46180481e+00   2.76562136e+00 
  9.68000000e+00   2.76562136e+00   7.24484987e+00   6.46180481e+00   2.76562136e+00 
  9.69000000e+00   2.76562136e+00   7.24484987e+00   6.46180481e+00   2.76562136e+00 
  9.70000000e+00   2.76562136e+00   7.24484987e+00   6.46180481e+00   2.76562136e+00 
  9.71000000e+00   2.76562136e+00   7.24484987e+00   6.46180481e+00   2.76562136e+00 
  9.72000000e+00   2.76562136e+00   7.24484987e+00   6.46180481e+00   2.76562136e+00 
  9.73000000e+00   2.76562136e+00   7.24484987e+00   6.46180481e+00   2.76562136e+00 
  9.74000000e+00   2.76562136e+00   7.24484987e+00   6.46180481e+00   2.76562136e+00 
  9.75000000e+00   2.76562136e+00   7.24484987e+00   6.46180481e+00   2.76562136e+00 
  9.76000000e+00   2.76562136e+00   7.24484987e+00   6.46180481e+00   2.76562136e+00 
  9.77000000e+00   2.76562136e+00   7.24484987e+00   6.46180481e+00   2.76562136e+00 
  9.78000000e+00   2.76562136e+00   7.24484987e+00   6.46180481e+00   2.76562136e+00 
  9.79000000e+00   2.76562136e+00   7.24484987e+00   6.46180481e+00   2.76562136e+00 
  9.80000000e+00   2.76562136e+00   7.24484987e+00   6.46180481e+00   2.76562136e+00 
  9.81000000e+00   2.76562136e+00   7.24484987e+00   6.46180481e+00   2.76562136e+00 
  9.82000000e+00   2.76562136e+00   7.24484987e+00   6.46180481e+00   2.76562136e+00 
  9.83000000e+00   2.76562136e+00   7.24484987e+00   6.46180481e+00   2.76562136e+00 
  9.84000000e+00   2.76562136e+00   7.24484987e+00   6.46180481e+00   2.76562136e+00 
  9.85000000e+00   2.76562136e+00   7.24484987e+00   6.46180481e+00   2.76562136e+00 
  9.86000000e+00   2.76562136e+00   7.24484987e+00   6.46180481e+00   2.76562136e+00 
  9.87000000e+00   2.76562136e+00   7.24484987e+00   6.46180481e+00   2.76562136e+00 
  9.88000000e+00   2.76562136e+00   7.24484987e+00   6.46180481e+00   2.76562136e+00 
  9.89000000e+00   2.76562136e+00   7.24484987e+00   6.46180481e+00   2.76562136e+00 
  9.90000000e+00   2.76562136e+00   7.24484987e+00   6.46180481e+00   2.76562136e+00 
  9.91000000e+00   2.76562136e+00   7.24484987e+00   6.46180481e+00   2.76562136e+00 
  9.92000000e+00   2.76562136e+00   7.24484987e+00   6.46180481e+00   2.76562136e+00 
  9.93000000e+00   2.76562136e+00   7.24484987e+00   6.46180481e+00   2.76562136e+00 
  9.94000000e+00   2.76562136e+00   7.24484987e+00   6.46180481e+00   2.76562136e+00 
  9.95000000e+00   2.76562136e+00   7.24484987e+00   6.46180481e+00   2.76562136e+00 
  9.96000000e+00   2.76562136e+00   7.24484987e+00   6.46180481e+00   2.76562136e+00 
  9.97000000e+00   2.76562136e+00   7.24484987e+00   6.46180481e+00   2.76562136e+00 
  9.98000000e+00   2.76562136e+00   7.24484987e+00   6.46180481e+00   2.76562136e+00 
  9.99000000e+00   2.76562136e+00   7.24484987e+00   6.46180481e+00   2.76562136e+00 
  1.00000000e+01   2.76562136e+00   7.24484987e+00   6.46180481e+00   2.76562136e+00 