0: 704,1057,1167,298,1126,1336
2: 968,457,2019,650,338,1486
3: 1116,1585,569,1696,1203,978
4: 749,180,1698,1729,1264,1312
5: 653,1681,915,1727,1245,951
6: 1270,944,1861,202,1254,1889
7: 1568,593,1174,1495,1919,424
8: 679,1669,1691,177,1572,59
9: 1964,371,970,1482,1639,967
10: 680,1089,2033,380,980
11: 1962,1642,795,691,1180,1032
12: 857,592,434,1154,608,1592
13: 2030,708,628,1307,1286,389
14: 254,900,1359,1052,1688,1360
15: 1934,725,1515,1506,914,330
16: 672,1692,1938,1762,460,583
17: 1169,1835,1354,1113,1944,1066
18: 1550,1975,1278,1200,512,369
19: 903,2025,1337,699,1168,665
20: 1227,301,55,984,203,522,2032
21: 867,594,413,1995,433,111,1465,1560
22: 1779,2011,368,253,1073,414,922
23: 1390,1784,155,1231,2014,694
24: 1300,850,1908,1181,999,448
25: 1620,1600,1158,1940,1774,814
26: 1599,1996,267,1108,187,662
27: 182,2015,2014,694,1846,870
28: 1366,1419,1916,2037,57,1508
29: 311,1745,2044,1841,937,1056
30: 1422,848,2047,784,1845,1455
31: 2030,462,1430,1148,1105,1635,544,1362,1793
32: 303,1410,720,1146,991,1404
33: 1695,906,270,1325,367,1657
34: 325,1628,853,1703,489,1743
35: 1453,1806,1498,619,1836,1751
36: 1844,1706,152,1634,1973,403
37: 615,363,1823,637,1900,1898
38: 1467,1003,1744,1094,1956,171
39: 1913,2036,1265,1674,1024,1132
40: 1555,1684,1947
41: 1728,1357,842,558,813,1548
42: 356,1638,510,954,1038,1258
43: 674,119,1539,343,1188,1761
44: 963,1686,1075,804,1776
45: 1820,1358,1069,345,709,1771
46: 1894,1242,1445,614,477,1090
47: 1667,402,146,1924,1892,1368
48: 1971,1438,313,1907,933,1140
49: 1423,1988,1537,322,1613,676,1393
50: 977,712,1472,2002,1011,1544
51: 1030,727,138,580,1277,450
52: 1483,807,1653,1429,1023,487,1037
53: 1170,856,332,1914,1053,607
54: 897,1191,1329,823,1977,74
55: 1227,1802,301,20,919,437,1317,568,1260
56: 1261,1334,479,621,1699,1087
57: 1660,1508,798,1952,1916,28
58: 1551,843,869,1088,169,1157
59: 855,952,1691,8,1572,1631
60: 316,1813,1063,331,1626,1792
61: 640,532,226,1727,1441
62: 1166,2025,1534,499,537,1330
63: 1756,1205,924,1096,494,1724
64: 951,586,1328,529,1770,1681
65: 964,283,1886,1879,1244,98
66: 1253,1948,1458,756,668,736
67: 1816,347,696,1512,1402,1435
68: 1450,486,938,1959
69: 326,1963,1598,1582,1798,473
70: 1035,441,2004,1723,2026,509
71: 1071,1718,208,1702,1076,746
72: 1769,629,1847,1131,722,1797
73: 303,720,1976,1811,760,1505
74: 985,1369,1191,54,1977,1479
75: 994,1237,1772,1160,172,1006
76: 1097,1694,1997,723,214,1860
77: 356,834,908,1829,719,2000,791,1068,1389
78: 2007,1644,890,734,688,1851
79: 2012,241,1221,1752,864,166
80: 534,850,2021,1607,210,490
81: 1083,883,268,1858,1198,1866,1299
82: 1781,1048,197,388,1183,1748
83: 1804,527,963,1821
84: 1939,1273,752,540,1015,1865
85: 1887,538,1020,1458,1656,446
86: 1897,811,1398,1778,992,1209
87: 1859,1228,553,1990,1421,219
88: 2023,293,1321,1106,1664,1254,1830
89: 971,1561,826,1447,780,1211,2027
90: 245,1132,1872,1301,145,2036
91: 1202,1087,1456,1046,981,1699
92: 1280,212,1502,1678,1041,503
93: 863,1494,386,1323,713,940
94: 312,1581,1850,1120,243,1517
95: 382,1651,419,825,1576,1606
96: 946,1734,1722
97: 1529,1987,902,905,596,1707
98: 1828,618,585,1244,65,1886
99: 1734,445,1722,685,1883,1603
100: 830,505,220,1885,1411,427
101: 536,1388,896,1384,1635,199,1322
102: 1279,920,1085,1129,1580,1561,780
103: 1850,1854,1583,2048,1022,498
104: 1864,148,933,399,1794,1140
105: 1877,1966,915,1294,1531,640
106: 1490,543,1487,389,1953,1061
107: 819,1442,1986,336,1117,1444,617
108: 844,557,2019,1486,1614,1907
109: 2022,483,143,847,836,728,1194
110: 1554,2038,1277,787,657,260
111: 1636,1025,769,1257,433,21,1465,1137
112: 1382,327,718,286,898,1169
113: 350,1610,1931,1818,1426,1721
114: 931,1451,1612,1235,828,1466
115: 1888,936,520,1755,1272,1445
116: 874,1358,345,1807,515,136
117: 1809,1383,251,1750,1135,1549
118: 158,577,1857,1983,2029,1585
119: 674,944,1861,43,1255,343
120: 1756,370,924,1891,738,1213
121: 1392,1951,670,721,1717,213
122: 1783,1331,314,1405,196,1597
123: 1275,1452,1287,1619,1019,1559
124: 589,381,1509,1593,1417,1697
125: 782,1365,816,1237,1764,172
126: 1818,1067,882,619,1931,401
127: 298,1126,1319,1874,1788,406
128: 280,1463,755,1471,1074,1917
129: 1936,1133,272,1124,605,170
130: 2031,1812,643,788,1946,1232
131: 943,248,1613,676,631,801,1497
132: 1189,1686,1075,1578,1838,266
133: 280,391,755,1426,1520,1721
134: 1660,832,481,1201,1508,1155
135: 866,1133,272,1801,734
136: 515,1596,1190,116,1807,1941
137: 1119,299,582,1965,1146
138: 727,51,1967,450
139: 2018,1690,1008,772,330,1934
140: 540,365,1046,2020,797,1865
141: 1111,384,1333
142: 578,611,1550,1975,257,1373
143: 2022,109,714,1230,1979,483
144: 1833,871,896,1659,1322,2017
145: 90,1872,1301,1579,1060,513
146: 818,402,47,1969,1892,663
147: 887,1972,983,1415,1919,424
148: 1864,1981,104,1794,1958,432
149: 2031,624,643,206,1477,1315
150: 860,1560,352,2045,594,1896,603
151: 223,1251,1274,1749,397,1902
152: 1957,1219,1634,1798,36,1706
153: 1800,1240,1150,1828,618
154: 1840,1711,1050,1306
155: 23,1390,996,1784,461,1843
156: 539,1138,531,361,833,1507,1863
157: 1763,561,1045,1978,1587,611
158: 1733,1803,497,577,118,1983
159: 1985,649,1380,2044,1159,1056
160: 485,2009,1187,711,541,1324
161: 1312,1065,529,1770,731,271
162: 1410,1381,1218,1943
163: 1879,1244,1646,1743,745,489
164: 394,806,1714,997,1288,200
165: 1775,1356,917,1920,1540,521
166: 864,1853,469,79,1221,1342
167: 1720,827,1900,230,1878,1855
168: 1492,1881,885,1914,409,1177
169: 1683,1551,58,843,1580,1561,1974
170: 1059,1851,1127,129,272,605
171: 38,1003,1094,1600,209,1158
172: 659,1237,1160,1764,75,125
173: 466,1809,1310,1469,491,1601
174: 1425,1930,1313,1344,2035,460
175: 1677,1608,459,965,1352,950
176: 584,1826,1521,453
177: 679,8,266,1271,1525,1572
178: 1564,1239,854,1286,1248,708
179: 1104,1530,1385,217,508,1541
180: 1719,749,1623,1207,4,1698
181: 1690,1825,576,1304,1512,696
182: 27,982,2014,1849,1846,2003
183: 1550,1373,1278,1968,1034,1880
184: 1504,1921,1917,1197,249,567,1225
185: 1785,1250,2028,428,449,1387
186: 648,482,2040,195,1240,1150
187: 1010,766,2042,1108,26,267
188: 1130,244,1998,823,1977,1093
189: 1774,1433,1406,814,1318,1144
190: 1153,1058,503,281,1249,895
191: 2010,1457,1725,442,1918
192: 1172,1843,976,1815,982,1390
193: 1439,302,1347,1193,291,1617
194: 353,1206,1118,1476,1673,626
195: 482,186,1240,1513,1224,1021
196: 1709,1423,1857,1597,122,314
197: 82,1107,1048,388,998,1808
198: 1566,1208,1524,1932,411,455
199: 1384,1226,896,101,1322,1948
200: 1288,1526,1054,1220,394,164
201: 1999,868,265,495,1290
202: 6,1321,1254,296,793,1889
203: 1425,1436,984,1227,20,2032,1938
204: 349,1427,957,1243
205: 259,942,1461,1485,995,1622
206: 643,149,458,1085,1315,1129
207: 1648,1043,1143,1370,647,599,210
208: 71,1702,1641,1076,1574,979
209: 992,1984,1600,821,1094,171
210: 295,1607,1925,207,1370,599,490,80
211: 1568,697,1732,545,353,1673
212: 1280,570,678,92,1780,1678
213: 1251,1749,1717,1392,121,1682
214: 723,1645,76,1694,1215,717
215: 1434,1481,1656,1887,239
216: 1302,522,672,1049,1701,2032,1553
217: 179,1440,508,912,1541,1142
218: 492,1773,702,1759,1590,1262
219: 478,1791,1696,87,553,1990
220: 1459,1885,100,427,785,1834
221: 415,366,1875,1837,1152,1666
222: 1648,969,1008,285,2018,1890
223: 1749,151,609,1923,1535,1902
224: 535,895,1069,1041,987,1625
225: 1071,1718,592,1018,928,1643
226: 532,551,61,1868,1441,1086
227: 579,875,1351,1446,1088,1873,262
228: 376,634,1100,666,528,738
229: 1796,819,1442,937,741,1134
230: 1136,1878,1263,827,167
231: 1526,724,767,1054,1627,799
232: 1138,833,431,777,1528,2006,1282
233: 1742,781,912,1538,1799,1142
234: 1730,733,480,1229,1536,1842
235: 1871,1109,878,1545,569,978
236: 2045,1418,1893,1070,588,1896
237: 652,1909,1546,293,1830,1255
238: 1184,1937,762,705,654,290
239: 918,1887,1397,1945,215,1481,1884
240: 820,1017,1949
241: 1563,2012,1877,79,1966,1221
242: 1171,1332,881,1139,1078
243: 598,883,973,1517,94,1120
244: 1130,1758,323,188,1998,888
245: 1522,90,1132,1301,910,949
246: 1954,965,851,1882,792,1318
247: 1196,840,1454,1091,901,467
248: 1510,631,131,826,1211,1497
249: 567,1978,1225,184,1197,1587
250: 889,2004,1582,1309,1371,789
251: 355,1383,117,1135,1308,324,975
252: 1372,1164,1222,1162,356,1437,954
253: 22,1073,1466,1235,414,922
254: 1939,900,1359,1704,14,464
255: 1928,454,1470,404,1987,596
256: 1070,1489,1396,1747,700,761
257: 578,684,142,1373,1624,1000
258: 741,436,1637,1363,678,1780
259: 942,1768,1605,205,1662,1461
260: 742,1665,110,580,1277,657
261: 1409,979,1305,426,1313,2035
262: 1993,1510,631,636,1873,227,1351
263: 1384,1507,732,1226,1863,1408
264: 1500,1705,907,481
265: 985,1345,1290,1571,201
266: 679,1838,177,132,1578,1525
267: 1599,26,600,1010,187
268: 1712,598,883,81,1858,1640,1299
269: 1057,1126,1901,646,562,1788
270: 1695,906,33,658,1819,367,1657,1726,1098,1446
271: 731,1128,1729,161,1312
272: 135,1133,129,170,734,1851
273: 1626,1403,620,1049,872,1063
274: 409,593,1495,1177
275: 1395,1182,1086,955,1779,682,1868
276: 583,571,346,1789,683,1241,1363,525
277: 960,1243,986,656,1427,1026
278: 1876,1216,905,282,1577,929
279: 462,1790,1430,628,777,435,1282
280: 133,1463,391,128,1570,880,755
281: 613,190,791,1058,503,1502
282: 1216,1987,278,905,1335,1533
283: 555,65,964,2002,1879,1544
284: 1595,2034,1483,1346,972,993
285: 1648,969,1143,222,1651,1576
286: 1382,112,1944,1169,1680,1814
287: 1915,1754,692,586,1199
288: 506,1123,808,1014,1246,1540
289: 1942,1894,1445,730,1272
290: 1556,654,467,1937,238,1196
291: 1888,936,587,1617,193,1347
292: 977,2005,1787,339,590,1011,1496
293: 88,1106,1830,860,1546,237
294: 1543,1748,1655,1848,1781,861
295: 1607,210,1895,1925,1767,599
296: 1281,542,1321,202,793
297: 1364,889,441,1676,1080,552
298: 704,127,0,1126,1319
299: 137,1204,582,2041,693,1965
300: 1292,324,1391,1217,1933,975
301: 1227,1553,1802,20,55,437,522
302: 1439,193,925,1347,1811,966
303: 73,1410,720,32,1218,1505
304: 909,1013,1899,846,1569
305: 1985,1380,1559,1275,809,837
306: 323,665,1047,1337,1852,888
307: 1176,1765,1326,835,1890,969
308: 1783,1109,728,1331,1194,474,1685
309: 722,1627,1154,608,1797,1689
310: 923,1593,824,1823,1509
311: 1745,865,1912,573,29,2044,1841,937
312: 94,1629,1462,1850,1854,1120
313: 1438,425,757,1907,48,844,1677
314: 122,1871,1783,2029,1857,196
315: 757,610,1774,1406,1003,1158
316: 686,60,1195,421,1813,1063,1626,1792
317: 1668,1115,1099,377,1210,1962
318: 1760,705,849,1366,1419,1904
319: 1093,1345,1369,926,953,1122
320: 794,1841,1632,1532,2044,1159
321: 961,1547,1036,947,1112,952
322: 943,676,1735,1423,49,1597
323: 1758,244,306,1062,1047,888
324: 1292,300,975,1954,851,355,251
325: 34,1775,1356,1628,1448,1703
326: 550,1963,932,1598,69,1376
327: 1382,1420,718,1611,112,1672
328: 1073,1114,828,1466,1950,962
329: 976,574,638,1514,1815,1141
330: 772,1910,1816,139,15,1934,725
331: 1875,1626,1152,60,1792,1946
332: 53,856,397,1238,607,770
333: 879,692,1294,1328,1531,1072
334: 1842,1491,1229,1298,794,1092
335: 709,1195,872,1771,1063,1302,1602
336: 570,1117,1303,1442,107,1444,617
337: 2043,1428,1501,995,712,1485
338: 968,2019,2,1565,1503
339: 1787,1628,1448,1011,1496,292
340: 581,1018,687,1643,1667,1924
341: 1473,1377,372,764,2017,1340
342: 1910,886,602,725,1175,1066
343: 1539,652,1125,43,119,1255
344: 1915,1065,749,1623,412,1754
345: 116,1358,45,1807,686,1771
346: 276,571,1789,987,1241,1625
347: 1817,1816,67,1923,1402,609
348: 782,1998,1852,888,1122,1365
349: 1283,1856,204,1427
350: 1610,113,1491,1092,1721,1378
351: 536,1388,1827,456,1105,544
352: 860,1151,150,1137,1560,1546
353: 1118,194,1673,1568,1174,211
354: 1271,1737,1723,378,616,1371
355: 1383,251,851,324,975,792,1693
356: 42,77,908,1829,1638,1437,954,252
357: 1453,380,1498,1183,958,980
358: 1755,1381,1218,730,1505,1272
359: 1740,1103,726,1219,1963,1376
360: 1710,1945,538,1473,764,1052
361: 539,531,156,1863,1379,1716,1033,373
362: 1658,579,1405,1351,1993,1735
363: 615,37,661,1782,1898,1832
364: 1483,635,959,807,1803,972
365: 1202,1046,140,797,775,1805
366: 221,1875,1666,779,1812,1573
367: 516,1657,658,1819,270,33
368: 22,1355,2011,1081,1073,1114
369: 863,1494,1038,18,1278,512
370: 1929,120,924,738,1314,1100
371: 499,9,970,1330,1639,1653
372: 2017,341,1205,871,575,1340
373: 1393,1480,1033,539,1537,1256,361
374: 1443,606
375: 1186,1139,1468,507,1869
376: 602,228,1506,634,528,1835
377: 1428,1099,1501,555,1115,317
378: 1271,354,616,1572,2008,1631
379: 543,1618,1061,811,1398,854
380: 357,1400,1498,10,680,980
381: 589,1782,1304,1509,124,1898
382: 1651,825,95,1589,1911,647
383: 2046,552,1604,1364,1268,1739
384: 141,1111,523,1700,1708
385: 1672,1350,1724,1756,1891,718
386: 713,93,940,1114,962,1081
387: 1163,911,721
388: 1453,1751,1183,998,82,197
389: 1286,1490,106,1061,13,1307
390: 553,1421,1822,1493,1800,1738
391: 133,280,1570,880,1520,452,753
392: 1519,1707,1529,1662,786,2005
393: 1149,558,1575,1913,1647,1548
394: 1220,806,681,1567,164,200
395: 1214,1013,1044,1719,1207
396: 1082,1168,665,2020,1047,566
397: 1274,151,1238,1902,770,332
398: 679,1838,1669,1766,988,798
399: 1864,104,933,1614,1503
400: 1234,1017,1901,1332,881,1588
401: 913,829,1610,1931,1687,882,126
402: 1667,2026,146,47,1969,945
403: 574,1141,1973,36,1844
404: 1121,1533,1270,1470,255,1987
405: 613,1162,838,1058,1557,817
406: 645,563,1874,127,1319,1824
407: 1528,706,556,1460,2027,2006
408: 1379,1480,803,1033,519,1542
409: 274,1492,168,1177
410: 1264,910,633,1522,1698,845
411: 502,1449,455,1190,1524,198
412: 1623,344,1754
413: 2045,867,594,1222,1893,21
414: 653,1245,922,1235,22,253
415: 221,1837,1343,1666,790,560
416: 1284,1992,1374,1772,451,783
417: 1687,1511,882,1713,1836
418: 1431,641,1663,1558,500,1007
419: 1795,1576,95,1606,1765,1609
420: 1595,1741,899,1346,1791,1990
421: 686,316,1195,1813,1807,810,1616
422: 1166,699,1652,1478,1562,816
423: 1711,1306,671,981,1236,1621
424: 147,983,1919,1174,7,1361
425: 1438,757,313,1677,950,1406,1144
426: 1409,979,1777,261,1574,916
427: 1411,677,929,1834,220,100
428: 1982,1459,449,1387,1413,185
429: 1419,2037,476,1904,1640,1712
430: 813,1265,1674,1624,673,1432
431: 801,1138,531,232,1497,1528,1460
432: 1795,623,1606,148,1794,1958
433: 707,1995,867,21,1636,111,1465
434: 12,1718,698,857,592,1702
435: 1179,706,2006,729,279,1790,777
436: 258,1796,741,1637,526,1040
437: 1553,620,1802,301,55,773,522,740
438: 1732,1170,1053,1814,655,545
439: 568,629,1260,1847,805,1615
440: 1051,1367,831,1757,1650,956
441: 1035,1364,297,70,889,2004
442: 1457,191,1918,946,524,1980
443: 568,990,1847,984,1131,1436
444: 1895,1908,1178,1925,547,1181
445: 524,99,1722,1883,1291,1102
446: 1964,970,1656,1253,1458,85
447: 771,779,1259,543,1487,1618
448: 999,651,1564,1416,1181,24
449: 1459,1252,1885,428,1250,185
450: 1554,1077,1967,51,138,1277
451: 1079,966,783,416,994,1772
452: 1520,1808,1107,1327,391,880,753
453: 1412,1633,176,1826
454: 1928,1519,1707,1165,255,596
455: 502,411,1584,198,1932,2001
456: 1935,493,763,1105,351,1827
457: 968,1955,2,650,1028,1198,921
458: 1212,758,1085,643,1232,206
459: 1156,1608,948,175,703,1352
460: 1425,1762,1313,174,16,1938
461: 1440,996,1784,155,1650,1339
462: 279,1430,31,777,1362,1282,1793
463: 1630,910,949,633,1663,1558
464: 254,1939,1704,1671,876,1015
465: 1228,664,1675,1394,587,1617
466: 1809,1383,173,1469,1285,1693
467: 1028,1556,290,1196,1454,247
468: 1475,1742,1101,956,1538,1051
469: 1401,1269,1221,1342,1187,166
470: 1104,657,1385,1464,742,559
471: 1488,1991,680
472: 1516,717,1411,1645,830,1684
473: 1798,1960,1706,1309,69,1582
474: 1726,778,1685,1031,847,308,1194
475: 2023,700,1747,1395,1182,542
476: 2037,429,1547,1036,1712,768
477: 1090,648,482,1064,46,614
478: 1822,1116,2013,219,1696,553
479: 56,1361,1261,621,1118,626
480: 815,1730,1799,234,1229,642
481: 134,1201,264,1705,907,1155
482: 477,648,1064,186,195,1224
483: 521,109,1230,143,506,836
484: 562,1949,1878,565,1234,1136
485: 1342,1097,2009,1997,160,1187
486: 1412,715,938,68
487: 1478,750,1353,1037,52,1429,1534
488: 817,2016,1566,695,1524,838
489: 1773,745,853,34,163,1743
490: 1731,1905,1370,210,80,2021
491: 1293,1961,1601,173,1469,1004
492: 218,974,702,1759,1262,2013
493: 1935,456,1185,1903,2024,1827
494: 1833,871,601,63,1205,1096
495: 1679,1119,1290,582,868,201
496: 1386,1642,795
497: 899,1803,158,577,1346,972
498: 1022,1591,103,1583,1292,1391
499: 371,1330,1653,1429,62,1534
500: 1431,1432,418,1663,1674,1024
501: 1654,1149,605,716,1575,1127
502: 411,1584,1596,455,1523,1190
503: 190,281,1041,92,1502,895
504: 1050,1306,671,1334,1110,1922
505: 830,1252,1885,100,1555,1055
506: 1994,288,1123,836,1540,521,483
507: 1139,375,1078,1869,839,901
508: 1440,1784,1231,179,1530,217
509: 2026,1969,1723,616,70,1266
510: 42,954,1258,1372,1418,1518
511: 1107,1124,1048,612,1327,1654
512: 834,1638,1200,18,369,1038
513: 1060,1059,688,796,1872,145
514: 1238,1535,1113,1175,604,1902
515: 1449,136,1190,116,874,1424
516: 1636,367,1257,644,1657,1819,1267
517: 1864,1845,1565,1503,1167,1336
518: 1360,1926,1672,1350,1001,1611
519: 1379,408,1542,1482,1276,756,967
520: 115,936,1552,1090,1145,1445
521: 1230,483,506,1540,1775,165
522: 672,1049,216,2032,1553,301,20,437
523: 384,1708,1715,1242,614
524: 445,1722,946,442,1102,1980
525: 1305,1341,1762,276,583,683
526: 1637,1409,1341,1777,1040,436
527: 1103,83,1804,1821,550,1376
528: 1835,1213,1354,376,228,738
529: 161,1915,1065,1770,64,586
530: 2043,1099,1501,1108,691,662
531: 539,801,1138,1256,361,156,431
532: 640,1401,1269,226,551,61
533: 897,1329,1283,1856
534: 80,1300,884,850,2021,1247
535: 224,874,1249,1358,895,1069
536: 1833,351,601,1388,1827,896,101
537: 1434,1481,1330,62,903,2025
538: 1887,360,1945,85,1473,1020
539: 1256,531,361,156,1033,373
540: 1456,1046,140,1015,84,1865
541: 1269,551,711,1311,160,1187
542: 1395,1281,296,2023,1321,475
543: 379,1487,106,1618,1061,447
544: 1635,1362,1105,31,1148,351,1388
545: 655,572,1732,438,211,1673
546: 1895,1767,1589,1744,1094,894
547: 1897,1416,1778,1181,444,1178
548: 588,1396,710,1518,1323,713
549: 1443,606,864,1853,1694,1215
550: 326,932,1376,527,1189,1821
551: 532,1269,541,226,1086,1311
552: 383,1604,862,1364,297,1676
553: 87,390,1421,1822,478,219
554: 998,1818,1426,1067,1520,1808
555: 1115,964,283,2002,1428,377
556: 407,706,1477,1315,2027,971
557: 844,1156,1608,1029,108,1486
558: 1149,393,1407,1357,41,1548
559: 742,1687,1713,470,1464,829
560: 790,1601,1147,1310,415,1343
561: 1763,1375,774,1444,157,617,1045
562: 484,1788,565,1234,1901,269
563: 1176,1326,661,406,645,1824
564: 1826,1521,638,1839,1141
565: 562,1878,484,1788,1855
566: 2020,1047,797,396,1805,1062
567: 249,1912,573,1225,1074,184,1917
568: 439,443,1260,1847,984,1227,55
569: 3,1262,1116,978,878,235
570: 1280,336,678,1117,212,1303
571: 276,1678,346,683,987,1363,1780
572: 904,655,545,1420,1206,1673
573: 311,567,1912,1225,1841,1074,1532
574: 329,403,1514,1141,1844,852
575: 1350,1001,1340,1724,1205,372
576: 1832,181,1825,835,1782,1304
577: 899,497,158,118,1585,1203
578: 611,142,257,1000,1197,1587
579: 1658,875,227,778,1351,362
580: 1030,51,759,1277,1665,260
581: 1739,340,687,1268,1667,945
582: 1679,1119,299,495,137,1204
583: 276,1241,1762,525,16,1692
584: 176,1521,1973,1039,632
585: 1862,745,702,1244,98,618
586: 64,692,1328,287,1915,529
587: 1394,936,291,1552,1617,465
588: 1070,1396,548,1518,236,1418
589: 381,1304,1512,124,1435,1697
590: 1519,1165,765,1787,292,2005
591: 1941,675,1279,920,1596,1523
592: 12,1718,225,434,1643,1592
593: 1495,7,274,1927,1919
594: 2045,413,21,150,1465,1560
595: 1586,1705,1776,1766,988,1201
596: 1987,905,97,1707,255,454
597: 1709,1988,1983,1173,660,1733
598: 1712,883,268,768,243,1120
599: 1143,207,1370,647,295,210,1767
600: 1010,2028,267
601: 536,1833,494,2024,1827,1096
602: 376,725,1506,342,1066,1835
603: 1106,761,1664,1896,860,150
604: 1238,514,1113,1944,856,1680
605: 1654,501,1124,129,170,1127
606: 374,1443,549,1670,1215
607: 1348,1881,770,53,332,1914
608: 309,1368,1154,1689,1592,12
609: 1392,1402,347,1923,223,1749
610: 1971,1438,757,315,1003,1956
611: 578,142,1975,1587,157,1045
612: 1781,861,511,1124,1048,1936
613: 405,791,1068,1058,1557,281
614: 1242,46,477,1064,1708,523
615: 1720,363,1900,37,1824,661
616: 1723,378,354,1266,2008,509
617: 1375,561,1444,2000,107,336,1303
618: 1800,98,1828,153,1738,1862,585
619: 35,1836,1751,882,1067,126
620: 1553,437,1049,273,740,1403
621: 56,1361,1334,479,1110,983
622: 1014,1246,652,1125,1161,1909
623: 825,432,1606,1794,690,1349
624: 2031,729,149,1296,1179,1477
625: 1961,1259,1209,934,1398,1618
626: 1118,194,1476,1671,1261,479
627: 1522,1301,1579,1044,1899,845
628: 2030,279,13,1790,1430,1307
629: 439,1769,72,1847,802,1615
630: 1603,685,1186,1468
631: 943,1993,248,1510,262,131
632: 1957,1634,584,1973,1039
633: 841,463,1264,1630,410,910
634: 376,228,1731,1506,914,666
635: 364,959,1527,1173,1733,1803
636: 826,1447,1974,1551,1873,1510,262
637: 1823,827,1900,37,1316,824
638: 976,329,1839,1141,564,2003
639: 1151,1137,1025,769,800,1161
640: 1401,532,61,915,1727,105,1966
641: 1223,418,1558,1007,1594,1786
642: 1298,649,751,815,480,1229
643: 130,2031,149,1232,206,458
644: 1636,516,1257,1208,1932,1267
645: 1326,406,563,1012,1609,1319
646: 1422,848,1901,1588,269,1057
647: 1143,207,599,382,1651,1589,1767
648: 477,1090,482,1145,186,2040
649: 1298,1380,642,751,159,1159
650: 457,2,1486,1198,1083,1029
651: 1935,999,763,1248,448,1564
652: 1125,343,622,237,1909,1255
653: 414,5,1681,1245,1297,1451,1235
654: 1556,1866,290,1299,238,762
655: 1382,545,1420,572,438,1814
656: 1130,1758,1649,277,960,1026,1233
657: 1104,787,470,110,742,260
658: 1819,869,1157,367,1098,1446,270
659: 1160,2041,1764,172,1084,1204
660: 1393,1173,1480,803,597,1988
661: 1176,563,615,363,1824,1832
662: 691,1180,530,1108,1996,26
663: 1220,1266,1567,818,146,1969
664: 1228,465,1421,1493,893,1394
665: 1168,1047,396,19,1337,306
666: 2021,1247,1100,228,1731,634
667: 1251,1274,1682,1661
668: 1408,1948,66,1276,756,1226
669: 1668,1115,964,1886,1513,1021
670: 1951,121,1697,1417,911,721
671: 1334,1699,981,1306,423,504
672: 16,522,1701,216,1692,2032,1938
673: 1624,1504,1728,1000,813,430
674: 1861,1470,43,119,1928,1761
675: 1941,1212,810,1279,591,1616
676: 943,322,1613,131,1537,49
677: 1411,427,723,1645,1577,929
678: 570,1117,212,1780,258,1442,741,1363
679: 1838,1669,398,177,8,266
680: 471,10,1991,380,1400
681: 2008,394,806,1631,1567,855
682: 873,1779,2011,1868,1182,275
683: 276,571,1363,1637,1341,525
684: 257,1373,1624,1431,1432,1034
685: 99,1883,737,630,1603,1468
686: 316,1195,1771,421,345,1807,1616
687: 1739,581,1018,1367,340,831
688: 1060,1059,1851,513,890,78
689: 1922,1840,1050
690: 1971,1794,1140,623,1349,1956
691: 1962,11,1180,662,1099,530
692: 333,586,1328,287,1199,1072
693: 925,1079,2041,299,1976,1965
694: 27,2014,870,23,1231,1095
695: 488,1524,1424,838,1153,1449
696: 772,1816,67,1512,181,1690
697: 1568,1495,1177,211,1732,885
698: 857,434,1702,1641,1344,1320
699: 1166,19,2025,1337,422,1652
700: 2023,761,475,1664,256,1747
701: 1768,1605,785,1834,1876,902
702: 218,492,1862,1773,974,745,585
703: 1192,1352,1517,1581,459,948
704: 0,298,1319,1336,1981,1958,1012
705: 1184,238,762,849,318,1904
706: 1179,435,407,556,1477,2006
707: 2016,1566,1995,433,1208,1636
708: 2030,13,178,1286,1906,1248
709: 1195,335,1771,1602,2039,1820,45,1069
710: 1489,1396,548,713,1355,1081
711: 1027,1311,541,1324,1414,160
712: 50,1472,1485,2002,337,1428
713: 386,1323,93,548,710,1081
714: 2022,1979,143,1590,878,1545,1759
715: 1412,486,1633,938,1849,1846
716: 1654,1149,501,753,1407,1327
717: 1670,1516,1215,472,214,1645
718: 327,112,898,1891,1672,385
719: 1375,774,2000,1389,77,834,1829
720: 303,73,1976,32,1965,1146
721: 387,1163,911,1717,670,121
722: 309,1154,1797,1831,72,1131
723: 214,677,1645,1860,1577,76
724: 1526,231,767,930,1867,1042
725: 602,15,1506,1910,342,330
726: 1957,1219,744,1740,359
727: 1030,1989,51,138
728: 1109,308,1545,1194,2022,109
729: 624,1296,1490,1790,1307,1179,435
730: 1381,358,1272,1942,289,939
731: 1297,1128,1451,271,1612,161,1770
732: 1384,263,1635,1362,1507,1793
733: 1541,1730,234,1536,1385,1464
734: 1851,135,272,1644,78
735: 2046,1172,1843,1604,1757,996
736: 1020,1659,1322,1377,1948,1458,66
737: 685,1883,1468,739,1091,1869
738: 370,120,228,1100,528,1213
739: 1196,1091,1883,1291,737
740: 1837,1343,1403,620,773,437
741: 258,1796,229,1442,436,678,1117
742: 1665,260,1713,559,657,470
743: 932,1598,1578,1525,1737,789
744: 1740,726
745: 1862,1773,489,702,585,1244,163
746: 1076,1019,1475,1101,1071,71
747: 754,1700,795,1032,1111,1386
748: 868,1119,1289,1404
749: 1623,180,4,1312,344,1065
750: 1992,487,993,1353,1374,1037
751: 649,1380,642,1559,815,1287
752: 1273,1710,1397,1939,84,1359
753: 716,1407,452,1327,391,880
754: 1009,1484,1210,1700,747,1032
755: 133,280,128,1471,1721,1378
756: 1253,1482,66,1276,668,519
757: 1971,1438,425,313,610,315,1774,1406,1144
758: 1212,810,458,1813,1792,1232
759: 1030,1810,580,935,1665,1511
760: 1755,1505,1347,1811,1888,73
761: 700,1106,1664,603,256,1070,1896
762: 238,705,1904,1640,654,1299
763: 1935,456,1105,1906,1248,651
764: 1473,341,1688,1340,1052,360
765: 590,1165,1761,1787,1002,1188
766: 1010,1622,2042,187,1387,1413
767: 724,231,1042,1627,1797,1769
768: 1712,598,476,1547,1629,1120
769: 111,1025,1257,1657,639,800,1325
770: 1348,607,1661,1274,397,332
771: 1666,1293,779,790,1259,447
772: 1816,330,696,139,1690,1934
773: 1802,919,437,1147,740,1343
774: 719,1375,561,1200,1045,834
775: 960,1236,986,1805,1202,365
776: 1250,1252,1055
777: 462,279,1790,435,2006,1282,232
778: 1658,1726,579,474,875,1685,1031
779: 1666,771,447,366,1487,1573
780: 971,1129,1561,89,1447,102
781: 1742,233,815,1799,1452,1287
782: 953,348,1122,1365,125,1764
783: 1439,966,451,416,1295,1284
784: 2047,30,840,1454,1955,1455
785: 1982,701,1605,1834,1459,220
786: 977,1662,1461,1472,2005,392
787: 1104,657,1530,1095,2038,110
788: 130,2031,1812,1296,1573,1953
789: 1737,1371,1598,1582,743,250
790: 1666,771,1293,1601,560,415
791: 613,1068,1389,281,1736,1502,77
792: 1433,1318,1693,246,851,355
793: 1474,1889,1414,1027,1281,296,202
794: 320,1092,1632,334,1298,1159
795: 1642,11,1032,747,1386,496
796: 1059,513,1127,1575,1647,1872
797: 2020,566,365,140,1805,1062
798: 1660,57,988,1669,398,1952
799: 1627,1689,818,1892,231,1054
800: 808,1325,769,639,1246,1161
801: 1138,1256,531,431,1497,1460,1613,131
802: 1217,1933,1615,1042,1769,629
803: 1173,408,1480,660,1542,1527
804: 1586,1776,44
805: 439,1260,1308,1615,1135,1549,1317
806: 394,681,164,855,1714,1112
807: 1483,52,364,959,1023,1037
808: 1695,288,1123,800,1325,1246
809: 1777,1040,1275,916,305,837
810: 1212,675,758,1616,421,1813
811: 86,1897,1398,1239,854,379
812: 1942,1715,1894,1242
813: 1548,430,1265,1728,41,673
814: 1774,1433,189,1285,25,1940
815: 1799,480,781,1287,642,751
816: 1365,125,422,1652,1562,1237
817: 1399,2016,488,405,1162,838,1164
818: 146,1892,1220,663,1054,799
819: 229,1442,937,107,1745,1986
820: 240,1171,1017,1332
821: 992,1620,1209,1600,209,934
822: 2009,1997,1335,858,1216,1860
823: 54,1329,1977,1233,1130,188
824: 1316,1823,637,310
825: 382,95,623,1606,1349,1911
826: 636,89,1447,1211,2027,248,1510
827: 637,167,1900,230,1263,1316
828: 1594,328,1466,1950,931,114
829: 913,401,1464,1687,559,1536
830: 505,100,1411,472,1555,1684
831: 440,1739,1367,687,2046,1757
832: 134,1508,1725,1155,1760,1366
833: 1138,156,232,1282,1507,1793,1863
834: 77,512,1829,1638,719,1200,774
835: 1832,1825,576,1890,1176,307
836: 1994,1031,506,847,1123,109,483
837: 1796,1134,1985,305,809,1040
838: 405,1153,1058,817,695,488
839: 840,901,1078,507,1338,2047
840: 1454,839,901,247,2047,784
841: 1729,1264,1630,633,1499,1128
842: 1357,1463,1570,1921,1728,41
843: 1683,58,2001,869,169,1584
844: 1677,1608,557,108,313,1907
845: 1207,1698,1522,627,1044,410
846: 304,1899,1060,1569,890,1579
847: 1994,1031,836,474,1194,109
848: 1422,646,30,1845,1057,1167
849: 1184,1980,1760,705,318,1918
850: 534,80,1300,24,1607,1908
851: 246,1954,324,792,1693,355
852: 1844,1960,1080,574,1514,1676
853: 1703,1979,1590,34,1773,489
854: 811,1239,178,1286,379,1061
855: 59,1112,952,806,1631,681
856: 53,1170,332,1680,1238,604
857: 12,698,434,1154,1831,1320
858: 1121,1324,1335,1533,1474,2009,822
859: 1543,958,980,1089
860: 150,1560,352,1546,293,1106,603
861: 1781,612,294,1655,1936,1970
862: 1172,552,1604,1514,1815,1676
863: 369,1494,1880,93,940,1278
864: 1752,1443,549,166,1853,79
865: 311,1745,1978,1912,1986,1225,1763
866: 135,1133,1970,1801
867: 1164,1222,413,21,1399,1995,433
868: 1999,748,201,1119,495
869: 658,1819,58,843,2001,1157,1267
870: 2038,891,27,2015,694,1095
871: 1833,494,144,1205,372,2017
872: 1195,335,1063,1302,1049,1602,273
873: 1355,682,2011,1489,1747,1182
874: 116,535,1249,1358,1424,515
875: 1726,1098,579,227,778,1351,1446
876: 1087,1456,1015,1671,464,1261
877: 1947,1670,1516
878: 1109,235,1545,714,1262,569,1759
879: 333,1294,1072,1563
880: 280,1357,391,1570,452,753,1407
881: 1332,242,400,1588,1078,1338
882: 1687,417,619,1836,1931,401,126
883: 1712,598,268,973,81,1858,243
884: 534,1314,1300,1247,1903,1185
885: 1732,1914,1053,168,697,1177
886: 1910,1817,342,1923,1535,1175
887: 1972,147,1919,1927
888: 1998,1852,348,244,323,306
889: 297,441,2004,250,1309,1080
890: 1569,2007,78,1060,688,846
891: 1554,2038,1959,1077,870,2015
892: 1740,1103,1804
893: 1493,1150,664,1394,2040
894: 1744,1094,1984,1895,546,1178
895: 224,535,1249,1041,190,503
896: 536,1833,144,1388,101,199,1322
897: 533,1191,54,1329
898: 1169,1213,1354,1891,718,112
899: 497,577,1346,1791,1203,420
900: 254,1704,14,1360,1926,1005
901: 840,1091,1869,839,247,507
902: 1529,1876,905,97,701,1768
903: 19,2025,537,1481,1168,1884
904: 1420,572,1611,1926,1005,1206
905: 1876,1987,278,902,97,596,282
906: 1994,1031,1695,270,33,1726,1098
907: 2010,1155,264,481
908: 356,77,1829,1437,954,1068,1557
909: 1214,1013,304
910: 463,410,949,633,1522,245
911: 387,721,1870,1417,670
912: 1339,233,1538,1440,217,1142
913: 1842,829,1610,401,1491,1536
914: 15,1731,1905,1515,1506,634
915: 5,1727,951,1531,640,105
916: 1275,1574,1619,426,809,1777
917: 1356,1002,165,1188,1920,1539
918: 1273,1397,239,1481,1082,1884
919: 1802,55,773,1317,1750,1147,1549
920: 102,1279,591,1523,1580,1561,1683
921: 1028,1556,1198,1866,457
922: 414,1441,1245,22,1779,1868,253
923: 1870,310,1593
924: 63,1929,1756,370,120,1096
925: 302,1079,693,1811,966,1976
926: 319,1345,953,1679,1084,1290
927: 1450,1967
928: 1051,1018,1367,1475,1071,225
929: 427,677,1577,1876,278,1834
930: 1288,1526,724,1583,2048,1867
931: 1499,1612,114,1223,1594,828
932: 550,326,1598,1578,743,1189
933: 104,399,1614,1140,1907,48
934: 1620,1209,1004,821,1961,625
935: 1991,1810,759,1511,1806,1400
936: 1888,115,520,587,291,1552
937: 819,229,1442,1056,1134,311,1745,29
938: 486,715,68,2015,1846,1959
939: 1381,730,1942
940: 863,1880,386,93,941,962
941: 1950,1786,962,1968,1880,940
942: 1982,259,1605,205,1622,1413
943: 322,1993,1613,676,631,131,1735
944: 6,1861,119,1255,1254,1830
945: 1667,402,2026,1035,1268,581
946: 96,1457,442,524,1722
947: 1547,1714,321,1112,1629,1462
948: 1156,1746,459,973,1517,703
949: 463,910,1024,245,1132,1663
950: 1318,1144,1677,175,965,425
951: 64,1328,1531,5,1681,915
952: 59,855,961,321,1112,1691
953: 782,1122,1764,319,926,1084
954: 42,356,908,510,1437,252,1372
955: 1395,1086,1027,1311,1281,275
956: 1339,468,1538,1650,1051,440
957: 1711,1243,1621,204
958: 859,1543,1183,1748,980,357
959: 635,364,807,1753,1023,1527
960: 775,277,986,1805,1649,656
961: 1036,321,952,1691,1952,1916
962: 328,941,1114,1950,386,940
963: 44,1075,1821,83
964: 555,65,1115,669,283,1886
965: 246,1352,1882,175,950,1318,1144
966: 1439,925,302,1079,451,783
967: 1639,1753,1482,519,1542,9
968: 457,1955,2,338,1565,1455
969: 285,222,1765,307,1576,1890
970: 1434,1964,371,9,1330,1656,446
971: 1129,89,780,556,1315,2027
972: 1803,497,1346,1483,364,284
973: 883,1858,243,1517,1746,948
974: 492,1862,702,1822,2013,1738
975: 1308,324,1933,300,355,251,1135
976: 638,329,1815,982,2003,192
977: 292,786,50,1472,2005,1011
978: 3,1585,569,1871,2029,235
979: 426,261,208,1641,1574,2035
980: 859,958,10,1089,357,380
981: 1202,91,671,1699,423,1236
982: 182,2014,2003,976,192,1390
983: 147,1415,424,1361,1110,621
984: 568,443,203,1436,1227,20
985: 1345,74,265,1369,1571,1479
986: 775,277,960,1243,1236,1621
987: 571,1678,346,1789,1041,1625,224
988: 1660,1201,798,595,1766,398
989: 1016,1741,1295,1859,1675,1193
990: 443,1131,1831,1436,1930,1320
991: 1289,1943,1404,1410,32
992: 1984,1209,821,209,86,1778
993: 750,1374,1037,1483,2034,284
994: 1772,1160,2041,75,1079,451
995: 337,2043,1485,205,1622,2042
996: 155,461,1650,735,1843,1757
997: 1462,1854,1714,164,1288,2048
998: 1067,1808,554,1751,388,197
999: 1935,651,1185,448,1300,24
1000: 1624,1504,673,1197,578,257
1001: 1688,1360,518,575,1350,1340
1002: 1787,1356,1448,917,1188,765
1003: 1467,38,1956,171,610,315,1158
1004: 1620,934,1940,1469,491,1961
1005: 1206,1476,904,1926,900,1704
1006: 1992,1353,1562,1237,1772,75
1007: 1431,641,418,1968,1034,1786
1008: 1648,1043,222,2018,139,1934,1515
1009: 754,1484,1224,1700,1708,1064
1010: 600,766,187,1387,2028,267
1011: 1496,1646,1544,339,292,977,50
1012: 645,1609,704,1319,1958,1795
1013: 1214,909,304,1044,1899,395
1014: 1246,1920,1125,622,1540,288
1015: 540,1456,876,1939,84,464
1016: 989,1595,1741,1295,1284,2034
1017: 1234,1332,400,240,820,1949
1018: 1367,340,928,687,1643,225
1019: 1076,1452,123,746,1619,1101
1020: 1473,1659,736,1377,1458,538,85
1021: 1484,1224,1668,669,1513,195
1022: 498,1192,1591,1581,103,1850
1023: 52,959,807,1639,1653,1753
1024: 1674,39,1132,1663,500,949
1025: 111,769,1257,639,1465,1137
1026: 1856,1427,277,656,1233
1027: 711,1311,1281,955,793,1414
1028: 1556,921,467,1454,457,1955
1029: 1156,557,1746,1083,650,1486
1030: 727,1989,51,1810,580,759
1031: 1994,847,1695,906,836,1726,1098,474,778
1032: 1962,795,11,754,1210,747
1033: 1379,1716,408,1480,373,539,361
1034: 1431,1007,1968,684,183,1373
1035: 1364,70,1268,441,2026,945
1036: 961,1547,321,1916,2037,476
1037: 487,993,750,1483,52,807,1429
1038: 369,1494,1258,42,512,1638
1039: 584,632
1040: 526,809,1777,837,1796,436
1041: 1678,987,1625,92,224,895,503
1042: 724,767,1867,1217,802,1769
1043: 1648,1008,207,1370,1905,1515
1044: 1013,1899,395,627,1207,845
1045: 1375,561,1200,774,157,611,1975
1046: 1202,91,540,365,1456,140
1047: 665,566,396,323,306,1062
1048: 1781,82,511,1107,612,197
1049: 1302,522,216,1553,620,273,872
1050: 1840,154,1306,504,689,1922
1051: 440,1367,928,1475,468,956
1052: 1359,14,1688,764,1710,360
1053: 53,1732,1170,885,1914,438
1054: 1526,231,200,1220,818,799
1055: 1555,505,1252,776
1056: 937,1134,1985,2044,159,29
1057: 269,1167,0,1126,848,646
1058: 613,190,405,838,1153,281
1059: 170,688,796,1851,513,1127
1060: 688,513,890,145,1579,846
1061: 1286,379,543,389,106,854
1062: 1758,323,1649,1047,797,566,1805
1063: 316,60,1195,872,335,273,1626
1064: 477,482,1009,1224,1708,614
1065: 161,1312,1915,344,529,749
1066: 1113,1175,342,602,17,1835
1067: 998,1818,554,126,619,1751
1068: 613,791,1389,1557,77,908
1069: 1820,224,535,1358,45,1789,1625,709
1070: 256,588,1396,1896,236,761
1071: 1718,71,225,928,1475,746
1072: 1199,879,692,333
1073: 328,1114,1466,22,368,253
1074: 1471,1532,128,567,573,1917
1075: 963,1189,1686,44,1821,132
1076: 1574,746,1619,1019,71,208
1077: 1554,891,1959,450,1450,1967
1078: 1139,507,839,242,881,1338
1079: 925,693,966,451,994,1160,2041
1080: 1960,852,1309,297,889,1676
1081: 1355,368,386,713,1114,710
1082: 1168,2020,1865,396,1884,1273,918
1083: 81,1858,1198,650,1746,1029
1084: 1679,1204,953,659,1764,926
1085: 1212,458,102,1279,206,1129
1086: 1311,275,955,1868,226,551
1087: 91,1456,876,56,1261,1699
1088: 1551,58,1157,1873,227,1446
1089: 2033,10,859,980
1090: 477,648,1145,520,46,1445
1091: 1196,739,1869,901,247,737
1092: 794,1378,1632,350,1491,334
1093: 319,1369,188,1998,1122,1977
1094: 38,1744,894,171,1984,209,546
1095: 787,1530,694,2038,870,1231
1096: 63,1929,924,601,494,2024
1097: 1342,76,485,1694,1997,1853
1098: 1726,875,1446,658,1031,906,270
1099: 1501,377,530,317,1962,691
1100: 1314,1247,666,228,370,738
1101: 1475,1742,468,1452,746,1019
1102: 1184,1937,1980,524,445,1291
1103: 892,1740,527,359,1804,1376
1104: 787,179,657,1530,470,1385
1105: 456,763,1906,31,1148,351,544
1106: 88,293,761,1664,1830,603,860,1546
1107: 511,1048,1327,197,1808,452
1108: 2043,530,2042,187,662,26
1109: 1871,1783,308,878,235,728,1545
1110: 1334,621,983,1415,1922,504
1111: 141,384,1700,747,1386,1333
1112: 855,1714,947,321,952,806
1113: 514,1175,604,1944,1066,17
1114: 1073,328,962,386,1081,368
1115: 1668,555,669,964,317,377
1116: 478,3,1262,2013,569,1696
1117: 336,570,678,1442,741,107
1118: 353,194,626,1174,1361,479
1119: 495,137,582,748,868
1120: 312,94,1629,598,768,243
1121: 1533,404,858,1474,1889,1270
1122: 953,782,1998,348,319,1093
1123: 1994,506,1695,288,836,808
1124: 511,612,1936,129,1654,605
1125: 1014,1920,1539,652,343,622
1126: 269,1057,127,0,298,1788
1127: 170,1059,796,501,605,1575
1128: 731,1499,271,1612,841,1729
1129: 971,1561,780,206,102,1085,1315
1130: 1758,244,188,656,823,1233
1131: 443,990,72,1847,722,1831
1132: 90,245,2036,39,1024,949
1133: 1936,866,135,1970,129,272
1134: 837,1796,229,937,1056,1985
1135: 251,117,1549,1308,975,1615,805,1317
1136: 230,1949,1878,484
1137: 1151,639,1465,1560,352,111,1025
1138: 801,531,156,833,431,232,1528,1282
1139: 375,1078,507,242
1140: 104,933,1794,1971,690,48
1141: 574,638,329,403,564
1142: 1541,1730,1799,217,233,912
1143: 1648,285,207,647,599,1651
1144: 950,189,1406,1318,965,425,757
1145: 1090,648,2040,520,1552
1146: 720,32,1965,137,1404
1147: 1750,1310,919,773,560,1343
1148: 2030,1430,31,1105,1906,544
1149: 501,393,716,558,1575,1407
1150: 1493,1800,1240,893,153,186,2040
1151: 639,1137,1560,352,1546,1161,1909
1152: 221,1875,331,1837,1626,1403
1153: 190,838,1058,1249,1424,695
1154: 722,309,608,1831,12,857
1155: 1725,907,134,832,481
1156: 1608,557,1746,459,1029,948
1157: 658,1819,58,869,1088,1446
1158: 1600,25,315,1774,1003,171
1159: 1298,649,2044,159,320,794
1160: 994,659,2041,75,172,1079
1161: 1246,622,1909,1151,639,800
1162: 405,1557,1437,1399,817,252,1164
1163: 387,721,1717
1164: 252,867,1222,1162,1437,1399,817
1165: 1928,1519,590,1761,765,454
1166: 62,2025,699,1534,422,1478
1167: 1057,0,1336,848,1845,517
1168: 1082,665,396,1884,19,903
1169: 17,898,1354,1944,286,112
1170: 53,856,1053,438,1680,1814
1171: 1332,242,820
1172: 735,1843,1604,862,192,1815
1173: 803,660,597,635,1527,1733
1174: 1568,7,353,1118,424,1361
1175: 1535,514,1113,1066,886,342
1176: 307,1326,661,563,1832,835
1177: 697,1495,168,885,409,274
1178: 1895,444,1925,894,1984,547,1778
1179: 435,706,1477,624,729,1790
1180: 1642,11,691,662,1996
1181: 547,1416,1908,444,24,448
1182: 1395,275,1747,873,682,475
1183: 958,1748,357,1453,388,82
1184: 1937,1102,238,1980,705,849
1185: 1935,999,493,1300,884,1903
1186: 375,1468,630
1187: 1342,485,160,469,1269,541
1188: 1002,917,1539,43,1761,765
1189: 1075,1821,132,550,932,1578
1190: 502,515,411,1449,1596,136
1191: 897,54,74,1479
1192: 1022,703,1352,1882,1591,1581
1193: 1439,193,989,1295,1675,1617
1194: 308,728,474,1685,847,2022,109
1195: 686,709,316,872,335,1771,421,1063
1196: 739,1091,247,1291,1937,290,467
1197: 1504,184,1000,1587,249,578
1198: 1866,921,1083,81,457,650
1199: 1072,287,692
1200: 774,1045,18,1975,512,834
1201: 134,1660,481,988,1705,595
1202: 91,365,1046,981,775,1236
1203: 3,1791,1585,1696,899,577
1204: 1679,1084,299,582,659,2041
1205: 63,871,494,575,1724,372
1206: 1005,194,1476,1673,904,572
1207: 1719,180,1698,845,1044,395
1208: 707,1566,198,1932,1636,644
1209: 992,821,934,625,86,1398
1210: 754,1484,1668,317,1962,1032
1211: 826,89,1460,2027,1497,248,1510
1212: 675,810,458,1279,758,1085
1213: 898,528,1354,120,1891,738
1214: 909,1013,395
1215: 1670,717,1694,606,549,214
1216: 278,282,1335,822,1860,1577
1217: 1391,1933,300,802,1867,1042
1218: 1381,358,1505,303,1410,162
1219: 152,726,1957,359,1963,1798
1220: 663,394,1567,818,200,1054
1221: 241,79,1966,469,1401,166
1222: 252,1372,1164,867,1893,413
1223: 641,1558,1630,1594,931,1499
1224: 1009,1484,1021,482,1064,195
1225: 249,865,567,1978,1912,573,184
1226: 1384,263,199,1408,1948,668
1227: 301,20,55,568,1260,984,203
1228: 1859,87,664,1675,465,1421
1229: 234,480,1842,334,1298,642
1230: 521,1703,1979,483,143,1775
1231: 23,1784,508,694,1530,1095
1232: 130,1792,643,1946,1813,458,758
1233: 1329,823,1130,656,1026
1234: 1017,1901,400,562,1949,484
1235: 1297,1451,114,1466,253,653,414
1236: 775,986,1621,1202,981,423
1237: 75,172,1562,1006,125,816
1238: 514,604,1902,397,856,332
1239: 1897,811,1564,1416,178,854
1240: 1150,1828,153,1513,186,195
1241: 276,583,346,1789,1692,2039
1242: 812,1715,1894,46,614,523
1243: 277,986,1621,957,204,1427
1244: 1879,163,745,585,98,65
1245: 653,414,5,1727,1441,922
1246: 1014,622,1161,288,808,800
1247: 534,1314,884,2021,1100,666
1248: 763,1906,651,1564,178,708
1249: 535,874,895,1424,190,1153
1250: 1785,185,776,1252,449
1251: 667,213,1274,1749,151
1252: 505,449,1885,1055,1250,776
1253: 1482,1458,66,756,1964,446
1254: 88,1321,1830,944,6,202
1255: 944,119,1830,652,343,237
1256: 539,1537,801,531,1613,373
1257: 1636,111,516,1025,769,644,1657
1258: 1494,1038,1323,42,510,1518
1259: 771,1293,1961,625,447,1618
1260: 439,568,805,1227,55,1317
1261: 56,479,626,1671,1087,876
1262: 1116,2013,569,878,218,492,1759
1263: 1316,230,827
1264: 841,1729,410,633,4,1698
1265: 1913,813,1548,430,1674,39
1266: 663,2008,1567,616,509,1969
1267: 1819,2001,869,1932,516,644
1268: 1035,1364,383,945,1739,581
1269: 469,1401,532,541,551,1187
1270: 6,1861,1470,1121,404,1889
1271: 1525,1737,378,354,1572,177
1272: 1755,730,358,115,289,1445
1273: 918,752,1397,84,1082,1865
1274: 667,1251,151,397,770,1661
1275: 123,1619,916,305,1559,809
1276: 1408,756,668,1379,1716,519
1277: 51,580,1554,110,450,260
1278: 18,1550,183,369,863,1880
1279: 1212,675,102,920,591,1085
1280: 1736,570,92,212,1303,1502
1281: 1395,1027,955,296,542,793,1414
1282: 1362,1507,1793,462,279,777,2006,1138,833,232
1283: 349,1856,533
1284: 1016,416,1295,2034,1374,783
1285: 1433,814,1693,466,1469,1940
1286: 389,1061,178,854,708,13
1287: 1452,123,781,815,751,1559
1288: 1526,930,200,2048,164,997
1289: 991,1404,748
1290: 1679,495,1345,265,926,201
1291: 445,1883,1937,1102,1196,739
1292: 324,1391,300,498,1954,1591
1293: 491,771,1961,790,1601,1259
1294: 879,333,1531,1563,1877,105
1295: 1016,989,1284,1439,783,1193
1296: 2031,624,729,788,1490,1953
1297: 731,1451,1235,1770,653,1681
1298: 649,642,1159,1229,334,794
1299: 654,1866,762,1640,268,81
1300: 534,884,850,24,999,1185
1301: 1522,90,245,145,627,1579
1302: 1049,1602,1701,216,872,335
1303: 1280,1736,336,570,2000,617,1389
1304: 589,381,1782,1512,181,576
1305: 1409,1341,261,525,1762,1313
1306: 154,1711,1050,423,504,671
1307: 13,1790,628,1490,389,729
1308: 1933,975,1615,805,251,1135
1309: 1960,473,1080,1582,889,250
1310: 1809,173,1750,1147,1601,560
1311: 711,1086,1027,955,541,551
1312: 161,1065,1729,749,4,271
1313: 1762,174,2035,460,1305,261
1314: 884,1247,1100,1903,1929,370
1315: 556,1477,149,206,971,1129
1316: 1263,824,827,637
1317: 1802,55,919,1260,805,1135,1549
1318: 792,950,1433,189,1144,246,965
1319: 704,127,298,406,645,1012
1320: 1930,1344,1831,698,857,990
1321: 88,2023,1254,296,542,202
1322: 1659,736,144,896,101,199,1948
1323: 1494,1258,713,93,548,1518
1324: 858,1474,1414,711,2009,160
1325: 1695,808,33,800,769,1657
1326: 1176,1765,307,645,563,1609
1327: 511,1107,452,1654,716,753
1328: 64,951,692,333,586,1531
1329: 897,533,54,823,1233,1856
1330: 499,1434,537,371,970,62
1331: 122,1783,308,1658,1685,1405
1332: 1171,1017,242,400,881,820
1333: 1386,141,1111
1334: 56,671,1110,621,1699,504
1335: 1533,858,822,1216,282
1336: 704,1167,0,1864,1981,517
1337: 19,699,1652,665,306,1852
1338: 1422,2047,1078,839,881,1588
1339: 956,912,1538,1440,461,1650
1340: 1688,575,1001,372,764,341
1341: 1637,526,1409,1305,525,683,1363
1342: 485,1097,1187,469,166,1853
1343: 415,740,1837,1147,773,560
1344: 1930,174,2035,1320,698,1641
1345: 319,985,265,1369,926,1290
1346: 899,497,972,1595,420,284
1347: 193,302,1811,1888,291,760
1348: 1881,607,770,1661
1349: 1911,1467,1956,690,825,623
1350: 518,575,1672,1001,385,1724
1351: 579,875,227,362,1873,1993,262
1352: 703,1192,965,1882,459,175
1353: 1992,487,1478,750,1562,1006
1354: 17,898,528,1169,1835,1213
1355: 873,2011,1081,368,1489,710
1356: 1775,325,1002,1448,165,917
1357: 1570,880,842,558,1407,41
1358: 116,535,874,45,1069,345
1359: 254,1939,1052,14,752,1710
1360: 1688,518,1926,1001,900,14
1361: 479,621,1174,1118,983,424
1362: 1635,544,1282,1793,732,462,31
1363: 276,571,1678,683,1637,1341,258,678,1780
1364: 1035,297,1268,441,383,552
1365: 782,1852,348,125,816,1652
1366: 1419,28,832,1508,1760,318
1367: 1051,440,1018,928,831,687
1368: 608,1689,1592,47,1924,1892
1369: 319,1093,985,1345,74,1977
1370: 1043,207,599,210,1905,490
1371: 1737,1723,354,789,2004,250
1372: 252,1418,1222,1893,510,954
1373: 684,142,1550,257,183,1034
1374: 1992,993,750,416,1284,2034
1375: 719,561,774,1444,2000,617,1045
1376: 550,326,1963,527,1103,359
1377: 1473,1020,1659,736,2017,341
1378: 1471,1092,1721,1632,350,755
1379: 1716,408,1033,519,1542,361,1276
1380: 1985,649,751,159,305,1559
1381: 1218,730,358,162,939
1382: 655,327,1420,286,112,1814
1383: 466,355,1809,251,117,1693
1384: 263,1635,199,732,1226,101
1385: 1104,179,470,1464,1541,733
1386: 496,1333,747,795,1111
1387: 1010,766,1413,428,185,2028
1388: 536,351,896,101,1635,544
1389: 791,1068,1736,1303,719,2000,77
1390: 23,155,982,2014,1843,192
1391: 1292,1217,300,1583,1867,498
1392: 1951,1402,609,121,213,1749
1393: 1480,660,373,1537,49,1988
1394: 587,1552,664,465,893,2040
1395: 1182,1281,275,955,542,475
1396: 256,1070,1489,588,548,710
1397: 1273,918,752,1710,1945,239
1398: 86,811,1209,625,379,1618
1399: 817,2016,1995,1162,1164,867
1400: 380,1806,1498,1991,680,935
1401: 640,469,532,1269,1966,1221
1402: 1392,1951,609,1435,347,67
1403: 273,740,1837,1626,1152,620
1404: 1289,991,32,1146,748
1405: 1658,362,1735,1597,122,1331
1406: 1774,189,1144,425,757,315
1407: 1149,716,753,558,1357,880
1408: 1276,668,263,1226,1863,1716
1409: 526,1305,426,1341,1777,261
1410: 303,32,1218,1943,991,162
1411: 427,677,1645,472,830,100
1412: 453,486,1633,715
1413: 1622,766,1387,1982,428,942
1414: 1324,793,1474,711,1027,1281
1415: 1972,147,983,1110,1922
1416: 1897,1564,547,1239,1181,448
1417: 1870,1593,124,911,670,1697
1418: 1372,236,1893,510,588,1518
1419: 1366,2037,28,429,1904,318
1420: 904,1382,655,327,572,1611
1421: 87,1228,553,664,390,1493
1422: 1338,848,646,2047,30,1588
1423: 1709,49,1988,196,1597,322
1424: 874,1249,1153,515,1449,695
1425: 203,1436,1930,174,460,1938
1426: 1818,1520,554,113,1721,133
1427: 349,1856,204,1026,277,1243
1428: 337,1501,377,2002,712,555
1429: 52,1653,499,1534,487,1037
1430: 2030,462,279,628,31,1148
1431: 1432,418,500,1007,1034,684
1432: 1431,500,1624,430,1674,684
1433: 792,189,814,1318,1285,1693
1434: 215,537,970,1481,1330,1656
1435: 1951,1402,1697,589,1512,67
1436: 203,1425,1930,443,990,984
1437: 356,908,954,1162,1557,252,1164
1438: 1971,425,757,313,610,48
1439: 193,302,966,783,1193,1295
1440: 1784,461,508,217,1339,912
1441: 1727,1245,922,1868,226,61
1442: 819,229,937,741,107,336,678,1117
1443: 374,1752,606,864,549
1444: 1763,1375,561,617,107,1986,336
1445: 289,46,115,520,1090,1272
1446: 1098,875,227,658,1088,1157,270
1447: 636,1561,826,89,780,1974,1510
1448: 1787,1356,325,1002,1628,339
1449: 515,411,1190,1424,695,1524
1450: 927,68,1967,1959,1077
1451: 731,1297,1612,1235,114,653
1452: 1287,123,1019,1742,781,1101
1453: 357,35,1498,1751,388,1183
1454: 840,247,1028,467,784,1955
1455: 968,1955,1565,30,784,1845
1456: 91,540,1087,1046,876,1015
1457: 2010,191,442,946
1458: 1253,66,1020,736,85,446
1459: 220,449,1885,1982,428,785
1460: 1528,407,2027,1211,801,431,1497
1461: 1662,786,1472,1485,259,205
1462: 312,1629,1854,997,1714,947
1463: 280,128,1570,842,1921,1917
1464: 470,1385,559,733,1536,829
1465: 1137,1560,433,594,21,111,1025
1466: 1073,328,828,1235,114,253
1467: 1349,1911,38,1003,1744,1956
1468: 1186,375,630,685,737,1869
1469: 466,173,1285,1004,1940,491
1470: 674,1270,1861,404,1928,255
1471: 1074,1378,1632,1532,128,755
1472: 977,712,786,1461,50,1485
1473: 1020,1377,764,341,360,538
1474: 1121,1324,858,793,1889,1414
1475: 1101,468,1051,928,1071,746
1476: 1005,1206,194,626,1671,1704
1477: 1179,706,556,1315,624,149
1478: 487,1353,1562,1166,1534,422
1479: 1571,1191,985,74
1480: 1393,408,803,660,1033,373
1481: 1434,215,537,918,239,1884,903
1482: 1253,756,519,1964,9,967
1483: 52,364,807,972,993,1037,284
1484: 1009,754,1224,1210,1021,1668
1485: 712,1461,1472,205,337,995
1486: 2019,2,650,557,1029,108
1487: 543,106,1953,779,447,1573
1488: 471,1989
1489: 256,1396,710,1747,873,1355
1490: 389,106,1953,729,1296,1307
1491: 1842,913,350,1610,334,1092
1492: 1881,168,409
1493: 1800,1150,893,664,390,1421
1494: 369,863,1038,1323,1258,93
1495: 1568,593,697,7,1177,274
1496: 1011,1646,1743,1544,1628,339,292
1497: 801,431,1460,1211,248,1613,131
1498: 357,1453,35,380,1806,1400
1499: 931,1128,1612,1223,841,1630
1500: 1586,264,1705
1501: 337,2043,1428,1099,377,530
1502: 1280,1736,92,791,503,281
1503: 2019,338,1565,1864,399,517,1614
1504: 184,1921,1728,673,1000,1197
1505: 1755,760,1218,358,303,73
1506: 602,376,15,725,914,634
1507: 263,1282,1793,732,1863,156,833
1508: 134,1660,832,57,1366,28
1509: 381,124,1898,1823,310,1593
1510: 1993,248,262,631,636,826,1447,1211,1873
1511: 417,1665,1713,759,935,1806,1836
1512: 589,1304,181,1435,67,696
1513: 669,1886,1240,1828,195,1021
1514: 574,329,1815,852,1676,862
1515: 15,1934,1905,914,1043,1008
1516: 877,1947,1670,717,472,1684
1517: 973,243,94,1581,948,703
1518: 588,548,510,1323,1258,1418
1519: 590,1707,1165,392,454,2005
1520: 1426,1808,452,554,133,391
1521: 176,584,1826,1973,564
1522: 245,1301,627,410,910,845
1523: 502,1584,1596,920,591,1580,1683
1524: 1566,695,488,198,411,1449
1525: 1271,1737,1578,743,177,266
1526: 1288,724,231,930,200,1054
1527: 635,959,1753,1173,803,1542
1528: 407,1460,2006,1138,431,232
1529: 902,97,1707,392,1662,1768
1530: 1104,787,179,1095,508,1231
1531: 951,333,1294,1328,915,105
1532: 320,1471,1841,1074,1632,573
1533: 1121,1335,404,858,1987,282
1534: 62,1166,499,1429,487,1478
1535: 514,1175,1902,886,1923,223
1536: 234,733,1464,1842,913,829
1537: 1256,1613,676,1393,373,49
1538: 1742,1339,468,233,956,912
1539: 1920,1125,343,43,917,1188
1540: 1014,1920,506,288,521,165
1541: 1730,1142,733,179,1385,217
1542: 1379,408,803,519,1753,1527,967
1543: 859,294,958,1748,1848
1544: 2002,1879,1011,1496,1646,50,283
1545: 1109,878,235,728,2022,714,1759
1546: 860,1151,352,293,1106,237,1909
1547: 1036,947,321,476,768,1629
1548: 1913,813,1265,393,558,41
1549: 117,1750,1135,805,919,1317
1550: 18,142,1975,183,1373,1278
1551: 58,1088,169,1873,636,1974
1552: 1394,936,520,587,1145,2040
1553: 620,301,437,522,1049,216
1554: 2038,110,891,1077,450,1277
1555: 40,1055,1684,830,505
1556: 1028,654,1866,290,921,467
1557: 613,405,1162,1068,908,1437
1558: 641,1223,418,1663,463,1630
1559: 1380,751,305,1275,1287,123
1560: 860,1151,150,1465,1137,352,2045,594,21
1561: 1129,1580,89,1447,780,1974,102,920,169
1562: 1478,1353,1006,422,816,1237
1563: 2012,1877,241,879,1294
1564: 1239,1416,178,1248,651,448
1565: 968,338,1455,1503,1845,517
1566: 707,2016,1208,488,1524,198
1567: 1220,663,1266,2008,394,681
1568: 1174,697,1495,7,211,353
1569: 2007,890,304,846
1570: 280,1357,1463,391,880,842
1571: 1479,985,265
1572: 1271,378,177,8,59,1631
1573: 1812,788,779,366,1487,1953
1574: 1076,1619,916,208,979,426
1575: 1149,501,393,796,1127,1647
1576: 1651,419,95,1765,969,285
1577: 723,677,1860,929,1216,278
1578: 932,743,1189,132,266,1525
1579: 1301,145,627,1060,1899,846
1580: 1561,1974,102,920,1523,1683,169
1581: 94,1850,1517,1022,703,1192
1582: 1598,69,473,1309,789,250
1583: 930,2048,1867,103,498,1391
1584: 502,455,1523,1683,843,2001
1585: 3,1203,978,2029,577,118
1586: 1500,804,1705,595,1776
1587: 1197,249,1978,157,578,611
1588: 1901,400,881,1338,1422,646
1589: 1911,1744,382,647,546,1767
1590: 853,714,1979,218,1773,1759
1591: 1022,498,1954,1192,1882,1292
1592: 1368,608,1924,1643,12,592
1593: 923,1870,310,1417,1509,124
1594: 828,1950,1786,641,1223,931
1595: 1016,1741,420,2034,284,1346
1596: 502,1523,136,1190,1941,591
1597: 1423,196,322,1735,1405,122
1598: 326,932,69,1582,743,789
1599: 1996,26,267
1600: 1620,821,209,1158,25,171
1601: 491,1293,790,560,173,1310
1602: 1302,1701,2039,1789,709,872,335,1820
1603: 630,1734,99,685
1604: 735,383,2046,1172,552,862
1605: 1982,259,942,701,1768,785
1606: 419,825,1795,95,623,432
1607: 295,210,1908,1925,80,850
1608: 844,1677,1156,557,459,175
1609: 1765,1326,645,1012,419,1795
1610: 913,350,1931,401,113,1491
1611: 904,327,1420,518,1926,1672
1612: 731,931,1499,1128,1451,114
1613: 943,676,131,1537,801,1256,1497,49
1614: 933,399,2019,1503,108,1907
1615: 1308,1933,802,439,629,805,1135
1616: 1941,675,810,686,421,1807
1617: 587,291,1675,465,193,1193
1618: 379,543,625,1259,447,1398
1619: 1076,1275,1574,123,1019,916
1620: 1600,1004,821,934,25,1940
1621: 1243,1236,986,1711,423,957
1622: 766,2042,1413,942,205,995
1623: 1719,749,180,412,344
1624: 673,1000,430,684,257,1432
1625: 346,1789,1041,987,1820,224,1069
1626: 331,273,1152,1403,316,60,1063
1627: 309,1797,1689,799,231,767
1628: 34,325,1448,339,1496,1743
1629: 312,1462,1120,1547,947,768
1630: 841,463,633,1223,1558,1499
1631: 2008,681,378,1572,59,855
1632: 320,794,1471,1092,1378,1532
1633: 453,1412,715,1826,1839,1849
1634: 152,632,1957,1973,36
1635: 1384,544,1362,732,31,1388,101
1636: 111,516,1257,644,707,433,1208
1637: 526,1341,258,436,683,1363
1638: 42,356,512,834,1829,1038
1639: 1653,1753,1023,967,371,9
1640: 429,1904,762,1299,1712,268
1641: 698,208,1702,1344,2035,979
1642: 795,11,1180,496
1643: 1018,340,1924,1592,225,592
1644: 2007,78,734
1645: 1411,723,214,677,717,472
1646: 1879,1011,1496,163,1743,1544
1647: 1913,2036,393,1575,796,1872
1648: 1043,1008,1143,285,222,207
1649: 1758,656,1062,960,1805
1650: 996,461,1757,440,1339,956
1651: 382,1576,95,1143,285,647
1652: 1337,699,422,1852,1365,816
1653: 52,1639,1429,1023,499,371
1654: 501,605,716,511,1124,1327
1655: 1848,294,861,1970
1656: 1434,215,1964,970,446,1887,85
1657: 516,367,769,1257,270,33,1325
1658: 579,778,1685,1405,362,1331
1659: 1020,736,1322,1377,2017,144,1948
1660: 134,57,988,1201,1508,798
1661: 1348,770,667,1274
1662: 786,1461,392,1529,259,1768
1663: 418,1558,500,1024,463,949
1664: 88,2023,700,1106,761,603
1665: 742,1511,260,1713,580,759
1666: 771,779,790,415,221,366
1667: 402,47,1924,945,581,340
1668: 1115,669,317,1484,1210,1021
1669: 679,1691,398,8,1952,798
1670: 877,1516,1215,717,606
1671: 1476,626,1704,464,1261,876
1672: 518,1350,385,327,718,1611
1673: 353,1206,194,545,572,211
1674: 430,1265,39,1024,1432,500
1675: 1859,1228,465,989,1193,1617
1676: 297,852,1080,1514,552,862
1677: 844,1608,175,425,313,950
1678: 571,1041,987,1363,92,212,1780
1679: 1084,495,1290,1204,582,926
1680: 1170,856,1814,604,1944,286
1681: 653,5,1297,1770,64,951
1682: 1717,667,213,1251
1683: 843,169,920,1584,1523,1580
1684: 40,1555,1947,1516,472,830
1685: 1658,474,778,308,1331,1194
1686: 44,1075,1766,132,1776,1838
1687: 417,882,1713,559,829,401
1688: 1360,1001,1340,764,1052,14
1689: 309,1627,1368,608,799,1892
1690: 2018,139,181,1825,772,696
1691: 1669,8,1952,59,961,952
1692: 16,672,1701,2039,583,1789,1241
1693: 792,1433,1285,851,466,355,1383
1694: 76,1097,549,1853,214,1215
1695: 1994,1031,906,1123,808,270,33,1325
1696: 478,3,1116,1791,219,1203
1697: 1951,1435,670,1417,589,124
1698: 180,1207,4,845,1264,410
1699: 56,671,1334,91,1087,981
1700: 1009,754,747,1708,1111,384
1701: 1302,672,1602,216,1692,2039
1702: 1718,698,71,208,434,1641
1703: 853,1230,1979,34,1775,325
1704: 254,900,464,1005,1476,1671
1705: 1500,1586,264,595,481,1201
1706: 1798,36,1844,1960,473,152
1707: 1519,392,454,1529,97,596
1708: 1009,1700,1064,614,523,384
1709: 1423,1857,597,1988,196,1983
1710: 752,1397,360,1945,1359,1052
1711: 154,1306,423,957,1621
1712: 598,883,268,768,476,429,1640
1713: 742,1687,417,1665,1511,559
1714: 947,1112,806,164,1462,997
1715: 812,1242,523
1716: 1379,1033,1863,361,1408,1276
1717: 1163,721,121,1682,213
1718: 1071,71,225,592,434,1702
1719: 1623,180,1207,395
1720: 615,167,1900,1824,1874,1855
1721: 1378,350,113,1426,133,755
1722: 524,1734,99,445,96,946
1723: 354,616,1371,70,2004,509
1724: 575,1350,385,63,1756,1205
1725: 191,1155,1918,832,1760
1726: 1098,474,875,778,1031,906,270
1727: 5,915,1441,1245,640,61
1728: 1504,1921,41,673,842,813
1729: 841,1264,4,1128,271,1312
1730: 1541,1799,1142,234,733,480
1731: 1905,914,634,490,2021,666
1732: 885,1053,438,545,697,211
1733: 1803,158,1173,597,1983,635
1734: 99,1722,96,1603
1735: 943,322,1993,1405,362,1597
1736: 1280,1303,1502,2000,791,1389
1737: 1271,1525,354,1371,789,743
1738: 1800,618,1822,1862,974,390
1739: 581,831,687,1268,383,2046
1740: 892,744,1103,359,726
1741: 1016,989,1595,420,1859,1990
1742: 781,1101,468,233,1538,1452
1743: 1496,1646,163,34,1628,489
1744: 1589,1911,1467,38,1094,894,546
1745: 311,865,1912,1986,29,819,937
1746: 1156,1029,948,1083,973,1858
1747: 256,1489,873,700,475,1182
1748: 1543,1183,294,958,1781,82
1749: 223,213,1251,151,1392,609
1750: 1809,117,1147,1310,1549,919
1751: 1453,35,619,388,998,1067
1752: 1443,864,2012,79
1753: 959,1639,1023,1527,967,1542
1754: 412,287,1915,344
1755: 760,358,1505,1272,1888,115
1756: 63,120,924,1891,385,1724
1757: 735,2046,996,1650,440,831
1758: 1130,244,323,1649,656,1062
1759: 218,492,878,1545,714,1590,1262
1760: 849,318,1725,1918,832,1366
1761: 1928,1165,765,674,43,1188
1762: 1313,460,1305,525,16,583
1763: 561,1444,157,865,1978,1986
1764: 659,172,953,782,125,1084
1765: 307,1326,1609,419,1576,969
1766: 1686,595,1776,988,1838,398
1767: 295,1895,546,1925,1589,647,599
1768: 259,701,1605,1529,902,1662
1769: 629,72,767,1042,1797,802
1770: 161,529,731,1297,1681,64
1771: 686,709,1195,335,45,345
1772: 994,75,1992,1006,416,451
1773: 218,745,489,702,853,1590
1774: 189,1406,814,757,315,1158,25
1775: 1356,325,165,521,1703,1230
1776: 1586,804,595,1686,44,1766
1777: 526,1409,426,809,1040,916
1778: 86,1897,547,992,1984,1178
1779: 22,682,2011,1868,922,275
1780: 678,212,258,571,1678,1363
1781: 82,861,1048,612,294,1748
1782: 381,1304,1898,363,1832,576
1783: 122,1871,1109,308,1331,314
1784: 1440,23,155,461,508,1231
1785: 1250,185,2028
1786: 1594,941,1950,641,1007,1968
1787: 1002,1448,339,590,765,292
1788: 1874,562,1855,565,269,127,1126
1789: 276,346,987,1241,1625,1602,1692,2039,1820,1069
1790: 279,628,1307,777,729,1179,435
1791: 219,1696,1203,899,420,1990
1792: 1946,1232,331,316,60,1813,758
1793: 1362,1282,1507,732,462,31,833
1794: 104,148,1140,690,623,432
1795: 419,432,1606,1958,1012,1609
1796: 837,229,741,1134,436,1040
1797: 722,309,1627,767,1769,72
1798: 473,1706,152,1219,1963,69
1799: 815,1730,1142,480,781,233
1800: 1493,1150,153,1738,618,390
1801: 866,135
1802: 301,55,919,773,437,1317
1803: 1733,497,158,972,635,364
1804: 83,892,527,1103
1805: 775,960,365,797,566,1649,1062
1806: 35,1400,1498,1836,935,1511
1807: 116,345,686,421,1941,1616,136
1808: 998,1520,452,554,1107,197
1809: 466,1383,117,173,1750,1310
1810: 1030,1989,759,1991,935
1811: 925,302,1347,73,1976,760
1812: 130,788,1946,1573,366,1875
1813: 316,60,421,1792,1232,810,758
1814: 1170,438,1680,1382,655,286
1815: 976,329,1514,1172,862,192
1816: 772,1910,1817,347,67,330,696
1817: 1910,1816,886,347,1923
1818: 1426,1067,554,126,1931,113
1819: 658,869,1157,1267,516,367,270
1820: 45,1069,1602,2039,1789,1625,709
1821: 963,1189,1075,83,527,550
1822: 478,2013,974,553,390,1738
1823: 637,37,824,310,1509,1898
1824: 615,1720,1874,661,406,563
1825: 2018,181,1690,835,576,1890
1826: 176,1521,564,453,1633,1839
1827: 536,351,601,2024,456,493
1828: 98,1240,153,618,1886,1513
1829: 356,77,834,908,1638,719
1830: 88,293,1106,1254,237,944,1255
1831: 722,1154,857,990,1131,1320
1832: 835,576,363,1176,661,1782
1833: 536,871,601,494,144,896
1834: 701,785,1876,427,929,220
1835: 17,528,1354,602,376,1066
1836: 35,1806,619,417,1511,882
1837: 415,221,740,1152,1343,1403
1838: 679,398,266,1686,1766,132
1839: 638,1826,564,1633,1849,2003
1840: 154,1050,689
1841: 320,1532,2044,311,573,29
1842: 913,1491,334,234,1229,1536
1843: 735,1172,192,1390,996,155
1844: 36,1960,852,1706,574,403
1845: 848,30,1565,1455,1167,517
1846: 182,27,2015,1849,715,938
1847: 439,568,629,443,72,1131
1848: 1655,1543,294
1849: 182,1846,2003,1633,715,1839
1850: 312,94,1581,103,1854,1022
1851: 170,1059,734,688,272,78
1852: 888,348,1365,1337,1652,306
1853: 864,549,166,1342,1097,1694
1854: 312,1462,103,1850,997,2048
1855: 1874,1878,1788,565,1720,167
1856: 1283,349,1427,1026,533,1329
1857: 1709,196,1983,2029,314,118
1858: 1083,883,268,973,81,1746
1859: 87,1228,1990,1675,989,1741
1860: 723,1577,76,1997,822,1216
1861: 674,1270,944,6,1470,119
1862: 974,745,702,585,1738,618
1863: 263,1507,361,156,833,1408,1716
1864: 1981,104,148,399,517,1503,1336
1865: 1082,2020,84,1273,540,140
1866: 1556,1198,654,921,1299,81
1867: 724,1583,930,1042,1391,1217
1868: 1779,682,1441,922,1086,275,226
1869: 1091,901,737,375,1468,507
1870: 923,1593,1417,911
1871: 1783,1109,2029,235,314,978
1872: 90,145,796,513,1647,2036
1873: 1551,1088,636,1510,262,227,1351
1874: 1788,1855,127,1720,1824,406
1875: 221,366,331,1152,1812,1946
1876: 278,902,905,929,701,1834
1877: 1563,241,105,1966,1294
1878: 484,1855,565,230,1136,167
1879: 1244,1646,163,1544,65,283
1880: 863,940,183,1278,1968,941
1881: 1348,1492,607,168,1914
1882: 246,1954,1192,965,1352,1591
1883: 99,445,685,1291,737,739
1884: 1082,1168,918,239,1481,903
1885: 1459,505,220,1252,449,100
1886: 65,669,964,1513,98,1828
1887: 1945,239,538,85,215,1656
1888: 115,936,291,1347,1755,760
1889: 1121,793,1474,1270,6,202
1890: 2018,1825,835,307,969,222
1891: 1756,120,898,1213,718,385
1892: 818,146,47,1368,1689,799
1893: 1372,236,2045,1418,1222,413
1894: 1942,812,289,1242,46
1895: 295,546,444,1178,1925,1767,894
1896: 1070,236,2045,150,761,603
1897: 86,811,547,1239,1416,1778
1898: 381,1782,1509,363,1823,37
1899: 1013,304,1044,846,627,1579
1900: 615,1720,827,637,167,37
1901: 1234,400,1588,646,562,269
1902: 1238,1535,514,223,151,397
1903: 1314,884,493,1185,1929,2024
1904: 1419,429,1640,762,705,318
1905: 1731,1515,914,490,1043,1370
1906: 763,1105,1248,2030,708,1148
1907: 313,48,844,108,933,1614
1908: 1607,444,1925,1181,850,24
1909: 652,622,237,1161,1151,1546
1910: 1817,1816,886,342,330,725
1911: 1589,1349,1467,1744,382,825
1912: 311,1745,865,567,573,1225
1913: 1647,1548,2036,1265,39,393
1914: 53,885,1053,1881,607,168
1915: 287,344,1065,529,1754,586
1916: 2037,28,57,1952,961,1036
1917: 184,1921,1074,1463,128,567
1918: 191,1725,442,1980,1760,849
1919: 887,147,424,593,7,1927
1920: 1014,1539,1125,1540,165,917
1921: 1504,184,1917,1728,1463,842
1922: 689,1415,1110,1050,504
1923: 1817,886,347,609,223,1535
1924: 1667,47,340,1643,1368,1592
1925: 295,1607,210,1895,1908,444,1178,1767
1926: 1360,518,904,1611,1005,900
1927: 593,887,1919
1928: 1165,255,1761,454,674,1470
1929: 370,924,1096,1314,1903,2024
1930: 1425,1436,174,1344,1320,990
1931: 1610,401,113,882,1818,126
1932: 1208,198,455,2001,1267,644
1933: 1308,1217,300,802,975,1615
1934: 15,1515,139,1008,772,330
1935: 456,999,493,763,651,1185
1936: 1133,1970,129,861,1124,612
1937: 1184,1102,238,1291,1196,290
1938: 16,672,2032,203,1425,460
1939: 254,84,1359,464,752,1015
1940: 1620,1004,25,814,1285,1469
1941: 675,591,1616,1807,1596,136
1942: 812,1894,289,730,939
1943: 991,1410,162
1944: 1113,604,17,1169,1680,286
1945: 1887,1710,1397,360,239,538
1946: 130,1812,1792,1232,1875,331
1947: 877,1516,40,1684
1948: 66,668,199,1226,1659,736,1322
1949: 484,240,1234,1017,1136
1950: 1594,328,941,828,1786,962
1951: 1392,1402,1435,670,121,1697
1952: 1669,1691,57,798,1916,961
1953: 1490,1487,106,788,1296,1573
1954: 246,851,1882,1591,1292,324
1955: 968,457,1455,1454,1028,784
1956: 1349,1467,38,1003,1971,690,610
1957: 152,726,632,1219,1634
1958: 1981,148,704,1012,1795,432
1959: 891,1077,938,68,1450,2015
1960: 1844,473,852,1706,1309,1080
1961: 491,1293,625,1259,1004,934
1962: 11,691,1032,317,1099,1210
1963: 326,69,1376,359,1219,1798
1964: 9,970,1656,446,1253,1482
1965: 720,1976,1146,693,299,137
1966: 1877,241,105,1221,640,1401
1967: 927,1450,1077,450,138
1968: 1007,1034,183,1880,941,1786
1969: 402,2026,146,509,663,1266
1970: 1936,866,1133,1655,861
1971: 1438,690,757,610,48,1140,1956
1972: 887,147,1415
1973: 584,1521,632,1634,36,403
1974: 1580,636,1561,1447,1551,169
1975: 611,18,142,1550,1200,1045
1976: 73,720,1965,925,693,1811
1977: 54,823,188,1093,74,1369
1978: 249,865,1225,1587,1763,157
1979: 853,1703,714,1230,143,1590
1980: 1184,1102,849,442,1918,524
1981: 1864,148,1958,704,1336
1982: 428,942,1605,785,1459,1413
1983: 1709,1857,597,1733,158,118
1984: 992,209,1094,894,1178,1778
1985: 1380,159,305,837,1056,1134
1986: 1745,865,819,107,1763,1444
1987: 905,97,596,282,1533,404,255
1988: 1709,1423,49,597,1393,660
1989: 1030,727,1810,1488
1990: 1859,87,1791,219,1741,420
1991: 471,680,935,1810,1400
1992: 750,1353,1006,1374,416,1772
1993: 943,1510,262,631,1735,1351,362
1994: 1031,506,847,1695,906,1123,836
1995: 1399,707,2016,433,867,21
1996: 1599,26,1180,662
1997: 76,485,1097,2009,822,1860
1998: 888,348,1122,244,188,1093
1999: 868,201
2000: 719,1375,617,1736,1303,1389,77
2001: 843,869,1267,1584,455,1932
2002: 1544,712,50,555,283,1428
2003: 182,982,1849,976,638,1839
2004: 70,889,441,250,1723,1371
2005: 292,977,786,1519,590,392
2006: 435,1528,407,706,777,1282,232
2007: 1569,1644,890,78
2008: 1266,1631,681,1567,378,616
2009: 485,1997,160,822,1324,858
2010: 1457,191,907
2011: 873,22,1779,1355,682,368
2012: 1563,241,79,1752
2013: 1822,478,1262,1116,492,974
2014: 182,27,982,694,23,1390
2015: 27,1846,938,891,1959,870
2016: 1399,817,707,1566,1995,488
2017: 1659,1377,372,341,871,144
2018: 139,1690,1825,1890,1008,222
2019: 2,338,1503,1486,108,1614
2020: 1082,797,1865,566,396,140
2021: 534,80,1247,666,1731,490
2022: 109,714,143,728,1545,1194
2023: 88,700,1321,475,1664,542
2024: 601,1827,1903,493,1929,1096
2025: 62,1166,19,903,699,537
2026: 402,509,1969,945,1035,70
2027: 407,556,1460,971,826,89,1211
2028: 1785,185,600,1010,1387
2029: 1871,314,1857,118,1585,978
2030: 708,13,1430,628,31,1148,1906
2031: 130,624,643,149,788,1296
2032: 522,672,216,1938,203,20
2033: 1089,10
2034: 1016,1595,1284,284,993,1374
2035: 1313,174,1344,1641,979,261
2036: 1913,1647,39,90,1132,1872
2037: 1419,1916,28,476,429,1036
2038: 1554,110,891,870,787,1095
2039: 1602,1701,1692,1789,1241,709,1820
2040: 648,1145,186,1150,893,1394,1552
2041: 994,659,1160,1079,693,299,1204
2042: 1622,766,187,2043,995,1108
2043: 337,1501,995,530,1108,2042
2044: 159,1159,320,1841,1056,311,29
2045: 236,594,1893,413,1896,150,1560
2046: 735,383,1604,1757,1739,831
2047: 1338,1422,30,784,840,839
2048: 1288,1583,930,103,1854,997