0: 127,104,148,240,108
2: 81,175,94,247,243,30,108
3: 118,87,143,218,219,235,193
4: 90,245
5: 22,226,253,105,64,61
6: 119,43,50,255,163,202,97
7: 147,168
8: 57,59,28,164,177
9: 85,215,52,158,62
10: 126,35,197,51
11: 195,65,141
12: 47,71,20,174,203,72
13: 31,106,86,101,178,232,206
14: 63,85,254,239,144,194
15: 139,181,228,210,223,207,17
16: 92,20,174,208,212,229
17: 112,53,120,15,228,210,223
18: 249,107,142,157,183,93,42
19: 140,244,172,188,84
20: 45,12,16,174,203,212,216
21: 256,22,111,198,236,252,190
22: 21,93,256,5,226,236,253
23: 27,225,233,155,182,192
24: 86,171,178,209,207
25: 48,117,173,189,38,209
26: 185,187,205
27: 110,23,233,182,179,217,234
28: 57,8,243,164,134,238,94
29: 128,107,229,123,159,208
30: 240,242,108,247,2
31: 13,101,178,232,156,144,199
32: 73,137,201
33: 116,58,227,111,150,198,237
34: 43,98,153,163,165,143,218
35: 126,10,113,179,234
36: 70,152,176,192,69,250
37: 124,67,167,230
38: 171,209,104,148,25,48,95
39: 41,142,184,90,245,145
40: 100,214,97,187
41: 128,39,184,133,145
42: 93,236,252,18,157,77
43: 119,6,34,98,163,165
44: 69,132,177,83,152
45: 20,212,216,60,136,224
46: 141,186,162
47: 12,71,70,155,146,231,200
48: 25,175,189,104,38
49: 66,131,196,156,169,248
50: 6,163,205,97,100,65
51: 10,68,138
52: 118,158,62,219,9,75
53: 112,151,17,223
54: 204,188
55: 72,117,173,251,221,203,216
56: 91,254,154,194,211,147
57: 8,28,132,191,134
58: 116,227,33,102,169,198,131
59: 8,250,164,177,146,103,200
60: 130,136,45,221,216,149
61: 105,166,241,5,160,226
62: 52,219,9,172,75
63: 14,144,194,80,101,120
64: 105,161,114,5,253
65: 11,195,50,98,163,205
66: 158,196,49,156,85,199
67: 124,37,121,167,181,222
68: 179,51,110
69: 44,250,177,36,152
70: 36,155,192,146,250,47
71: 47,12,174,225,155
72: 55,117,231,251,200,12,203
73: 32,75,137,162,115,193
74: 244,188
75: 73,137,193,52,62,219
76: 220,160,79,166,255
77: 224,190,92,157,42,252
78: 170,129,90,180,145
79: 166,241,76
80: 101,178,207,228,210,120,63
81: 103,2,175,189,246,94,243
82: 135,197
83: 44,152
84: 91,254,239,215,19,140
85: 14,239,9,144,199,215,66,158
86: 106,24,13,171,178,209
87: 3,218,153,115,193
88: 256,111,150,160,226,202
89: 102,130,136,169,206,248,232
90: 4,180,245,145,78,39
91: 254,84,154,56,204,140
92: 16,212,229,157,77,224
93: 22,42,236,253,18,183
94: 103,2,81,246,28,243,164
95: 139,222,148,38,171,207
96: 134,191
97: 50,6,255,40,100,220
98: 43,34,153,163,195,65
99: 134,247,238,242
100: 40,50,205,97,187
101: 31,80,13,178,63,144
102: 116,58,89,130,136,169
103: 81,231,246,251,200,94,59,164
104: 0,127,148,108,48,175,38
105: 64,161,241,61,5
106: 13,86,209,149,173,206
107: 128,29,18,249,229,157
108: 0,30,104,240,2,175
109: 122,143,235,227,119,165,237
110: 27,182,68,179
111: 21,256,88,150,198,33,237
112: 53,120,211,168,17,228
113: 126,35,133,159,217,234,128
114: 245,142,183,253,64
115: 73,162,87,153,195,186
116: 58,33,102,136,190,198
117: 25,72,55,173,189,246,251
118: 3,52,158,196,219,235
119: 43,6,165,202,237,150,109
120: 112,211,17,228,80,63,194
121: 124,67,181,223,213
122: 109,131,143,196,235,227
123: 225,233,159,217,208,29
124: 37,121,67,213
125: 137,201,244,172
126: 10,113,35,129,133,234
127: 0,104,148,167,222
128: 29,41,249,107,184,113,133,159
129: 126,133,78,135,170,145
130: 89,60,102,136,206,149
131: 122,196,235,49,58,227,169
132: 57,44,177,191
133: 126,113,129,128,41,184,145
134: 99,96,238,57,28,191
135: 82,170,129,197
136: 116,89,60,102,130,224,45
137: 73,32,75,201,125
138: 51
139: 15,95,181,210,222,171,207
140: 204,19,188,91,84
141: 11,46,195,186
142: 18,39,249,183,184,245,114
143: 3,109,122,218,235,34,165
144: 63,14,85,239,199,31,101
145: 90,129,133,78,170,41,39
146: 70,59,250,200,47
147: 7,211,168,154,56
148: 0,127,104,95,167,222,38
149: 106,173,221,60,130,206
150: 256,88,111,33,119,202,237
151: 53
152: 36,176,83,44,69
153: 34,98,87,218,115,195
154: 91,56,147,204
155: 225,23,70,192,47,71
156: 248,31,232,199,66,49
157: 18,249,107,229,92,77,42,252
158: 118,66,52,196,85,9
159: 113,217,234,123,208,128,29
160: 88,226,166,61,255,202,76
161: 105,64
162: 73,115,46,186
163: 43,50,6,34,98,65
164: 59,8,28,177,103,94
165: 119,43,34,237,109,143
166: 79,241,61,160,76
167: 37,67,222,127,148,230
168: 7,112,211,147
169: 58,89,102,248,131,49
170: 78,135,129,145
171: 24,86,38,209,207,95,139
172: 19,244,62,125
173: 25,55,117,221,106,209,149
174: 12,71,20,16,208,225
175: 48,2,81,189,246,104,108
176: 36,152,182,192
177: 44,59,8,69,132,250,164
178: 31,80,24,13,86,101,207
179: 68,35,234,27,110
180: 90,78
181: 15,121,67,139,222,223
182: 27,110,23,176,192
183: 18,249,142,245,114,93,253
184: 128,41,39,249,142,133
185: 26,187
186: 46,195,141,162,115
187: 26,185,205,40,100
188: 74,54,204,19,140,244
189: 25,48,117,81,175,246,251
190: 116,77,224,21,198,252
191: 57,132,96,134
192: 36,23,70,155,176,182
193: 73,75,87,3,218,219
194: 63,14,254,56,120,211
195: 11,65,141,186,98,153,115
196: 118,66,122,131,158,235,49
197: 10,82,135
198: 21,111,252,116,58,33,190
199: 85,144,31,156,66
200: 103,72,231,59,146,47
201: 32,137,125
202: 119,6,255,88,150,160
203: 12,20,221,216,72,55
204: 54,140,188,91,154
205: 50,100,65,26,187
206: 89,130,248,106,13,232,149
207: 80,24,171,178,15,95,139,210
208: 16,174,123,225,159,29,229
209: 106,24,86,38,171,25,173
210: 15,139,228,80,207,17
211: 112,120,147,168,194,56
212: 45,92,20,16,229,224
213: 124,121
214: 40
215: 85,239,84,9
216: 45,20,221,203,55,60
217: 113,159,234,27,123,233
218: 87,3,143,235,34,153,193
219: 118,3,52,62,75,193
220: 76,255,97
221: 203,216,55,173,149,60
222: 67,95,139,167,181,127,148
223: 15,121,181,53,17
224: 77,136,190,45,92,212
225: 123,23,233,155,71,174,208
226: 256,22,5,88,160,61
227: 58,33,109,122,131,237
228: 15,210,80,112,120,17
229: 29,107,157,92,16,208,212
230: 37,167
231: 103,72,246,251,200,47
232: 31,13,89,156,206,248
233: 27,123,225,23,217
234: 126,113,35,159,179,217,27
235: 118,3,109,122,131,143,196,218
236: 21,93,256,22,42,252,253
237: 119,165,227,33,111,150,109
238: 99,134,247,28,243
239: 14,85,254,84,144,215
240: 0,30,242,108
241: 79,105,166,61
242: 30,240,99,247
243: 28,247,238,2,81,94
244: 74,19,172,188,125
245: 4,90,114,39,142,183
246: 103,117,81,175,189,231,251,94
247: 99,238,243,30,242,2
248: 89,156,169,206,232,49
249: 128,18,107,142,157,183,184
250: 59,69,177,36,70,146
251: 103,72,55,117,189,231,246
252: 21,42,198,236,157,77,190
253: 93,22,5,236,183,114,64
254: 91,14,239,84,194,56
255: 6,202,97,160,76,220
256: 21,22,88,111,150,226,236