0: 783,514,1089,17,1233
2: 153,1043,680,1029,1569,1495
3: 815,1483,1034,1265,1503,140
4: 1534,865,1358,524,1038,1091
5: 353,1912,1072,1916,1041,1724
6: 856,532,1651,1044,1031,608
7: 944,1048,1357,1924,959,1537
8: 541,1729,1051,1111,1524,672
9: 209,310,115,1056,546,1960
10: 1548,378,550,679,1179,1481
11: 534,1161,851,229,1019,393
12: 299,1747,1070,1861,719,1654
13: 1759,1074,1606,1187,104,417
14: 1749,175,1077,804,307,758
15: 571,1081,1282
16: 799,1086,1978,989,1769,235
17: 810,1231,1089,0,578,1233
18: 1774,1093,397,1661,880,1247
19: 324,1114,587,1316,1096,823
20: 1513,1679,1269,590,202,1099
21: 1680,330,885,594,1258,1103
22: 1139,1302,1107
23: 1312,914,1110,1120,1764,1422
24: 1112,986,1381,1614,729,103
25: 404,610,890,1299,1115,1383
26: 246,345,1687,1876,1451,1119
27: 854,687,1567,1485,1121,1741
28: 935,1124,1417,1451,1504,2040
29: 1748,624,193,1382,1385,1527
30: 1129,1237,1711,966,626,1388
31: 1399,1453,1271,1973,775,1133
32: 636,1135,865,1059,1802,524
33: 637,640,1432,996,1138,1838
34: 353,1249,1445,1142,1916,699
35: 1463,1113,1696,1625,1145,1517
36: 655,440,1150,1805
37: 660,313,1156,1287,1488,1079
38: 287,1484,1158,664,1501,1159
39: 668,1553,1160,1364,1803,765
40: 1631,1138,1164,1528,1222,1432
41: 579,1544,1730,466,1168,1379
42: 681,398,654,1782,1157,1172,1554
43: 1818,1563,1175,1238,59,744
44: 1659,1181,1387,611,292,2045
45: 771,1601,270,1581,75,1183
46: 1595,573,1186,1942,813,694
47: 477,1870,698,1607,1675,1972
48: 700,1195,1404,1423,1456,1879
49: 759,1200,1486,1908,1620,1370
50: 1203,1626,437,706
51: 309,830,1207,1334,181,494
52: 507,187,295,1209,1637,2032
53: 150,617,1212,1537,1622,1648
54: 718,453,1216,1923,248,1669
55: 491,1667,1219,1678,1489,95
56: 740,1933,1224,670,1278,311
57: 1702,483,1069,1757,1984,1232
58: 730,1078,779,306,475,1235
59: 1238,94,1974,1356,1175,43
60: 225,746,870,1571,1744,1243
61: 1726,358,965,751,1570,1248
62: 1211,1251,1558,780,852
63: 1227,1783,809,1888,487,1591
64: 2013,1996,337,1257,1795
65: 1260,662
66: 767,715,1263,1655,1288,1644
67: 688,686,1565,770,548,1267
68: 775,379,2023,1352,575,1271
69: 1318,1303,1197,802,1109,604
70: 1231,1089,1277,693,708,1100
71: 1281,1315,786,1998,318,1276
72: 182,788,428,1436,790,1283
73: 1286,222,982,1969,1616,1736
74: 795,510,2038,1288,1644
75: 1182,1292,1183,1965,45,270
76: 570,1147,1242,1295,752,1188
77: 1215,1297,709,309,1268,1207
78: 652,1088,1223,660,313,1301
79: 812,1245,218,802,953,1305
80: 1270,1852,1816,1308,1323,320
81: 1101,134,352,1313,954,1290
82: 1762,983,1328,1114,1316,1825
83: 493,500,121,1319,125,1317
84: 290,339,1047,1174,675,735
85: 326,1985,1326,590,872,1337
86: 833,938,1457,1333
87: 336,896,1380,1335,836,109
88: 307,1789,1338,839,1395
89: 942,1951,1341,1460,2021,1628
90: 1932,367,357,1519,1343,1421,1578
91: 1845,919,223,340,1475,1345
92: 1347,1652,848,1454
93: 850,1342,1001,623,1353,2007
94: 1596,1974,875,1356,59
95: 884,1322,1359,1489,491,55
96: 630,1024,857,1823,1449,1496
97: 859,554,1605,1364,697,765
98: 1836,338,1366,394,303,113
99: 1163,866,1656,1746,1369,555
100: 1372,282,1080,641,565,1194
101: 830,1334,871,1376,1497,1178
102: 1585,586,216,1189,1378,1718
103: 732,729,1381,24,1686,413
104: 1850,417,1676,1384,13,1187
105: 1694,887,1685,204,1181,1559
106: 497,1538,1713,1174,1390,675
107: 892,1393,1597,169,702
108: 894,1490,177,1396,1050,552
109: 836,1954,1412,1398,87,896
110: 1763,164,899,1402,1275,1609
111: 2042,1404,1611,1661,940,901
112: 821,1408,319,1966,1293,1255
113: 303,1242,1410,1768,1836,98,1817
114: 648,430,1954,1412,683,1450
115: 1416,1056,209,9
116: 344,1128,1420,1448,1787,1143,787
117: 790,642,1839,1456,1423,1141
118: 1929,724,1760,231,1425,1213
119: 811,191,233,449,921,1427,1645
120: 1467,2000,1219,924,526,1433
121: 83,1435,493,2028,1319,1592
122: 1989,835,2008,2041,929,1437
123: 215,2005,1446,1867,1790,241
124: 498,1871,933,137,1453,1495
125: 1020,1878,1317,1455,83,500
126: 524,271,499,1091,1059,1458
127: 504,756,1888,1860,1461,941
128: 1004,2013
129: 240,1468,1160,1026,1039,1788
130: 1049,515,519,1027,1472
131: 1076,1997,591,525,564,1474
132: 257,1025,1134,627,529,1479
133: 862,644,1441,1482,913,1834
134: 81,352,1158,1313,1493,1484
135: 293,1487,2046,414,545,1199
136: 1050,1636,1369,438,711,1490
137: 498,124,1495,1552,680
138: 560,1497,2003,1178,1443,1246
139: 1434,1499,1191,641
140: 1503,569,1276,3,1265,1998
141: 742,1221,1336,574,1508,1613
142: 1513,1358,577,860,1038,325
143: 934,882,582,1145,1517,429
144: 1266,1723,728,1389,1520,1684
145: 1523,1639,1294,596
146: 1526,601,1377,919,1345
147: 842,1529,1320,1549,216,1256
148: 1762,983,1540,1331,1533,232
149: 1493,614,659,537,1535,1202
150: 53,716,959,419,1537,1648
151: 1968,923,1853,1373,1539,1935
152: 1541,395,346,1457
153: 1043,1543,2,798,1569,366
154: 1545,1413,634,563,2001
155: 2033,639,1549,467,1952,1320
156: 350,244,1714,444,1392,1555
157: 392,471,1557,1507,159,1131
158: 313,1562,785,1116,1287,1301
159: 1507,1568,157,1557,1431,1447
160: 661,482,1241,219,1570,1918
161: 778,1833,1274,1487,1573,469,408
162: 1630,597,1838,1424,1575,637
163: 355,1734,1464,1509,1577,1540
164: 1580,110,899,1556,1911,1609
165: 688,1572,292,1190,1137,1583
166: 1885,1758,1586,189,1641,689
167: 1897,900,1589,1766,1473,440
168: 671,1522,1587,692,1514,1907
169: 1913,1618,702,472,420,1597,107
170: 717,489,1647,1253,1600,1650
171: 1662,1298,1428,315,558,1602
172: 1014,345,1604,635,1417,725
173: 750,305,1693,731,1017,1606
174: 650,916,773,1704,1839,1608,991
175: 1853,1077,1610,804,14,567
176: 657,433,1477,1508,1577,1613
177: 749,1396,2048,1615,552,108
178: 706,807,2027,454,1617,1011
179: 815,697,1803,1034,1619,765
180: 1621,912,1054
181: 1355,494,1623,782,51,1207
182: 1625,788,72,1463,1283,1162
183: 849,1627,803,1185,2025,1459
184: 2020,501,396,1776,1146,1629
185: 503,2024,1633
186: 1560,982,1284,1969,1635,357
187: 52,1209,1637,1638,712,1901
188: 1763,899,1330,1639,2034
189: 192,1641,294,166,689,1574
190: 795,1167,673,1405,1643,1550
191: 119,449,921,704,1429,1915
192: 1649,509,189,1360,1641,294,1204
193: 29,1651,1382,1527,963,863
194: 1292,1653,1397,1684,867,300
195: 1163,1554,1582,1656,266,681
196: 1703,243,1658,1198,566,568
197: 748,1252,1374,1946,997,1660
198: 1680,585,365,885,1252,1665
199: 891,633,1670,1407,1442,831
200: 1403,985,1948,1192,895,1737
201: 1674,1700,334,1107,733
202: 649,902,1099,553,1679,20
203: 906,1681,1814,1013
204: 105,1685,910,683,1559,443
205: 858,1312,1624,1688,2022,602
206: 992,495,1989,1691,737,1740
207: 904,306,475,1255,1539,1695
208: 1112,1860,1325,1697,1931,308
209: 1699,930,310,9,115
210: 405,315,1874,576,1701,1228
211: 1819,1880,937,1703,876,1773
212: 612,1919,843,1886,1418
213: 2029,1709,533,705,913,1832
214: 1940,967,2035,1900,1015,1712
215: 2010,123,2005,1469,1715,1867
216: 102,586,1256,147,1529,1718
217: 1898,1720,952,1291,1144,791
218: 812,79,1724,953,1912
219: 1726,1570,956,285,1918,160
220: 957,360,1964,1987,1922,1731
221: 1210,2002,1558,1733,976,1251
222: 73,982,1793,1736,367,1578,720
223: 91,1475,1345,656,1738,331
224: 1938,992,1598,1740
225: 1571,1744,60,1186,1942,2030
226: 297,1636,520,1746,1369,1584
227: 384,972,1127,1032,1748,837
228: 974,1135,1727,603,1802,1754
229: 1161,11,851,1756,1019,889
230: 1963,979,1758,1152,551,883
231: 118,1169,724,1760,1673,557,1967
232: 415,1846,676,1762,1540,148
233: 119,1427,1645,796,1171,1765
234: 1306,824,1279,1311,1767,1979
235: 1769,1642,1921,16,799,1627
236: 716,1944,1854,613,1987,1731
237: 826,1816,1781,253,1775,320,1362
238: 616,277,1118,1721,1717,1778
239: 719,427,1602,1654,1784,558
240: 304,999,1039,129,1788,260
241: 123,436,1446,1790,1889,704,1915
242: 1002,278,951,1048,1792,1881
243: 556,196,2011,1658,568,1794
244: 350,801,444,156,1905,1796
245: 936,696,1798,1878,2044
246: 381,26,1430,1687,1800,1344,1119
247: 452,1010,1059,1802,1458,1754
248: 1925,1011,1669,1804,1923,54
249: 1806,1681,763,2031
250: 1808,1588,1851,922,1015,893
251: 1810,1720,2037,1016,1751
252: 1018,994,1863,1813,2041
253: 1020,826,1781,237,2044
254: 665,1818,853,1022,1175,1505
255: 677,1023,2047,1820,1958,1498
256: 857,1823,1615,1708,777,474
257: 1025,1033,1117,627,132,1027
258: 1044,1932,1961,1343,1031,517,1040
259: 1049,1035,1092,535,1101,538
260: 527,747,1753,240,304,1039
261: 531,1108,1082,1780,903,1045
262: 1391,279,1807,1472,1092
263: 1053,589,1551,540
264: 543,1058
265: 548,1976,1063,1336,1140,322
266: 872,195,1554,1067,1582,1326
267: 1367,1071,1350,328,1914,559
268: 374,1184,1631,562,1906,1076
269: 1674,1372,1080,1700,1198,1752
270: 615,45,1581,75,1965,1083
271: 544,499,126,1884,1091,1511
272: 1755,373,1216,585,748,1097
273: 592,1402,1275,1102
274: 844,1925,1106,1657,1804,720
275: 1109,503,2024,861,1305
276: 324,856,1114,1492,1328,608
277: 616,974,238,1953,1118,1354
278: 944,242,951,1048,1122,1894
279: 262,1391,767,1263,1807,1126
280: 661,482,632,1130,1737,1822
281: 637,640,1590,1479,1075,1424
282: 100,1139,1302,1080,641,1434
283: 644,1143,1521,787,327,1363
284: 1206,403,1452,570,1147,1230
285: 956,1151,1262,1726,219,516
286: 668,1512,363,1136,1155,490
287: 662,1494,38,1484,1159
288: 546,1042,1165,666,1272,310
289: 1814,1013,776,1065,1170,1278
290: 84,339,600,1426,1174,572
291: 1012,557,981,2017,679,1179
292: 1572,2045,165,1190,44,1387
293: 778,1073,1587,135,1487,1199
294: 1204,1470,1605,192,189,1574
295: 507,52,1209,926,486,1208
296: 1986,1213,484,502,2022,945
297: 386,226,520,1217,1584,368
298: 1222,640,1126,1075,1432,1263
299: 12,1747,1226,888,719,1103
300: 1229,1389,1684,194,1292,1183
301: 441,680,898,1029,1899,1234
302: 1722,1129,1237,1939,739,361,806
303: 394,743,113,1242,1295,98
304: 240,999,1246,747,2006,260
305: 1250,750,1693,173
306: 319,475,1235,1255,207,58
307: 1789,758,88,839,1259,1749,14
308: 1614,1799,1264,1931,1112,208
309: 51,1268,1576,830,1207,77
310: 930,209,1272,9,288,546
311: 1564,458,1065,1278,56,1933
312: 1085,780,1282,364
313: 37,660,158,1287,1301,78
314: 1983,1910,989,1291,791,480,1978
315: 1662,1298,405,210,171,1701
316: 1249,584,1197,1500,1833,1303
317: 1593,814,445,1309,1633
318: 817,1739,1276,1315,71
319: 821,112,306,1235,1255,1324
320: 1329,1362,80,1816,237,1308
321: 1917,362,973,1332,840,1405
322: 624,1140,574,1385,265,1336
323: 612,1418,1119,1876,1920,1339
324: 1114,276,587,19,1346,1492
325: 1349,1742,1230,142,577,860
326: 85,1534,990,1985,1269,590
327: 1596,1974,478,1363,283,787
328: 267,1963,1367,979,1071,1671
329: 2012,1371,610,1115,841,1340
330: 21,1680,1374,888,1103,1705
331: 1377,1440,846,1738,223,1345
332: 928,897,1070,1115,1383,1340
333: 900,1766,695,1229,1389,1520
334: 1400,903,1107,201,1780,733
335: 593,1279,1770,1406
336: 87,896,1380,908,1335,1741,1409
337: 489,1600,64,1996,1795,1414
338: 862,1422,98,1366,1482,394
339: 84,290,828,1047,1321,1426
340: 530,91,1845,1180,1431,1475
341: 459,732,1940,1698,1439,2035
342: 425,1442,1868,1945,970,1546
343: 934,797,1874,1177,1411,1444,1701
344: 116,605,1128,1448,932,1869
345: 26,1604,1687,172,1417,1451
346: 152,1541,1457,1386,938,1068
347: 1951,1460,1815,362,401,1550
348: 355,1464,1477,1894,1924,944,1095
349: 1898,952,946,818,1467,793
350: 244,156,1392,1476,1516,1796
351: 432,1792,1881,1791,1486,653,1908
352: 1914,81,134,954,1493,614
353: 34,5,1249,1500,1912,1916
354: 957,1920,360,1536,935,1504
355: 348,163,1464,1509,536,1307,1095
356: 1338,1368,961,1005,1516,1796
357: 1635,90,367,1519,982,186
358: 1726,643,61,965,516,1525
359: 738,1716,967,947,1900,1532
360: 957,220,354,1731,1771,1536
361: 1547,1388,1297,806,1129,302
362: 321,973,347,1951,1550,1405
363: 668,286,547,1136,1553,513
364: 1210,571,1558,312,780,1282
365: 198,885,1665,599,978,1566
366: 798,1569,980,1182,1653,153
367: 90,357,1578,222,982
368: 1060,1009,1945,297,1217,1584
369: 941,988,1588,1851,607,1461
370: 1981,846,1254,1992,964,1738
371: 1419,1594,891,1670,1337,990,1985
372: 1598,929,1437
373: 1454,1755,1612,272,718,1216
374: 268,1631,996,1138,1076,1997
375: 998,2001,946,563,1646,1384
376: 2007,785,1116,1001,1659,887
377: 489,813,1186,1663,2030,1996
378: 1006,1548,1666,10,1797,679
379: 713,68,1677,2023,1352,1856
380: 875,1356,1683,1062,1481,853
381: 246,2033,639,1430,1604,1687
382: 1692,2039,606,1887,1359,1322
383: 1463,1750,1019,393,2043,1162,1696
384: 1949,972,1329,1707,227,1032
385: 1714,444,541,1111,1036,1525
386: 297,520,1154,1217,984,1719,1361
387: 1723,1520,523,900
388: 1064,924,526,1354,1727,1314
389: 530,1079,678,1730,1862,1156
390: 999,1735,1788,1506,645,2003
391: 817,664,1098,1739,1501
392: 1743,471,960,1105,157,1557
393: 1750,1019,383,1090,534,11
394: 743,303,1764,338,1422,98
395: 152,1541,1772
396: 184,549,1903,1824,1776,1146
397: 1779,1093,1917,18,1332,1247
398: 681,1782,42,555,711,1893,1163
399: 628,1394,1864,1786,423,1169,1673
400: 579,561,647,406,1544,1812
401: 1184,562,1643,1550,347,1815
402: 1819,565,869,1564,1194,937
403: 410,284,1206,1822,632,570,800
404: 1825,890,25,1846,1214,1299
405: 1662,768,210,315,1228,1827
406: 400,579,539,1236,1812,1829
407: 796,1982,895,1130,1831,1427
408: 584,1956,762,469,161,1833
409: 932,1745,586,1835,1869,1378
410: 1491,1837,1206,403,1822,632
411: 1997,591,1273,996,597,1838
412: 1840,1306,824,1637,1638
413: 1289,1842,1686,103,732,1698
414: 1844,545,1273,135,1199,1300
415: 1846,1214,232,572,676,600
416: 1983,1769,1153,1642,1855,1848
417: 1850,104,1017,606,1606,13
418: 611,1021,2045,1323,1342,1852
419: 150,716,959,1854,1327,917
420: 472,691,1856,713,1597,1913,169
421: 1127,1859,1560,1527,1635,863
422: 2007,1862,785,1156,1287,623
423: 878,456,724,1673,1864,399
424: 1595,1218,1866,1201,918,1401
425: 633,342,1393,1442,1640,1868
426: 1870,1672,1675,622,635,1975
427: 1999,1872,239,1847,1602,1784
428: 497,788,72,1132,1436,1538
429: 560,1875,1517,1244,582,143
430: 114,759,468,648,1877,1954
431: 843,958,473,1879,1195
432: 351,1510,1792,1881,653,667,1000
433: 620,657,176,1508,1063,1883
434: 1885,1586,1071,1350,522,659
435: 855,455,448,1498,1820,1887
436: 667,1446,241,1510,1889,2009
437: 50,706,2027,1891,1515
438: 711,1729,1893,1490,1524,136
439: 1895,674,1094
440: 655,36,1473,1897,167,1150
441: 680,301,1794,1899,1166,1552
442: 1901,1990,684
443: 1903,1826,1824,1685,910,204
444: 244,1714,156,1905,385,1111
445: 814,810,317,1231,1277
446: 976,1957,1829,1909,1733,539
447: 682,646,1666,1556,1911,1142
448: 1913,435,1618,455,1498,663
449: 811,191,119,1994,921,1915
450: 1093,1917,973,451,1628,707
451: 1774,1093,450,707,1706,1634
452: 1921,714,1010,247,2025,1754
453: 669,1652,1515,718,1923,54
454: 1617,760,178,1925,1011,1657
455: 855,726,435,1618,448,1927
456: 1843,423,878,1929,724,717
457: 927,1697,1931,727
458: 1880,311,1564,937,1690,1933
459: 341,1940,1698,621,595,1935
460: 1599,1937,2011,876,736,1658
461: 1722,1691,1939,1847,920,638
462: 943,870,1941,1892,741
463: 1702,1943,1232,1785,839,1259
464: 1018,1946,1993,1660,1365,835
465: 1948,698,1188,1607,1768,752
466: 579,1236,41,1007,1950,1168
467: 1952,605,1104,1320,1448,155
468: 1791,759,836,430,1954,1486
469: 1573,1505,762,1149,408,161
470: 1692,731,766,2039,1542,1958
471: 392,1743,1028,1960,157,1131
472: 663,1962,420,691,1913,169
473: 958,1964,1922,650,1608,1879,431
474: 734,777,1708,1966,1293,256
475: 306,207,1078,58,1968,1539
476: 781,1196,567,1970,1146,1629
477: 47,1410,1607,907,757,1972
478: 327,1974,787,1128,932,1835
479: 1583,789,548,703,1976,1267
480: 968,1978,314,1744,1243,791
481: 700,1980,1423,1141,1959,794
482: 661,160,280,1982,1130,1241
483: 57,1984,1232,839,2015,1395
484: 849,296,1986,1502,858,2022
485: 936,805,1211,1455,1988,1478
486: 295,1209,1990,1208,962,1220
487: 1254,1591,1992,809,63,1042
488: 931,1867,1790,1761,1994,1240
489: 377,337,1253,813,1600,170,1996
490: 286,1512,1155,1265,786,1998
491: 55,2000,1219,884,95,1280
492: 774,2002,1054,1926,822,769
493: 83,121,2028,2004,1317,993
494: 181,747,1623,2006,51,1334
495: 881,920,206,1989,2008,1691
496: 2010,1715,838,1821,1936,1438
497: 2012,106,428,1132,1538,1390
498: 1399,2014,137,124,1453,1552
499: 271,939,126,1884,2016,1458
500: 83,1319,1455,1988,2018,125
501: 2020,854,1928,184,1776,1205
502: 705,1624,2022,296,945,1896
503: 2024,275,185
504: 2026,927,1530,1697,127,756,1860
505: 819,1284,2004,868,1991
506: 1465,1004,1663,2030,1571,1892
507: 52,295,926,2032,987,874
508: 1828,2034,1414,829,1647,1600
509: 2036,1649,192,1710,1360,583
510: 795,2038,74,832,1671,1167
511: 1504,2040,1849,886,1689,1536
512: 977,2042,1611,1959,2036,1710
513: 547,363,1553,1955,1026,975
514: 543,0,1117,1030,1233
515: 1046,1058,130,1027,1033
516: 1726,358,1525,1036,1151,285
517: 1040,1285,1566,258,1961,978
518: 531,1043,1780,733,1029,1234
519: 1049,1801,1052,130,1035
520: 386,226,297,1636,1154
521: 1260,662,1494,538,1052,1035
522: 1055,1483,434,1586,659,1202
523: 1057,1473,387,900
524: 126,1091,32,4,865,1059
525: 131,591,1844,1061,685,1474
526: 388,1667,120,1219,1064,924
527: 1068,1753,260,1955,1039,1386,975
528: 592,1072,1041
529: 1126,1479,1075,1391,627,132
530: 1845,1079,340,1180,389,678
531: 261,1043,1082,1543,1780,518
532: 1084,1651,1382,609,608,6
533: 2029,213,913,1441,1087,1683
534: 1066,1161,11,393,1090,1506
535: 879,1807,1290,1101,259,1092
536: 917,1307,1095,1426,1841,355
537: 1098,1503,569,1535,1202,149
538: 521,1494,1101,1313,1035,259
539: 406,1812,1909,446,1829
540: 1108,1082,629,263,1053,1551
541: 8,1111,672,385,1471,1036
542: 1875,645,1443,1750,1090,1113
543: 514,1033,1117,1058,264
544: 271,1884,1239,1110,1120,1511
545: 414,1844,1061,2046,1125,135
546: 288,1131,666,310,9,1960
547: 363,1136,1480,513,625,975
548: 479,770,265,1976,1267,67,1140
549: 396,1824,1970,1146,1466,909
550: 1548,10,1149,1481,665,853
551: 834,1152,1779,1351,883,230
552: 1050,1154,1719,2048,177,108
553: 202,902,1067,588,1157,1679
554: 859,1066,97,1161,1470,1605
555: 1369,711,1163,99,398
556: 243,2011,1003,1794,1166,847
557: 291,981,2017,1967,1169,231
558: 1298,171,239,1602,1654,1173
559: 1914,954,267,1367,820,1176
560: 1875,138,429,1178,1244,1443
561: 400,647,1544,678,1447,1180
562: 401,1184,268,1631,1643,1528
563: 1384,634,1187,154,2001,375
564: 131,1076,1474,1585,1189,1906
565: 869,402,1194,1191,100,641
566: 1819,1194,1372,1198,1703,196
567: 738,1196,476,1629,175,1610,804
568: 1794,1899,1752,1198,196,243
569: 537,817,1098,1503,1276,140
570: 76,1147,800,284,403,1188
571: 1210,15,774,1081,364,1282
572: 415,1713,1174,1214,290,600
573: 1595,46,968,1218,1086,1942
574: 624,322,1084,1336,1221,141
575: 1871,1271,1225,1083,68,1352
576: 1874,582,210,1244,1228,1376
577: 1099,1452,1513,142,325,1230
578: 1261,810,17,1233
579: 400,406,1544,1236,41,466
580: 1349,743,1764,1742,1239,1110
581: 1982,1241,1831,1248,1761,1240
582: 934,1874,576,143,429,1244
583: 2036,509,834,880,1247,1360
584: 408,316,1249,1445,1956,1833
585: 198,748,1097,1252,1665,272
586: 102,409,216,1869,1256,1378
587: 324,19,1258,1346,1096,1226
588: 956,1157,1172,1262,902,553,1777
589: 263,1551,728,867
590: 85,326,1679,1269,1326,20
591: 131,1997,411,1844,525,1273
592: 528,273,955,1275,1072
593: 1840,1306,335,1279
594: 1258,1285,1346,1566,21,885
595: 459,1698,1935,1078,1289,1968
596: 1294,1102,145,1763,1402
597: 162,1838,1300,1575,411,1273
598: 1434,1302
599: 723,1304,1106,978,365,1665
600: 290,1307,1426,415,572,676
601: 808,146,1526,1310,1377,1725
602: 205,858,1312,939,1884,1120
603: 714,1754,228,1727,1314,1848
604: 1109,1514,861,1318,692,69
605: 467,344,1320,1448,1869,1256
606: 1017,2039,382,1850,417,1322
607: 1977,986,1851,1325,1461,369
608: 1328,609,1971,532,856,276,6
609: 608,1221,1331,1971,532,1084
610: 890,25,1390,1115,2012,329
611: 418,2045,1342,1001,1659,44
612: 1919,212,323,1344,1418,1119
613: 1987,1854,236,1348,773,991
614: 1914,352,149,1493,659,1350
615: 270,691,1581,1856,1083,1352
616: 238,277,1354,722,1064,1778
617: 53,1537,1622,1357,1889,2009
618: 1949,868,972,1991,1362,1859,1775
619: 1476,1516,1368,1485,948,1121
620: 657,1122,433,1620,1883,1370
621: 459,1940,967,1935,1373,1532
622: 635,1975,1124,1375,1417,426
623: 850,93,1379,422,2007,1862
624: 29,322,1084,574,1382,1385
625: 1541,1772,1386,975,547,1480
626: 966,30,971,1388
627: 257,132,529,1391,1027,1472
628: 1580,1556,1394,1786,399,682
629: 540,1082,1543,1551,798,1397
630: 96,984,1024,1361,1449,1496,1973
631: 1986,803,1425,1201,1213
632: 280,1737,410,403,1822,800,1403
633: 425,199,892,1393,1407,1442
634: 1074,1187,563,1413,154
635: 622,1417,426,1675,725,172
636: 1419,1953,32,1135,990,865
637: 281,33,640,162,1838,1424
638: 721,1428,1847,1722,461
639: 381,155,2033,1415,1430,1549
640: 281,33,637,298,1075,1432
641: 100,282,139,1434,1191,565
642: 790,916,117,1873,1839,1436
643: 358,965,1438,1525,1714,1555
644: 862,283,1521,133,1441,1363
645: 2003,542,1443,1090,390,1506
646: 1956,447,1666,1797,1445,1142
647: 400,561,1812,1447,1105,1557
648: 114,430,1877,1137,1190,1450
649: 202,902,1837,1099,1206,1452
650: 174,1839,1608,1456,1879,473
651: 1625,788,1132,1145,1371,1668
652: 781,78,1970,1088,1466,1301
653: 1791,1380,1904,1000,351,432
654: 1782,1471,42,1151,1172,1262
655: 1057,36,1473,440
656: 964,1934,1568,1738,223,1475
657: 620,176,1122,433,1477,1894
658: 1123,1155,1480
659: 149,614,434,1350,522,1202
660: 37,313,1526,1488,78,1223
661: 482,160,280,1491,1918,1822
662: 65,1260,521,287,1494
663: 472,2047,1962,1913,448,1498
664: 391,1098,1535,1158,38,1501
665: 853,254,1505,1149,550
666: 1507,1934,288,546,1131,1165
667: 1000,436,2005,1446,432,1510,1881
668: 39,286,1512,363,1553,1803
669: 1347,1891,1652,1515,453
670: 1224,877,1170,1518,1278,56
671: 168,1199,1300,1522,1575,1587
672: 541,8,1893,1524,1782,1471
673: 795,190,1644,1643,1164,1528
674: 439,1895,1531,1632
675: 735,1873,84,1047,1174,106,1538
676: 415,232,1509,1540,600,1307
677: 255,1897,1023,1589,1542,1958
678: 561,1544,1730,530,1180,389
679: 291,2017,1179,1006,10,378
680: 441,301,1029,2,137,1495,1552
681: 398,1782,42,195,1163,1554
682: 1006,447,1666,1556,628,1786
683: 910,204,1559,1450,114,1412
684: 1203,1626,1561,442
685: 525,1061,1474,873,744,1563
686: 688,1572,67,827,1021,1565
687: 854,1903,1826,1567,1776,27
688: 1572,67,686,165,1583,1267
689: 1055,1619,1574,189,166,1586
690: 1579,894,1193,1757,1396,1984
691: 472,615,1962,420,1581,1856
692: 1318,1073,1587,168,1514,604
693: 708,1630,1424,1590,70,1100
694: 918,1253,813,1650,1595,46
695: 333,1037,1023,1589,1766,1229,1601
696: 936,1957,805,1603,2019,1798,245
697: 179,1619,765,1574,97,1605
698: 47,1870,1948,465,1192,1607
699: 955,1916,1609,1911,34,1142
700: 481,48,1404,1423,1611,1959
701: 1208,1616,1930,1858,926,1148
702: 1618,1927,169,995,107,892
703: 789,479,1620,1976,1883,1200
704: 191,1429,1915,241,1889,1622
705: 502,1624,1832,1896,1709,213
706: 50,1626,437,807,178,2027
707: 450,451,1628,1634,710,2021
708: 693,1630,1522,1277,70,1907
709: 1215,1632,77,1207,782,1895
710: 1344,1634,1008,1800,2021,707
711: 438,1893,136,1369,555,398
712: 1901,187,1638
713: 1640,1677,379,1597,420,1856
714: 1921,603,452,1754,1642,1848
715: 1263,66,1164,1644,1222
716: 150,1944,419,1854,236,1648
717: 1647,1650,170,1843,878,456
718: 1652,453,1216,54,1454,373
719: 888,239,1654,1784,299,12
720: 844,274,1657,222,1793,1578
721: 1662,739,768,638,1428,1722
722: 1667,1064,1678,1778,1995,616
723: 599,1106,1669,1804,1097,1665
724: 423,1929,118,456,231,1673
725: 784,1972,1675,635,1014,172
726: 855,1995,455,1489,1927,1678
727: 1682,1806,457,1931,1264
728: 144,1266,1684,867,589
729: 1224,877,1614,24,1686,103
730: 779,1728,1690,754,58,1235
731: 766,1017,470,2039,1693,173
732: 341,103,1698,1439,1381,413
733: 1234,334,201,1700,1780,518
734: 1702,1943,777,474,1069,1408,1966
735: 916,675,1704,1873,84,1047
736: 460,1937,2011,1003,1708,857
737: 1691,1237,1711,1740,1939,206
738: 359,1196,567,1716,1532,1610
739: 768,721,1722,302,1809,806
740: 1728,56,1933,1842,1686,1224
741: 1016,462,1941
742: 1221,1331,1533,141,1734,1613
743: 394,303,580,1764,1742,1295
744: 1745,873,1238,1563,43,685
745: 1749,923,1077,1695,1785,1259
746: 870,1941,1751,60,1243,1144
747: 494,1623,1753,2006,260,304
748: 585,197,1252,1946,1755,272
749: 777,1069,1757,177,1396,1615
750: 305,173,1759,1606
751: 1936,61,965,1248,1761,931
752: 76,1242,465,1188,1768
753: 852,1811,1406,1085,1770
754: 730,1690,1880,1773,1235,1324
755: 1781,2044,1007,1798,1950,816
756: 864,1783,1888,504,1530,127
757: 907,784,1104,1787,1972,477
758: 307,1789,1205,1749,804,14,2020
759: 468,430,49,1877,1200,1486
760: 454,962,1930,1793,1617,1736,1657
761: 1257,911,1795
762: 1956,1548,1797,1149,469,408
763: 1518,1799,2031,1264,1806,249
764: 1260,1801,1052
765: 179,697,1803,97,1364,39
766: 731,470,1542,1150,1805,1693
767: 879,279,1263,1807,1655,66
768: 1662,739,721,405,1809,1827
769: 822,1743,960,1296,492,1926
770: 548,67,1565,1032,1140,837
771: 1601,45,2047,1962,1581,1037
772: 1865,930,1272,1227,809
773: 174,1704,991,1047,1321,1348,613
774: 1210,571,2002,1054,1081,492
775: 1060,68,2023,1133,31,1271
776: 289,1814,1499,1191,1065,869
777: 734,474,749,1069,1966,256,1615
778: 1073,161,293,1274,1487
779: 730,1078,1728,1289,1842,58
780: 312,1085,364,1558,62
781: 1196,652,1970,1088,476,1716
782: 181,1355,1207,709,1895,1094
783: 0,1025,1134,1100,1089
784: 757,1952,1104,725,1972,1014
785: 422,2007,158,1116,1287,376
786: 1281,1123,71,1998,1155,490
787: 1143,283,116,1128,327,478
788: 182,1625,651,428,72,1132
789: 1583,479,703,1877,1200,1137
790: 642,117,72,1436,1141,1283
791: 1243,1144,217,1291,314,480
792: 1286,819,1148,1435,1858,2028
793: 1433,1910,1153,1467,349,952
794: 1283,2043,1162,481,1980,1141
795: 510,74,190,1167,673,1644
796: 407,895,233,1427,985,1171
797: 343,1177,1173,1444,1701,1298
798: 366,1653,1397,153,1543,629
799: 16,1218,1086,235,1627,1866,1185
800: 570,403,632,1403,1188
801: 244,1905,1796,2015,1005,1193
802: 79,953,1305,1197,69,1109
803: 849,631,1986,1866,1185,1201,183
804: 175,14,567,1629,758,2020
805: 936,696,485,1603,1211
806: 1297,361,739,302,1268,1809
807: 1626,706,1561,178,1220,1617
808: 947,1526,601,1725,1088,1223
809: 1227,63,772,1272,487,1042
810: 814,1231,445,17,1261,578
811: 119,1994,1240,449,1427,1831
812: 1245,79,218
813: 489,377,1253,694,46,1186
814: 810,317,445,1633,1261
815: 3,179,1803,1034,1265,1512
816: 1462,1950,1270,1816,1781,755
817: 391,318,1098,569,1739,1276
818: 1646,1280,1467,2000,349,946
819: 1286,505,792,1284,1969,2028,2004
820: 879,1176,1655,1290,559,954
821: 319,112,1293,1324,1599,1937
822: 769,1296,912,1054,492
823: 1096,897,1383,19,1316,1299
824: 412,1306,234,1637,2032,1979
825: 1319,1592,1311,2018,1979,987
826: 1020,237,253,1317,993,1775
827: 686,1021,1308,1323,1565,1707
828: 1327,339,1321,1426,1841,1348
829: 508,2034,1647,878,1330,1864
830: 51,309,1576,101,1334,871
831: 199,1670,1442,925,1857,1546
832: 510,1671,1167,840,883,1351
833: 938,1882,1355,1094,86
834: 1152,1247,1360,551,583,1779
835: 122,1365,2008,2041,1018,464
836: 1791,468,1954,109,87,1380
837: 1748,1140,1385,227,1032,770
838: 1392,1555,1902,1821,1438,496
839: 307,88,1259,1395,463,483,1232
840: 832,1167,1405,321,1332,1351
841: 1411,1444,1668,1340,329,1371
842: 147,942,1341,1529,1415,1549
843: 431,940,212,1886,1418,958,1195
844: 274,1304,1106,720,1421,1578
845: 921,886,1429,969,1212,1689
846: 1981,370,1808,1738,331,1440
847: 1449,1496,1166,556,1003,2014
848: 994,1454,1612,92,1813
849: 1986,1502,803,183,484,1459
850: 1462,623,93,1168,1353,1379
851: 1204,1161,11,1470,229,1649,889
852: 753,1811,1478,62,1211
853: 665,254,1175,1481,380,1356,550
854: 501,1928,687,1776,27,1485
855: 726,435,455,1489,1887,1359
856: 276,1040,1492,6,1031,608
857: 96,1823,256,1496,736,1003,1708
858: 205,2022,602,939,1502,484
859: 1066,554,97,1468,1735,1364
860: 1038,1239,1511,142,1349,325
861: 1109,1309,2024,275,1514,604
862: 644,338,1521,133,1366,1482
863: 1635,1519,963,421,193,1527
864: 1783,756,1530
865: 1534,4,990,636,32,524
866: 99,1857,1546,1656,970,1746
867: 728,1684,589,1551,194,1397
868: 618,1991,1859,1560,505,1284
869: 565,402,1564,776,1191,1065
870: 462,746,1941,1571,1892,60
871: 1576,830,1228,101,1827,1376
872: 1337,925,1582,266,85,1326
873: 1745,1585,744,1378,685,1474
874: 1435,1858,1592,507,926,987
875: 1596,1087,380,94,1356,1683
876: 1703,1599,460,1773,1658,211
877: 1224,670,1518,1614,1799,729
878: 423,456,717,1647,829,1864
879: 535,767,1807,820,1655,1290
880: 2036,1247,583,1661,2042,18
881: 920,495,1365,2008,1664,1872
882: 934,1411,143,1668,1145
883: 832,1671,1351,551,230,1963
884: 1850,1676,95,1322,1280,491
885: 21,1680,198,365,594,1566
886: 845,921,1645,1689,511,1849
887: 1694,1659,105,1181,1116,376
888: 719,1103,1705,1784,330,299
889: 1649,1710,977,1756,851,229
890: 404,610,25,1713,1214,1390
891: 199,1670,1407,1717,371,1594
892: 633,107,1393,1407,1721,702,995
893: 1015,1310,1712,1440,1808,250
894: 1579,690,108,1729,1490,1396
895: 796,407,1130,1737,985,200
896: 87,336,1741,1398,1567,109
897: 332,1747,1096,1070,823,1383
898: 301,1899,1234,1752,1700
899: 1763,1580,164,110,188,1330
900: 333,167,1766,387,1520,523,1473
901: 1661,940,1706,1886,111,1774
902: 649,202,1837,553,1777,588
903: 1400,334,1045,261,1780
904: 1408,1785,1255,207,1695,1943
905: 1311,1988,1811,1478,1767,2018
906: 203,1814,1499
907: 1817,757,1420,1787,477,1410
908: 1902,336,1821,948,949,1335,1409
909: 1694,1685,1466,1562,549,1824
910: 204,683,443,1398,1826,1412
911: 1523,1828,1795,1414,761
912: 1830,180,822,1296
913: 1834,1832,133,1441,213,533
914: 23,1834,1312,1688,1422,1482
915: 1836,1143,1521,1366,1817,1420
916: 174,642,735,1704,1873,1839
917: 1327,536,1095,1841,1924,959,419
918: 694,1650,1595,424,1843,1401
919: 1488,91,1845,1345,146,1526
920: 881,495,1872,1847,1691,461
921: 191,845,119,449,886,1429,1645
922: 1439,2035,1977,1851,250,1015
923: 1853,745,151,1077,1539,1695
924: 388,120,526,1433,1855,1314
925: 872,1337,1857,1582,1670,831
926: 507,295,1858,874,1208,701
927: 2026,504,457,1697
928: 332,1070,1861,1177,1444,1340
929: 372,1437,1863,122,2041
930: 1699,1865,209,772,1272,310
931: 2010,488,1867,1936,751,1761
932: 409,1835,1869,344,1128,478
933: 1871,124,1495,1569,980,1225
934: 343,882,1874,582,1411,143
935: 28,1876,1451,1504,1920,354
936: 696,805,485,1455,245,1878
937: 1819,211,1880,402,1564,458
938: 833,1882,1068,86,346,1457
939: 499,1884,2016,1502,858,602
940: 901,843,1886,111,1195,1404
941: 369,988,1591,127,1888,1461
942: 89,1890,842,1341,1460,1529
943: 462,1892,1465
944: 7,278,1048,348,1894,1924
945: 1760,296,1213,502,1967,1896
946: 349,998,375,1898,818,1646
947: 808,1900,1725,359,1088,1716
948: 1902,908,1121,1409,1476,619
949: 1821,908,1335,1904,1469,1715
950: 1890,1815,1718,1189,1184,1906
951: 242,278,1792,1370,1908,1122
952: 217,349,1898,1291,1910,793
953: 79,218,802,1197,1500,1912
954: 1914,81,559,352,820,1290
955: 592,1275,1072,1916,1609,699
956: 588,285,1172,1262,219,1777,1918
957: 1920,360,220,354,1339,1922
958: 473,1339,1922,431,843,1418
959: 150,419,1537,7,1924,917
960: 392,1743,769,1105,1909,1926
961: 1789,1338,356,1368,1205,1928
962: 1208,1930,1220,1617,760,486
963: 1044,1932,1519,863,193,1651
964: 1934,656,1165,1738,370,1992
965: 643,1936,358,61,751,1438
966: 1938,626,30,1711
967: 1940,214,621,1900,1532,359
968: 480,573,1086,1942,1978,1744
969: 1944,1212,1648,1689,845,1771
970: 1746,1584,1945,342,866,1546
971: 1547,1388,1947,626
972: 618,384,1949,1127,1859,227
973: 321,1917,362,450,1628,1951
974: 228,277,1953,1135,1354,1727
975: 1386,625,1955,527,547,513
976: 446,1957,1603,1251,221,1733
977: 512,1980,1959,1756,1710,889
978: 599,1304,1961,517,1566,365
979: 230,1885,1963,1758,1071,328
980: 1569,366,1182,1965,1225,933
981: 1012,291,557,1967,1896,1709
982: 73,222,186,1969,367,357
983: 1762,1328,82,1331,148,1533,1971
984: 630,1361,1973,1133,386,1217
985: 200,1192,1672,796,895,1171
986: 1112,1977,607,1381,1325,24
987: 507,2032,1979,825,874,1592
988: 1981,941,369,1254,1591,1588
989: 314,1983,1769,16,1978
990: 1534,326,865,1985,1419,636,371
991: 174,773,1608,1964,613,1987
992: 206,1989,1598,1437,1740,224
993: 826,1317,1775,493,2004,1991
994: 1018,252,848,1612,1993,1813
995: 1995,1927,702,892,1721,1778
996: 374,1138,1997,411,1838,33
997: 1999,1705,197,1374,1660,1664
998: 2001,375,1810,1898,1720,946
999: 240,390,304,1788,1246,2003
1000: 667,2005,1469,1904,653,432
1001: 1342,93,2007,376,1659,611
1002: 242,1510,1048,1357,1881,2009
1003: 556,2011,736,847,857,1496
1004: 128,1465,2013,506,1663
1005: 1338,356,2015,1395,801,1796
1006: 682,1666,378,2017,679,1786
1007: 1236,466,2019,1798,1950,755
1008: 1415,1430,1800,710,1341,2021
1009: 1060,1677,2023,1868,1945,368
1010: 2016,452,247,2025,1459,1458
1011: 1925,248,454,178,2027,1923
1012: 1062,291,2029,981,1179,1709
1013: 203,289,1681,1814,1170,2031
1014: 2033,1604,172,784,1952,725
1015: 893,1712,250,922,214,2035
1016: 1732,741,2037,251,1941,1751
1017: 731,2039,606,173,1606,417
1018: 252,994,1993,464,835,2041
1019: 1756,383,393,2043,11,229
1020: 1878,125,826,253,1317,2044
1021: 1572,827,418,686,2045,1323
1022: 1818,2046,1573,254,1125,1505
1023: 255,677,1037,1589,695,2047
1024: 96,630,1719,2048,1823,1361
1025: 783,257,1117,1134,132
1026: 1160,1955,1039,129,1553,513
1027: 515,130,1472,257,1033,627
1028: 1743,471,1296,1960,1056,1830
1029: 680,301,1234,1043,518,2
1030: 1233,514
1031: 1044,258,856,1040,6
1032: 384,1707,227,1565,770,837
1033: 543,257,1117,515,1058,1027
1034: 815,1055,3,179,1483,1619
1035: 1049,519,1052,259,521,538
1036: 1471,1151,541,385,516,1525
1037: 1023,695,771,1601,2047
1038: 860,1091,1511,4,142,1358
1039: 240,1955,1026,129,527,260
1040: 517,856,1285,1492,258,1031
1041: 528,1072,5,1724
1042: 288,1165,809,1272,487,1992
1043: 531,153,1543,518,2,1029
1044: 258,1932,963,1031,1651,6
1045: 903,261,1108
1046: 515,1801,1058
1047: 84,339,1321,675,735,773,1704
1048: 944,242,1002,7,278,1357
1049: 519,130,1035,1472,259,1092
1050: 1636,136,552,1154,108,1490
1051: 1579,1729,8,1111,1193,1905
1052: 519,1801,1035,1260,521,764
1053: 263,540,1108
1054: 774,1081,492,180,1621,822
1055: 689,1483,1034,522,1619,1586
1056: 1416,115,1830,9,1028,1960
1057: 655,523,1473
1058: 515,1046,543,1033,264
1059: 247,1802,1458,32,524,126
1060: 775,2023,1009,1133,368,1217
1061: 1844,525,545,685,1125,1563
1062: 1012,2029,1179,1481,380,1683
1063: 265,1976,1883,1336,433,1508
1064: 388,722,1667,526,616,1354
1065: 289,776,1278,869,311,1564
1066: 859,534,554,1161,1735,1506
1067: 1554,266,1157,1679,1326,553
1068: 527,938,1882,1753,346,1386
1069: 734,1702,777,57,749,1757
1070: 332,928,12,1747,897,1861
1071: 267,1885,434,979,1350,328
1072: 592,528,955,1916,5,1041
1073: 778,1318,1587,692,293,1274
1074: 1759,634,13,1187
1075: 281,529,640,298,1126,1479
1076: 131,1997,564,374,268,1906
1077: 1749,923,1853,175,745,14
1078: 779,1289,58,595,475,1968
1079: 530,1488,1845,389,37,1156
1080: 1674,100,1372,1139,282,269
1081: 15,774,571,1054,1621
1082: 261,540,531,1108,1543,629
1083: 1965,1225,575,615,270,1352
1084: 624,532,574,1382,609,1221
1085: 312,1770,780,753
1086: 16,968,1218,799,573,1978
1087: 1596,875,1363,1683,1441,533
1088: 781,78,652,1223,1716,808,947
1089: 1231,17,70,783,0,1100
1090: 1750,393,645,542,534,1506
1091: 524,271,126,1038,1511,4
1092: 1049,1472,259,535,262,1807
1093: 1774,1917,397,450,18,451
1094: 439,1895,833,1355,782
1095: 536,917,1841,355,348,1464,1924
1096: 1747,897,823,1226,587,19
1097: 585,1665,723,1669,1216,272
1098: 391,537,817,664,569,1535
1099: 649,202,577,1452,1513,20
1100: 783,1134,693,1590,1089,70
1101: 81,1313,535,1290,259,538
1102: 1294,596,273,1402
1103: 888,1258,21,330,299,1226
1104: 467,757,784,1952,1448,1787
1105: 392,960,1557,1909,647,1812
1106: 844,599,274,723,1304,1804
1107: 1400,334,22,201
1108: 261,540,1082,1045,1053
1109: 275,861,604,69,802,1305
1110: 544,1239,1120,580,1764,23
1111: 541,8,1051,444,1905,385
1112: 986,208,1325,24,1614,308
1113: 35,1750,1696,1875,1517,542
1114: 324,276,19,1328,82,1316
1115: 332,1383,610,25,329,1340
1116: 158,1562,785,376,1694,887
1117: 514,543,257,1025,1033
1118: 1419,238,277,1953,1594,1717
1119: 612,323,1344,1876,246,26
1120: 544,1884,1110,23,1312,602
1121: 948,1741,1409,27,1485,619
1122: 620,657,1894,278,951,1370
1123: 1281,658,786,1155
1124: 622,28,1375,1417,1451,2040
1125: 1818,2046,1022,1563,545,1061
1126: 529,298,1075,1391,279,1263
1127: 972,1859,227,421,1748,1527
1128: 344,116,1143,787,478,932
1129: 30,1237,302,1388,361
1130: 482,280,407,1982,895,1737
1131: 1507,546,666,471,1960,157
1132: 2012,497,651,788,428,1371
1133: 1060,775,31,1973,984,1217
1134: 783,1025,132,1100,1590,1479
1135: 636,228,974,1953,32,1802
1136: 286,547,363,1155,1480
1137: 648,1877,1190,165,1583,789
1138: 40,374,1631,996,33,1432
1139: 1674,22,1302,282,1080
1140: 322,837,1385,770,548,265
1141: 481,1423,790,117,1283,794
1142: 34,1445,1911,646,447,699
1143: 283,1521,787,915,116,1128,1420
1144: 746,1751,1243,791,217
1145: 1625,651,882,143,1668,35,1517
1146: 1970,476,1629,184,396,549
1147: 76,570,1742,1295,1230,284
1148: 1286,792,1858,1616,701
1149: 762,1548,1797,550,665,469,1505
1150: 1897,36,440,1805,766,1542
1151: 654,1471,1036,285,1262,516
1152: 834,1360,551,1641,230,1758
1153: 1983,1433,1910,793,1855,416
1154: 386,1050,1636,520,552,1719
1155: 286,1136,490,1123,658,786
1156: 37,422,1862,1287,1079,389
1157: 588,42,1172,1554,1067,553
1158: 134,1493,664,1535,38,1484
1159: 1501,287,38
1160: 1468,1026,129,1364,39,1553
1161: 1066,534,554,11,851,1470,229
1162: 1463,1283,383,794,2043,1696,182
1163: 195,99,1656,555,681,398
1164: 40,1528,673,1644,1222,715
1165: 964,1934,288,1042,666,1992
1166: 441,1794,556,2014,1552,847
1167: 795,510,832,190,840,1405
1168: 1462,850,1950,1379,41,466
1169: 231,1673,557,2017,1786,399
1170: 670,1518,2031,1278,289,1013
1171: 1765,1975,796,233,985,1672
1172: 588,654,956,42,1157,1262
1173: 797,1177,1861,1654,1298,558
1174: 1713,572,84,290,675,106
1175: 1818,853,254,43,1356,59
1176: 820,1655,2038,1288,1367,559
1177: 343,797,1173,1444,928,1861
1178: 560,1497,138,1244,101,1376
1179: 1062,1012,291,679,1481,10
1180: 530,340,1431,561,678,1447
1181: 1659,887,105,44,1387,1559
1182: 980,75,366,1292,1653,1965
1183: 75,1292,1229,300,1601,45
1184: 401,268,562,1906,950,1815
1185: 1627,803,1866,183,799
1186: 46,1942,225,2030,377,813
1187: 1074,634,13,563,104,1384
1188: 1403,1948,465,76,570,752,800
1189: 102,1585,950,1718,564,1906
1190: 1387,1450,292,165,648,1137
1191: 1499,776,139,641,565,869
1192: 1870,985,1948,698,200,1672
1193: 1579,690,1051,1984,2015,801,1905
1194: 566,1819,565,402,100,1372
1195: 48,1404,1879,431,940,843
1196: 738,781,567,476,1716
1197: 316,1500,69,1303,802,953
1198: 1372,269,566,568,1752,196
1199: 671,1300,414,1587,135,293
1200: 759,49,1877,789,1620,703
1201: 631,803,1425,1866,424,1401
1202: 537,1503,1483,522,149,659
1203: 50,684,1626
1204: 294,851,1470,1649,192
1205: 1789,758,961,2020,501,1928
1206: 649,1837,410,284,403,1452
1207: 51,309,709,77,181,782
1208: 962,1930,701,295,926,486
1209: 52,187,295,486,1901,1990
1210: 774,571,2002,221,364,1558
1211: 805,62,485,1603,1251,852,1478
1212: 969,53,1622,1648,845,1429
1213: 296,631,1986,1425,118,1760,945
1214: 404,890,415,1713,1846,572
1215: 1547,1632,1947,1297,709,77
1216: 718,54,1669,1097,373,272
1217: 386,297,984,1060,1133,368
1218: 1595,799,573,1086,424,1866
1219: 491,1667,55,120,2000,526
1220: 962,1617,486,1990,1561,807
1221: 609,742,1331,141,1084,574
1222: 298,1432,40,1164,715,1263
1223: 78,1088,808,1526,660
1224: 670,877,729,740,56,1686
1225: 980,1965,1083,1871,933,575
1226: 299,1747,1096,587,1258,1103
1227: 1783,809,63,772
1228: 871,1827,1376,576,405,210
1229: 1389,300,1183,333,695,1601
1230: 1349,325,1147,1742,577,284,1452
1231: 810,1089,445,17,1277,70
1232: 1702,463,57,483,839,1395
1233: 1030,17,514,0,578
1234: 733,301,898,1029,1700,518
1235: 319,306,1324,730,754,58
1236: 579,406,466,1007,2019,1829
1237: 30,737,1129,1711,302,1939
1238: 1974,59,1745,744,1835,43
1239: 860,544,1110,1511,1349,580
1240: 811,1994,1761,488,581,1831
1241: 482,160,1982,581,1570,1248
1242: 303,76,113,1295,752,1768
1243: 746,1744,60,1144,791,480
1244: 560,429,1178,582,576,1376
1245: 812,79,1305
1246: 304,999,1497,138,2003,2006
1247: 834,880,583,1779,397,18
1248: 61,751,1570,1761,581,1241
1249: 34,353,316,584,1500,1445
1250: 305,1805,1693
1251: 976,62,1603,1211,221,1558
1252: 1680,585,197,198,748,1374
1253: 489,813,694,1650,170
1254: 1981,370,487,988,1591,1992
1255: 904,1408,319,112,306,207
1256: 586,216,1869,605,1320,147
1257: 761,64,1795
1258: 587,594,1346,21,1226,1103
1259: 307,839,1785,1749,745,463
1260: 65,662,521,764,1052
1261: 578,814,810
1262: 588,654,956,1151,285,1172
1263: 767,715,279,66,1222,298,1126
1264: 763,1799,308,727,1806,1931
1265: 815,3,1512,490,140,1998
1266: 144,1723,728
1267: 1583,479,548,1976,688,67
1268: 309,1576,1809,1297,806,77
1269: 1534,1513,326,20,1358,590
1270: 1462,816,1852,1353,80,1816
1271: 1871,31,575,1453,68,775
1272: 930,772,310,809,288,1042
1273: 414,411,591,1844,597,1300
1274: 778,1318,1073,161,1833,1303
1275: 592,273,955,1402,1609,110
1276: 318,817,569,140,71,1998
1277: 1593,1231,445,70,1907,708
1278: 670,1170,289,1065,311,56
1279: 593,1306,335,234,1406,1767
1280: 884,818,1646,1676,491,2000
1281: 1315,1123,71,786
1282: 312,15,571,364
1283: 794,1162,790,182,72,1141
1284: 1560,505,819,186,1969,868
1285: 517,594,1040,1346,1492,1566
1286: 73,792,819,1148,1969,1616
1287: 37,422,313,158,785,1156
1288: 2038,74,1644,1176,1655,66
1289: 1078,779,1842,413,1698,595
1290: 535,879,820,81,1101,954
1291: 217,952,314,1910,791
1292: 75,194,1182,1653,1183,300
1293: 821,112,1966,1937,1708,474
1294: 1102,596,145
1295: 743,303,76,1147,1742,1242
1296: 822,1743,769,1028,912,1830
1297: 1215,1547,361,806,77,1268
1298: 171,315,558,797,1173,1701
1299: 1316,1825,404,25,823,1383
1300: 671,597,1199,1575,414,1273
1301: 313,158,1562,78,652,1466
1302: 22,1139,282,598,1434
1303: 1318,69,1833,1274,316,1197
1304: 844,599,1106,978,1961,1421
1305: 1245,79,802,1109,275
1306: 412,1840,593,824,1279,234
1307: 536,600,1426,355,1509,676
1308: 827,1323,80,320,1329,1707
1309: 2024,1633,1514,861,1593,317
1310: 893,601,1712,1377,1440,1725
1311: 905,1767,2018,234,825,1979
1312: 205,23,1688,602,914,1120
1313: 81,1101,134,1494,538,1484
1314: 1855,1848,388,924,1727,603
1315: 1281,71,318
1316: 1825,1299,82,1114,19,823
1317: 1020,125,826,993,83,493
1318: 1073,692,69,1274,1303,604
1319: 83,825,500,121,1592,2018
1320: 467,605,155,1549,1256,147
1321: 339,828,1047,1348,773,1704
1322: 884,1850,95,382,606,1359
1323: 827,418,1021,1308,1852,80
1324: 821,319,1235,754,1599,1773
1325: 1112,986,607,208,1860,1461
1326: 85,1679,590,872,1067,266
1327: 917,828,1841,1348,419,1854
1328: 983,82,608,1971,1114,276
1329: 384,320,1949,1362,1707,1308
1330: 1580,899,188,1394,1864,2034,829
1331: 983,609,742,1221,148,1533,1971
1332: 1779,321,1917,397,1351,840
1333: 86,1457
1334: 51,830,101,1497,494,2006
1335: 87,336,949,1380,908,1904,1409
1336: 265,1063,322,574,1508,141
1337: 872,925,1670,371,85,1985
1338: 1789,356,88,961,1395,1005
1339: 957,1920,958,1922,323,1418
1340: 841,1444,332,928,1115,329
1341: 89,942,842,2021,1008,1415
1342: 1001,1852,93,1353,611,418
1343: 258,1932,90,1961,1421
1344: 612,1919,1634,710,1119,246,1800
1345: 91,919,223,146,331,1377
1346: 324,587,594,1258,1285,1492
1347: 92,669,1652
1348: 1327,828,1321,1854,613,773
1349: 325,580,1742,1230,860,1239
1350: 267,434,1071,1914,614,659
1351: 1779,1332,551,832,840,883
1352: 68,379,1083,575,615,1856
1353: 1462,850,1270,1342,1852,93
1354: 616,974,277,1727,388,1064
1355: 181,833,1882,1623,782,1094
1356: 380,94,875,59,853,1175
1357: 1002,7,1048,2009,617,1537
1358: 1534,4,1513,142,1269,1038
1359: 382,1887,855,1489,95,1322
1360: 509,192,834,1152,583,1641
1361: 630,984,1719,1024,1973,386
1362: 618,320,1949,1329,237,1775
1363: 1596,1087,327,644,283,1441
1364: 1468,1160,859,97,765,39
1365: 881,1660,835,2008,1664,464
1366: 862,1836,338,1521,915,98
1367: 267,328,2038,1671,1176,559
1368: 356,961,1928,1485,1516,619
1369: 226,1636,136,1746,555,711,99
1370: 951,49,1908,1620,620,1122
1371: 2012,329,651,1132,841,1668
1372: 100,1080,269,1198,566,1194
1373: 1853,151,1532,1610,621,1935
1374: 1680,197,330,1252,997,1705
1375: 622,1765,1975,1124,2040,1849
1376: 1228,101,871,576,1178,1244
1377: 146,331,601,1310,1440,1345
1378: 1745,102,1585,873,586,409
1379: 850,623,1168,1730,41,1862
1380: 87,336,1335,1904,1791,836,653
1381: 1977,986,24,103,732,1439
1382: 624,29,193,532,1084,1651
1383: 332,897,1115,823,25,1299
1384: 563,1646,104,1676,1187,375
1385: 1748,624,29,1140,322,837
1386: 1541,346,625,975,527,1068
1387: 1190,44,1181,1559,1450,292
1388: 971,1547,361,30,1129,626
1389: 144,1229,1520,1684,300,333
1390: 610,890,1713,2012,497,106
1391: 262,279,529,1126,627,1472
1392: 350,838,156,1476,1555,1902
1393: 425,633,107,892,1640,1597
1394: 1580,628,1330,1864,399
1395: 1338,88,839,2015,1005,483,1232
1396: 749,1757,177,690,108,894
1397: 798,194,1653,1551,629,867
1398: 1826,1567,910,896,1412,109
1399: 498,31,2014,1453,1973,1449
1400: 334,903,1107
1401: 1843,1929,424,1425,1201,918
1402: 273,1275,1763,110,1102,596
1403: 1948,200,1188,632,1737,800
1404: 111,700,48,1195,1611,940
1405: 190,1167,840,321,362,1550
1406: 753,1811,1767,1770,335,1279
1407: 891,633,199,892,1721,1717
1408: 904,112,1966,1255,734,1943
1409: 336,948,908,1121,1335,1741
1410: 477,1607,1768,113,1836,1817,907
1411: 343,934,882,841,1444,1668
1412: 114,1954,109,1398,910,683
1413: 154,634
1414: 911,508,1828,1795,337,1600
1415: 1008,639,1430,1549,842,1341
1416: 115,1056,1830
1417: 622,28,635,1124,1451,345,172
1418: 612,843,212,323,958,1339
1419: 636,371,1953,1118,1594,990,1985
1420: 1817,907,116,1787,1143,915
1421: 90,1961,1343,1578,844,1304
1422: 338,1482,394,1764,23,914
1423: 481,700,48,1141,117,1456
1424: 693,162,1630,281,637,1590
1425: 631,1201,1213,1929,118,1401
1426: 536,290,339,600,828,1307,1841
1427: 811,119,233,796,407,1831
1428: 1662,721,638,171,1847,1602
1429: 191,845,921,704,1212,1622
1430: 381,246,1008,639,1415,1687,1800
1431: 340,1180,1475,159,1568,1447
1432: 33,1222,640,298,40,1138
1433: 793,1153,1855,1467,120,924
1434: 598,139,1302,282,641
1435: 1858,874,121,2028,1592,792
1436: 428,72,1538,790,642,1873
1437: 372,1598,929,992,122,1989
1438: 643,1936,965,838,1555,496
1439: 341,922,732,2035,1977,1381
1440: 893,331,1310,1377,846,1808
1441: 644,133,913,533,1087,1363
1442: 425,633,199,342,831,1546
1443: 560,1875,138,645,2003,542
1444: 343,797,841,1177,1411,1340,928
1445: 34,1249,584,1142,646,1956
1446: 667,123,436,2005,1790,241,1510
1447: 561,647,159,1557,1180,1431
1448: 467,344,116,605,1104,1787
1449: 96,630,847,1496,1399,2014,1973
1450: 1190,683,1387,1559,114,648
1451: 28,935,1876,1124,1417,345,26
1452: 649,577,284,1099,1206,1230
1453: 498,1871,1399,31,124,1271
1454: 848,373,1612,92,1652,718
1455: 936,485,1988,1878,125,500
1456: 650,117,1839,1879,48,1423
1457: 152,346,938,86,1333
1458: 2016,1010,1059,247,499,126
1459: 2016,1010,2025,849,1502,183
1460: 347,89,942,1890,1951,1815
1461: 607,1860,1325,127,941,369
1462: 850,1950,816,1270,1168,1353
1463: 35,383,1162,1696,182,1625
1464: 355,348,163,1477,1577,1095
1465: 1004,506,943,1892
1466: 652,1970,1562,1301,549,909
1467: 120,2000,818,349,1433,793
1468: 1160,1735,129,1788,1364,859
1469: 215,1000,2005,1715,949,1904
1470: 554,294,1204,1161,851,1605
1471: 654,1782,1036,1151,541,672
1472: 1049,130,1027,1092,262,1391,627
1473: 1057,655,523,440,900,167
1474: 131,525,564,685,1585,873
1475: 91,223,340,1431,656,1568
1476: 350,1392,1516,619,1902,948
1477: 657,176,348,1464,1894,1577
1478: 1988,852,1811,905,485,1211
1479: 281,529,1590,1075,1134,132
1480: 547,1136,1772,625,658
1481: 1062,1179,380,10,550,853
1482: 862,338,133,1422,1834,914
1483: 1055,3,1034,522,1503,1202
1484: 287,1494,38,134,1158,1313
1485: 854,1928,27,1368,619,1121
1486: 1791,759,468,49,1908,351,1792
1487: 778,161,135,293,2046,1573
1488: 1845,919,1079,1526,37,660
1489: 855,726,1359,95,55,1678
1490: 438,108,1729,894,1050,136
1491: 1837,410,1777,1918,1822,661
1492: 324,856,276,1040,1285,1346
1493: 134,352,1158,149,614,1535
1494: 662,521,287,538,1484,1313
1495: 933,137,124,2,680,1569
1496: 96,630,847,857,1449,1003
1497: 138,1178,101,1334,1246,2006
1498: 435,448,255,663,2047,1820
1499: 906,1814,776,1191,139
1500: 353,316,1249,1197,1912,953
1501: 1159,391,664,38
1502: 849,484,2016,1459,939,858
1503: 537,569,140,1202,3,1483
1504: 28,935,511,2040,354,1536
1505: 665,1573,1022,469,254,1149
1506: 390,1735,1090,645,1066,534
1507: 159,1934,1131,666,1568,157
1508: 176,433,1613,1063,1336,141
1509: 355,163,1540,1307,676
1510: 1002,432,1881,2009,667,436,1446
1511: 860,271,544,1038,1239,1091
1512: 668,286,490,815,1803,1265
1513: 142,1269,20,1358,577,1099
1514: 1309,861,604,692,168,1593
1515: 669,1891,453,1923,437,2027
1516: 350,1476,1796,619,356,1368
1517: 1875,429,1145,143,35,1113
1518: 670,877,763,1170,1799,2031
1519: 1932,1635,90,357,963,863
1520: 144,387,1389,333,900
1521: 862,644,1143,283,915,1366
1522: 168,708,671,1630,1575,1907
1523: 911,1639,1828,145
1524: 438,1729,8,1893,672
1525: 643,358,516,1714,385,1036
1526: 808,146,601,1488,919,1223,660
1527: 1748,29,193,1127,421,863
1528: 40,1631,562,1643,1164,673
1529: 147,942,1890,842,1718,216
1530: 2026,504,864,756
1531: 1632,1947,674
1532: 1373,1610,621,967,738,359
1533: 983,1540,742,1331,148,1734
1534: 4,326,990,865,1269,1358
1535: 537,664,1098,1158,149,1493
1536: 360,354,1771,1689,511,1504
1537: 150,53,959,617,7,1357
1538: 497,106,428,1436,675,1873
1539: 1968,923,151,1695,475,207
1540: 148,1533,163,1734,1509,232,676
1541: 152,395,346,1386,625
1542: 766,470,1958,1897,677,1150
1543: 531,153,1043,1082,629,798
1544: 400,579,561,678,1730,41
1545: 154,2037,2001,1810
1546: 866,1857,970,342,1442,831
1547: 1215,971,1388,1947,1297,361
1548: 762,10,1797,1149,378,550
1549: 155,639,1415,1320,147,842
1550: 401,1643,347,362,190,1405
1551: 263,589,540,629,867,1397
1552: 498,2014,137,441,680,1166
1553: 39,668,363,513,1160,1026
1554: 195,1067,266,681,42,1157
1555: 1714,838,156,1392,643,1438
1556: 1580,164,628,1911,682,447
1557: 392,1105,157,159,647,1447
1558: 1210,221,364,780,62,1251
1559: 105,204,683,1181,1387,1450
1560: 186,1284,868,1859,421,1635
1561: 684,1626,807,1990,1220
1562: 158,1116,1301,1466,1694,909
1563: 1818,1125,43,744,1061,685
1564: 869,402,311,458,937,1065
1565: 67,827,686,1707,1032,770
1566: 517,594,1285,978,365,885
1567: 687,1398,1826,27,896,1741
1568: 1507,159,1934,656,1431,1475
1569: 980,366,153,2,933,1495
1570: 1726,219,61,1248,160,1241
1571: 225,870,1892,60,506,2030
1572: 688,686,1021,292,2045,165
1573: 2046,1022,469,1505,161,1487
1574: 689,697,1619,189,294,1605
1575: 162,671,1630,597,1300,1522
1576: 309,1268,830,871,1809,1827
1577: 176,163,1734,1464,1477,1613
1578: 90,367,1421,222,844,720
1579: 690,1729,894,1051,1193,1984
1580: 164,899,1556,628,1394,1330
1581: 615,771,45,1962,270,691
1582: 872,195,925,1857,1656,266
1583: 789,479,1267,688,165,1137
1584: 226,297,970,1746,1945,368
1585: 102,873,1189,1378,564,1474
1586: 1885,166,434,1055,689,522
1587: 1073,692,293,168,671,1199
1588: 1981,369,988,1808,250,1851
1589: 1897,677,167,1023,1766,695
1590: 281,1479,693,1424,1134,1100
1591: 941,487,988,1254,63,1888
1592: 1435,825,874,121,1319,987
1593: 317,1277,1907,1309,1514
1594: 1419,371,1118,891,1670,1717
1595: 46,1218,573,424,918,694
1596: 1087,94,327,1974,875,1363
1597: 713,1640,420,169,107,1393
1598: 372,1437,992,224
1599: 460,1937,876,1773,821,1324
1600: 489,337,1647,170,508,1414
1601: 771,45,1229,1183,1037,695
1602: 427,239,1847,171,1428,558
1603: 976,696,1957,805,1211,1251
1604: 1014,381,2033,345,1687,172
1605: 554,97,294,1470,697,1574
1606: 1759,13,750,173,1017,417
1607: 47,477,465,698,1410,1768
1608: 650,174,991,1964,473
1609: 955,1275,699,164,110,1911
1610: 1853,175,1373,1532,738,567
1611: 111,2042,512,700,1404,1959
1612: 848,994,1454,1755,373,1993
1613: 176,1734,1508,1577,742,141
1614: 877,1799,729,308,1112,24
1615: 2048,1823,256,777,749,177
1616: 1930,701,1736,73,1286,1148
1617: 454,962,1220,760,807,178
1618: 1913,455,448,1927,169,702
1619: 1055,689,179,697,1034,1574
1620: 703,1883,49,1200,1370,620
1621: 180,1054,1081
1622: 53,617,1212,1889,704,1429
1623: 181,1882,747,1355,494,1753
1624: 502,705,205,1688,2022,1832
1625: 182,651,788,1145,35,1463
1626: 50,1203,684,706,1561,807
1627: 1185,183,235,1921,2025,799
1628: 450,973,707,89,1951,2021
1629: 567,1146,476,804,2020,184
1630: 693,708,162,1424,1522,1575
1631: 40,374,268,562,1138,1528
1632: 1215,1531,1947,709,1895,674
1633: 1309,2024,814,317,185
1634: 1919,1706,1344,710,451,707
1635: 357,1519,863,421,1560,186
1636: 1050,226,520,136,1154,1369
1637: 52,187,1638,2032,412,824
1638: 187,1637,412,712
1639: 1523,1828,2034,145,188
1640: 713,1677,1868,1597,425,1393
1641: 192,189,1152,1360,166,1758
1642: 1769,235,416,1848,1921,714
1643: 401,562,1550,1528,190,673
1644: 795,74,1288,673,1164,715,66
1645: 119,233,921,886,1765,1849
1646: 818,1676,1384,1280,375,946
1647: 717,1600,170,878,508,829
1648: 969,150,53,716,1944,1212
1649: 509,192,1710,889,1204,851
1650: 918,717,1253,694,170,1843
1651: 193,532,1382,1044,963,6
1652: 92,669,1347,718,453,1454
1653: 798,366,194,1182,1292,1397
1654: 719,239,12,1861,1173,558
1655: 767,879,820,1176,66,1288
1656: 195,1163,866,99,1857,1582
1657: 274,1925,720,454,1793,760
1658: 1703,196,460,243,2011,876
1659: 887,44,1181,376,1001,611
1660: 1365,1664,197,1946,464,997
1661: 901,111,2042,1774,18,880
1662: 768,721,405,171,1428,315
1663: 1004,2013,506,2030,1996,377
1664: 881,1660,1365,1999,997,1872
1665: 585,198,365,1097,599,723
1666: 682,646,1006,447,1797,378
1667: 722,55,1219,1064,1678,526
1668: 882,841,1411,651,1145,1371
1669: 248,723,1804,1216,54,1097
1670: 891,199,831,1337,925,371,1594
1671: 510,2038,832,883,1963,1367,328
1672: 426,1870,985,1192,1171,1975
1673: 423,1169,724,231,399
1674: 1139,1080,201,269,1700
1675: 47,426,1870,635,725,1972
1676: 884,1850,1646,104,1384,1280
1677: 713,1640,379,2023,1009,1868
1678: 722,1667,55,726,1995,1489
1679: 1326,20,590,1067,202,553
1680: 21,198,330,885,1252,1374
1681: 203,1013,249,2031
1682: 727,1806
1683: 1087,380,875,1062,2029,533
1684: 144,728,1389,867,300,194
1685: 1694,105,204,909,443,1824
1686: 740,1842,413,1224,729,103
1687: 381,246,345,26,1430,1604
1688: 205,1834,1312,1624,1832,914
1689: 969,845,886,511,1771,1536
1690: 730,1728,1933,754,1880,458
1691: 461,737,1939,920,206,495
1692: 1820,470,2039,382,1958,1887
1693: 1250,305,1805,173,731,766
1694: 887,105,1685,909,1562,1116
1695: 923,745,1539,904,1785,207
1696: 35,1463,1750,383,1113,1162
1697: 504,457,927,1931,208,1860
1698: 341,459,732,595,1289,413
1699: 1865,930,209
1700: 1674,201,269,733,898,1234,1752
1701: 343,797,1874,1298,210,315
1702: 734,1943,463,57,1069,1232
1703: 196,876,1658,566,1819,211
1704: 174,916,735,773,1047,1321
1705: 888,1999,997,1784,330,1374
1706: 1919,901,1886,1634,1774,451
1707: 384,1329,1032,827,1308,1565
1708: 1937,736,1293,857,256,474
1709: 1012,2029,981,1896,213,705
1710: 2036,1649,509,889,977,512
1711: 30,737,1237,1740,1938,966
1712: 1900,1015,893,1310,1725,214
1713: 890,1174,1214,572,1390,106
1714: 444,156,385,1555,643,1525
1715: 215,2010,1469,496,1821,949
1716: 738,781,359,1196,1088,947
1717: 891,1407,1721,238,1118,1594
1718: 950,1890,1529,102,216,1189
1719: 2048,1024,1361,386,552,1154
1720: 217,998,251,1810,1898
1721: 892,1407,1717,995,1778,238
1722: 461,302,1939,739,721,638
1723: 144,1266,387
1724: 218,5,1912,1041
1725: 808,947,1900,601,1310,1712
1726: 219,358,61,516,1570,285
1727: 228,974,1354,388,1314,603
1728: 730,740,779,1690,1933,1842
1729: 438,1579,894,8,1051,1490,1524
1730: 1544,678,41,389,1862,1379
1731: 360,220,1987,1771,1944,236
1732: 1016,2037
1733: 2002,221,1926,1909,976,446
1734: 163,1577,1613,1540,742,1533
1735: 390,1468,1788,1506,859,1066
1736: 1616,1930,1793,760,73,222
1737: 280,895,632,1130,1403,200
1738: 964,656,370,846,331,223
1739: 391,318,817
1740: 737,1711,992,206,224,1938
1741: 336,896,1121,1409,1567,27
1742: 1349,743,325,580,1147,1295,1230
1743: 392,471,769,960,1028,1296
1744: 225,60,1243,480,968,1942
1745: 873,744,409,1835,1378,1238
1746: 226,970,1369,1584,866,99
1747: 299,12,1096,897,1070,1226
1748: 29,837,1385,1527,1127,227
1749: 745,1077,14,307,758,1259
1750: 383,393,1090,1113,1696,542
1751: 746,1941,1144,251,1016
1752: 568,898,1899,269,1700,1198
1753: 527,1882,747,1068,1623,260
1754: 714,603,452,247,1802,228
1755: 1946,373,1612,1993,272,748
1756: 1019,2043,977,1980,889,229
1757: 57,749,1069,1396,1984,690
1758: 230,1885,166,979,1152,1641
1759: 1074,1606,13,750
1760: 118,231,945,1213,1967
1761: 751,1248,931,488,581,1240
1762: 983,82,148,1825,1846,232
1763: 110,899,188,596,1402
1764: 394,743,580,1110,23,1422
1765: 1171,1975,1375,1849,233,1645
1766: 333,900,167,1589,695
1767: 1311,1811,905,1406,1279,234
1768: 465,1410,1607,113,1242,752
1769: 1983,989,235,1642,416,16
1770: 1085,753,1406,335
1771: 360,1731,1536,969,1944,1689
1772: 395,625,1480
1773: 1599,876,211,1880,754,1324
1774: 1093,18,451,1661,1706,901
1775: 826,237,993,618,1991,1362
1776: 501,854,184,396,1903,687
1777: 1491,902,1837,1918,588,956
1778: 722,1995,995,1721,616,238
1779: 397,1332,1351,834,1247,551
1780: 261,531,518,334,903,733
1781: 1816,237,253,2044,755,816
1782: 681,398,654,1471,42,1893,672
1783: 864,1227,756,63,1888
1784: 888,1999,719,427,239,1705
1785: 904,745,1695,1943,463,1259
1786: 628,399,1169,2017,682,1006
1787: 907,757,116,1104,1420,1448
1788: 240,390,1468,999,1735,129
1789: 307,758,1338,88,961,1205
1790: 488,123,1446,1867,241,1994,1915
1791: 836,468,1486,653,1380,351
1792: 242,351,432,951,1881,1486,1908
1793: 1736,760,222,1657,720
1794: 441,568,1899,1166,556,243
1795: 911,1414,64,337,1257,761
1796: 350,244,801,1516,356,1005
1797: 646,1956,762,1548,1666,1149,378
1798: 696,2019,245,1007,2044,755
1799: 877,763,1518,1614,1264,308
1800: 246,1008,1430,1344,710
1801: 519,1046,1052,764
1802: 1059,247,1754,228,32,1135
1803: 815,179,765,39,668,1512
1804: 274,1925,248,723,1106,1669
1805: 1250,1693,36,1150,766
1806: 1682,727,249,763,1264
1807: 535,262,767,879,279,1092
1808: 1981,846,1588,250,893,1440
1809: 1268,1576,1827,739,768,806
1810: 998,251,2001,1720,1545,2037
1811: 753,852,905,1478,1406,1767
1812: 400,539,647,406,1105,1909
1813: 252,848,994
1814: 203,906,289,1499,1013,776
1815: 347,950,1890,1460,401,1184
1816: 1781,237,816,1270,80,320
1817: 907,1420,113,1410,1836,915
1818: 1022,254,1125,1563,1175,43
1819: 566,211,402,1194,937,1703
1820: 1692,1958,1887,255,435,1498
1821: 1902,949,908,838,1715,496
1822: 1491,410,403,661,280,632
1823: 96,2048,1024,857,256,1615
1824: 443,396,549,1903,1685,909
1825: 1316,404,1846,1299,1762,82
1826: 443,1903,687,1398,1567,910
1827: 1576,1228,871,1809,768,405
1828: 911,1523,508,1639,2034,1414
1829: 446,1957,2019,539,406,1236
1830: 1416,912,1056,1028,1296
1831: 407,1982,581,811,1240,1427
1832: 705,913,1834,1624,1688,213
1833: 161,1274,1303,408,316,584
1834: 913,1688,1832,914,133,1482
1835: 932,1745,409,1238,1974,478
1836: 915,98,1366,113,1410,1817
1837: 1491,649,902,410,1206,1777
1838: 162,597,411,996,33,637
1839: 650,174,642,916,117,1456
1840: 412,593,1306
1841: 1327,536,917,828,1095,1426
1842: 740,779,1728,1289,1686,413
1843: 1929,456,1401,918,717,1650
1844: 414,591,525,545,1061,1273
1845: 530,1488,91,919,1079,340
1846: 1825,404,415,1214,232,1762
1847: 427,1872,1602,920,638,1428,461
1848: 1642,1855,416,1314,714,603
1849: 1765,511,1375,2040,886,1645
1850: 884,104,417,1676,1322,606
1851: 1977,607,369,1588,250,922
1852: 1270,1342,1353,80,418,1323
1853: 923,175,151,1077,1373,1610
1854: 716,419,236,1327,1348,613
1855: 1433,1153,416,1314,1848,924
1856: 615,420,691,713,379,1352
1857: 866,925,1546,1582,1656,831
1858: 1435,874,926,792,1148,701
1859: 618,868,972,1127,421,1560
1860: 208,1325,1461,504,1697,127
1861: 928,12,1070,1654,1177,1173
1862: 422,1156,389,1730,623,1379
1863: 252,2041,929
1864: 1394,1330,399,423,878,829
1865: 1699,930,772
1866: 803,1185,1201,1218,799,424
1867: 215,931,2010,488,123,1790
1868: 1640,1677,1009,1945,425,342
1869: 932,586,409,1256,344,605
1870: 47,426,698,1192,1672,1675
1871: 933,124,575,1453,1271,1225
1872: 1999,427,1847,881,920,1664
1873: 642,916,675,735,1436,1538
1874: 343,934,582,576,1701,210
1875: 560,1517,429,542,1443,1113
1876: 935,1451,1920,26,323,1119
1877: 759,648,430,1200,1137,789
1878: 1020,125,2044,936,1455,245
1879: 650,1456,473,431,48,1195
1880: 211,458,937,1690,754,1773
1881: 242,351,1002,432,1510,1792,667
1882: 833,938,1355,1068,1623,1753
1883: 1620,703,1976,1063,620,433
1884: 271,544,939,499,1120,602
1885: 166,434,979,1758,1586,1071
1886: 1919,940,1706,901,843,212
1887: 1692,1820,382,1359,855,435
1888: 1783,756,63,127,941,1591
1889: 2009,436,241,704,617,1622
1890: 950,942,1460,1529,1815,1718
1891: 669,1515,437
1892: 462,943,870,1571,1465,506
1893: 438,711,1524,672,398,1782
1894: 657,1122,348,1477,944,278
1895: 439,674,1094,1632,709,782
1896: 981,1967,1709,502,705,945
1897: 677,167,1150,1589,440,1542
1898: 217,349,998,1720,952,946
1899: 441,568,301,1794,898,1752
1900: 947,1712,1725,214,967,359
1901: 442,712,1990,187,1209
1902: 1821,948,908,838,1392,1476
1903: 443,396,687,1826,1824,1776
1904: 949,1380,1335,653,1000,1469
1905: 244,801,444,1051,1111,1193
1906: 1184,268,1189,950,1076,564
1907: 1593,1277,168,708,1522
1908: 49,1486,351,951,1792,1370
1909: 960,1105,1733,1926,539,1812,446
1910: 314,1983,793,1153,952,1291
1911: 164,1556,447,1609,699,1142
1912: 353,5,1500,218,1724,953
1913: 1618,448,169,472,663,420
1914: 559,352,954,614,267,1350
1915: 191,1994,449,704,1790,241
1916: 955,1072,699,34,353,5
1917: 321,1093,397,450,973,1332
1918: 1491,1777,956,219,661,160
1919: 612,1706,212,1886,1344,1634
1920: 957,354,1339,935,1876,323
1921: 714,452,2025,235,1642,1627
1922: 957,958,1964,473,220,1339
1923: 1515,453,54,2027,248,1011
1924: 348,944,7,959,917,1095
1925: 274,248,1011,1657,1804,454
1926: 2002,492,1733,769,960,1909
1927: 726,1995,1618,455,702,995
1928: 501,854,1485,1368,961,1205
1929: 1843,118,456,724,1401,1425
1930: 1208,1616,962,701,1736,760
1931: 457,1697,727,1264,308,208
1932: 1044,258,90,1519,963,1343
1933: 740,1728,1690,56,311,458
1934: 964,1507,656,1165,666,1568
1935: 459,621,595,1968,151,1373
1936: 965,751,1438,931,2010,496
1937: 1599,460,736,1708,821,1293
1938: 224,966,1711,1740
1939: 1722,1691,461,737,1237,302
1940: 341,459,214,621,967,2035
1941: 462,746,870,1751,741,1016
1942: 46,968,573,1186,225,1744
1943: 734,1702,463,904,1408,1785,1966
1944: 969,716,236,1648,1731,1771
1945: 1009,1868,368,970,1584,342
1946: 1755,1993,464,197,748,1660
1947: 1215,971,1531,1547,1632
1948: 1403,465,698,200,1192,1188
1949: 618,384,972,1329,1362
1950: 1462,816,1168,466,1007,755
1951: 347,89,1460,362,973,1628
1952: 467,784,1104,1014,155,2033
1953: 1419,636,974,277,1118,1135
1954: 114,836,468,430,1412,109
1955: 1026,1039,527,513,975
1956: 646,762,1797,408,584,1445
1957: 976,696,446,1603,2019,1829
1958: 1692,1820,470,1542,255,677
1959: 977,512,481,700,1980,1611
1960: 471,1028,9,1056,546,1131
1961: 258,1343,1421,1304,978,517
1962: 472,663,771,2047,691,1581
1963: 230,979,328,1671,883
1964: 473,220,1987,1922,1608,991
1965: 980,75,1182,1225,1083,270
1966: 1408,112,1293,734,1943,777,474
1967: 557,981,1896,1760,231,945
1968: 151,1539,1078,595,1935,475
1969: 73,1286,982,819,186,1284
1970: 781,652,1146,476,1466,549
1971: 983,1328,609,608,1331
1972: 757,784,725,47,477,1675
1973: 1399,31,630,984,1361,1449,1133
1974: 1596,1238,94,327,478,59,1835
1975: 1171,622,1765,1375,426,1672
1976: 479,548,703,265,1063,1883,1267
1977: 986,1851,607,1381,922,1439
1978: 16,480,968,1086,314,989
1979: 2032,987,1311,824,234,825
1980: 977,481,1959,1756,794,2043
1981: 370,846,988,1254,1808,1588
1982: 482,407,581,1130,1241,1831
1983: 314,1910,989,1769,1153,416
1984: 57,483,1757,2015,1579,690,1193
1985: 85,326,990,1337,1419,371
1986: 849,296,631,803,1213,484
1987: 1964,613,220,1731,236,991
1988: 905,1478,2018,485,1455,500
1989: 992,122,206,495,2008,1437
1990: 442,1901,1209,486,1220,1561
1991: 618,868,993,1775,2004,505
1992: 370,487,1254,964,1042,1165
1993: 1018,994,1946,1755,1612,464
1994: 811,1240,449,1915,488,1790
1995: 726,1927,995,722,1678,1778
1996: 2013,1663,64,489,377,337
1997: 131,1076,411,591,374,996
1998: 71,786,1265,490,1276,140
1999: 427,997,1872,1705,1784,1664
2000: 491,1467,120,1219,818,1280
2001: 998,375,1810,563,1545,154
2002: 1210,774,221,492,1733,1926
2003: 138,645,1443,390,999,1246
2004: 493,2028,993,1991,505,819
2005: 215,667,123,1000,1446,1469
2006: 747,494,1497,1334,304,1246
2007: 422,785,376,1001,623,93
2008: 881,122,495,1365,1989,835
2009: 1002,1510,1357,1889,436,617
2010: 215,931,1715,1867,496,1936
2011: 556,460,243,736,1658,1003
2012: 329,497,1132,1371,610,1390
2013: 128,1004,1663,64,1996
2014: 498,1399,1552,1166,847,1449
2015: 1395,1005,483,1984,1193,801
2016: 1010,1459,1458,939,499,1502
2017: 291,557,679,1169,1786,1006
2018: 1311,1988,905,825,500,1319
2019: 696,1957,1798,1829,1236,1007
2020: 501,184,804,1629,758,1205
2021: 89,1341,1008,710,1628,707
2022: 502,205,858,1624,296,484
2023: 1060,68,1677,775,379,1009
2024: 503,1309,275,1633,861,185
2025: 1921,452,1010,1459,1627,183
2026: 504,927,1530
2027: 437,706,178,1011,1515,1923
2028: 1435,493,121,2004,792,819
2029: 1062,1012,1709,213,533,1683
2030: 506,1663,225,1571,1186,377
2031: 763,1170,1518,249,1681,1013
2032: 507,52,1637,1979,987,824
2033: 1014,381,155,639,1604,1952
2034: 508,1639,1828,829,188,1330
2035: 341,922,1940,214,1439,1015
2036: 509,1710,880,583,2042,512
2037: 1545,251,1810,1732,1016
2038: 510,74,1671,1288,1367,1176
2039: 1692,731,1017,470,382,606
2040: 28,511,1124,1375,1504,1849
2041: 122,835,1018,252,1863,929
2042: 111,512,1611,1661,2036,880
2043: 1756,1019,383,794,1162,1980
2044: 1020,1878,1781,253,755,1798,245
2045: 1572,611,418,1021,292,44
2046: 1573,1022,1125,545,135,1487
2047: 663,771,1962,255,1037,1023,1498
2048: 1719,1024,1823,1615,177,552