0: 848,517,269,104,298,704
2: 338,557,108,650,968,457
3: 577,219,899,978,569,478
4: 910,410,845,180,633,749
5: 915,653,922,414,61,951
6: 119,793,944,202,674,404
7: 593,353,424,887,147
8: 59,952,798,177,679
9: 371,1023,446,756,967,970
10: 680,380,980
11: 317,384,747,754,662,691
12: 434,857,592,309,608,722
13: 854,178,811,389,628,708
14: 1001,518,764,900,254,360
15: 1008,139,772,725,914,330
16: 583,460,20,203,525,672
17: 286,112,602,604,528,898
18: 863,183,611,142,512,774
19: 903,537,62,665,699,422
20: 984,16,203,672,301,522
21: 867,594,707,433,111,352
22: 682,414,962,828,253,368
23: 461,508,982,694,27,155
24: 850,444,448,534,999,651
25: 934,1004,209,757,814,315
26: 267,662,187,530
27: 182,694,938,870,982,23
28: 318,832,57,476,961,429
29: 937,311,159,837,320,229
30: 848,784,646,839,840,881
31: 708,544,351,763,279,462
32: 720,991,303,748
33: 270,367,906,516,808,769
34: 489,163,745,853,325,339
35: 357,619,380,935,882,417
36: 852,473,632,152,403,574
37: 637,615,824,310,381,363
38: 825,171,1003,690,382,546
39: 245,90,1024,393,796,813
40: 830,877,472
41: 1000,813,673,842,558,880
42: 908,512,510,356,834,369,954
43: 674,765,454,119,343,917
44: 963,132,398,804,595
45: 709,346,335,345,224,535,987
46: 812,289,520,477,614,523
47: 146,608,402,581,340,592
48: 425,610,399,690,933,313
49: 660,322,196,597,676,373
50: 712,977,786,283,555,1011
51: 138,580,727,450,759,260
52: 487,499,807,993,972,750
53: 885,438,856,607,168,332
54: 74,897,823
55: 805,301,568,919,773,437
56: 876,626,479,621,671,91
57: 28,988,832,961,798
58: 658,869,227,920,843,169,636
59: 378,952,177,8,855,806
60: 316,872,273,331,421,758
61: 915,922,226,5,640,532
62: 371,487,499,19,537,422
63: 385,120,924,494,575
64: 586,731,529,161,653,951
65: 489,964,669,98,585
66: 446,199,1020,736,756,668
67: 589,670,696,121,609,347
68: 891,938,486,927
69: 359,789,473,152,326,932
70: 889,441,509,402,297,945,581
71: 434,208,746,225,928,698
72: 439,629,443,767,309,722
73: 720,303,925,302,358,760
74: 54,823,188,985,319
75: 1006,172,994,750,416,451
76: 822,214,723,160,485,549
77: 613,908,834,719,617,791
78: 734,272,688,890
79: 166,864,241
80: 210,490,850,666,534,634
81: 268,921,883,654,973,650
82: 197,958,388,861,612
83: 892,527
84: 396,918,752,1015,540,140
85: 215,239,970,446,1020,538
86: 992,379,448,811,547,821
87: 219,420,553,989,465,664
88: 603,944,202,542,700,293
89: 248,826,780,971,407,556
90: 245,39,627,410,145,796
91: 365,981,671,876,56,540
92: 503,212,791,678,570,617
93: 940,863,369,510,386,713
94: 103,243,312,948,1022,703
95: 419,432,825,969,382,647
96: 524,946
97: 392,905,596,902,259,701
98: 65,669,585,618,153,195,1021
99: 524,445,685,739,737
100: 505,449,785,220,427,830
101: 544,536,732,199,896,263
102: 780,971,810,458,920,591,675
103: 498,312,997,94,930,1022
104: 517,0,338,933,704,148,399
105: 879,333,915,640,241
106: 389,729,779,788,854,543
107: 819,157,336,937,865,561
108: 2,338,844,557,933,313
109: 483,847,836,143,714,728
110: 891,870,450,260,787,657
111: 639,769,352,433,21,516
112: 655,286,17,898,327,718
113: 401,913,126,133,350,554
114: 828,931,841,731,271,253
115: 730,289,358,520,760,936
116: 874,535,345,136,686,515
117: 560,355,251,919,466,173
118: 314,196,978,597,577,158
119: 944,6,652,343,674,43
120: 898,385,63,718,924,738,370
121: 721,213,151,609,67,670
122: 322,314,196,362,308,778
123: 305,751,815,1019,916,781
124: 310,589,911,670,381
125: 172,816,659,348,782,953
126: 619,998,882,401,113,554
127: 167,565,562,298,406,563
128: 573,755,842,280,567,184
129: 866,861,612,605,170
130: 149,788,366,331,643,758
131: 248,943,631,431,801,676
132: 266,963,44,550,398,679
133: 755,350,113,391,554,280
134: 849,832,907,481,191
135: 866,272
136: 591,675,686,116,502,515
137: 720,748,925,693,495,299
138: 727,450,51,927
139: 222,1008,181,285,15,772
140: 797,566,540,396,84,365
141: 523,384,614,747,496
142: 257,684,578,611,183,18
143: 853,483,109,714,521,325
144: 494,536,601,575,871,896
145: 890,513,796,846,627,90
146: 799,818,608,47,663,402
147: 983,887,7,424
148: 1012,704,432,104,399,623
149: 130,729,788,206,624,643
150: 594,236,761,860,352,603
151: 213,667,121,397,609,223
152: 359,36,473,632,69,726
153: 893,186,390,618,98,195
154: 689,504,957,423
155: 735,996,982,192,23,461
156: 732,833,531,539,263,361
157: 249,107,611,865,561,578
158: 577,364,497,118,635,597
159: 305,751,837,649,320,29
160: 711,858,541,485,822,76
161: 529,344,731,271,64
162: 730,358,991,303
163: 283,489,964,34,1011,339
164: 997,947,200,855,806,394
165: 521,325,339,917,1014,1002
166: 79,864,241,549,469,485
167: 637,827,615,565,127,563
168: 607,885,53,409,274
169: 636,826,780,920,843,58
170: 688,501,605,513,129
171: 38,1003,315,209,546,894,992
172: 1006,994,816,75,659,125
173: 491,466,1004,560,790,117
174: 990,979,460,203,857,698
175: 965,246,703,950,844,459
176: 403,564,638,584,453
177: 59,378,8,266,743,679
178: 13,448,811,651,708,763
179: 787,508,217,657,470,733
180: 845,395,4,412,749
181: 222,139,835,772,576,696
182: 715,938,27,982,564,976
183: 863,1007,18,941,142,684
184: 1000,128,842,249,567
185: 776,449,428,600,1010
186: 893,153,648,587,482,195
187: 267,26,530,766,995,1010
188: 74,823,888,244,782,319
189: 965,792,950,425,757,814
190: 874,281,895,613,695,838
191: 946,442,907,849,134
192: 982,329,976,155,552,996
193: 302,783,989,966,291,465
194: 479,353,211,572,1005,626
195: 1009,1021,98,153,186,482
196: 322,314,118,122,49,597
197: 388,82,998,612,511,452
198: 433,411,455,488,644,707
199: 66,736,896,101,263,668
200: 164,997,930,231,394,818
201: 265,868,926,495,582
202: 88,296,793,944,6,542
203: 984,16,990,174,460,20
204: 349,277,957,986
205: 712,766,259,995,786,942
206: 149,624,971,458,643,556
207: 210,490,599,647,1008,285
208: 71,746,698,916,979,426
209: 934,25,821,171,315,992
210: 80,490,850,207,599,295
211: 194,353,697,572,545
212: 503,224,92,987,571,678
213: 721,667,121,151
214: 677,723,76,549,606,717
215: 85,918,239,903,970,537
216: 709,872,335,522,620,672
217: 480,233,912,179,508,733
218: 492,702,853,878,714,745
219: 3,420,87,899,553,478
220: 785,100,701,929,427,902
221: 415,771,273,331,740,366
222: 139,181,285,835,969,307
223: 151,397,609,514,886,342
224: 503,212,895,535,987,45,346
225: 71,434,928,340,592,1018
226: 922,61,275,955,551,532
227: 658,58,875,579,262,636
228: 666,738,370,634,376,528
229: 436,741,837,819,937,29
230: 240,484,827,565
231: 767,799,724,818,930,200
232: 431,833,777,407,531,706
233: 480,912,217,956,815,781
234: 829,733,913,480,334,642
235: 308,878,728,314,978,569
236: 150,413,594,588,761,548
237: 293,652,800,639,860,622
238: 739,290,445,705,654,762
239: 85,215,918,752,360,538
240: 820,484,1017,230
241: 166,79,105,640,469
242: 507,839,820,1017,881
243: 312,94,768,598,948,883
244: 888,960,323,823,656,188
245: 910,39,410,949,90,1024
246: 965,1022,175,324,703,851
247: 739,467,737,290,901,840
248: 826,89,131,631,431,407
249: 157,567,865,1000,578,184
250: 852,789,473,354,889,441
251: 805,919,802,355,975,117
252: 867,817,413,954,405,356
253: 828,114,731,653,414,22
254: 464,900,1015,14,752,360
255: 674,905,596,454,404,282
256: 700,873,475,761,710,548
257: 142,1000,684,430,578,673
258: 571,436,678,526,683,741
259: 205,786,97,392,701,942
260: 580,450,51,110,742,657
261: 979,460,525,426,526,683
262: 636,943,631,579,227,362
263: 361,668,101,156,732,199
264: 804,595,907,481
265: 985,201,926
266: 550,132,932,743,679,177
267: 26,187,600,1010
268: 429,598,883,654,81,762
269: 848,646,0,400,562,298
270: 658,474,367,33,906,875
271: 114,841,731,633,344,749,161
272: 734,78,135,688
273: 221,331,740,60,872,620
274: 409,168,885,593,697
275: 922,682,226,873,475,955
276: 571,683,583,525,346,987
277: 986,775,960,349,204,656
278: 822,929,902,723,282,905
279: 777,462,435,628,708,31
280: 842,880,391,128,755,133
281: 503,190,895,791,613,838
282: 822,278,858,255,905,404
283: 489,964,163,555,1011,50
284: 420,993,972,899,497,1016
285: 222,1008,139,969,207,647
286: 655,438,856,112,17,604
287: 692,586,529
288: 800,808,622,506,483,521,1014
289: 939,812,730,46,115,520
290: 739,467,238,247,921,654
291: 465,587,936,193,302,760
292: 765,590,1002,1011,977
293: 652,237,860,88,603,944
294: 866,861
295: 210,850,599,546,894,444
296: 955,793,202,542,711,551
297: 945,552,383,862,441,70
298: 406,704,562,269,0,127
299: 495,582,994,659,693,137
300: 975,324,498,724,629,802
301: 568,55,984,20,437,522
302: 193,966,291,73,925,760
303: 720,991,32,73,358,162
304: 846,909,1013
305: 751,123,1019,159,809,916,837
306: 888,665,566,323,699,348
307: 419,645,661,222,835,969
308: 847,235,778,728,314,122
309: 767,799,608,722,12,72
310: 124,381,824,37
311: 937,567,29,865,573,320
312: 103,243,997,94,947,768
313: 950,844,933,108,425,48
314: 118,196,122,978,235,308
315: 610,171,1003,25,209,757
316: 60,872,335,345,421,686
317: 11,754,1021,377,669,691
318: 28,849,705,832,429,762
319: 985,926,953,782,74,188
320: 573,794,649,159,311,29
321: 961,952,855,476,947,768
322: 196,122,362,49,676,943
323: 888,960,797,566,244,306
324: 246,975,1022,851,300,498
325: 521,165,339,853,143,34
326: 527,550,932,892,359,69
327: 904,718,518,655,572,112
328: 940,941,641,962,828,931
329: 862,638,574,976,192,552
330: 725,886,347,15,772
331: 221,273,60,130,366,758
332: 770,607,397,514,53,856
333: 692,879,586,105,915,951
334: 794,649,350,642,234,913
335: 45,709,316,872,216,345
336: 819,107,561,570,719,617
337: 712,995,377,555,530,691
338: 2,933,108,517,968,104
339: 325,165,1002,163,34,1011
340: 225,592,687,581,1018,47
341: 764,372,1020,538,871,736
342: 725,602,514,604,886,223
343: 917,1014,652,622,119,43
344: 412,529,749,161,271
345: 45,316,335,535,116,686
346: 45,709,583,276,224,987
347: 330,886,67,696,772,609
348: 888,306,699,782,816,125
349: 533,204,277,897,656
350: 334,794,755,133,913,113
351: 544,31,536,456,601,763
352: 111,639,860,150,594,21
353: 7,194,479,593,211,424,697
354: 616,889,743,789,250,378
355: 975,851,792,251,466,117
356: 908,405,42,252,954
357: 35,958,619,388,380,980
358: 730,162,115,760,303,73
359: 152,69,892,744,726,326
360: 239,752,14,764,538,254
361: 539,263,408,519,668,156
362: 322,122,262,943,579,778
363: 576,381,615,37,661,835
364: 158,972,497,635,959,807
365: 981,775,91,540,797,140
366: 130,779,788,221,771,331
367: 270,658,33,516,869,644
368: 873,386,710,962,682,22
369: 863,93,512,510,42
370: 924,666,228,738,884,120
371: 9,62,499,1023,970,537
372: 764,341,575,871,385,1001
373: 539,408,801,660,49,676
374: 606,864
375: 630,507,685,737,901
376: 725,602,914,528,228,634
377: 964,555,669,337,317,691
378: 59,177,806,743,354,681,616
379: 854,543,86,811,821,625
380: 680,10,980,935,35,357
381: 576,310,589,124,363,37
382: 599,647,546,95,825,38
383: 297,945,687,831,552,996
384: 11,614,1009,747,754,141
385: 63,120,1001,718,518,575,372
386: 368,713,710,940,93,962
387: 923,911,721
388: 197,357,958,619,82,998
389: 106,435,729,628,854,13
390: 974,553,618,893,153,664
391: 753,880,452,554,280,133
392: 97,590,596,977,259,786
393: 501,796,558,716,813,39
394: 818,806,663,681,164,200
395: 909,845,1013,180
396: 918,84,903,665,566,140
397: 667,151,223,514,770,332
398: 44,132,679,595,988,798
399: 48,623,690,104,933,148
400: 484,1017,881,562,269,646
401: 882,829,559,913,113,126
402: 663,509,70,945,581,146,47
403: 176,638,574,584,36,632
404: 674,255,793,6,858,282
405: 613,908,356,838,817,252
406: 298,1012,645,563,704,127
407: 232,431,706,556,248,89
408: 539,803,373,361,519,660
409: 274,168
410: 910,245,4,627,90,845
411: 502,198,695,455,488,515
412: 344,749,180
413: 867,252,594,236,954,588
414: 653,922,682,5,22,253
415: 221,560,790,771,773,740
416: 783,451,1016,993,750,75
417: 742,882,559,580,935,35
418: 463,931,500,949,1007,641
419: 1012,95,645,307,432,969
420: 219,284,87,899,989,1016
421: 810,675,686,758,316,60
422: 1006,816,19,62,487,699
423: 957,986,981,671,154,504
424: 7,479,353,983,147,621
425: 48,610,950,313,189,757
426: 526,208,809,916,979,261
427: 929,677,472,100,220,830
428: 449,185,785,942,766,1010
429: 268,598,762,28,318,476
430: 257,684,500,813,673,1024
431: 232,801,407,531,248,131
432: 419,1012,95,148,825,623
433: 198,644,21,707,516,111
434: 71,12,225,857,592,698
435: 389,729,628,624,279,777,706
436: 229,258,526,741,809,837
437: 773,740,301,55,522,620
438: 885,655,53,286,856,545
439: 72,805,568,629,443,802
440: 831,1018,735,956,928,468
441: 889,70,852,250,862,297
442: 524,946,445,191,849,705
443: 72,439,568,722,984,990
444: 850,295,894,24,448,547
445: 524,442,99,705,739,238
446: 66,1020,756,85,970,9
447: 790,771,491,625,543,779
448: 178,86,811,547,444,24,651
449: 776,505,185,785,100,428
450: 138,51,260,927,891,110
451: 783,416,966,693,994,75
452: 753,391,511,554,197,998
453: 176,564,715
454: 674,765,590,255,596,43
455: 502,411,198,843,644,869
456: 651,493,351,601,763,999
457: 784,968,467,921,650,2
458: 780,971,810,102,643,206
459: 844,557,948,973,175,703
460: 16,979,174,261,203,525
461: 23,912,508,956,155,735
462: 732,279,833,777,544,31
463: 931,418,841,633,910,949
464: 900,876,1015,254,1005,626
465: 291,664,587,87,193,989
466: 1004,173,814,355,792,117
467: 290,247,840,921,784,457
468: 1019,781,440,956,746,928
469: 640,541,485,532,166,241
470: 742,657,829,559,733,179
471: 680,727,759
472: 877,717,427,677,40,830
473: 36,852,789,152,69,250
474: 270,906,875,579,847,836,778
475: 700,873,256,275,955,542
476: 28,961,321,429,598,768
477: 648,482,614,46,520
478: 974,492,553,569,3,219
479: 194,353,424,56,626,621
480: 233,217,234,733,815,642
481: 264,595,907,988,134
482: 477,648,186,195,614,1009
483: 836,143,109,506,288,521
484: 240,1017,400,230,562,565
485: 469,541,160,166,549,76
486: 68,715,938
487: 52,62,499,422,1006,750
488: 411,198,695,838,817,707
489: 283,65,964,163,585,34,745
490: 210,80,207,1008,914,634
491: 934,1004,173,625,447,790
492: 218,974,569,702,478,878
493: 494,456,601,924,884,999
494: 144,493,601,924,63,575
495: 868,201,582,299,748,137
496: 747,795,141
497: 577,284,158,972,899,364
498: 103,930,724,1022,324,300
499: 52,62,371,487,807,1023
500: 684,430,949,1024,1007,418
501: 393,605,170,513,796,716
502: 411,843,455,515,136,591
503: 212,224,92,281,895,791,987
504: 689,983,154,621,423,671
505: 776,449,100,830
506: 906,288,808,483,836,521
507: 242,375,901,839
508: 23,461,787,912,179,217,694
509: 663,681,616,889,70,402
510: 42,93,369,954,588,713
511: 753,452,716,197,612,605
512: 42,774,834,863,18,369
513: 688,501,170,890,145,796
514: 604,342,397,223,332,856
515: 502,411,695,874,116,136
516: 367,33,433,644,111,769
517: 848,0,968,104,338
518: 385,904,327,1001,718,14,900
519: 803,408,756,361,967,668
520: 289,46,115,477,648,936
521: 325,165,1014,506,288,483,143
522: 216,620,301,20,672,437
523: 141,614,46
524: 96,946,445,442,99
525: 16,583,460,261,276,683
526: 426,436,258,683,809,261
527: 963,550,326,83,892
528: 602,376,228,738,17,898
529: 344,161,287,586,64
530: 26,662,187,691,995,337
531: 232,156,431,801,833,539
532: 640,469,541,551,226,61
533: 349,897
534: 666,884,999,80,850,24
535: 224,874,895,116,45,345
536: 144,544,351,101,601,896
537: 19,215,903,970,62,371
538: 764,341,1020,85,239,360
539: 408,373,361,156,801,531
540: 876,1015,84,365,91,140
541: 711,469,551,160,485,532
542: 88,955,296,202,700,475
543: 854,379,625,447,106,779
544: 351,101,31,536,732,462
545: 885,655,572,438,211,697
546: 382,599,295,894,171,38
547: 992,448,86,811,894,444
548: 713,256,761,710,236,588
549: 166,864,485,214,76,606
550: 266,527,963,132,326,932
551: 711,541,532,226,955,296
552: 297,996,383,862,329,192
553: 974,390,478,219,87,664
554: 391,452,113,126,998,133
555: 283,377,964,712,50,337
556: 407,706,206,624,971,89
557: 2,844,459,108,973,650
558: 753,880,716,393,41,813
559: 742,470,882,829,417,401
560: 415,790,117,773,919,173
561: 157,336,107,611,774,719
562: 484,400,269,565,127,298
563: 406,645,661,167,615,127
564: 176,638,976,453,182,715
565: 167,827,127,484,230,562
566: 665,797,323,140,306,396
567: 249,311,865,128,573,184
568: 439,805,301,443,55,984
569: 492,478,978,235,878,3
570: 678,741,819,336,92,617
571: 276,678,258,683,212,987
572: 655,545,904,327,194,211,1005
573: 128,794,755,320,311,567
574: 403,862,638,329,36,852
575: 372,871,144,494,385,63
576: 589,696,381,363,181,835
577: 3,158,899,497,118,978
578: 142,1000,257,157,249,611
579: 474,875,227,262,362,778
580: 51,759,260,935,742,417
581: 945,687,70,402,47,340
582: 201,926,495,953,299,659
583: 16,525,672,276,709,346
584: 632,403,176
585: 65,489,98,745,702,618
586: 692,287,333,64,529,951
587: 291,893,465,664,648,186,936
588: 413,236,954,510,713,548
589: 576,67,124,670,696,381
590: 765,392,596,454,292,977
591: 136,102,920,675,502,843
592: 434,12,225,340,608,47
593: 7,353,697,887,274
594: 867,150,413,236,21,352
595: 804,264,481,44,398,988
596: 97,392,590,255,905,454
597: 660,118,196,49,635,158
598: 268,429,883,476,243,768
599: 210,382,207,647,546,295
600: 1010,185,267
601: 144,493,494,351,536,456
602: 725,376,604,342,528,17
603: 88,150,700,761,293,860
604: 602,514,342,286,856,17
605: 501,170,612,129,511,716
606: 717,374,864,549,214
607: 770,168,332,53
608: 146,799,309,47,12,592
609: 121,151,223,67,886,347
610: 425,48,1003,690,315,757
611: 157,561,142,578,774,18
612: 861,129,197,82,511,605
613: 908,405,77,190,281,791,838
614: 384,1009,477,482,46,523,141
615: 637,167,37,661,563,363
616: 354,681,889,509,378
617: 77,719,570,336,92,791
618: 974,702,390,98,585,153
619: 35,357,126,388,998,882
620: 872,216,522,273,437,740
621: 983,504,479,424,56,671
622: 652,800,288,237,343,1014
623: 825,399,690,148,432
624: 435,729,149,206,706,556
625: 934,491,821,447,379,543
626: 464,876,56,1005,194,479
627: 410,90,145,846,845,1013
628: 389,435,729,13,708,279
629: 72,439,802,767,724,300
630: 375,685
631: 262,248,636,943,826,131
632: 36,152,726,584,403
633: 463,841,271,910,4,749
634: 666,228,80,490,914,376
635: 660,597,803,959,158,364
636: 262,169,826,631,58,227
637: 167,827,615,824,37
638: 403,176,564,329,574,976
639: 111,800,237,860,769,352
640: 469,532,915,61,105,241
641: 328,1007,941,828,931,418
642: 334,649,480,234,751,815
643: 810,458,758,130,149,206
644: 433,198,455,367,516,869
645: 406,419,1012,661,307,563
646: 848,269,30,881,400
647: 382,207,599,95,285,969
648: 477,186,587,936,482,520
649: 334,794,320,642,751,159
650: 921,81,973,457,2,557
651: 456,763,24,448,178,999
652: 293,237,622,119,944,343
653: 414,5,951,731,253,64
654: 268,921,81,762,238,290
655: 572,438,286,545,112,327
656: 897,823,277,960,244,349
657: 742,470,110,260,787,179
658: 270,367,58,875,869,227
659: 172,994,125,582,953,299
660: 49,635,597,803,408,373
661: 645,307,563,615,363,835
662: 795,26,530,691,11
663: 681,509,402,394,146,818
664: 893,465,587,87,553,390
665: 566,306,699,19,396,903
666: 228,534,370,634,884,80
667: 213,151,397,770
668: 263,756,361,519,66,199
669: 65,377,964,98,317,1021
670: 589,67,911,124,721,121
671: 981,423,91,56,504,621
672: 16,583,20,709,216,522
673: 1000,257,430,41,813
674: 255,454,43,404,119,6
675: 136,810,102,421,591,686
676: 322,49,801,943,131,373
677: 929,427,214,723,472,717
678: 571,570,258,741,212,92
679: 266,132,398,798,177,8
680: 10,471,380,935,759
681: 663,616,509,378,806,394
682: 922,414,22,275,873,368
683: 276,571,258,526,261,525
684: 142,257,430,500,1007,183
685: 99,630,375,737
686: 136,421,675,316,345,116
687: 945,831,581,1018,383,340
688: 170,890,513,78,272
689: 983,154,504
690: 825,48,610,399,38,623,1003
691: 662,530,377,337,317,11
692: 879,287,586,333
693: 966,451,994,299,137,925
694: 870,27,23,787,508
695: 411,488,515,838,874,190
696: 576,589,67,181,772,347
697: 593,353,211,885,545,274
698: 71,434,208,857,979,174
699: 665,306,348,19,422,816
700: 475,256,761,88,603,542
701: 785,220,942,97,902,259
702: 218,974,492,618,585,745
703: 246,1022,175,948,94,459
704: 298,406,1012,148,0,104
705: 849,318,445,442,238,762
706: 232,777,407,556,435,624
707: 867,817,21,433,198,488
708: 31,763,13,178,628,279
709: 45,346,335,216,583,672
710: 873,368,386,713,256,548
711: 858,541,551,160,296,793
712: 205,50,995,337,786,555
713: 386,710,548,510,93,588
714: 853,143,109,878,728,218
715: 182,938,453,486,564
716: 753,558,511,393,501,605
717: 877,472,606,214,677
718: 898,385,120,327,518,112
719: 77,774,834,617,336,561
720: 32,303,748,137,73,925
721: 213,121,911,670,387
722: 309,12,857,72,443,990
723: 822,929,278,214,677,76
724: 767,231,498,930,300,629
725: 602,914,330,376,886,342,15
726: 744,359,632,152
727: 138,51,759,471
728: 847,235,308,109,878,714
729: 106,389,435,628,149,788,624
730: 939,289,358,162,115
731: 114,841,271,253,161,653,64
732: 156,833,462,544,101,263
733: 470,234,829,480,179,217
734: 78,272
735: 440,831,155,996,461,912,956
736: 66,341,199,1020,871,896
737: 739,901,247,99,685,375
738: 924,228,370,528,898,120
739: 238,737,290,247,445,99
740: 415,221,273,773,437,620
741: 229,436,678,570,258,819
742: 657,470,417,559,580,260
743: 266,932,789,378,177,354
744: 726,892,359
745: 489,585,34,853,218,702
746: 71,208,928,1019,468,916
747: 384,11,754,795,141,496
748: 720,32,137,868,495
749: 412,344,4,180,633,271
750: 1006,75,52,487,993,416
751: 305,123,815,159,649,642
752: 918,239,84,360,1015,254
753: 558,880,391,511,452,716
754: 317,384,11,1009,747,1021
755: 128,573,794,133,350,280
756: 967,519,668,446,66,9
757: 25,814,189,425,610,315
758: 810,421,643,331,60,130
759: 580,727,51,680,471,935
760: 358,115,302,291,936,73
761: 700,256,548,150,236,603
762: 268,429,654,705,318,238
763: 651,708,351,31,456,178
764: 341,372,538,1001,14,360
765: 590,454,43,292,917,1002
766: 205,995,428,942,187,1010
767: 231,799,309,724,72,629
768: 243,312,947,476,321,598
769: 111,800,639,808,33,516
770: 607,332,667,397
771: 415,221,447,790,779,366
772: 139,181,15,696,330,347
773: 415,560,437,740,919,55
774: 512,834,719,611,561,18
775: 365,277,986,981,960,797
776: 505,449,185
777: 232,279,833,462,706,435
778: 847,308,474,579,122,362
779: 106,788,366,447,771,543
780: 971,458,102,920,169,826,89
781: 123,815,1019,468,233,956
782: 888,348,125,188,319,953
783: 193,416,989,966,451,1016
784: 848,30,968,457,467,840
785: 449,100,428,220,701,942
786: 712,205,977,259,50,392
787: 179,508,694,870,110,657
788: 130,106,729,779,149,366
789: 473,69,250,932,743,354
790: 415,447,560,771,491,173
791: 503,92,281,613,77,617
792: 965,355,189,851,466,814
793: 296,202,6,711,858,404
794: 334,573,755,649,350,320
795: 662,747,496
796: 393,501,145,513,39,90
797: 960,566,323,140,365,775
798: 961,952,8,398,679,988,57
799: 767,231,146,309,818,608
800: 639,288,808,237,622,769
801: 431,531,131,539,373,676
802: 439,251,805,629,975,300
803: 408,967,519,660,635,959
804: 264,595,44
805: 439,251,568,919,55,802
806: 59,378,855,681,164,394
807: 52,959,499,1023,972,364
808: 800,288,769,33,906,506
809: 305,916,837,426,436,526
810: 458,102,421,643,675,758
811: 854,379,13,448,178,86,547
812: 939,289,46
813: 430,41,673,558,393,39,1024
814: 466,1004,25,757,189,792
815: 751,123,781,480,233,642
816: 422,1006,172,125,699,348
817: 867,252,707,405,488,838
818: 231,394,146,799,663,200
819: 336,937,107,229,570,741
820: 240,1017,242
821: 934,209,625,992,379,86
822: 278,723,76,282,858,160
823: 74,54,897,656,188,244
824: 637,37,310
825: 38,623,1003,690,95,432,382
826: 248,169,636,89,631,780,971
827: 637,167,565,230
828: 114,931,253,328,641,962,22
829: 470,234,559,733,401,913
830: 40,427,472,505,100
831: 687,440,1018,735,996,383
832: 28,988,849,318,134,57
833: 232,156,732,777,462,531
834: 908,512,42,77,774,719
835: 222,181,661,307,576,363
836: 483,847,109,474,906,506
837: 305,159,809,229,436,29
838: 695,488,190,281,613,405,817
839: 901,840,242,507,881,30
840: 467,901,839,247,784,30
841: 463,114,931,731,633,271
842: 880,280,128,1000,41,184
843: 502,455,920,591,169,58,869
844: 950,557,459,108,313,175
845: 395,1013,180,4,627,410
846: 304,890,145,627,1013
847: 836,308,778,109,728,474
848: 517,269,784,646,0,30,968
849: 705,318,134,832,442,191
850: 210,80,295,444,24,534
851: 965,355,246,975,324,792
852: 36,473,250,862,574,441
853: 143,714,325,218,34,745
854: 379,543,13,811,106,389
855: 59,321,952,806,164,947
856: 53,438,286,514,604,332
857: 434,12,698,722,990,174
858: 711,160,793,404,822,282
859: 980,958
860: 293,639,237,352,150,603
861: 294,866,612,129,82
862: 329,574,852,441,297,552
863: 940,183,18,93,941,369,512
864: 166,79,549,606,374
865: 157,249,937,311,107,567
866: 294,861,135,129
867: 817,413,252,594,21,707
868: 201,495,748
869: 658,367,58,843,455,644
870: 694,891,938,27,110,787
871: 341,575,372,736,896,144
872: 316,60,335,216,620,273
873: 368,475,256,710,682,275
874: 190,895,535,116,695,515
875: 270,658,474,906,579,227
876: 464,56,1015,540,626,91
877: 472,717,40
878: 235,714,728,218,492,569
879: 692,333,105
880: 842,753,558,391,280,41
881: 1017,400,242,839,646,30
882: 417,559,401,35,619,126
883: 268,598,948,81,973,243
884: 924,666,534,370,999,493
885: 53,438,545,168,274,697
886: 725,330,342,347,609,223
887: 7,593,147
888: 244,323,306,348,782,188
889: 354,616,441,509,70,250
890: 688,145,513,78,846
891: 68,938,870,110,450,927
892: 83,744,527,326,359
893: 153,664,186,587,390
894: 546,295,444,171,992,547
895: 503,224,874,190,281,535
896: 199,871,736,144,101,536
897: 54,823,656,533,349
898: 120,718,528,738,112,17
899: 3,577,219,284,420,497
900: 464,254,1005,904,518,14
901: 737,839,247,840,507,375
902: 929,278,97,905,220,701
903: 19,215,396,918,537,665
904: 327,518,572,900,1005
905: 97,255,596,902,278,282
906: 270,474,33,506,875,808,836
907: 264,481,191,134
908: 613,405,42,356,77,834
909: 395,1013,304
910: 245,4,410,949,463,633
911: 124,670,923,387,721
912: 233,461,508,217,956,735
913: 234,829,401,113,334,350
914: 725,376,1008,15,490,634
915: 61,5,951,333,105,640
916: 305,123,1019,809,208,746,426
917: 343,165,1014,1002,765,43
918: 215,396,239,84,752,903
919: 251,805,55,560,117,773
920: 780,102,591,843,169,58
921: 654,81,650,467,290,457
922: 682,226,414,61,5,275
923: 911,387
924: 738,370,884,493,494,63,120
925: 720,137,73,302,966,693
926: 265,985,201,319,582,953
927: 138,450,68,891
928: 71,746,225,440,1018,468
929: 427,902,278,677,723,220
930: 498,103,997,200,231,724
931: 463,828,114,418,841,328,641
932: 266,550,326,743,789,69
933: 338,108,313,104,48,399
934: 491,1004,25,209,821,625
935: 680,380,580,759,417,35
936: 291,648,587,115,520,760
937: 819,311,107,29,865,229
938: 68,182,715,891,870,27,486
939: 812,730,289
940: 863,328,93,941,962,386
941: 940,863,328,1007,183,641
942: 785,428,701,205,766,259
943: 262,131,631,322,362,676
944: 119,88,202,6,293,652
945: 297,687,581,383,70,402
946: 96,524,442,191
947: 164,312,997,768,321,855
948: 883,973,243,94,459,703
949: 910,245,1024,500,463,418
950: 844,313,965,175,189,425
951: 915,653,5,586,333,64
952: 59,961,321,798,8,855
953: 926,319,582,782,659,125
954: 413,252,588,510,42,356
955: 296,542,475,226,275,551
956: 233,461,912,440,735,468,781
957: 986,423,154,204
958: 357,388,82,980,859
959: 807,1023,803,967,635,364
960: 797,244,323,277,775,656
961: 321,952,798,28,57,476
962: 940,328,828,368,386,22
963: 527,44,550,132
964: 283,65,377,489,163,555,669
965: 246,175,189,851,792,950
966: 193,302,783,693,451,925
967: 803,756,519,9,959,1023
968: 848,517,784,457,2,338
969: 222,285,419,95,307,647
970: 85,215,537,446,9,371
971: 780,458,102,206,556,826,89
972: 284,993,364,497,52,807
973: 948,883,81,650,557,459
974: 492,553,702,390,478,618
975: 355,324,851,300,251,802
976: 982,564,638,329,192,182
977: 50,786,392,590,292,1011
978: 314,118,235,3,577,569
979: 174,460,261,208,698,426
980: 10,380,357,958,859
981: 365,986,423,671,775,91
982: 976,192,182,27,155,23
983: 689,504,147,621,424
984: 990,20,203,301,568,443
985: 265,926,319,74
986: 277,957,981,423,775,204
987: 503,212,224,276,571,45,346
988: 832,57,595,481,398,798
989: 193,783,1016,420,87,465
990: 984,174,203,722,857,443
991: 32,303,162
992: 86,547,171,209,821,894
993: 284,972,52,750,416,1016
994: 172,75,659,693,451,299
995: 712,205,766,337,187,530
996: 831,155,552,735,383,192
997: 103,164,312,947,930,200
998: 197,619,126,388,452,554
999: 534,884,24,651,493,456
1000: 257,41,578,673,184,842,249
1001: 385,518,14,764,372
1002: 165,339,917,765,292,1011
1003: 825,610,171,38,690,315
1004: 934,491,466,25,173,814
1005: 464,900,626,572,904,194
1006: 422,172,750,816,75,487
1007: 183,941,641,684,500,418
1008: 139,285,15,490,207,914
1009: 195,384,614,754,1021,482
1010: 600,766,185,428,267,187
1011: 283,163,339,1002,292,977,50
1012: 406,419,645,704,148,432
1013: 909,845,395,304,846,627
1014: 343,521,165,917,288,622
1015: 464,876,254,540,84,752
1016: 783,416,989,284,420,993
1017: 240,820,484,881,400,242
1018: 687,440,831,225,928,340
1019: 305,123,468,916,781,746
1020: 446,66,341,538,736,85
1021: 195,317,1009,754,669,98
1022: 246,324,703,498,103,94
1023: 9,371,959,499,807,967
1024: 245,39,949,430,500,813