0: 37,38,30,48
2: 28,30,48,8,47,55
3: 9,34,52,49,33
4: 18,41,39,64
5: 61,22,21,42
6: 22,43,40,50
7: 56,17
8: 28,2,44,47,59
9: 52,62,3,31,49,14
10: 51,35,41
11: 34,46,43,26,50
12: 23,47,29,59,20,16
13: 58,49,60,24,25,31
14: 19,56,63,31,9,62
15: 17,24,63,37,38,53
16: 29,12,20,18,45,42
17: 15,63,53,7,56
18: 4,39,16,42,64
19: 14,54,56,62
20: 47,12,55,16,45,60
21: 45,58,33,42,22,5
22: 6,5,21,33,43
23: 29,12,59,36,27
24: 15,63,38,25,31,13
25: 24,38,48,55,13,60
26: 50,11
27: 51,23,35
28: 30,57,2,8
29: 23,12,16,35,39
30: 28,48,2,0
31: 24,63,49,13,14,9
32: 46,52,62
33: 49,21,22,34,43,3
34: 11,46,52,43,3,33
35: 41,39,27,10,29
36: 44,23,59
37: 0,15,38,53
38: 0,15,24,37,25,48
39: 35,4,18,41,29
40: 50,6
41: 35,4,39,10
42: 45,21,16,18,5
43: 11,34,33,6,22,50
44: 36,8,59
45: 58,60,21,42,20,16
46: 32,11,34,52
47: 12,59,20,55,2,8
48: 30,2,55,0,38,25
49: 58,13,33,31,9,3
50: 26,40,6,11,43
51: 10,27
52: 32,9,34,46,62,3
53: 15,17,37
54: 19
55: 47,20,48,2,25,60
56: 19,7,14,17,63
57: 28
58: 45,49,13,60,21
59: 23,47,12,36,44,8
60: 45,58,13,20,55,25
61: 64,5
62: 32,9,52,19,14
63: 15,17,24,31,14,56
64: 61,4,18