0: 1336,704,1057,298,1167,1126
2: 1486,457,650,338,2019,968
3: 569,978,1585,1203,1696,1116
4: 180,749,1698,1264,1729
5: 1681,915,951,653,1727,1245
6: 1270,1889,1861,944,202,1254
7: 1495,424,1919,1174,1568,593
8: 1691,1669,679,59,177,1572
9: 1482,1964,967,1639,970,371
10: 2033,1089,380,980,680
11: 1032,1962,1180,691,795,1642
12: 592,434,608,1592,1154,857
13: 2030,708,628,389,1307,1286
14: 1688,1052,1359,1360,900,254
15: 330,1934,725,1515,1506,914
16: 672,583,1762,1692,2032,1938,460
17: 1113,1944,1835,1169,1066,1354
18: 369,512,1200,1975,1550,1278
19: 2025,903,1168,1337,699,665
20: 203,522,2032,301,984,1227
21: 867,1995,433,594,413,1465
22: 1779,922,253,414,1073,368,2011
23: 2014,694,1390,1231,1784,155
24: 999,1300,850,448,1181,1908
25: 1600,1158,1940,1620,1774,814
26: 1996,1599,267,662,1108,187
27: 2014,694,870,182,2015,1846
28: 1366,1419,1508,57,1916,2037
29: 311,1841,1745,2044,1056,937
30: 2047,1422,1455,784,848,1845
31: 2030,462,544,1430,1148,1362
32: 991,1410,1404,303,720
33: 1325,1657,270,367,906,1695
34: 853,1703,489,325,1628,1743
35: 619,1836,1806,1498,1453,1751
36: 1960,1706,1844,1634,152,403
37: 1900,615,363,637,1823,1898
38: 1003,171,1094,1911,1467,1744
39: 1913,2036,1265,1674,1024,1132
40: 1947,1684,1555
41: 842,558,813,1728,1357,1548
42: 356,1638,510,1038,954,1258
43: 674,119,343,1188,1539,1761
44: 804,1776,1686,1075,963
45: 1358,1069,1820,709,1771,345
46: 1242,1894,614,1090,477,1445
47: 1892,146,1924,1368,1667,402,340
48: 1971,1438,1140,933,1907,313
49: 322,676,1423,1537,1393,1988
50: 2002,712,1544,977,1011,1472
51: 450,1277,138,727,1030,580
52: 1483,487,807,1653,1037,1023,1429
53: 1238,332,856,607,1053,1170
54: 897,823,74,1977,1191
55: 301,437,1317,1802,1227,1260
56: 1087,479,1261,621,1334,1699
57: 798,1952,1916,1660,28,1508
58: 843,869,1088,169,1157,1551
59: 1631,855,1572,1691,8,952
60: 316,1063,331,1626,1792,1813
61: 1441,1727,915,226,532,640
62: 2025,537,1330,1166,499,1534
63: 575,1096,1205,1756,1724,924
64: 586,1681,1328,951,529,1770
65: 1244,1886,98,1879,964
66: 1253,756,736,1458,668,1948
67: 1435,1402,347,1816,1512,696
68: 486,938,1450,1959
69: 473,1582,1706,1963,1798,326,1598
70: 1035,2026,2004,441,945,509
71: 1071,1702,1718,1076,746,208
72: 1769,722,629,1847,1797,1131
73: 1976,303,760,1811,720,1505
74: 985,1977,1369,54,1479,1191
75: 994,172,1006,1160,1772,1237
76: 723,1997,1097,1860,214,1694
77: 908,1068,1389,2000,1829,719
78: 1644,2007,734,688,1851,890
79: 2012,1752,241,1221,166,864
80: 534,2021,490,1607,850
81: 1866,268,1299,1858,1083,1198
82: 388,1183,1048,1748,197,1781
83: 963,1821,1804,527
84: 1273,540,1865,1939,752,1015
85: 446,1656,1887,1020,1458,538
86: 1897,1778,992,1209,811,1398
87: 1859,219,1421,553,1990,1228
88: 2023,1321,1664,1254,293,1106,1830
89: 971,826,780,1211,1447,2027
90: 2036,145,1872,1301,245,1132,1522
91: 1202,981,1699,1046,1087,1456
92: 1678,1280,212,503,1041,1502
93: 863,386,940,1494,1323,713
94: 312,243,1120,1850,1581,1517
95: 382,825,1606,419,1576,1651
96: 946,1722,1734
97: 1707,905,596,902,1529
98: 1244,1886,1862,65,618,585,1828
99: 1722,445,1603,1734,685,1883
100: 427,1411,220,830,1885,505
101: 1388,199,896,1635,1384,536
102: 920,1085,1129,1212,1279,1580,1561,780
103: 498,1583,1854,2048,1850,1022
104: 1794,399,1140,933,1864,148
105: 915,1294,1531,1877,1966,640
106: 543,1487,389,1061,1490,1953
107: 336,1442,1444,1986,1117,819
108: 844,1907,1614,1486,557,2019
109: 483,836,847,1194,2022,143
110: 2038,787,657,260,1554,1277
111: 1465,769,1257,1025,1636,433
112: 898,718,1169,286,1382,327
113: 350,1426,1610,1721,1931,1818
114: 828,1466,1612,1451,253,1235
115: 1888,520,1272,1755,1445,936
116: 874,1358,345,1807,515,136
117: 1809,251,1135,1383,1750,1549
118: 577,1857,2029,158,1983,1585
119: 674,43,343,1255,1861,944
120: 1756,1891,738,370,1213,924
121: 721,1717,670,213,1951,1392
122: 1597,1405,1331,314,196,1783
123: 1452,1559,1619,1019,1287,1275
124: 381,589,1697,1593,1417,1509
125: 816,172,1237,782,1365,1764
126: 882,1931,401,619,1067,1818
127: 1788,1126,298,1874,406,1319
128: 1917,1074,1463,1471,280,755
129: 272,1124,605,1133,170,1936
130: 2031,1812,643,788,1946,1232
131: 943,676,631,1613,248,1497,801
132: 1686,1075,1838,266,1578,1189
133: 280,755,1426,1721,1520,391
134: 832,1508,481,1201,1155,1660
135: 734,866,1801,272,1133
136: 515,1190,1596,1807,116,1941
137: 1119,299,582,1965,1146,693
138: 1967,727,51,450
139: 2018,1008,1690,1934,772
140: 2020,540,1865,1046,797,365
141: 1333,1111,384
142: 578,611,1975,1550,1373,257
143: 714,1230,1979,483,109,2022
144: 1833,871,2017,1659,896,1322
145: 513,1872,1301,90,1060,1579
146: 663,1892,818,47,402,1969
147: 424,1919,983,887,1972,1415
148: 1864,1981,104,1794,1958,432
149: 2031,624,643,206,1477,1315
150: 860,603,1560,352,2045,1896,594
151: 1274,397,1251,1902,1749,223
152: 1957,1219,1634,1798,36,1706
153: 1240,1150,1800,618,1828
154: 1840,1050,1306,1711
155: 461,1784,1843,1390,23,996
156: 539,1863,1138,531,361,833,1507
157: 1763,1978,611,1045,561,1587
158: 1803,577,118,1983,1733,497
159: 2044,1056,1985,1159,649,1380
160: 711,541,1187,1324,2009,485
161: 731,529,1065,271,1312,1770
162: 1943,1381,1218,1410
163: 1244,745,489,1743,1879,1646
164: 1288,806,394,200,997,1714
165: 521,1540,1920,917,1775,1356
166: 79,1221,469,1342,864,1853
167: 1855,1900,1720,1878,230,827
168: 1492,1881,409,1177,1914
169: 58,843,1551,1683,1580,1974
170: 272,605,1127,129,1851,1059
171: 1003,1600,38,209,1094,1158
172: 75,125,1160,1237,659,1764
173: 491,1601,1310,1469,466,1809
174: 1425,1313,2035,460,1344,1930
175: 1608,459,1352,1677,950,965
176: 453,584,1826,1521
177: 1271,1572,679,266,1525,8
178: 854,1286,1564,1239,708,1248
179: 1541,1104,1385,1530,217,508
180: 749,1719,1623,1207,1698,4
181: 1304,1512,576,696,1690,1825
182: 2014,982,1846,27,1849,2003
183: 1034,1550,1373,1968,1880,1278
184: 1917,567,1197,249,1921,1504
185: 449,1250,1387,428,2028,1785
186: 195,482,2040,1240,648,1150
187: 26,267,1108,2042,766,1010
188: 1977,1093,1998,244,823,1130
189: 1433,1406,814,1144,1285,1774
190: 503,895,1153,1249,1058,281
191: 1457,442,2010,1155,1725,1918
192: 976,1172,1843,1815,1390,982
193: 302,1193,1439,291,1617,1347
194: 1118,353,1673,1206,626,1476
195: 482,1240,1021,1513,1224,186
196: 1857,314,1709,122,1423,1597
197: 82,388,1048,998,1808,1107
198: 411,455,1524,1932,1566,1208
199: 1948,101,896,1226,1322,1384
200: 1288,1526,394,1220,164,1054
201: 1999,265,868,495,1290
202: 296,793,1321,1254,6,1889
203: 20,2032,1938,1425,1436,984
204: 349,957,1243,1427
205: 259,1461,942,1485,995,1622
206: 458,1085,1129,643,149,1315
207: 210,599,1143,1370,1648,1043
208: 1641,979,71,1702,1076,1574
209: 992,1600,171,1094,821,1984
210: 295,1607,599,207,1370,1767,490
211: 697,1673,545,1732,1568,353
212: 570,678,1280,1780,92,1678
213: 1749,1392,1717,121,1682,1251
214: 1215,1694,723,76,1645,717
215: 1434,1481,1656,1887,239
216: 522,672,1701,1553,1049,1302
217: 1440,508,912,1142,1541,179
218: 1773,1590,1759,1262,492,702
219: 87,553,1696,478,1791,1990
220: 427,100,1834,785,1459,1885
221: 415,366,1875,1837,1152,1666
222: 1648,2018,1008,1890,285,969
223: 1749,609,1923,1535,151,1902
224: 535,895,1041,1625,1069,987
225: 1071,928,1018,592,1643,1718
226: 551,532,1086,1441,61,1868
227: 1088,1446,1873,1351,579,875
228: 634,376,1100,666,528,738
229: 1796,819,1134,937,1442,741
230: 1263,827,1136,1878,167
231: 1627,799,1526,1054,724,767
232: 777,1282,2006,1528,1138,833
233: 912,1538,1142,781,1742,1799
234: 1730,733,1536,480,1842,1229
235: 1871,1109,569,878,1545,978
236: 588,2045,1896,1893,1070,1418
237: 293,1909,1546,1830,1255,652
238: 654,762,705,290,1937,1184
239: 918,1397,1945,1887,215,1884,1481
240: 1949,820,1017
241: 2012,79,1877,1966,1221
242: 1139,1332,881,1078,1171
243: 94,598,1120,883,973,1517
244: 888,1758,323,1130,188,1998
245: 910,1132,949,90,410,1522
246: 965,1318,1882,1954,851,792
247: 1196,1091,467,901,1454,840
248: 826,1211,1497,1510,631,131
249: 184,567,1197,1225,1978,1587
250: 1309,473,1582,889,1371,789
251: 355,975,117,1308,1135,1383
252: 1222,1372,1437,1162,954,1164
253: 22,1235,414,1073,114,1466
254: 900,14,1359,464,1704,1939
255: 1928,1470,404,1987,596,454
256: 1489,1396,1747,761,1070,700
257: 1000,684,1624,1373,142,578
258: 1780,1363,1637,436,678,741
259: 205,1461,942,1605,1768,1662
260: 657,110,1277,742,1665,580
261: 1305,426,1409,979,1313,2035
262: 1993,1351,631,636,1873,1510
263: 1408,732,1226,1384,1863,1507
264: 1500,907,1705,481
265: 201,1345,1290,1571
266: 1525,1578,132,1838,679,177
267: 1599,26,187,600,1010
268: 1712,1640,1299,883,81,1858
269: 1788,562,1901,646,1126,1057
270: 658,367,33,906,1098,1695
271: 731,1312,161,1729,841,1128
272: 1133,129,1851,170,734,135
273: 872,1049,1063,620,1626,1403
274: 593,409,1177,1495
275: 1086,955,682,1182,1868,1395
276: 525,571,683,1241,346,583
277: 656,1026,986,960,1243,1427
278: 929,1876,1577,1216,282,905
279: 462,1430,628,435,1790,777
280: 755,133,391,1570,128,1463
281: 613,791,1502,1058,503,190
282: 1335,1216,1533,1987,905,278
283: 2002,1879,1646,555,964,1544
284: 2034,1346,972,1595,1483,993
285: 1648,222,969,1576,1651,1143
286: 1680,1944,1169,112,1814,1382
287: 1915,586,692,1199
288: 506,1014,1123,1246,808,1540
289: 730,1272,1445,1894,1942
290: 1196,467,1937,1556,654,238
291: 936,587,1617,193,1347,1888
292: 590,1787,977,1011,339,2005
293: 860,237,1546,1106,1830,88
294: 1655,1848,861,1543,1781,1748
295: 1607,210,546,599,1925,1767,1895
296: 793,1321,202,542,1281
297: 1035,441,1080,1676,1364
298: 0,704,127,1126,1319
299: 137,1204,582,2041,693
300: 324,1933,1867,1217,1292,1391
301: 55,437,1802,1227,1553,522,20
302: 966,193,1439,925,1811,1347
303: 720,73,1218,1505,1410,32
304: 1569,1013,1899,846,909
305: 837,809,1275,1559,1380,1985
306: 888,1852,1337,665,1047,323
307: 1765,1176,1326,835,1890,969
308: 1685,1194,1331,1783,1109,728
309: 608,1689,1627,722,1797,1154
310: 923,1593,1509,824,1823
311: 29,1841,1745,937,1912,573
312: 94,1629,1462,1120,1854,1850
313: 1438,844,48,1907,425,1677
314: 1857,2029,196,122,1871,1783
315: 1003,1158,1774,757,610
316: 686,60,1063,1195,1813,421
317: 1668,1099,1962,1210,377,1115
318: 1366,1419,1760,849,705,1904
319: 953,985,1345,1122,1369,1093,926
320: 794,1159,1632,1841,2044,1532
321: 961,952,1036,1547,947,1112
322: 943,49,676,1423,1597,1735
323: 1062,1047,1758,888,244,306
324: 1933,300,1954,1292,975,851
325: 34,1703,1775,1628,1448,1356
326: 550,1598,932,1376,1963,69
327: 1611,1420,1672,718,112,1382
328: 962,1950,1114,828,1466,1073
329: 976,638,574,1815,862,1514
330: 15,1934,1910,725,772,1816
331: 1875,1626,1152,60,1946,1792
332: 1238,53,770,397,607,1348
333: 692,1294,1328,1531,1072,879
334: 794,1842,1229,1298,1491,1092
335: 709,1602,872,1771,1195,1302
336: 617,570,107,1444,1117,1303
337: 2043,1485,995,1501,712,1428
338: 2,2019,968,1565,1503
339: 292,1787,1011,1628,1448,1496
340: 1018,1643,1667,581,687,1924,47
341: 1473,1340,1377,764,372,2017
342: 602,886,1910,725,1175,1066
343: 43,119,1125,1255,652,1539
344: 1754,1065,1312,749,1623,412
345: 686,1771,1807,116,1358,45
346: 276,571,1789,987,1241,1625
347: 1402,609,67,1923,1816,1817
348: 888,1852,782,1365,1122,1998
349: 204,1427,1283,1856
350: 113,1491,1378,1092,1610,1721
351: 456,1827,1105,601,536,1388
352: 860,1151,150,1560,1546,1137
353: 1118,1174,1568,194,211,1673
354: 616,378,1271,1737,789,1371,1723
355: 975,251,851,792,1383,1693
356: 42,1829,1638,954,908,1437
357: 958,1453,1183,380,980,1498
358: 730,1218,1272,1505,1755,1381
359: 1740,1103,1376,1963,726,1219
360: 1473,1945,764,1052,1710,538
361: 539,1863,373,156,1716,1033
362: 1993,1351,1405,1735,1658,579
363: 37,661,615,1782,1898,1832
364: 1483,807,959,635,1803,972
365: 1805,775,797,140,1202,1046
366: 221,1875,1666,779,1812,1573
367: 270,658,1819,1657,33,516
368: 2011,1081,1355,1114,22,1073
369: 512,18,1038,1494,863,1278
370: 120,738,924,1100,1314,1929
371: 499,1653,9,1639,1330,970
372: 871,575,1205,2017,1340,341
373: 539,361,1033,1256,1393,1537,1480
374: 1443,606
375: 1186,1468,1869,1139,507
376: 228,634,602,1506,1835,528
377: 1501,555,1115,1428,1099,317
378: 616,2008,354,1631,1271,1572
379: 811,854,543,1061,1618,1398
380: 10,980,680,1498,1400,357
381: 1304,1782,124,1898,589,1509
382: 1911,95,825,1589,1651,647
383: 2046,552,1739,1268,1364,1604
384: 141,1111,1700,523,1708
385: 1756,1724,718,1891,1350,1672
386: 962,93,940,1114,713,1081
387: 1163,911,721
388: 82,1453,1183,1751,998,197
389: 106,1307,1061,1490,1286,13
390: 1822,1421,553,1800,1738,1493
391: 1520,452,753,880,1570,280,133
392: 1519,1707,786,1529,1662,2005
393: 1913,1647,1575,558,1548,1149
394: 806,1220,164,200,681,1567
395: 1719,1044,1207,1013,1214
396: 1047,566,1082,2020,1168,665
397: 1238,1274,770,332,151,1902
398: 1766,1838,988,679,798,1669
399: 104,933,1614,1864,1503
400: 1017,1332,881,1588,1901,1234
401: 882,913,1931,126,1687,829,1610
402: 1667,2026,1969,945,146,47
403: 1973,1141,1634,36,1844,574
404: 1270,1533,1470,255,1121,1987
405: 613,838,1058,1557,1162,817
406: 1824,1874,563,127,645,1319
407: 706,556,2027,1460,2006,1528
408: 1379,1480,803,519,1542,1033
409: 1492,168,274
410: 1698,845,1264,1522,910,245
411: 502,198,455,1190,1449,1524
412: 1623,1754,344
413: 2045,594,1222,1893,867,21
414: 653,22,922,1245,253,1235
415: 221,1837,1343,1666,790,560
416: 783,451,1284,1992,1772,1374
417: 882,1713,1836,1687,1511
418: 1663,1558,641,1007,500,1431
419: 1609,1795,1576,1765,95,1606
420: 1791,1990,1346,899,1741,1595
421: 1813,675,810,1616,686,316
422: 699,1652,1166,1478,816,1562
423: 1306,1621,1711,981,671,1236
424: 147,1919,1361,983,7,1174
425: 1677,950,1406,757,1144,1438,313
426: 916,1777,261,1409,1574,979
427: 929,100,1411,220,677,1834
428: 1982,449,1459,1413,185,1387
429: 1712,1640,1904,1419,2037,476
430: 1265,813,673,1674,1624,1432
431: 801,1138,531,1460,1528,1497
432: 1795,1958,148,1794,623,1606
433: 707,1995,21,1465,111,1636
434: 12,592,1702,1718,857,698
435: 1790,706,777,1179,2006,279
436: 526,1040,1796,258,1637,741
437: 301,55,1802,773,1553,620,740
438: 655,1053,545,1732,1814,1170
439: 805,568,1260,629,1847,1615
440: 1650,956,1757,1367,1051,468
441: 1035,2004,297,70,1080,889
442: 946,524,1457,1980,191,1918
443: 990,1847,1131,1436,568,984
444: 547,1178,1181,1895,1908,1925
445: 1102,524,1722,99,1883,1291
446: 85,1656,1964,1253,1458
447: 543,1487,1618,771,1259,779
448: 999,24,651,1564,1181,1416
449: 1459,1250,1252,185,428,1885
450: 51,1554,1277,1967,138,1077
451: 783,416,966,1079,994,1772
452: 1520,391,753,1808,1327,1107,880
453: 176,1826,1412,1633
454: 1519,1707,596,1928,255,1165
455: 502,411,198,1584,1932,2001
456: 1935,493,1827,351,763,1105
457: 921,2,650,1198,968,1955,1028
458: 810,758,1085,1212,206,643,1232
459: 1608,703,948,1352,175,1156
460: 1425,1313,174,16,1762,1938
461: 1440,1650,1784,155,1339,996,735
462: 279,1430,31,1362,777,1282,1793
463: 1630,910,1663,1558,633,949
464: 876,1015,1671,1704,254,1939
465: 1394,664,587,1675,1617,1228
466: 1809,1285,1383,1693,173,1469
467: 1196,290,1556,247,1454,1028
468: 1742,1101,956,1538,440,1051,1475
469: 1221,166,1401,1187,1269,1342
470: 559,1104,1385,1464,657,742
471: 1991,1488,680
472: 1516,1684,1645,830,717,1411
473: 1309,1960,69,1582,250,1706
474: 1726,847,778,1685,1031,1194
475: 2023,542,1395,700,1747,1182
476: 768,1547,598,2037,1036,1712,429
477: 46,614,1090,482,648,1064
478: 1822,2013,219,553,1696,1116
479: 626,56,1261,1118,1361,621
480: 815,642,1229,1799,1730,234
481: 264,907,1705,1201,1155,134
482: 195,648,1064,1224,186,477
483: 521,506,109,836,1230,143
484: 562,1234,1878,565,1136,1949
485: 2009,1997,1097,160,1187,1342
486: 1412,68,715,938
487: 52,750,1037,1534,1429,1478,1353
488: 817,2016,1566,838,695,1524
489: 853,34,1773,1743,163,745
490: 80,2021,1731,1905,1607,210,1370
491: 1004,1961,173,1601,1293,1469
492: 974,2013,1759,1262,218,702
493: 1935,456,999,1827,1903,1185
494: 1833,871,601,1096,1205,2024
495: 1119,1290,1679,582,201,868
496: 1642,1386,795
497: 1346,972,899,1803,577,158
498: 103,1583,1292,1391,1591,1022
499: 1653,1534,1429,371,62,1330
500: 1674,1431,1432,1024,1663,418
501: 1654,605,1127,716,1149,1575
502: 411,455,1523,1190,1584,1596
503: 190,895,1041,92,1502,281
504: 1922,1050,1110,1306,671,1334
505: 1055,1555,100,830,1252,1885
506: 483,521,288,1123,836,1540
507: 1139,1078,839,375,1869,901
508: 1440,217,1784,1231,1530,179
509: 2026,2004,1723,1969,70,616,1266
510: 42,954,1258,1518,1372,1418
511: 1327,1107,1048,612,1654,1124
512: 369,834,18,1638,1038,1200
513: 796,145,1872,1059,688,1060
514: 1113,1175,856,604,1238,1535,1902
515: 136,1190,1449,116,874,1424
516: 1257,644,1657,367,1267,1819
517: 1864,1845,1336,1503,1167,1565
518: 1360,1926,1001,1611,1350,1672
519: 1379,967,1542,408,1482,1276,756
520: 115,1445,936,1552,1145,1090
521: 483,506,165,1540,1230,1775
522: 672,20,2032,216,301,1553
523: 1715,1242,614,1708,384
524: 946,1102,1722,442,445,1980
525: 276,683,1305,1341,583,1762
526: 436,1777,1040,1409,1341,1637
527: 1821,1804,1103,1376,83,550
528: 738,1213,1354,228,376,1835
529: 1915,1065,161,1770,586,64
530: 691,662,1108,1501,2043,1099
531: 539,801,1138,156,1256,431
532: 226,551,1269,61,640,1401
533: 897,1283,1856,1329
534: 80,2021,1247,884,1300,850
535: 224,874,1358,895,1069,1249
536: 1833,601,351,1388,101,896
537: 2025,1434,62,903,1481,1330
538: 1473,1945,360,85,1887,1020
539: 373,531,361,156,1033,1256
540: 140,84,1865,1015,1456,1046
541: 711,551,160,1311,1187,1269
542: 2023,296,1321,475,1281,1395
543: 379,1487,106,447,1061,1618
544: 31,1105,1148,1362,1388,1635
545: 211,655,438,1673,572,1732
546: 295,1767,1744,1589,894,1895
547: 1897,444,1778,1178,1181,1416
548: 1396,713,710,1323,588,1518
549: 1443,1215,606,864,1853,1694
550: 326,1189,932,1821,527,1376
551: 226,1311,541,532,1086,1269
552: 383,1364,1604,1676,1172,862
553: 1822,390,87,219,1421,478
554: 1520,1808,1067,1818,998,1426
555: 2002,377,964,1115,283,1428
556: 407,706,1477,1315,2027,971
557: 1486,1156,1029,1608,844,108
558: 41,1357,1548,1149,1407,393
559: 829,470,1464,742,1713,1687
560: 790,1601,1310,1147,415,1343
561: 1763,1375,774,157,1045,617,1444
562: 1788,484,1901,1234,565,269
563: 1824,661,406,645,1176,1326
564: 1826,1521,1839,1141,638
565: 1788,562,484,1878,1855
566: 1805,1062,1047,797,396,2020
567: 1917,184,1912,1074,573,249,1225
568: 439,984,1227,1260,443,1847
569: 3,878,235,1262,978,1116
570: 336,678,1117,1280,1303,212
571: 276,1780,683,987,1363,1678,346
572: 655,1673,545,904,1206,1420
573: 1532,567,1912,1074,1225,311,1841
574: 329,638,1514,1141,403,1844
575: 372,63,1205,1724,1001,1350,1340
576: 1304,1782,1832,181,835,1825
577: 118,158,1585,497,1203,899
578: 142,611,1587,1197,1000,257
579: 1658,875,778,227,1351,362
580: 1665,759,1030,51,260,1277
581: 1739,1268,687,1667,945,340
582: 137,1204,495,1119,299,1679
583: 16,1762,1692,276,525,1241
584: 176,1521,1973,1039,632
585: 1244,1862,98,618,702,745
586: 692,1328,64,1915,529,287
587: 936,1394,291,1552,465,1617
588: 236,1518,1070,1418,1396,548
589: 1304,1512,124,381,1697,1435
590: 292,1787,1165,765,1519,2005
591: 1941,675,920,1279,1523,1596
592: 12,225,1643,1718,434,1592
593: 1927,274,1495,1919,7
594: 2045,413,21,1465,150,1560
595: 1776,1766,1586,988,1705,1201
596: 97,1707,905,454,255,1987
597: 1988,1983,1709,1733,1173,660
598: 768,476,243,1120,1712,883
599: 295,210,207,647,1143,1370,1767
600: 1010,2028,267
601: 1833,2024,494,536,1827,351
602: 342,725,1506,376,1835,1066
603: 860,150,1106,1896,761,1664
604: 1113,1680,1175,1944,514,856
605: 1654,501,1124,1127,129,170
606: 1443,1215,1670,549,374
607: 1881,1914,1348,53,332,1053
608: 1689,1592,1368,309,12,1154
609: 1749,223,1402,1923,347,1392
610: 1956,1971,1438,757,315,1003
611: 142,578,157,1975,1045,1587
612: 861,1781,1936,1048,511,1124
613: 405,791,1068,1058,1557,281
614: 1242,523,46,1708,477,1064
615: 1824,37,661,1900,1720,363
616: 2008,378,354,1266,1723,509
617: 2000,336,1444,1303,1375,561
618: 1862,98,1800,585,1828,1738,153
619: 882,35,1836,126,1067,1751
620: 740,1403,437,1553,1049,273
621: 1361,983,56,479,1110,1334
622: 1125,652,1161,1909,1014,1246
623: 825,1349,690,1606,1794,432
624: 2031,729,149,1296,1477,1179
625: 934,1961,1259,1209,1618,1398
626: 1671,479,1261,1476,1118,194
627: 1899,1579,1301,1044,845,1522
628: 2030,279,1430,13,1307,1790
629: 1769,72,1847,1615,802,439
630: 1186,1468,685,1603
631: 943,1993,131,262,248,1510
632: 1039,1957,1634,584,1973
633: 1630,910,463,1264,841
634: 914,228,376,666,1731,1506
635: 1173,959,1527,1803,1733,364
636: 826,1873,1974,1447,1510,1551,262
637: 1316,824,827,1823,37,1900
638: 329,976,574,564,1141
639: 800,769,1025,1137,1161,1151
640: 1966,1401,61,915,105,532
641: 1558,418,1007,1786,1594,1223
642: 815,480,751,1229,1298,649
643: 130,2031,149,1232,458,758,206
644: 1257,1636,516,1932,1208,1267
645: 1609,1319,1326,1012,406,563
646: 1901,269,1588,1422,848,1057
647: 1651,599,1143,1767,382,1589
648: 482,2040,186,1145,1090,477
649: 642,751,1159,1298,1380,159
650: 1486,2,457,1029,1083,1198
651: 1935,999,448,763,1564,1248
652: 1125,343,622,1255,237,1909
653: 1245,1235,414,1297,5,1681
654: 1866,762,238,1299,290,1556
655: 438,572,545,1814,1382,1420
656: 1026,1233,1130,277,960,1649,1758
657: 787,110,260,742,470,1104
658: 270,367,1157,1446,1819,1098
659: 1204,1084,1764,172,1160
660: 1173,1480,803,1393,1988,597
661: 1824,615,363,563,1176,1832
662: 1996,26,1180,691,530,1108
663: 818,146,1567,1266,1969,1220
664: 1394,1493,465,893,1228,1421
665: 1337,306,19,1168,1047,396
666: 228,634,2021,1247,1100,1731
667: 1682,1661,1274,1251
668: 1948,1408,1226,66,1276,756
669: 1668,1886,964,1115,1021,1513
670: 911,721,121,1417,1697,1951
671: 423,1306,981,1334,1699,504
672: 16,522,1701,1692,2032,1938,216
673: 430,813,1728,1504,1000,1624
674: 43,119,1761,1928,1470,1861
675: 1941,810,421,591,1212,1279,1616
676: 943,322,49,131,1537,1613
677: 929,1577,427,1411,723,1645
678: 570,1442,741,1117,212,1780,258
679: 1838,398,266,8,1669,177
680: 10,380,471,1991,1400
681: 2008,1631,855,1567,806,394
682: 2011,873,1182,1779,1868,275
683: 276,525,571,1363,1637,1341
684: 1034,1624,1373,1431,1432,257
685: 630,1468,1603,99,737,1883
686: 316,1771,345,1195,1807,421,1616
687: 1739,581,831,340,1018,1643
688: 78,1851,1059,513,1060,890
689: 1840,1922,1050
690: 623,1956,1349,1971,1794,1140
691: 1180,662,530,11,1099,1962
692: 586,333,1328,287,1199,1072
693: 1976,1965,925,1079,137,299,2041
694: 2014,870,1231,23,1095,27
695: 1449,1524,1424,1153,838,488
696: 1512,181,1690,67,1816,772
697: 211,885,1732,1177,1495,1568
698: 1641,857,1320,1344,1702,434
699: 1337,422,1652,2025,19,1166
700: 2023,475,1664,761,256,1747
701: 1876,1834,785,1768,902,1605
702: 1862,585,745,1773,218,974,492
703: 459,948,1192,1581,1352,1517
704: 0,1336,298,1981,1958,1319,1012
705: 762,238,1904,849,318,1184
706: 435,407,556,1477,1179,2006
707: 2016,1566,1995,433,1208,1636
708: 2030,1906,1248,13,1286,178
709: 1602,335,1771,1195,45,1820
710: 1489,1396,713,1081,1355,548
711: 160,1027,1311,541,1414,1324
712: 2002,1428,50,1485,337,1472
713: 1081,710,548,1323,386,93
714: 1590,143,1979,1759,1545,2022
715: 1412,486,1633,938,1849,1846
716: 1407,753,1327,1654,501,1149
717: 1516,1645,472,1215,1670,214
718: 898,112,385,1891,327,1672
719: 834,1829,2000,1375,774,77,1389
720: 1976,1965,303,1146,73,1404,32
721: 387,1163,911,1717,670,121
722: 72,1831,1797,1131,1154,309
723: 76,1860,214,1577,677,1645
724: 1867,1042,1526,930,231,767
725: 602,15,330,342,1910,1506
726: 744,1219,1740,359
727: 138,51,1989,1030
728: 1109,1545,2022,308,1194
729: 624,1296,1307,1490,1790,1179
730: 1272,358,289,1942,939,1381
731: 271,161,1770,1128,1297,1451
732: 263,1793,1635,1384,1362,1507
733: 1541,1730,234,1536,1385,1464
734: 1644,78,135,272,1851
735: 2046,996,1604,1757,461,1650
736: 66,1020,1458,1659,1948,1322,1377
737: 739,1091,1883,1468,685,1869
738: 528,120,370,1213,228,1100
739: 1196,737,1091,1883,1291
740: 620,1837,1343,1403,437,1802,773
741: 678,1442,1117,436,1796,229,258
742: 657,260,1665,470,559,1713
743: 1525,1737,1578,1598,789,932
744: 726,1740
745: 1244,702,585,163,489,1773
746: 1076,1101,1019,1071,71,1475
747: 1111,1386,1700,795,754,1032
748: 1289,1404,1119,1146,868
749: 180,1623,4,344,1312,1729
750: 993,487,1037,1992,1353,1374
751: 815,642,649,1380,1559,1287
752: 1273,1397,84,1939,1710,1359
753: 716,1407,452,391,1327,880
754: 1484,1009,1032,1210,1700,747
755: 1471,280,133,1378,1721,128
756: 1482,66,1276,1253,668,519
757: 425,1406,1438,610,315,1774
758: 1813,810,458,1212,643,1232,1792
759: 1665,1511,1810,1030,580,935
760: 1811,73,1347,1888,1505,1755
761: 1896,1070,256,603,1664,700
762: 1640,654,238,705,1904,1299
763: 1935,456,651,1906,1105,1148,1248
764: 1473,360,1340,1688,1052,341
765: 590,1787,1002,1165,1188,1761
766: 2042,1622,1413,1387,187,1010
767: 1769,1797,231,1627,724,1042
768: 1629,476,1547,598,1120,1036
769: 111,1325,800,639,1257,1657,1025
770: 1274,397,332,1661,1348
771: 790,1259,1293,779,1666,447
772: 330,1934,696,1690,139,1816
773: 1147,919,437,1802,740,1837,1343
774: 1375,1200,1045,561,834,719
775: 960,1805,365,1202,986,1236
776: 1055,1250,1252
777: 232,435,1282,2006,462,279
778: 1658,1726,579,474,875,1685
779: 771,366,1666,1487,447,1573
780: 971,1561,89,1447,102,1085,1129
781: 1452,1742,1287,233,815,1799
782: 348,1365,125,953,1122,1764
783: 416,966,1295,451,1284,1439
784: 2047,1955,1454,30,840,1455
785: 220,1834,701,1605,1982,1459
786: 392,1662,2005,977,1461,1472
787: 2038,657,110,1530,1095,1104
788: 130,2031,1812,1953,1296,1573
789: 1737,743,1598,1582,250,1371,354
790: 771,1601,560,1293,415,1666
791: 613,1502,1068,1389,281,1736
792: 355,851,1693,1433,1318,246
793: 296,202,1414,1474,1889
794: 334,320,1159,1298,1632,1092
795: 1386,747,11,1032,496,1642
796: 1647,513,1872,1575,1127,1059
797: 1805,1062,365,566,140,2020
798: 1952,57,1660,1669,988,398
799: 231,1892,818,1689,1627,1054
800: 1325,639,769,1161,1246,808
801: 531,1256,431,1497,131,1613
802: 1933,1217,1769,629,1615,1308
803: 1173,1480,660,1527,1542,408
804: 44,1776,1586
805: 439,1549,1317,1260,1615,1135
806: 394,164,1112,1714,681,855
807: 1483,52,1037,1023,364,959
808: 288,1123,1246,1695,1325,800
809: 305,916,837,1777,1040,1275
810: 1813,675,458,421,758,1212,1616
811: 854,379,1398,86,1897,1239
812: 1715,1242,1894,1942
813: 430,1265,1728,41,673,1548
814: 189,1406,1285,25,1940,1774
815: 480,642,751,1799,781,1287
816: 125,1562,1237,422,1652,1365
817: 2016,488,1399,405,838,1162
818: 663,1892,146,799,1220,1054
819: 1745,937,229,1442,107,1986
820: 1171,1017,1332,240
821: 992,1209,1600,209,1620,934
822: 1335,1216,2009,858,1997,1860
823: 1329,1233,1130,54,188,1977
824: 1316,637,1823,310
825: 382,1911,95,623,1349,1606
826: 248,636,89,1211,1447,1510
827: 1263,1316,230,637,1900,167
828: 1594,931,114,1466,1612,328,1950
829: 559,1536,1464,913,401,1687
830: 1684,472,100,1411,505,1555
831: 2046,1739,687,1757,1367,1018
832: 1366,1760,1725,1508,134,1155
833: 1138,156,1507,232,1282,1793
834: 512,1829,1638,719,1200,774
835: 1890,1825,307,1176,576,1832
836: 483,506,109,1123,1994,847,1031
837: 305,809,1040,1796,1134,1985
838: 405,1058,1153,695,817,488
839: 1338,1078,507,901,2047,840
840: 2047,1454,784,247,901,839
841: 1128,1499,1630,633,271,1729
842: 1728,41,1357,1921,1570,1463
843: 58,2001,869,169,1683,1584
844: 108,1907,313,557,1608,1677
845: 1044,1207,1698,410,1522,627
846: 304,1569,1060,1899,890,1579
847: 474,1031,1194,109,836,1994
848: 1845,1057,1167,1422,30,646
849: 1760,1918,318,1980,1184,705
850: 24,1300,1607,1925,1908,534,80
851: 355,975,792,324,1954,246
852: 1309,1960,1080,1844,1676,1514
853: 34,1703,489,1773,1590,1979
854: 811,379,1061,1286,178,1239
855: 59,1631,681,952,806,1112
856: 1680,514,604,1238,53,1170
857: 698,1320,12,434,1831,1154
858: 1324,1335,2009,822,1474,1533,1121
859: 1089,980,958,1543
860: 603,150,293,1546,1106,352
861: 1655,1970,294,612,1781,1936
862: 329,1676,1172,1815,1514,552
863: 1880,93,940,1278,369,1494
864: 1443,549,1853,1752,79,166
865: 1912,1225,1745,1986,1763,1978
866: 1970,1801,1133,135
867: 1995,21,1164,1399,1222,413
868: 1999,201,495,1119,748
869: 58,843,2001,1157,1267,1819
870: 694,2015,1095,27,2038,891
871: 372,1833,144,1205,2017,494
872: 335,1049,1063,1195,1302,273
873: 1489,682,2011,1747,1182,1355
874: 116,535,1358,1424,1249,515
875: 1726,579,778,1098,227,1446
876: 1087,1015,1671,1261,464,1456
877: 1947,1516,1670
878: 1759,1109,569,235,1262,1545
879: 1072,333,1294,1563
880: 1407,452,391,753,1570,1357
881: 1338,242,1332,1078,1588,400
882: 417,1931,401,619,1836,126,1687
883: 1712,268,598,243,1858,973
884: 1903,1185,1300,534,1247,1314
885: 697,1053,1732,1177,1914
886: 342,1910,1817,1923,1535,1175
887: 1927,147,1919,1972
888: 348,244,1852,306,323,1998
889: 1309,1080,250,1371,2004,441
890: 1569,1060,846,78,2007,688
891: 2038,1554,1959,1077,870,2015
892: 1740,1804,1103
893: 1394,664,1493,2040,1150
894: 1984,1178,1895,1744,1094,546
895: 503,224,535,190,1041,1249
896: 199,101,1322,1833,144,536
897: 533,1329,54
898: 718,112,1891,1213,1354,1169
899: 1791,497,1203,420,1346,577
900: 1005,1360,1926,254,14,1704
901: 1091,247,1869,507,839,840
902: 97,1768,905,1529,1876,701
903: 2025,537,19,1884,1481,1168
904: 1005,1926,1611,1206,1420,572
905: 97,596,902,282,1876,278
906: 1726,1031,1098,270,33,1994,1695
907: 264,481,2010,1155
908: 77,1068,1437,1557,356,1829
909: 1214,304,1013
910: 245,633,949,463,1264,410
911: 387,721,670,1870,1417
912: 1440,217,956,1538,1339,1142,233
913: 401,829,1536,1842,1491,1610
914: 634,1731,1905,15,1515,1506
915: 5,1531,951,105,1727,61,640
916: 426,809,1777,1275,1574,1619
917: 1920,1188,1539,165,1002,1356
918: 1273,1082,1397,239,1884
919: 1147,1549,1317,1802,773,1750
920: 102,591,1279,1683,1523,1580
921: 457,1198,1556,1866,1028
922: 22,1779,1441,1868,1245,414
923: 1870,310,1593
924: 1756,120,370,63,1929,1096
925: 1976,693,1811,302,966,1079
926: 1084,1290,1679,953,1345,319
927: 1450,1967
928: 1071,1051,1018,225,1475,1367
929: 1876,1577,427,278,677,1834
930: 1288,1526,2048,724,1583,1867
931: 1594,1223,828,1612,1499
932: 326,1578,550,743,1598,1189
933: 104,399,1140,48,1907,1614
934: 1004,1961,625,1209,1620,821
935: 1991,1511,1810,759,1400,1806
936: 291,1552,587,1888,115,520
937: 29,311,819,1745,1056,1134,229
938: 486,68,715,1959,2015,1846
939: 1381,730,1942
940: 863,1880,386,962,941,93
941: 1786,1968,1880,962,1950,940
942: 205,259,1605,1622,1982,1413
943: 322,1993,676,631,131,1613,1735
944: 6,1861,1830,1254,119,1255
945: 1035,1667,402,2026,70,581,1268
946: 96,524,1722,1457,442
947: 1629,1462,1547,321,1112,1714
948: 703,459,973,1517,1156,1746
949: 1024,910,245,1132,1663,463
950: 425,1677,965,1144,1318,175
951: 5,1681,915,1328,1531,64
952: 1691,961,321,59,855,1112
953: 1122,319,782,1084,926,1764
954: 42,356,510,1437,252,1372
955: 1027,1311,1086,275,1281,1395
956: 1650,912,1538,1339,440,468
957: 204,1243,1621,1711
958: 1183,357,1748,980,859,1543
959: 1753,635,1527,807,1023,364
960: 1805,775,1649,986,656,277
961: 1691,1952,1916,952,1036,321
962: 386,328,941,1950,940,1114
963: 83,1821,44,1075
964: 1879,555,1115,283,1886,65,669
965: 950,1318,246,1352,1882,175
966: 783,302,451,1079,1439,925
967: 1753,519,1542,1639,1482,9
968: 1955,1565,1455,2,457,338
969: 1890,285,222,307,1576,1765
970: 1434,1330,1656,1964,9,371
971: 89,780,1129,556,1315,2027
972: 284,497,1346,1803,1483,364
973: 948,1517,883,243,1858,1746
974: 1822,492,2013,1862,702,1738
975: 355,251,851,1308,324,1933
976: 329,638,1815,192,2003,982
977: 292,1011,786,2005,50,1472
978: 1871,569,3,235,2029,1585
979: 1641,208,2035,426,261,1574
980: 10,1089,380,859,958,357
981: 1202,91,423,671,1236,1699
982: 2014,1390,182,976,192,2003
983: 147,424,1361,621,1415,1110
984: 568,1227,443,1436,203,20
985: 74,1345,319,1369,1571,1479
986: 1621,1236,960,775,1243,277
987: 571,1678,346,224,1041,1625
988: 1766,595,398,1201,798,1660
989: 1295,1193,1016,1741,1859,1675
990: 443,1831,1131,1320,1436,1930
991: 1410,1404,32,1943
992: 1209,209,821,86,1984,1778
993: 1483,750,1037,284,2034,1374
994: 75,1160,1772,451,1079,2041
995: 205,2042,2043,1485,1622,337
996: 735,1604,1172,1843,461,1650,155
997: 1288,164,2048,1714,1462,1854
998: 388,1751,197,1067,1808,554
999: 1935,493,24,651,1185,1300,448
1000: 1624,257,1197,673,1504,578
1001: 1360,518,1350,1724,575,1340,1688
1002: 1787,1448,1356,765,917,1188
1003: 315,171,38,1158,610,1467,1956
1004: 934,491,1961,1469,1940,1620
1005: 904,1926,900,1206,1476,1704
1006: 1992,75,1562,1772,1353,1237
1007: 1034,1431,641,418,1786,1968
1008: 1648,2018,222,139,1043,1934,1515
1009: 1484,754,1064,1224,1708,1700
1010: 600,2028,766,1387,267,187
1011: 292,977,339,1496,1544,50
1012: 645,1609,1795,1958,1319,704
1013: 304,1899,1214,909,395,1044
1014: 288,1246,1540,1920,1125,622
1015: 876,464,1456,540,84,1939
1016: 989,1295,1284,2034,1741,1595
1017: 1332,400,820,240,1949,1234
1018: 340,928,225,1643,831,687,1367
1019: 1076,1452,123,746,1619,1101
1020: 85,736,1458,1659,1473,1377,538
1021: 195,1513,1224,1668,1484,669
1022: 1850,1192,1581,1591,498,103
1023: 52,807,1653,1753,959,1639
1024: 1132,1663,949,39,1674,500
1025: 1465,111,639,769,1257,1137
1026: 1856,1329,656,1233,277,1427
1027: 711,1311,955,1414,1281
1028: 1955,1454,467,1556,921,457
1029: 1486,1156,557,650,1083,1746
1030: 1989,1810,759,580,727,51
1031: 1726,847,474,906,836,1994
1032: 11,754,1962,1210,747,795
1033: 539,373,361,1716,1379,1480,408
1034: 684,1007,183,1373,1431,1968
1035: 297,441,945,70,1268,1364
1036: 961,1916,2037,321,768,476,1547
1037: 1483,993,52,487,750,807,1429
1038: 42,369,512,1638,1258,1494
1039: 632,584
1040: 526,436,837,809,1777,1796
1041: 503,224,895,92,987,1678
1042: 724,1867,1217,767,1769,1797
1043: 1648,1008,207,1370,1515,1905
1044: 395,1207,845,1013,1899,627
1045: 1200,774,611,157,1975,561
1046: 1202,91,1456,140,540,365
1047: 1062,566,396,323,306,665
1048: 82,197,612,1781,511,1107
1049: 872,1302,273,1553,216,620
1050: 689,1840,1922,504,154,1306
1051: 928,1475,1367,440,468,1101
1052: 14,360,1688,764,1710,1359
1053: 885,438,1732,1170,53,607,1914
1054: 1526,1220,200,231,818,799
1055: 776,505,1555,1252
1056: 29,159,2044,1134,937,1985
1057: 848,0,1167,646,269,1126
1058: 613,405,838,281,190,1153
1059: 1127,1851,170,688,513,796
1060: 846,890,1579,688,513,145
1061: 854,379,543,389,106,1286
1062: 1805,1047,797,566,1649,1758,323
1063: 316,60,872,1195,273,1626
1064: 482,1224,1009,614,1708,477
1065: 1754,1915,529,344,1312,161
1066: 1113,1175,1835,17,602,342
1067: 619,126,1818,1751,998,554
1068: 613,908,77,791,1389,1557
1069: 224,535,1358,45,1625,1820
1070: 588,236,1896,761,256,1396
1071: 71,928,225,1475,1718,746
1072: 1199,879,692,333
1073: 22,253,328,1114,1466,368
1074: 1532,1917,567,128,573,1471
1075: 44,132,1686,963,1821,1189
1076: 746,1619,1019,71,208,1574
1077: 1450,1967,1959,450,891,1554
1078: 1338,242,1139,881,507,839
1079: 966,451,994,2041,925,693
1080: 1309,852,889,1676,297,441
1081: 368,713,710,1355,386,1114
1082: 1273,918,2020,1865,1884,1168,396
1083: 650,1029,1858,1746,1198,81
1084: 659,1204,926,1679,1764,953
1085: 458,102,1129,1212,1279,206,780
1086: 226,551,1311,955,275,1868
1087: 876,56,1261,1456,91,1699
1088: 227,58,1157,1446,1551,1873
1089: 2033,10,980,859
1090: 46,477,1145,648,520,1445
1091: 739,1196,737,247,901,1869
1092: 1491,350,1378,1632,334,794
1093: 188,1977,1122,319,1369,1998
1094: 171,38,209,1744,894,1984
1095: 694,870,1231,2038,787,1530
1096: 63,1929,1205,2024,494,924
1097: 76,1997,485,1342,1853,1694
1098: 1726,875,906,270,658,1446
1099: 1962,317,1501,377,691,530
1100: 228,1247,666,1314,738,370
1101: 468,1452,746,1742,1019,1051,1475
1102: 524,445,1980,1291,1937,1184
1103: 892,1740,1804,359,527,1376
1104: 470,179,1385,787,657,1530
1105: 544,1148,456,351,763,1388
1106: 860,603,293,1830,88,1664
1107: 452,511,1808,1327,1048,197
1108: 26,662,530,187,2042,2043
1109: 1871,1783,878,235,728,1545,308
1110: 1922,1415,504,621,983,1334
1111: 141,1333,1386,384,1700,747
1112: 806,1714,952,321,855,947
1113: 1175,1944,514,604,17,1066
1114: 386,962,328,368,1081,1073
1115: 377,555,964,1668,669,317
1116: 2013,1696,478,569,3,1262
1117: 336,570,678,1442,107,741
1118: 1361,1174,353,194,626,479
1119: 137,495,582,1146,868,748
1120: 312,94,768,1629,598,243
1121: 1474,1270,1533,404,1889,858
1122: 953,319,1093,1998,348,782
1123: 506,288,836,808,1994,1695
1124: 1654,605,129,612,1936,511
1125: 1920,343,622,652,1539,1014
1126: 1788,127,269,0,1057,298
1127: 501,605,170,1059,796,1575
1128: 841,1612,1451,1499,731,271
1129: 102,1085,206,1315,971,780
1130: 823,656,1233,1758,244,188
1131: 722,443,990,72,1831,1847
1132: 1024,245,949,2036,39,90
1133: 272,129,1970,866,1936,135
1134: 1796,1056,937,1985,229,837
1135: 251,117,1308,1615,1549,805
1136: 1949,484,1878,230
1137: 1465,639,1025,1151,1560,352
1138: 531,156,833,431,232,1528
1139: 242,1078,507,375
1140: 1971,104,1794,48,933,690
1141: 1521,1973,564,403,638,574
1142: 217,912,233,1541,1730,1799
1143: 1651,599,207,647,1648,285
1144: 425,950,1433,189,1406,1318
1145: 1552,2040,648,520,1090
1146: 1965,720,137,1119,748,1404
1147: 919,773,1750,560,1310,1343
1148: 2030,544,1906,1430,31,1105,763
1149: 558,716,1407,501,1575,393
1150: 2040,1240,186,153,1800,1493,893
1151: 1909,1546,352,639,1137,1161
1152: 221,1875,331,1837,1626,1403
1153: 190,1424,1249,838,1058,695
1154: 722,1831,608,309,12,857
1155: 907,481,2010,191,832,1725,134
1156: 557,1029,1746,1608,459,948
1157: 658,58,869,1088,1446,1819
1158: 315,1003,1600,171,25,1774
1159: 320,794,1298,649,159,2044
1160: 75,994,172,659,1204,2041
1161: 800,639,1151,1909,1246,622
1162: 405,1437,1557,817,1164,1399,252
1163: 387,721,1717
1164: 867,1399,1437,1162,252,1222
1165: 590,765,1761,1928,1519,454
1166: 2025,62,1534,1478,699,422
1167: 848,0,1845,1336,1057,517
1168: 19,903,1884,1082,396,665
1169: 1944,286,17,898,112,1354
1170: 438,1053,1814,53,1680,856
1171: 820,242,1332
1172: 1843,1815,862,192,552,996,1604
1173: 803,660,635,1527,597,1733
1174: 424,1118,1361,7,1568,353
1175: 1113,514,604,1066,886,342,1535
1176: 307,1326,661,563,1832,835
1177: 168,1914,885,697,274,1495
1178: 894,547,444,1984,1778,1895
1179: 435,1790,706,1477,624,729
1180: 1996,691,662,11,1642
1181: 547,444,1416,1908,24,448
1182: 682,873,1747,475,1395,275
1183: 82,958,388,1453,357,1748
1184: 1937,1102,1980,849,238,705
1185: 1935,999,493,1903,884,1300
1186: 630,375,1468
1187: 160,541,1269,469,485,1342
1188: 43,917,1539,1761,1002,765
1189: 1578,550,932,1821,132,1075
1190: 502,515,411,136,1449,1596
1191: 1479,54,74
1192: 703,1581,1352,1882,1591,1022
1193: 989,1295,193,1439,1675,1617
1194: 847,474,308,1685,109,728,2022
1195: 686,709,316,872,335,1771,1063
1196: 739,1091,290,467,247
1197: 184,249,1504,578,1587,1000
1198: 921,457,650,1083,1866,81
1199: 1072,287,692
1200: 774,1975,1045,512,834,18
1201: 1705,481,595,988,134,1660
1202: 91,981,1236,1046,775,365
1203: 1791,899,577,1585,3,1696
1204: 659,1084,299,1679,582,1160
1205: 372,871,63,575,1096,494
1206: 1005,904,1673,572,194,1476
1207: 180,395,1719,1044,1698,845
1208: 707,1566,198,1932,644,1636
1209: 992,821,934,625,86,1398
1210: 1668,1484,754,1032,1962,317
1211: 248,826,89,1497,2027,1460
1212: 675,810,458,102,758,1085,1279
1213: 898,528,120,1891,738,1354
1214: 909,1013,395
1215: 1670,606,549,214,1694,717
1216: 1335,822,1860,282,1577,278
1217: 1933,300,802,1867,1042,1391,1769
1218: 358,1505,303,1410,162,1381
1219: 726,1957,152,1798,359
1220: 394,200,1054,1567,663,818
1221: 79,241,1966,166,1401,469
1222: 252,1893,1372,413,1418,867,1164
1223: 1594,931,1499,1630,1558,641
1224: 195,482,1021,1064,1484,1009
1225: 865,567,1912,573,249,1978
1226: 668,263,1948,1408,199,1384
1227: 301,568,55,984,1260,20
1228: 664,1675,465,1859,87,1421
1229: 334,480,642,1842,1298,234
1230: 1703,1775,143,1979,483,521
1231: 694,23,1095,1530,1784,508
1232: 130,643,1946,1792,458,758
1233: 823,1329,656,1026,1130
1234: 562,484,1901,1017,400,1949
1235: 653,253,414,114,1297,1451
1236: 1202,423,986,1621,981,775
1237: 75,816,172,125,1562,1006
1238: 53,397,332,1902,514,856
1239: 1897,1564,1416,811,854,178
1240: 195,1513,186,1150,153,1828
1241: 276,1789,346,583,1692,2039
1242: 812,1715,1894,523,46,614
1243: 204,957,1427,986,1621,277
1244: 98,65,585,163,745,1879
1245: 653,1441,1727,922,414,5
1246: 288,1014,808,800,1161,622
1247: 534,2021,1100,666,1314,884
1248: 708,1906,1564,178,651,763
1249: 535,874,190,895,1424,1153
1250: 449,1252,185,776,1785
1251: 1274,151,1749,213,1682,667
1252: 449,1250,1885,1055,776,505
1253: 446,1482,66,1964,756,1458
1254: 88,1321,202,1830,6,944
1255: 119,343,652,237,1830,944
1256: 539,801,373,531,1537,1613
1257: 111,769,644,1657,1025,1636,516
1258: 42,510,1038,1494,1323,1518
1259: 771,1961,625,1293,447,1618
1260: 439,805,568,55,1317,1227
1261: 1087,626,876,56,1671,479
1262: 1759,569,878,218,492,2013,1116
1263: 1316,230,827
1264: 1698,4,410,910,633
1265: 430,813,1548,1913,39,1674
1266: 616,2008,1567,1969,509,663
1267: 2001,869,1819,1932,644,516
1268: 1739,581,383,1364,1035,945
1269: 551,541,532,1187,1401,469
1270: 6,1470,404,1121,1889,1861
1271: 177,378,354,1572,1525,1737
1272: 115,730,358,289,1755,1445
1273: 918,1082,1397,84,1865,752
1274: 770,397,151,1251,667,1661
1275: 305,916,809,1559,123,1619
1276: 756,668,1408,1716,1379,519
1277: 51,450,110,260,1554,580
1278: 863,1880,1550,183,369,18
1279: 675,102,920,591,1085,1212
1280: 570,1303,1736,212,92,1502
1281: 296,542,1395,1027,955
1282: 232,777,462,1362,1793,833
1283: 533,1856,349
1284: 783,416,1295,1016,2034,1374
1285: 466,1693,1433,189,814,1940,1469
1286: 854,389,1061,178,708,13
1287: 1452,781,1559,123,815,751
1288: 1526,164,930,200,2048,997
1289: 748,1404
1290: 495,926,1679,1345,265,201
1291: 739,1883,1937,1102,445
1292: 498,324,300,1954,1391,1591
1293: 491,771,1961,790,1601,1259
1294: 333,1531,105,879,1563,1877
1295: 783,989,1193,1284,1439,1016
1296: 2031,624,729,1953,788,1490
1297: 1451,731,1770,653,1235,1681
1298: 334,642,794,1159,1229,649
1299: 1866,1640,654,268,762,81
1300: 999,24,884,1185,850,534
1301: 145,1872,90,627,1579,1522
1302: 1602,872,335,1049,1701,216
1303: 2000,617,336,570,1280,1736
1304: 1512,1782,381,589,576,181
1305: 261,1409,1341,1313,1762,525
1306: 423,1711,671,1050,504,154
1307: 389,1490,729,628,13,1790
1308: 975,251,1135,1933,802,1615
1309: 473,1960,852,1080,250,889
1310: 173,1601,560,1809,1750,1147
1311: 711,551,1027,541,1086,955
1312: 344,1065,271,161,1729,749
1313: 174,2035,460,1305,261,1762
1314: 1247,1100,1903,884,370,1929
1315: 556,1477,149,1129,206,971
1316: 1263,824,827,637
1317: 1549,805,55,919,1802,1260
1318: 950,1433,965,1144,246,792
1319: 645,1012,127,704,298,406
1320: 857,698,1344,1930,990,1831
1321: 88,2023,296,202,542,1254
1322: 1948,199,896,144,1659,736
1323: 1258,1494,93,1518,713,548
1324: 2009,858,711,160,1414,1474
1325: 800,769,1657,33,808,1695
1326: 645,307,1609,1765,1176,563
1327: 716,452,753,511,1107,1654
1328: 586,692,333,1531,951,64
1329: 533,897,823,1856,1026,1233
1330: 1434,62,537,970,499,371
1331: 1658,308,1685,122,1405,1783
1332: 1017,242,881,400,820,1171
1333: 141,1111,1386
1334: 671,1699,621,56,1110,504
1335: 1216,858,822,282,1533,1987
1336: 1864,0,704,1167,1981,517
1337: 1852,699,306,665,1652,19
1338: 881,1078,1588,839,2047,1422
1339: 1440,461,1650,956,912,1538
1340: 1688,764,341,372,575,1001
1341: 526,1305,1409,525,683,1637
1342: 1853,1187,166,469,1097,485
1343: 415,740,1837,1147,773,560
1344: 1641,174,698,2035,1320,1930
1345: 985,319,1290,926,1571,265
1346: 284,497,420,972,899,1595
1347: 760,1811,302,193,291,1888
1348: 1881,607,770,332
1349: 1911,1467,825,623,1956,690
1350: 518,1001,1672,1724,385,575
1351: 1993,362,262,1873,227,579
1352: 703,459,1192,1882,175,965
1353: 1992,1562,1006,487,750,1478
1354: 898,528,1213,1835,1169,17
1355: 368,1489,2011,873,1081,710
1356: 1002,1448,165,917,325,1775
1357: 842,558,41,1407,880,1570
1358: 116,535,874,45,1069,345
1359: 14,1052,1710,254,1939,752
1360: 518,1926,900,1001,14,1688
1361: 424,1118,621,983,1174,479
1362: 462,544,31,1282,1793,732,1635
1363: 571,1780,683,258,1637
1364: 552,1268,383,1676,1035,297
1365: 348,1852,782,1652,816,125
1366: 1419,1760,28,832,318,1508
1367: 831,1757,440,1051,928,1018
1368: 1892,608,1924,1689,47,1592
1369: 985,74,1977,319,1093
1370: 210,599,207,1043,490,1905
1371: 250,889,789,354,2004,1723
1372: 252,1518,1222,1893,1418,510,954
1373: 1034,684,1550,183,257,142
1374: 1992,993,750,2034,416,1284
1375: 774,561,2000,617,1444,719
1376: 1103,359,527,1963,326,550
1377: 1473,341,2017,1659,1020,736
1378: 1471,350,755,1632,1092,1721
1379: 519,408,1716,1033,1276
1380: 751,649,1559,305,159,1985
1381: 162,939,730,1218,358
1382: 655,1814,286,112,1420,327
1383: 466,355,1809,251,117,1693
1384: 263,199,101,732,1226,1635
1385: 1541,470,733,179,1104,1464
1386: 1333,1111,747,795,496
1387: 1413,185,428,766,1010,2028
1388: 101,1635,351,544,1105,536
1389: 77,791,1068,2000,1736,719
1390: 2014,982,23,1843,192,155
1391: 498,1583,300,1867,1217,1292
1392: 1749,213,1951,1402,609,121
1393: 373,49,1537,1480,660,1988
1394: 1552,664,587,465,893,2040
1395: 542,475,1281,1182,955,275
1396: 256,1489,710,548,588,1070
1397: 1273,918,239,752,1945,1710
1398: 811,379,1618,1209,625,86
1399: 867,817,2016,1995,1164,1162
1400: 1991,935,1806,380,680,1498
1401: 1966,1221,640,469,532,1269
1402: 1435,1951,609,67,347,1392
1403: 620,740,1837,1626,1152,273
1404: 1289,991,748,32,1146,720
1405: 122,362,1597,1735,1658,1331
1406: 425,189,814,757,1144,1774
1407: 716,753,880,558,1357,1149
1408: 668,263,1226,1863,1716,1276
1409: 526,1305,426,1777,261,1341
1410: 991,32,303,1218,162,1943
1411: 427,100,677,1645,472,830
1412: 486,1633,715,453
1413: 1982,1387,428,766,942,1622
1414: 711,1027,793,1474,1324
1415: 1922,1972,1110,147,983
1416: 1897,1564,547,1239,1181,448
1417: 1870,1593,124,1697,911,670
1418: 588,236,1518,1222,1893,1372,510
1419: 1366,28,318,2037,1904,429
1420: 904,1611,327,655,572,1382
1421: 390,87,553,664,1493,1228
1422: 2047,30,1338,1588,646,848
1423: 322,49,1597,1988,1709,196
1424: 874,1153,1249,515,695,1449
1425: 174,460,1436,1930,203,1938
1426: 113,133,1721,1818,1520,554
1427: 204,349,1243,1856,1026,277
1428: 2002,1501,712,377,555,337
1429: 52,487,499,1653,1037,1534
1430: 2030,462,279,628,31,1148
1431: 1034,684,1007,500,1432,418
1432: 684,1674,1624,500,1431,430
1433: 189,1144,1318,792,1285,1693
1434: 215,537,1481,1330,970,1656
1435: 1951,1402,67,1512,589,1697
1436: 1425,1930,443,990,984,203
1437: 908,1557,1162,356,954,1164,252
1438: 1971,48,313,425,757,610
1439: 783,302,966,1295,1193,193
1440: 461,217,1784,508,912,1339
1441: 1727,61,922,1868,1245,226
1442: 678,107,741,1117,819,229
1443: 606,549,864,1752,374
1444: 617,336,107,1986,1763,1375,561
1445: 115,520,1272,289,46,1090
1446: 658,227,1088,1157,875,1098
1447: 636,1561,826,89,780,1974,1510
1448: 1787,1002,1628,339,1356,325
1449: 515,411,695,1190,1524,1424
1450: 927,1967,1959,1077,68
1451: 114,1128,1297,1612,731,1235
1452: 781,123,1742,1101,1019,1287
1453: 388,1183,357,1751,1498,35
1454: 1955,840,784,1028,467,247
1455: 968,1955,30,1565,784,1845
1456: 1087,876,1015,540,91,1046
1457: 946,442,191,2010
1458: 85,446,66,1020,1253,736
1459: 1982,449,428,1885,220,785
1460: 407,2027,1528,1211,1497,431
1461: 205,259,1485,1472,786,1662
1462: 312,1629,947,1854,997,1714
1463: 1917,128,280,1570,842,1921
1464: 829,470,559,733,1536,1385
1465: 111,1025,1137,433,21,594,1560
1466: 114,828,328,253,1073
1467: 1911,1744,1956,1349,1003,38
1468: 1186,630,375,685,1869,737
1469: 491,1004,173,466,1285,1940
1470: 1270,1928,404,255,1861,674
1471: 755,1378,1632,1532,128,1074
1472: 1461,1485,977,786,712,50
1473: 360,1377,764,341,538,1020
1474: 1533,1121,1889,793,1414,1324,858
1475: 1071,1051,928,468,746,1101
1476: 626,1671,1704,1005,1206,194
1477: 706,556,1315,1179,624,149
1478: 487,1534,1166,422,1562,1353
1479: 1571,1191,985,74
1480: 803,660,408,373,1033,1393
1481: 1434,215,537,903,1884,239
1482: 1964,1253,756,9,967,519
1483: 993,52,807,1037,364,284,972
1484: 1668,1009,754,1210,1021,1224
1485: 205,1461,995,337,1472,712
1486: 2,557,650,1029,2019,108
1487: 543,106,447,779,1953,1573
1488: 471,1989
1489: 256,1396,873,1747,710,1355
1490: 389,106,1307,729,1953,1296
1491: 350,1092,1610,913,334,1842
1492: 1881,409,168
1493: 664,893,390,1421,1800,1150
1494: 369,1038,1258,1323,863,93
1495: 7,1568,1177,697,593,274
1496: 1011,1628,339,1743,1646,1544
1497: 248,1211,1460,801,431,131,1613
1498: 380,1400,1806,35,1453,357
1499: 931,841,1223,1128,1612,1630
1500: 264,1705,1586
1501: 377,1428,2043,337,1099,530
1502: 791,281,92,1280,1736,503
1503: 1864,517,1565,338,2019,399,1614
1504: 1728,673,1921,184,1197,1000
1505: 1218,358,1755,303,760,73
1506: 602,15,725,914,634,376
1507: 1863,156,833,263,1793,732
1508: 1366,28,832,134,57,1660
1509: 310,1593,1823,124,1898,381
1510: 248,636,826,1873,1447,631,262
1511: 1665,759,935,1806,1713,417
1512: 1304,589,696,181,1435,67
1513: 195,1240,1021,1886,1828,669
1514: 329,1676,574,862,852,1844
1515: 15,1934,1008,1043,914,1905
1516: 1947,1684,877,472,717,1670
1517: 703,948,973,1581,94,243
1518: 588,1372,1418,510,1258,1323,548
1519: 1707,392,454,2005,590,1165
1520: 452,391,1808,554,133,1426
1521: 176,584,1826,1973,564,1141
1522: 845,410,1301,90,627,245
1523: 502,1683,1584,1596,920,591
1524: 411,198,695,1449,1566,488
1525: 266,1737,1578,743,177,1271
1526: 1288,930,200,1054,231,724
1527: 1753,1173,959,803,635,1542
1528: 232,407,1460,2006,1138,431
1529: 97,1768,1707,902,392,1662
1530: 787,1231,1095,508,179,1104
1531: 915,333,1294,1328,951,105
1532: 1074,573,320,1471,1632,1841
1533: 1474,404,1121,1987,1335,858,282
1534: 487,499,1429,1478,62,1166
1535: 1902,223,1923,886,1175,514
1536: 829,234,733,1464,913,1842
1537: 49,676,1613,373,1256,1393
1538: 956,912,1339,233,468,1742
1539: 43,1920,917,1125,343,1188
1540: 521,506,165,288,1014,1920
1541: 1730,733,179,1385,217,1142
1542: 1753,967,803,519,1527,408
1543: 1848,294,859,958,1748
1544: 2002,1646,283,50,1011,1496
1545: 1759,1109,878,235,728,2022,714
1546: 860,1151,293,237,1909,352
1547: 768,1629,476,947,1036,321
1548: 1265,558,813,41,1913,393
1549: 805,919,1317,117,1135,1750
1550: 183,1373,142,1975,18,1278
1551: 58,1088,169,636,1873,1974
1552: 936,1394,587,1145,2040,520
1553: 301,437,522,216,620,1049
1554: 2038,450,110,891,1277,1077
1555: 1055,505,40,1684,830
1556: 290,467,1866,654,1028,921
1557: 613,908,405,1068,1437,1162
1558: 1630,1663,463,641,418,1223
1559: 123,1287,751,1380,305,1275
1560: 150,352,2045,594,1465,1137
1561: 1580,780,1974,1447,102
1562: 816,1006,1353,1237,1478,422
1563: 1877,1294,879
1564: 1239,1416,178,651,448,1248
1565: 968,1455,338,1845,1503,517
1566: 707,2016,1208,488,198,1524
1567: 2008,681,1266,394,1220,663
1568: 1495,7,1174,353,211,697
1569: 304,846,890,2007
1570: 391,880,280,1463,842,1357
1571: 1479,985,1345,265
1572: 59,177,378,1631,1271,8
1573: 1812,1953,788,779,366,1487
1574: 916,426,1076,1619,208,979
1575: 1647,796,393,501,1127,1149
1576: 419,1765,95,285,969,1651
1577: 929,278,677,723,1216,1860
1578: 266,1525,743,1189,932,132
1579: 1060,1899,846,627,145,1301
1580: 1561,1974,102,920,1683,169
1581: 703,1850,1192,1517,1022,94
1582: 473,69,250,1598,789
1583: 498,103,1867,1391,930,2048
1584: 502,1683,455,1523,843,2001
1585: 577,118,2029,3,978,1203
1586: 804,1776,595,1500,1705
1587: 1978,578,611,157,1197,249
1588: 1338,881,400,1422,1901,646
1589: 382,1911,1744,546,647,1767
1590: 853,1773,714,218,1979,1759
1591: 1192,1882,1022,498,1954,1292
1592: 608,1924,1368,12,592,1643
1593: 923,1870,310,1417,1509,124
1594: 931,1223,828,641,1786,1950
1595: 284,2034,420,1346,1741,1016
1596: 502,1523,136,1190,1941,591
1597: 322,122,1423,1405,1735,196
1598: 326,743,789,932,69,1582
1599: 1996,26,267
1600: 171,209,1158,25,1620,821
1601: 491,173,790,560,1293,1310
1602: 709,335,1302,1701,2039,1789,1820
1603: 1734,99,630,685
1604: 2046,552,996,735,383,1172
1605: 259,942,1768,701,785,1982
1606: 95,825,623,419,1795,432
1607: 295,210,1925,1908,80,490,850
1608: 459,175,1156,557,844,1677
1609: 645,419,1795,1765,1326,1012
1610: 113,1491,350,913,1931,401
1611: 518,904,1926,1420,327,1672
1612: 931,114,828,1128,1451,1499
1613: 943,676,131,1537,1497,801,1256
1614: 399,108,933,1907,2019,1503
1615: 629,1933,802,1308,1135,439,805
1616: 1941,675,810,421,686,1807
1617: 291,587,1675,465,1193,193
1618: 379,543,447,1398,625,1259
1619: 1076,123,1019,916,1275,1574
1620: 1600,25,1940,821,934,1004
1621: 423,986,1711,1236,957,1243
1622: 205,2042,766,942,995,1413
1623: 180,749,1719,344,412
1624: 1000,684,1432,257,430,673
1625: 224,1069,1820,1789,987,346
1626: 331,1152,1403,60,1063,273
1627: 231,1689,799,309,767,1797
1628: 1448,339,1743,1496,34,325
1629: 312,768,1462,1547,1120,947
1630: 1558,633,463,841,1223,1499
1631: 59,2008,378,681,855,1572
1632: 1471,1378,1092,320,794,1532
1633: 1412,715,1849,453,1826,1839
1634: 632,1957,152,1973,403,36
1635: 1388,101,732,1384,544,1362
1636: 111,1257,644,707,433,1208
1637: 683,258,1363,526,436,1341
1638: 42,356,512,834,1829,1038
1639: 1753,967,9,1653,1023,371
1640: 1712,268,762,1904,429,1299
1641: 208,979,698,2035,1344,1702
1642: 496,11,1180,795
1643: 340,1018,225,592,687,1924,1592
1644: 78,2007,734
1645: 472,717,723,214,1411,677
1646: 1879,1544,283,1743,1496,163
1647: 1913,796,2036,1872,1575,393
1648: 1008,285,222,1043,207,1143
1649: 960,1805,1062,1758,656
1650: 461,956,1339,440,996,735,1757
1651: 647,1143,1576,382,95,285
1652: 1852,1337,699,422,1365,816
1653: 52,499,1023,1429,371,1639
1654: 501,1124,605,716,511,1327
1655: 1848,861,1970,294
1656: 85,446,1887,1964,1434,215,970
1657: 1325,769,1257,33,516,367
1658: 579,778,1685,1331,362,1405
1659: 144,2017,1322,1377,1020,736
1660: 798,57,1201,988,1508,134
1661: 667,1274,770
1662: 1768,786,392,1529,259,1461
1663: 1024,1558,949,463,418,500
1664: 88,2023,700,761,603,1106
1665: 1511,759,580,260,742,1713
1666: 415,221,366,771,790,779
1667: 402,2026,945,581,1924,47,340
1668: 1484,669,1210,317,1115,1021
1669: 798,1691,8,1952,398,679
1670: 1215,606,1516,877,717
1671: 626,876,1261,464,1476,1704
1672: 518,1611,327,1350,718,385
1673: 211,572,545,1206,353,194
1674: 500,1432,430,1265,39,1024
1675: 465,1617,1228,1859,989,1193
1676: 862,1514,852,1080,297,552,1364
1677: 425,950,1608,175,844,313
1678: 571,1780,92,987,212,1041
1679: 1204,1084,495,1290,926,582
1680: 1944,856,604,286,1814,1170
1681: 5,951,64,1297,1770,653
1682: 667,1717,213,1251
1683: 1523,1584,920,1580,843,169
1684: 1947,1516,40,472,830,1555
1685: 1658,474,308,778,1194,1331
1686: 44,1776,1766,132,1075,1838
1687: 882,1713,417,401,829,559
1688: 14,1340,764,1052,1360,1001
1689: 1892,608,1627,1368,799,309
1690: 2018,139,1825,696,181,772
1691: 961,8,1952,1669,952,59
1692: 16,672,583,1701,2039,1241
1693: 466,355,792,1285,1383,1433
1694: 1215,549,214,1853,76,1097
1695: 1123,808,1994,270,1325,33,906
1696: 219,1116,478,3,1791,1203
1697: 124,589,1417,670,1435,1951
1698: 180,1207,845,4,1264,410
1699: 91,981,671,1334,1087,56
1700: 1111,384,747,1009,754,1708
1701: 672,1692,2039,216,1602,1302
1702: 71,1718,434,1641,208,698
1703: 853,34,1230,325,1775,1979
1704: 1671,464,1476,1005,900,254
1705: 264,1500,481,1201,1586,595
1706: 473,1960,36,69,152,1798
1707: 97,1519,596,392,454,1529
1708: 523,614,1064,1009,384,1700
1709: 1857,1988,1983,597,196,1423
1710: 1945,360,1052,1359,1397,752
1711: 423,1306,1621,154,957
1712: 1640,268,429,883,476,598
1713: 417,1687,742,1665,1511,559
1714: 806,164,1112,997,1462,947
1715: 812,1242,523
1716: 1863,361,1033,1408,1276,1379
1717: 1163,721,121,213,1682
1718: 1071,71,225,592,1702,434
1719: 180,395,1623,1207
1720: 1855,1824,1874,1900,167,615
1721: 113,350,755,133,1378,1426
1722: 96,946,524,445,99,1734
1723: 2004,509,1371,616,354
1724: 1756,385,63,575,1001,1350
1725: 1760,832,1918,1155,191
1726: 474,875,778,1031,906,1098
1727: 1441,61,1245,5,915
1728: 842,813,41,673,1921,1504
1729: 271,1312,749,4,841
1730: 1541,234,733,1142,480,1799
1731: 914,634,2021,490,666,1905
1732: 211,885,438,697,1053,545
1733: 1803,158,1983,597,1173,635
1734: 1603,96,1722,99
1735: 943,322,1993,362,1597,1405
1736: 2000,1280,1303,791,1502,1389
1737: 1525,743,789,354,1271
1738: 1862,1800,618,1822,974,390
1739: 2046,581,1268,383,831,687
1740: 892,1103,359,744,726
1741: 1990,420,1595,1859,989,1016
1742: 468,1452,781,1101,1538,233
1743: 1628,1496,34,489,163,1646
1744: 1911,1467,1589,38,1094,546,894
1745: 29,311,819,937,865,1912,1986
1746: 1156,1029,1858,1083,948,973
1747: 256,1489,873,1182,475,700
1748: 82,958,1183,294,1543,1781
1749: 213,223,609,1392,151,1251
1750: 1809,117,1147,1549,919,1310
1751: 388,1453,998,35,619,1067
1752: 2012,79,1443,864
1753: 967,959,1527,1542,1639,1023
1754: 1915,344,1065,412
1755: 1888,115,1272,358,1505,760
1756: 1724,120,385,1891,924,63
1757: 2046,735,831,1367,1650,440
1758: 1062,1649,323,244,656,1130
1759: 878,1262,1545,714,218,1590,492
1760: 1366,849,832,1725,1918,318
1761: 674,43,1188,1928,1165,765
1762: 16,583,1938,1313,460,1305,525
1763: 1978,157,561,865,1444,1986
1764: 659,1084,782,172,125,953
1765: 307,419,1609,1576,1326,969
1766: 1776,1686,595,1838,988,398
1767: 295,210,546,599,647,1589
1768: 902,1529,1662,701,259,1605
1769: 767,629,72,1797,802,1217,1042
1770: 731,529,161,1297,1681,64
1771: 686,709,335,345,1195,45
1772: 1992,75,994,1006,416,451
1773: 853,489,218,1590,702,745
1774: 315,1158,25,189,1406,814,757
1775: 1703,1230,325,521,165,1356
1776: 804,44,1766,1586,1686,595
1777: 526,916,426,809,1040,1409
1778: 86,1897,547,1984,1178,992
1779: 22,922,1868,682,2011
1780: 571,258,1363,1678,678,212
1781: 861,294,612,82,1048,1748
1782: 1304,1898,381,576,1832,363
1783: 1871,1109,122,308,1331,314
1784: 1440,461,508,155,1231,23
1785: 2028,1250,185
1786: 1968,941,1950,1007,641,1594
1787: 590,292,1002,1448,339,765
1788: 562,127,565,269,1126,1874
1789: 1241,346,2039,1602,1625,1820
1790: 435,1179,1307,729,279,628
1791: 1990,1203,420,899,219,1696
1792: 1946,1232,331,60,1813,758
1793: 732,462,1362,1282,833,1507
1794: 104,1140,148,432,623,690
1795: 419,1609,1958,1012,432,1606
1796: 1134,229,436,837,1040,741
1797: 767,1769,722,72,1627,309,1042
1798: 1219,152,1963,69,1706
1799: 815,480,1142,233,1730,781
1800: 618,1738,390,1493,1150,153
1801: 866,135
1802: 301,55,919,437,1317,773,740
1803: 158,1733,635,364,497,972
1804: 892,1103,527,83
1805: 960,1062,775,797,365,566,1649
1806: 1511,1400,935,1498,35,1836
1807: 686,345,116,1941,1616,136
1808: 1520,452,1107,554,998,197
1809: 466,117,1383,1750,173,1310
1810: 1989,1991,759,1030,935
1811: 1976,925,760,73,1347,302
1812: 130,788,1946,1573,366,1875
1813: 810,421,758,316,60,1792
1814: 655,438,1382,1170,1680,286
1815: 329,976,1172,1843,862,192
1816: 67,347,696,330,1817,772
1817: 886,1910,1923,347,1816
1818: 1931,126,1067,113,1426,554
1819: 658,367,869,1157,1267,516
1820: 45,1625,1069,2039,1789,709,1602
1821: 527,963,83,1075,550,1189
1822: 974,390,2013,553,478,1738
1823: 824,637,37,310,1509,1898
1824: 1874,661,406,1720,615,563
1825: 835,2018,1890,1690,576,181
1826: 453,176,1521,1839,564,1633
1827: 456,493,1903,351,601,2024
1828: 1886,98,618,1240,1513,153
1829: 356,834,1638,719,908,77
1830: 293,237,1106,88,1254,1255,944
1831: 722,990,1131,1154,857,1320
1832: 1782,576,661,363,1176,835
1833: 871,601,144,494,536,896
1834: 929,1876,427,220,701,785
1835: 17,1066,602,376,528,1354
1836: 882,35,417,619,1806
1837: 415,221,740,1152,1343,1403,773
1838: 1766,132,1686,398,679,266
1839: 1826,564,1633,1849,2003
1840: 689,1050,154
1841: 29,311,2044,320,1532,573
1842: 334,1229,234,1536,913,1491
1843: 1172,1815,192,1390,996,155
1844: 1960,852,36,403,574,1514
1845: 848,1167,517,30,1565,1455
1846: 182,2015,27,715,938,1849
1847: 629,443,72,1131,439,568
1848: 1655,294,1543
1849: 1633,715,1839,2003,182,1846
1850: 1581,1022,312,94,1854,103
1851: 272,170,1059,78,734,688
1852: 348,888,1337,306,1652,1365
1853: 1342,549,864,1694,166,1097
1854: 312,1462,2048,997,1850,103
1855: 1874,167,1720,1878,565
1856: 533,1283,1329,1026,349,1427
1857: 118,2029,1983,314,1709,196
1858: 1083,1746,268,883,81,973
1859: 87,1990,1741,989,1675,1228
1860: 723,1216,76,1997,822,1577
1861: 1270,6,1470,944,674,119
1862: 98,618,702,585,1738,974
1863: 361,156,1716,1507,263,1408
1864: 1336,1503,1981,517,148,104,399
1865: 1273,1082,140,2020,540,84
1866: 654,1299,81,1556,921,1198
1867: 724,1583,300,1217,1042,1391,930
1868: 1779,1441,922,682,226,1086,275
1869: 375,1468,737,1091,901,507
1870: 923,1593,1417,911
1871: 1783,1109,235,978,2029,314
1872: 1647,513,796,2036,145,1301,90
1873: 636,1510,227,1088,1551,1351,262
1874: 1855,1824,406,1720,1788,127
1875: 221,366,331,1152,1812,1946
1876: 929,278,1834,701,905,902
1877: 1563,241,1966,1294,105
1878: 484,565,1136,230,1855,167
1879: 1646,964,283,1244,65,163
1880: 863,1968,941,940,1278,183
1881: 1492,168,607,1914,1348
1882: 1192,1352,1591,1954,965,246
1883: 739,737,1291,445,99,685
1884: 903,1481,1168,918,1082,239
1885: 449,1459,1252,100,220,505
1886: 98,65,1828,964,1513,669
1887: 85,1656,1945,538,239,215
1888: 115,1755,936,291,760,1347
1889: 1474,1270,6,1121,793,202
1890: 835,2018,222,1825,969,307
1891: 898,1756,718,120,385,1213
1892: 818,146,1689,47,1368,799
1893: 236,2045,1222,1372,413,1418
1894: 812,1242,1942,46,289
1895: 894,444,1178,295,546,1925
1896: 236,2045,761,1070,603,150
1897: 86,547,1239,1778,1416,811
1898: 1782,381,1823,37,363,1509
1899: 304,1013,846,627,1579,1044
1900: 37,167,1720,615,827,637
1901: 562,646,1234,269,1588,400
1902: 1238,1535,397,151,223,514
1903: 493,1827,884,1185,1314,1929,2024
1904: 1640,762,705,429,1419,318
1905: 914,490,1731,1043,1370,1515
1906: 2030,708,1148,1248,763
1907: 844,108,48,933,1614,313
1908: 444,1181,1607,1925,24,850
1909: 1151,237,1546,1161,622,652
1910: 886,330,342,725,1817
1911: 382,1467,825,1744,1349,1589,38
1912: 865,567,573,1225,311,1745
1913: 1647,2036,39,393,1265,1548
1914: 1881,168,1177,607,885,1053
1915: 1754,529,1065,287,586
1916: 961,1952,57,2037,1036,28
1917: 184,567,128,1074,1463,1921
1918: 1760,849,1725,442,1980,191
1919: 147,424,7,1927,593,887
1920: 917,1125,1539,165,1014,1540
1921: 842,1728,1504,1917,184,1463
1922: 689,1050,1415,1110,504
1923: 223,609,347,886,1817,1535
1924: 47,1592,1368,1667,340,1643
1925: 295,1607,444,1895,1908,850
1926: 1005,1360,518,904,900,1611
1927: 593,887,1919
1928: 1470,255,674,1761,1165,454
1929: 1096,2024,1314,1903,370,924
1930: 1425,174,1320,1344,1436,990
1931: 882,401,126,1818,113,1610
1932: 198,455,1208,2001,1267,644
1933: 324,300,802,1217,1615,975,1308
1934: 15,330,1515,772,1008,139
1935: 456,999,493,651,1185,763
1936: 861,1970,612,1124,1133,129
1937: 290,1291,1184,1102,238
1938: 203,16,672,1762,2032,1425,460
1939: 84,752,254,1359,1015,464
1940: 25,1620,814,1285,1004,1469
1941: 675,591,1616,1807,136,1596
1942: 812,1894,730,289,939
1943: 162,991,1410
1944: 1113,1680,604,1169,286,17
1945: 360,1710,538,1887,1397,239
1946: 130,1812,1232,1792,1875,331
1947: 1516,40,1684,877
1948: 668,199,1226,1322,66,736
1949: 240,1136,1017,484,1234
1950: 1786,962,328,941,1594,828
1951: 1435,1402,1392,1697,670,121
1952: 798,1691,961,57,1916,1669
1953: 788,1296,1573,1487,106,1490
1954: 324,1292,1882,1591,246,851
1955: 968,1454,1455,784,1028,457
1956: 610,1467,1349,690,1971,1003
1957: 632,1219,1634,152
1958: 1795,1012,432,704,1981,148
1959: 1450,1077,68,938,2015,891
1960: 1309,473,852,36,1706,1844
1961: 934,491,1004,625,1259,1293
1962: 11,1099,1032,1210,317,691
1963: 359,1376,1798,326,69
1964: 446,1482,1656,1253,9,970
1965: 1976,1146,693,720,137
1966: 241,1877,1221,640,1401,105
1967: 927,1450,138,1077,450
1968: 1786,1880,941,1034,1007,183
1969: 402,2026,509,1266,663,146
1970: 1655,861,866,1936,1133
1971: 1438,1140,48,610,1956,690
1972: 1415,887,147
1973: 584,1521,1141,403,632,1634
1974: 1580,636,1561,1447,169,1551
1975: 142,1200,611,1045,1550,18
1976: 1965,925,693,1811,720,73
1977: 74,188,1369,1093,823,54
1978: 1763,157,1587,865,249,1225
1979: 853,1703,714,1230,1590,143
1980: 1102,524,442,849,1918,1184
1981: 1864,1336,704,148,1958
1982: 1459,1413,428,785,942,1605
1983: 1857,118,158,1709,597,1733
1984: 894,1778,1178,992,209,1094
1985: 159,1056,1134,1380,305,837
1986: 107,1444,819,1745,865,1763
1987: 1533,404,255,1335,282,596
1988: 1709,597,1393,49,1423,660
1989: 1810,1030,1488,727
1990: 1791,420,1741,1859,87,219
1991: 471,1810,1400,935,680
1992: 1006,1772,1353,1374,750,416
1993: 943,1351,362,631,1735,262
1994: 1123,836,1695,847,1031,906
1995: 867,707,2016,433,21,1399
1996: 1599,26,1180,662
1997: 2009,76,1097,485,822,1860
1998: 188,1122,1093,348,888,244
1999: 201,868
2000: 617,1303,1736,1375,77,1389,719
2001: 843,869,1267,455,1584,1932
2002: 712,555,1544,283,1428,50
2003: 976,1839,1849,182,982
2004: 441,1723,509,70,889,1371
2005: 1519,786,392,590,292,977
2006: 232,435,407,706,777,1528
2007: 1644,78,1569,890
2008: 616,378,1631,681,1567,1266
2009: 1324,858,1997,485,822,160
2010: 907,1155,1457,191
2011: 368,682,873,1355,22,1779
2012: 1752,79,241
2013: 1822,974,492,1116,478,1262
2014: 694,1390,182,982,23,27
2015: 870,1846,27,938,1959,891
2016: 817,707,1566,1995,488,1399
2017: 372,871,144,1659,1377,341
2018: 1008,1890,222,1690,139,1825
2019: 1486,2,338,1503,108,1614
2020: 1082,140,1865,797,566,396
2021: 534,80,1247,490,666,1731
2022: 728,1545,1194,109,714,143
2023: 88,1321,542,475,1664,700
2024: 601,1929,1096,494,1827,1903
2025: 62,537,19,903,1166,699
2026: 1667,402,1969,945,509,70
2027: 407,556,1460,971,89,1211
2028: 600,1010,1785,185,1387
2029: 1857,118,314,1585,1871,978
2030: 708,1906,1430,628,31,1148,13
2031: 130,624,643,149,788,1296
2032: 203,16,522,672,20,1938
2033: 10,1089
2034: 284,1595,993,1374,1284,1016
2035: 1641,979,1313,174,1344,261
2036: 1913,1647,1872,39,90,1132
2037: 1916,1036,1419,28,429,476
2038: 787,110,891,1554,870,1095
2039: 1701,1692,1789,1241,1602,1820
2040: 648,186,1150,1394,1552,1145,893
2041: 299,994,1160,1079,693
2042: 2043,766,995,1622,1108,187
2043: 2042,995,337,1501,530,1108
2044: 29,1841,159,1056,320,1159
2045: 236,1896,594,1893,413,150,1560
2046: 1739,735,383,831,1604,1757
2047: 1422,30,840,784,1338,839
2048: 1288,930,997,1854,103,1583