0: 517,704,269,968,406,298
2: 338,457,108,557,650
3: 978,577,569,219,899,478
4: 845,410,910,749,180,633
5: 915,951,653,414,61,922
6: 404,793,202,944,119,674
7: 147,887,593,983,353,424
8: 57,177,679,798,59,961,952
9: 446,1023,970,371,967,756
10: 980,471,380,680
11: 317,662,691,754,747
12: 857,608,434,592,309,722
13: 389,708,628,854,178,811
14: 360,372,900,764,1001,904,518
15: 1008,139,914,772,330,376
16: 460,20,203,525,583,672
17: 738,898,528,602,604,112,286
18: 142,512,183,611,774,863
19: 62,422,537,699,816,665,903
20: 301,16,203,984,522,672
21: 433,111,707,352,594,867
22: 368,414,253,962,682,828
23: 27,508,982,155,912,461
24: 444,448,651,850,999,534
25: 315,209,757,814,934,1004,821
26: 187,530,662,795,267
27: 23,870,508,938,694,982
28: 429,476,961,832,57,318
29: 159,229,937,320,837,311
30: 646,839,881,848,784,840
31: 279,462,544,708,351,763
32: 720,748,991
33: 270,367,906,769,516,808
34: 853,745,163,339,325,585,489
35: 380,417,935,882,357,619
36: 852,632,152,403,862,574
37: 381,637,615,824
38: 690,825,1003,171,382,546
39: 393,90,245,813,1024,796
40: 472,830,877
41: 813,673,558,880,842,1000
42: 908,512,369,834,510,356,954
43: 119,343,652,674,765,917
44: 398,132,804,963,595
45: 346,335,345,709,224,535,987
46: 289,477,520,812,523,614
47: 146,402,608,340,581,592
48: 425,313,610,399,690
49: 196,597,660,322,373,676
50: 283,977,786,555,712
51: 260,759,580,138,727,450
52: 487,750,499,807,972,284,993
53: 168,332,607,856,885,438
54: 74,823,897
55: 919,773,437,568,805,301
56: 424,479,621,626,671,876
57: 988,8,798,832,28,961
58: 169,227,636,843,920,869,367,658
59: 855,952,177,8,378,806
60: 316,872,273,331,421,758
61: 922,226,915,640,5,532
62: 19,422,487,537,499,371
63: 494,924,575,370,120,385
64: 586,951,653,161,529,731
65: 964,669,1021,489,98,585
66: 446,668,756,199,1020,736
67: 696,589,670,721,121,347
68: 927,486,891
69: 359,726,326,152,932,473,789
70: 889,441,297,509,945
71: 434,225,746,928,208,698
72: 439,309,629,722,767,443
73: 303,358,720,760,925,302
74: 54,188,823,319,985
75: 416,451,993,1006,750,994
76: 214,549,485,160,822,723
77: 613,617,791,908,719,834
78: 272,688,734,890
79: 166,864,241
80: 210,490,850,666,534
81: 921,650,268,654,883,948,973
82: 388,197,612,861,958
83: 527,892
84: 140,396,1015,540,752,918
85: 239,1020,538,446,970,215
86: 992,854,379,547,811,821
87: 420,193,553,989,465,664
88: 293,944,603,700,202,542
89: 248,826,556,971,780,407
90: 39,245,796,145,410
91: 671,876,981,365,540
92: 503,212,336,570,617,678,791
93: 369,863,940,510,713,386
94: 103,1022,703,948,243,312
95: 419,432,825,382,647,969
96: 524,946
97: 902,259,905,596,701,392
98: 153,195,585,618,65,1021
99: 685,737,524,739,445
100: 427,830,220,785,449,505
101: 263,732,544,144,536,896,199
102: 971,458,920,591,675,780,810
103: 94,1022,498,997,312,930
104: 399,148,623,517,704,933
105: 915,241,333,640,879,951
106: 389,779,149,788,543,729
107: 157,865,819,336,570,561
108: 2,338,557,844,933,313
109: 143,521,714,728,847,483,836
110: 450,870,787,694,891,260
111: 21,433,352,769,516,639
112: 327,718,655,286,17,898
113: 401,913,126,133,350,554
114: 828,841,931,731,271,253
115: 289,520,730,936,358,760
116: 136,686,316,345,535,874,515
117: 919,173,560,251,355,466
118: 314,196,158,978,577,597
119: 293,944,43,652,674,6
120: 738,370,898,63,718,385
121: 151,609,67,721,213
122: 314,196,362,322,778,308
123: 751,781,1019,815,305,159
124: 310,911,381,589,670
125: 348,172,816,953,659
126: 113,401,554,619,882,998
127: 406,562,563,565,298
128: 184,249,280,567,573,842,755
129: 170,605,612,861,688,866
130: 366,149,788,331,643,758
131: 248,631,676,943,431,801
132: 44,398,550,266,679,798,963
133: 113,350,391,554,755,280
134: 191,481,832,442,849
135: 272,866
136: 116,591,675,686,515,502
137: 966,693,720,748,925,495,299
138: 727,927,51
139: 285,15,1008,181,772,222
140: 396,365,84,540,566,797
141: 384,523,614
142: 18,183,611,257,578,684
143: 853,109,521,714,325
144: 871,494,536,601,896,101
145: 627,846,410,513,90,796
146: 402,818,608,47,663,799
147: 7,887,689,983
148: 104,432,623,704,1012
149: 130,106,788,624,729,643,206
150: 352,236,594,761,860,603
151: 121,397,223,609,667,213
152: 726,632,69,473,36,852
153: 195,98,893,390,186,618
154: 957,504
155: 982,192,996,23,735,461
156: 361,833,263,531,539,732
157: 249,107,578,865,561,611
158: 497,118,577,597,635,364
159: 29,305,320,837,123,649,751
160: 858,822,541,711,485,76
161: 529,344,731,271,64
162: 991,303,730,939
163: 339,283,1011,34,964,489
164: 200,394,806,997,855,947
165: 917,1002,325,343,1014,521
166: 79,469,549,864
167: 827,661,563,565,615
168: 409,53,607,274,885
169: 227,636,58,826,843,920,780
170: 129,605,501,688,890,513
171: 315,209,1003,38,546,992,894
172: 422,1006,816,125,994,659
173: 790,117,491,560,466,1004
174: 460,203,698,857,979,990
175: 459,246,703,844,965,950
176: 403,453,564,638
177: 8,266,679,378,743,59,952
178: 448,651,811,13,708,763
179: 787,508,694,657,217,733
180: 412,749,395,4,845
181: 696,835,772,576,222,139
182: 976,982,564,715,938
183: 18,142,863,1007,941,684
184: 128,249,567,578,842,1000
185: 1010,600,776
186: 153,195,893,587,648,482
187: 1010,26,530,600,766,995
188: 74,244,823,888,319,782
189: 425,757,792,814,965,950
190: 281,895,874,488,695,838
191: 481,907,946,134,442
192: 976,982,329,155,552,996
193: 87,783,989,465,302,291
194: 1005,211,572,479,626,464
195: 153,98,186,1021,482
196: 314,118,49,597,122,322
197: 388,82,511,612,452,998
198: 433,411,455,488,644,707
199: 66,668,896,263,101,736
200: 231,394,164,818,930,997
201: 495,582,868,926
202: 296,793,542,6,944,88
203: 16,174,460,20,984,990
204: 957,986,349,277
205: 766,995,259,786,942,712
206: 971,458,643,149,624,556
207: 210,285,490,599,647,1008
208: 426,698,979,71,746,916
209: 25,315,934,171,992,821
210: 490,207,599,80,295,850
211: 194,545,572,697,353,479
212: 503,224,92,571,678,987
213: 721,151,121
214: 549,606,76,723,717,677
215: 903,918,85,239,970,537
216: 872,335,522,620,672,709,273
217: 233,480,912,733,179,508
218: 853,492,714,745,878,702
219: 420,553,1016,899,3,478
220: 902,929,701,785,427,100
221: 415,331,740,771,273,366
222: 181,835,307,285,969,139
223: 151,397,609,886,342,514
224: 503,212,895,535,987,45
225: 71,434,1018,340,592,928
226: 955,275,61,922,541,551,532
227: 262,169,636,579,58,658
228: 666,738,370,634,528,884
229: 29,436,937,741,819,837
230: 827,565,484
231: 200,818,799,930,724,767
232: 431,833,407,531,706,777
233: 480,912,217,956,781,815
234: 480,642,733,470,334,913,829
235: 569,308,728,878,314,978
236: 150,413,548,588,594,761
237: 293,800,622,639,652,860
238: 739,290,762,654,705
239: 360,85,538,752,918,215
240: 1017,820,484
241: 105,640,879,79,469
242: 820,839,881,507
243: 598,768,883,312,94,948
244: 960,188,656,823,888,323
245: 90,39,949,1024,910,410
246: 1022,175,324,703,851,965
247: 739,290,737,901,840
248: 131,631,826,89,431,407
249: 184,157,128,567,578,865
250: 354,889,441,473,789,852
251: 802,805,975,355,919,117
252: 413,356,954,867,405,817
253: 414,22,114,828,731,653
254: 360,900,464,1015,752
255: 905,596,674,282,404,454
256: 548,700,761,475,873,710
257: 578,1000,430,673,142,611,684
258: 436,526,683,741,571,678
259: 97,786,701,942,392,205
260: 742,51,580,110,450,787,657
261: 426,460,525,979,526,683
262: 362,227,631,636,579,943
263: 156,361,732,101,668,199
264: 907,595,804
265: 201,868
266: 132,177,550,679,932,743,789
267: 26,600
268: 762,654,429,598,883,81
269: 400,646,968,848,298,0
270: 367,33,906,875,808,658
271: 161,344,731,114,841
272: 688,734,78,135
273: 60,872,216,620,221,331,740
274: 168,409,885,697,593
275: 955,475,682,873,922,226
276: 346,583,525,683,571,987
277: 656,775,897,204,986,349
278: 902,905,929,723,282,822
279: 31,462,777,435,708,628
280: 128,880,842,133,391,755
281: 503,895,613,791,190,838
282: 858,404,822,278,905,255
283: 163,50,977,1011,964,555
284: 993,1016,899,497,972,52
285: 207,647,969,1008,139,222
286: 112,438,655,17,604,856
287: 529,692
288: 483,506,808,800,1014,622
289: 46,115,520,730,812,939
290: 739,238,247,467,840
291: 936,193,465,587,760,302
292: 590,765,917,977,1002,1011
293: 944,119,88,237,652,860,603
294: 861,866
295: 210,599,546,444,894,850
296: 793,202,542,551,711,955
297: 862,552,383,441,70,945
298: 406,127,562,400,269,0
299: 495,582,659,137,693
300: 629,724,802,975,498,324
301: 20,984,568,55,437,522
302: 73,966,760,925,193,783,291
303: 358,73,720,730,162,991
304: 1013,846,909
305: 159,809,837,916,123,751,1019
306: 665,323,566,348,699,888
307: 835,222,645,661,419,969
308: 235,728,847,778,474,314,122
309: 72,722,767,608,799,12
310: 824,911,124
311: 567,573,865,29,937,320
312: 243,997,768,947,103,94
313: 425,48,108,844,950,399,933
314: 118,196,978,122,235,308
315: 25,209,610,757,1003,171
316: 60,872,335,345,116,421,686
317: 377,11,669,691,1021,754
318: 849,762,705,832,28,429
319: 985,782,926,188,74
320: 29,159,649,794,573,311
321: 476,961,768,855,947,952
322: 362,676,943,196,49,122
323: 306,566,797,960,244,888
324: 246,1022,498,851,300,975
325: 165,339,1002,853,34,143,521
326: 359,892,69,527,550,932
327: 112,904,718,518,572,655
328: 940,941,641,828,962
329: 976,862,192,552,574,638
330: 886,347,725,772,15
331: 221,60,273,130,366,758
332: 53,607,770,856,397,514
333: 105,586,692,879,951
334: 794,913,350,829,234,642,649
335: 45,316,346,872,216,345,709
336: 92,570,617,819,107,561,719
337: 377,555,691,712,530,995
338: 2,968,108,517,933
339: 163,1002,1011,325,34
340: 225,1018,581,592,687,47
341: 372,1020,538,736,764,871,896
342: 223,886,514,725,602,604
343: 43,1014,622,652,165,917
344: 412,161,749,271
345: 45,316,335,535,874,116,686
346: 45,276,335,583,709,987
347: 330,609,886,696,67,772
348: 699,816,125,306,888,953,782
349: 204,277,533,897
350: 113,334,794,913,133,755
351: 536,456,601,763,31,544
352: 150,594,21,111,639,860
353: 424,479,697,211,7,593
354: 250,616,889,378,743,789
355: 251,975,851,792,466,117
356: 510,252,954,908,42,405
357: 980,958,35,380,619,388
358: 303,73,760,115,730
359: 726,744,892,326,69
360: 14,239,254,538,900,764,752
361: 156,263,539,408,519,668
362: 262,322,579,943,778,122
363: 381,835,576,661,615
364: 497,972,158,635,807,959
365: 140,540,797,981,91,775
366: 130,779,788,221,331,771
367: 270,33,516,658,869,644,58
368: 22,962,682,873,386,710
369: 512,42,93,863,510
370: 228,738,120,63,924,884
371: 9,1023,970,62,537,499
372: 14,341,764,1001,871,575
373: 676,539,801,408,49,660
374: 606,864
375: 630,685,737,507,901
376: 634,528,602,15,914,725
377: 317,964,337,555,669,691
378: 354,616,743,177,59,681,806
379: 854,86,821,934,625,543
380: 35,935,680,980,357,10
381: 363,37,576,589,615,124
382: 599,647,546,38,825,95
383: 297,552,996,945,687,831
384: 141,614,1009,747,754
385: 718,518,120,63,575,1001
386: 368,962,710,93,940,713
387: 923,911,721
388: 197,82,998,357,958,619
389: 106,13,543,628,729,854
390: 153,974,893,618,664,702
391: 133,554,753,452,280,880
392: 97,259,786,596,590,977
393: 39,813,558,796,716,501
394: 200,164,818,663,681,806
395: 1013,845,909,180
396: 665,140,84,566,903,918
397: 151,223,667,514,332,770
398: 44,132,988,798,595
399: 104,623,690,933,313,48
400: 1017,646,269,562,298
401: 113,913,126,829,559,882
402: 146,509,47,663,945,581
403: 584,176,632,36,574,638
404: 282,858,793,6,674,255
405: 817,838,613,908,252,356
406: 127,645,563,298,0,704,1012
407: 232,431,706,556,248,89
408: 519,803,361,539,373,660
409: 168,274,887,593
410: 4,627,845,145,90,245,910
411: 198,455,488,515,695,502
412: 344,749,180
413: 252,236,588,594,954,867
414: 253,22,682,922,5,653
415: 221,790,773,560,740,771
416: 75,420,451,783,989,993,1016
417: 742,35,580,935,559,882
418: 1007,500,463,641,931,949
419: 432,1012,95,645,307,969
420: 416,219,87,553,989,1016
421: 675,686,758,810,316,60,872
422: 19,62,172,487,1006,699,816
423: 504,621,671,981,957,986
424: 983,353,56,479,621,7
425: 189,313,48,610,757,950
426: 208,261,979,526,809,916
427: 472,830,677,100,220,929
428: 449,1010,766,785,942
429: 28,476,598,268,318,762
430: 1024,673,257,1000,500,684
431: 232,407,531,801,248,131
432: 419,148,623,825,1012,95
433: 21,198,111,644,707,516
434: 71,225,592,12,698,857
435: 624,628,729,279,706,777
436: 229,258,526,741,809,837
437: 55,773,740,301,522,620
438: 545,655,286,53,856,885
439: 72,568,629,802,805,443
440: 468,1018,735,831,928,956,461
441: 250,889,70,852,297,862
442: 191,946,134,524,849,445
443: 72,439,568,722,984,990
444: 24,448,894,547,850,295
445: 849,739,705,524,442,99
446: 9,970,66,756,85,1020
447: 790,491,771,625,779,543
448: 24,444,178,547,651,811
449: 428,785,100,776,505
450: 110,927,891,260,51
451: 75,416,783,994,966,693
452: 753,197,511,998,391,554
453: 176,564,715
454: 590,765,674,596,255
455: 411,198,869,644,502,843
456: 493,999,351,601,763,651
457: 2,467,921,650,784
458: 971,102,643,675,810,206
459: 175,703,844,948,973,557
460: 16,174,261,203,525,979
461: 912,956,155,23,440,735
462: 279,31,833,777,732,544
463: 418,841,931,949,910,633
464: 626,876,194,1005,254,900,1015
465: 893,587,664,193,87,291
466: 792,814,1004,355,117,173
467: 457,921,784,840,290
468: 440,746,928,956,781,1019
469: 166,549,532,485,241,640
470: 742,559,657,234,733,829
471: 727,680,10
472: 40,427,717,830,877,677
473: 250,789,852,152,69
474: 906,875,836,778,308,847
475: 955,275,873,256,700,542
476: 321,28,429,961,598,768
477: 46,520,648,482,614,1009
478: 974,3,492,569,219,553
479: 353,56,424,626,194,211
480: 233,217,234,642,733,815
481: 191,907,134,832,595,988
482: 477,648,195,186,1009
483: 288,506,836,1014,109,521
484: 240,1017,230,562,565
485: 469,549,532,76,160,541
486: 68,715,891,870,938
487: 62,422,1006,750,52,499
488: 411,198,695,707,817,838,190
489: 65,964,34,745,163,585
490: 210,207,1008,80,914,666,634
491: 447,790,173,625,934,1004
492: 569,218,878,974,702,478
493: 999,924,534,456,601,884
494: 144,871,63,924,601,575
495: 201,299,582,868,137,748
496: 747,795
497: 972,158,577,364,284,899
498: 103,1022,324,930,300,724
499: 62,487,52,1023,371,807
500: 1007,418,684,949,430,1024
501: 170,605,716,393,796,513
502: 411,455,515,136,843,591
503: 212,224,92,281,895,791
504: 983,423,621,689,154
505: 776,830,100,449
506: 483,288,906,808,836
507: 375,901,242,839
508: 23,27,179,694,912,217
509: 402,663,681,616,889,70
510: 356,588,954,713,369,42,93
511: 753,197,605,612,716,452
512: 18,369,42,774,834,863
513: 145,170,501,890,796
514: 397,223,342,604,332,856
515: 411,695,502,874,116,136
516: 367,33,769,433,111,644
517: 104,0,704,933,338,968
518: 904,327,718,385,14,1001
519: 408,967,668,756,803,361
520: 46,289,477,115,648,936
521: 143,109,483,1014,165,325
522: 216,620,672,301,20,437
523: 141,614,46
524: 96,946,442,99,445
525: 16,460,261,683,276,583
526: 436,258,683,809,426,261
527: 83,963,892,326,550
528: 17,228,738,376,634,602
529: 161,287,586,64
530: 187,26,995,337,662,691
531: 232,156,431,833,539,801
532: 469,485,61,226,640,541
533: 897,349
534: 493,999,884,80,24,850,666
535: 224,895,874,45,345,116
536: 144,351,601,896,544,101
537: 19,62,970,371,903,215
538: 360,85,341,239,1020,764
539: 156,361,531,801,373,408
540: 140,365,84,1015,876,91
541: 160,551,711,226,532,485
542: 296,202,700,955,475,88
543: 106,389,779,447,625,854,379
544: 31,462,732,101,351,536
545: 438,211,572,655,885,697
546: 382,599,295,38,171,894
547: 992,444,448,86,894,811
548: 256,236,588,713,761,710
549: 469,166,214,606,485,76
550: 132,266,527,963,326,932
551: 296,541,711,955,226
552: 297,862,329,192,383,996
553: 219,420,87,974,664,478
554: 113,126,133,391,452,998
555: 377,964,337,669,712,50,283
556: 624,971,206,407,706,89
557: 2,108,650,459,844,973
558: 393,41,813,753,716,880
559: 742,417,882,470,401,829
560: 415,919,790,117,173,773
561: 611,719,774,157,107,336
562: 127,565,298,400,1017,484
563: 406,167,127,645,661,565
564: 176,453,715,976,182,638
565: 230,827,167,127,562,563,484
566: 665,140,323,396,306,797
567: 184,128,249,573,865,311,937
568: 439,805,443,301,984,55
569: 492,235,878,3,978,478
570: 92,336,617,678,741,819,107
571: 212,678,987,258,683,276
572: 194,904,1005,327,211,545,655
573: 128,567,311,794,755,320
574: 862,329,638,403,36
575: 871,63,494,385,372,1001
576: 696,363,181,381,835,589
577: 3,497,118,158,978,899
578: 184,157,249,257,1000,142,611
579: 262,362,227,778,875,658
580: 742,260,51,759,417,935
581: 945,340,687,402,47
582: 953,201,495,299,659,926
583: 276,346,672,709,16,525
584: 403,632
585: 98,618,702,34,745,65,489
586: 333,692,951,64,529
587: 465,893,186,291,648,936
588: 510,413,236,548,954,713
589: 696,67,381,576,670,124
590: 292,454,765,977,596,392
591: 136,843,102,920,675,502
592: 434,225,340,608,47,12
593: 7,887,409,274,697,353
594: 150,413,352,236,867,21
595: 264,481,44,398,988,804
596: 97,905,255,392,454,590
597: 118,196,158,49,635,660
598: 243,429,476,768,883,268
599: 210,382,207,647,546,295
600: 185,187,1010,267
601: 144,493,494,351,924,536,456
602: 17,376,528,604,342,725
603: 293,88,860,150,700,761
604: 17,602,342,514,856,286
605: 129,511,170,612,716,501
606: 374,214,549,864,717
607: 168,53,332,770
608: 146,47,799,592,309,12
609: 151,121,223,886,347
610: 425,48,315,757,1003,690
611: 18,142,561,774,157,257,578
612: 197,129,82,511,605,861
613: 77,281,791,908,405,838
614: 141,384,523,1009,46,477
615: 827,167,661,363,37,381
616: 354,889,378,509,681
617: 92,77,336,570,791,719
618: 153,98,390,585,702,745
619: 126,35,882,357,388,998
620: 872,216,522,273,437,740
621: 504,983,56,424,423,671
622: 800,343,237,1014,652,288
623: 104,432,399,148,690,825
624: 435,149,556,729,206,706
625: 447,491,934,379,821,779,543
626: 56,479,464,876,194,1005
627: 1013,845,846,145,410
628: 389,435,13,708,729,279
629: 72,439,300,724,767,802
630: 375,685
631: 262,248,131,636,826,943
632: 726,152,403,584,36
633: 749,910,4,463,841
634: 666,228,376,528,490,914
635: 158,597,660,364,803,959
636: 262,169,227,631,58,826,780
637: 827,824,37
638: 976,329,574,403,176,564
639: 800,237,860,111,352,769
640: 915,241,105,61,469,532
641: 328,1007,418,941,828,931
642: 480,234,649,751,815,334
643: 458,758,810,206,130,149
644: 433,198,869,455,367,516
645: 406,661,563,419,1012,307
646: 400,881,30,269,848
647: 285,382,207,599,969,95
648: 477,520,936,482,186,587
649: 642,751,334,794,159,320
650: 2,457,81,921,557,973
651: 24,448,178,999,456,763
652: 293,944,43,119,343,237,622
653: 951,64,5,731,414,253
654: 268,238,762,81,921
655: 112,438,327,545,572,286
656: 960,277,244,775,823,897
657: 787,179,742,260,470,733
658: 270,367,875,869,227,579,58
659: 953,299,582,172,125,994,693
660: 49,597,635,373,408,803
661: 167,645,563,615,363,835,307
662: 11,691,26,530,747,795
663: 394,146,509,402,818,681
664: 974,465,893,390,87,553
665: 396,306,566,903,19,699
666: 228,634,490,80,534,884
667: 151,397,770
668: 66,519,756,199,361,263
669: 317,65,377,964,555,1021
670: 67,589,911,124,721
671: 56,423,621,876,981,91
672: 216,522,583,709,16,20
673: 430,41,813,1024,257,1000
674: 43,119,404,6,454,765,255
675: 136,458,102,421,591,686,810
676: 322,373,131,943,801,49
677: 472,427,717,214,929,723
678: 212,92,570,571,258,741
679: 132,177,8,266,798,743
680: 380,759,935,471,727,10
681: 394,509,663,806,616,378
682: 275,368,414,22,873,922
683: 258,526,261,525,276,571
684: 1007,500,257,430,142,183
685: 375,630,737,99
686: 116,136,421,675,810,316,345
687: 945,1018,340,581,831,383
688: 272,78,890,129,170
689: 147,504,983
690: 399,38,623,825,48,610,1003
691: 317,377,11,337,662,530
692: 333,586,287
693: 137,966,994,451,299,659
694: 110,870,787,27,179,508
695: 411,488,515,838,874,190
696: 181,67,772,576,589,347
697: 274,885,211,545,593,353
698: 208,174,857,979,71,434
699: 19,348,422,816,665,306
700: 256,761,475,88,603,542
701: 902,97,259,220,785,942
702: 974,390,585,618,492,218,745
703: 459,246,94,1022,175,948,973
704: 104,0,148,517,1012,406
705: 849,739,445,238,318,762
706: 232,407,777,435,624,556
707: 21,433,198,488,817,867
708: 13,628,178,763,279,31
709: 45,346,872,335,216,583,672
710: 368,873,386,256,548,713
711: 858,160,296,793,541,551
712: 337,555,50,786,205,995
713: 510,548,588,93,386,710
714: 853,143,218,109,728,878,847
715: 486,453,564,182,938
716: 753,511,605,501,393,558
717: 472,677,214,606
718: 112,327,518,385,120,898
719: 561,774,834,77,336,617
720: 303,32,73,137,748,925,991
721: 213,387,911,67,670,121
722: 72,309,443,12,857,990
723: 278,929,822,214,76,677
724: 300,629,767,231,930,498
725: 330,886,342,376,602
726: 359,744,632,152,69
727: 138,471,51,759,680
728: 235,308,109,714,878,847
729: 106,389,435,149,788,624,628
730: 289,115,303,358,162,939
731: 161,271,114,253,64,653
732: 156,833,263,462,544,101
733: 480,217,234,179,657,470
734: 272,78
735: 440,831,155,996,956,461
736: 341,1020,871,896,66,199
737: 375,685,901,99,739,247
738: 17,228,370,120,898,528
739: 445,238,290,247,705,737,99
740: 415,221,773,437,620,273
741: 229,436,258,819,570,678
742: 260,417,580,559,470,787,657
743: 354,378,789,177,266,679
744: 359,726,892
745: 853,34,218,585,618,702,489
746: 71,468,928,1019,208,916
747: 496,384,795,11,662,754
748: 32,137,720,495,868
749: 412,344,180,633,4
750: 487,1006,52,75,993
751: 123,642,649,815,305,159
752: 84,1015,918,360,239,254
753: 511,716,452,391,880,558
754: 317,11,1021,384,1009,747
755: 794,133,350,128,280,573
756: 9,446,66,967,519,668
757: 425,189,25,315,610,814
758: 421,643,810,331,60,130
759: 51,580,935,680,727
760: 358,73,302,291,115,936
761: 256,150,236,548,700,603
762: 268,238,318,654,705,429
763: 351,456,178,651,708,31
764: 14,360,341,372,538,1001
765: 292,454,590,917,43,674
766: 205,187,428,1010,995,942
767: 72,309,629,724,231,799
768: 321,243,476,598,947,312
769: 33,516,808,111,800,639
770: 332,607,397,667
771: 415,221,447,790,779,366
772: 696,181,15,139,330,347
773: 415,919,55,437,560,740
774: 18,512,561,611,719,834
775: 960,277,656,981,365,797,986
776: 505,185,449
777: 232,279,833,462,706,435
778: 362,579,474,875,122,308
779: 106,366,788,543,447,771,625
780: 971,102,920,169,636,826,89
781: 233,123,956,1019,815,468
782: 953,319,926,348,188,888
783: 416,193,451,989,966,302
784: 457,467,848,840,30
785: 220,701,942,100,449,428
786: 259,392,50,977,712,205
787: 110,179,694,657,742,260
788: 130,106,779,366,149,729
789: 354,250,932,473,743,69,266
790: 415,447,173,491,560,771
791: 503,92,77,281,613,617
792: 189,814,466,851,965,355
793: 858,404,296,202,711,6
794: 334,350,755,649,320,573
795: 496,747,662,26
796: 393,90,39,501,145,513
797: 140,323,365,566,960,775
798: 398,57,132,988,8,679
799: 231,146,818,608,309,767
800: 237,622,639,288,769,808
801: 431,531,539,373,131,676
802: 439,251,300,629,805,975
803: 408,967,519,959,635,660
804: 44,264,595
805: 439,251,568,802,919,55
806: 394,164,681,378,59,855
807: 1023,959,972,364,52,499
808: 270,288,33,906,506,769,800
809: 305,436,526,837,916,426
810: 458,102,421,643,675,686,758
811: 854,448,178,86,547,13
812: 46,289,939
813: 393,39,41,1024,673,558
814: 189,25,757,792,466,1004
815: 233,480,123,642,751,781
816: 19,348,172,422,1006,699,125
817: 405,488,707,838,252,867
818: 200,231,394,146,663,799
819: 229,937,741,107,865,336,570
820: 240,242,1017,881
821: 992,379,86,25,209,934,625
822: 282,858,160,76,278,723
823: 54,188,74,244,656,897
824: 310,637,37
825: 432,38,623,690,95,382
826: 248,169,631,636,89,780
827: 230,167,565,615,637
828: 114,328,641,931,253,22,962
829: 334,401,913,559,470,234
830: 40,472,427,100,505
831: 440,1018,687,735,383,996
832: 481,134,57,988,849,318,28
833: 232,156,462,531,777,732
834: 908,512,42,719,774,77
835: 363,181,576,307,222,661
836: 483,474,906,506,109,847
837: 29,305,159,229,436,809
838: 405,488,695,817,281,613,190
839: 242,881,30,507,901,840
840: 467,784,901,290,247,839,30
841: 114,463,931,271,633
842: 184,128,280,880,1000,41
843: 920,591,869,455,502,169,58
844: 459,175,950,108,557,313
845: 395,4,1013,627,410,180
846: 304,1013,627,145,890
847: 308,109,714,728,474,836
848: 968,784,646,30,269
849: 445,318,705,134,832,442
850: 24,444,210,80,295,534
851: 246,324,965,975,355,792
852: 250,441,473,36,152,862
853: 34,143,218,714,745,325
854: 379,86,811,389,13,543
855: 321,59,947,952,164,806
856: 53,332,514,604,438,286
857: 12,174,698,990,434,722
858: 282,404,160,793,822,711
859: 980,958
860: 293,237,639,603,150,352
861: 129,82,612,294,866
862: 297,329,552,574,441,36,852
863: 18,512,369,183,93,940,941
864: 79,374,166,606
865: 157,249,107,567,311,937,819
866: 135,294,129,861
867: 413,252,594,21,707,817
868: 201,495,748,265
869: 455,644,843,58,367,658
870: 110,27,938,694,486,891
871: 144,494,896,575,341,372,736
872: 316,60,335,216,620,709,273,421
873: 275,368,475,682,710,256
874: 895,535,190,345,116,515,695
875: 270,474,906,658,579,778
876: 56,626,671,464,91,1015,540
877: 40,472
878: 492,569,235,218,714,728
879: 241,333,105
880: 280,842,391,753,41,558
881: 242,1017,646,820,839,30
882: 35,417,559,401,126,619
883: 243,598,268,81,948,973
884: 493,999,924,534,666,228,370
885: 168,53,274,697,438,545
886: 223,330,609,342,347,725
887: 7,147,593,409
888: 188,244,323,306,348,782
889: 354,250,616,441,70,509
890: 688,78,170,846,513
891: 68,927,486,110,450,870
892: 359,744,326,83,527
893: 153,465,390,186,587,664
894: 992,444,547,171,546,295
895: 503,224,281,535,874,190
896: 144,871,536,101,341,736,199
897: 54,277,533,656,823,349
898: 17,738,120,112,718
899: 219,284,1016,3,497,577
900: 14,360,254,904,1005,464
901: 375,737,507,247,839,840
902: 97,278,220,905,929,701
903: 665,396,918,215,19,537
904: 1005,327,518,572,14,900
905: 902,97,278,596,255,282
906: 270,474,33,506,875,808,836
907: 191,264,481
908: 42,834,77,613,405,356
909: 395,304,1013
910: 949,245,4,410,463,633
911: 387,310,923,124,670,721
912: 233,217,956,461,23,508
913: 113,334,401,350,829,234
914: 490,15,1008,376,634
915: 105,640,951,5,61
916: 305,809,746,1019,426,208
917: 292,165,765,1002,43,343
918: 396,84,903,752,215,239
919: 55,117,773,560,251,805
920: 843,102,591,780,169,58
921: 457,81,467,650,654
922: 275,414,61,682,226,5
923: 387,911
924: 493,63,494,601,884,370
925: 73,137,966,720,302
926: 953,319,201,582,782
927: 68,891,138,450
928: 71,468,440,225,1018,746
929: 902,278,220,723,427,677
930: 200,231,997,103,498,724
931: 114,418,463,641,828,841
932: 789,326,69,550,266
933: 104,399,517,338,108,313
934: 25,209,1004,491,625,379,821
935: 35,380,759,417,580,680
936: 291,115,520,648,587,760
937: 29,229,819,567,865,311
938: 870,27,715,486,982,182
939: 289,730,812,162
940: 328,941,93,863,962,386
941: 940,328,1007,641,183,863
942: 259,701,785,205,428,766
943: 262,362,322,131,631,676
944: 293,119,88,652,202,6
945: 581,687,70,297,383,402
946: 191,442,96,524
947: 321,997,768,855,312,164
948: 459,94,703,973,243,883,81
949: 245,1024,910,500,418,463
950: 175,844,965,425,189,313
951: 915,333,105,586,64,5,653
952: 321,59,961,855,177,8
953: 582,782,659,926,348,125
954: 510,413,252,356,588,42
955: 275,475,226,296,542,551
956: 233,912,781,461,468,440,735
957: 154,204,986,423
958: 859,980,357,388,82
959: 1023,967,803,807,635,364
960: 244,656,775,323,797
961: 321,28,476,952,57,8
962: 368,22,386,940,328,828
963: 527,44,132,550
964: 65,377,555,669,489,163,283
965: 246,175,851,950,189,792
966: 137,693,925,302,451,783
967: 9,1023,519,756,803,959
968: 338,848,269,0,517
969: 285,647,419,95,307,222
970: 9,446,371,85,215,537
971: 458,102,780,206,556,89
972: 497,364,807,52,284
973: 459,703,948,883,81,557,650
974: 390,664,702,478,492,553
975: 251,300,802,355,324,851
976: 982,182,329,192,638,564
977: 292,50,283,590,1011,786,392
978: 3,314,118,577,569,235
979: 426,208,174,460,261,698
980: 859,357,958,10,380
981: 423,671,91,365,986,775
982: 976,182,192,155,23,27,938
983: 504,424,621,7,147,689
984: 301,20,203,990,568,443
985: 319,74
986: 204,957,423,981,277,775
987: 212,224,571,45,276,346
988: 398,57,798,481,832,595
989: 416,420,193,87,783,1016
990: 174,203,857,984,722,443
991: 162,303,32,720
992: 86,894,547,821,209,171
993: 75,416,284,1016,750,52
994: 172,1006,75,451,659,693
995: 205,187,530,766,337,712
996: 192,155,552,383,735,831
997: 947,312,200,164,930,103
998: 388,197,452,126,554,619
999: 493,534,456,884,24,651
1000: 184,257,578,842,430,41,673
1001: 14,372,764,575,518,385
1002: 292,165,339,917,1011,325
1003: 315,610,171,38,690
1004: 25,814,934,466,173,491
1005: 194,904,572,900,626,464
1006: 172,422,487,750,816,994,75
1007: 500,418,941,641,684,183
1008: 285,490,15,207,139,914
1009: 384,614,754,477,482
1010: 185,187,428,600,766
1011: 292,163,339,283,977,1002
1012: 419,432,148,704,406,645
1013: 395,304,627,845,846,909
1014: 343,622,483,288,521,165
1015: 84,540,752,254,464,876
1016: 416,219,284,420,989,993,899
1017: 240,400,820,881,484,562
1018: 440,225,340,687,831,928
1019: 123,781,468,746,305,916
1020: 85,341,538,736,446,66
1021: 317,65,669,754,195,98
1022: 103,246,94,498,324,703
1023: 9,371,967,807,959,499
1024: 39,949,430,245,813,673,500