0: 848,517,704,646,298,269
2: 338,968,457,650,557,108
3: 577,219,978,899,478,569
4: 410,845,180,910,749,633
5: 653,915,951,61,922,414
6: 944,202,793,674,119,404
7: 593,353,887,147,424
8: 177,679,798,59,952
9: 967,371,1023,756,446,970
10: 680,380,980
11: 691,317,662,754,795,747
12: 722,309,608,434,592,857
13: 811,854,178,628,389,708
14: 900,360,254,764,518,1001
15: 725,914,772,1008,139,330
16: 203,672,583,525,460,20
17: 898,604,286,112,602,528
18: 863,369,512,183,142,611,774
19: 699,665,903,537,422,62
20: 203,16,522,672,301,984
21: 867,707,594,433,352,111
22: 368,682,414,828,253,962
23: 461,694,982,508,27,155
24: 850,444,448,999,534,651
25: 934,1004,814,757,315,209
26: 267,187,662,530
27: 23,694,982,870,938,182
28: 429,961,318,476,832,57
29: 311,320,159,837,937,229
30: 839,840,784,646,881,848
31: 763,708,544,351,279,462
32: 991,748,303,720
33: 270,367,906,769,808,516
34: 853,489,339,163,745,325
35: 380,417,935,357,882,619
36: 632,152,403,852,473,574
37: 824,637,615,310,363,381
38: 1003,690,171,825,382,546
39: 245,90,1024,813,393,796
40: 830,472,877
41: 393,558,842,880,673,813
42: 908,356,834,369,512,510,954
43: 674,765,119,917,343,454
44: 595,398,804,963,132
45: 709,346,335,345,224,535
46: 523,614,477,289,520,812
47: 581,146,402,340,608,592
48: 425,313,933,399,610,690
49: 322,597,196,676,373,660
50: 712,283,977,1011,786,555
51: 138,727,450,580,260,759
52: 487,750,807,499,972,993
53: 607,332,856,438,885,168
54: 897,74,823
55: 805,301,568,919,437,773
56: 621,671,479,626,91,876
57: 798,988,28,961,832
58: 658,227,869,920,843,169,636
59: 806,952,855,177,378,8
60: 316,872,331,273,421,758
61: 5,915,922,532,226,640
62: 422,487,537,371,499,19
63: 385,120,575,494,924
64: 653,586,951,529,161,731
65: 964,98,669,585,489
66: 736,199,668,446,1020,756
67: 347,609,670,589,696,121
68: 486,938,927,891,870
69: 359,152,326,932,789,473
70: 581,402,509,889,441,297,945
71: 434,208,698,928,225,746
72: 767,722,629,309,439,443
73: 720,925,302,358,760,303
74: 823,188,319,54,985
75: 1006,172,750,416,451,994
76: 549,214,723,160,485,822
77: 613,908,719,617,834,791
78: 688,890,734
79: 166,864,241
80: 666,534,490,210,850,634
81: 268,883,973,921,654,650
82: 197,861,612,958,294,388
83: 892,527
84: 140,540,1015,752,918,396
85: 446,215,538,239,970,1020
86: 811,379,448,821,547,992
87: 465,664,553,219,989,420
88: 542,603,700,293,944,202
89: 248,826,780,971,556,407
90: 245,39,796,145,410,627
91: 365,981,540,876,56,671
92: 678,212,570,503,617,791
93: 940,863,369,510,386,713
94: 103,1022,312,703,243,948
95: 432,419,825,382,647,969
96: 946,524
97: 701,259,902,596,905,392
98: 195,669,65,585,618,153
99: 685,737,524,739,445
100: 830,505,427,449,785,220
101: 199,896,544,536,732,263
102: 971,810,458,920,591,675,780
103: 498,1022,312,997,94,930
104: 517,338,933,704,399,148
105: 915,333,879,241,640
106: 729,779,788,854,543,389
107: 819,157,336,937,865,561
108: 844,557,313,2,338,933
109: 728,847,836,483,143,714
110: 657,260,891,450,787,870
111: 352,639,769,516,433,21
112: 898,655,327,718,286,17
113: 554,126,913,401,350,133
114: 828,931,253,841,271,731
115: 936,289,358,760,520,730
116: 535,874,345,686,136,515
117: 355,251,466,919,173,560
118: 577,158,978,314,597,196
119: 674,43,343,652,944,6
120: 385,63,738,924,898,718
121: 721,213,670,151,67,609
122: 322,314,196,362,308,778
123: 305,751,916,1019,781,815
124: 923,911,310,670,589,381
125: 659,953,348,172,816,782
126: 113,554,882,619,998,401
127: 167,563,406,298,562,565
128: 184,755,280,567,573
129: 605,861,612,272,866,170
130: 643,149,788,366,331,758
131: 248,631,431,801,943,676
132: 266,679,963,550,398,44
133: 391,755,280,350,113,554
134: 907,191,481,849,832
135: 272,734,866
136: 686,591,675,116,502,515
137: 720,925,693,495,299,748
138: 927,727,450,51
139: 222,1008,285,181,772,15
140: 365,797,540,84,396,566
141: 523,384,496,747
142: 257,684,578,611,183,18
143: 483,521,325,109,714,853
144: 871,896,601,536,575,494
145: 846,890,513,796,90,627
146: 663,402,47,818,799,608
147: 887,7,983,424
148: 432,399,1012,623,104,704
149: 130,624,206,729,643,788
150: 236,761,594,352,860,603
151: 223,609,213,121,667,397
152: 726,632,359,36,69,473
153: 618,893,390,186,195,98
154: 957,689,504,423
155: 23,461,982,192,996,735
156: 539,263,361,732,833,531
157: 865,107,561,249,578,611
158: 577,118,635,497,364,597
159: 320,649,29,305,751,837
160: 711,541,485,822,858,76
161: 529,344,749,271,731,64
162: 730,358,991,303
163: 34,489,339,283,1011
164: 947,806,394,855,200,997
165: 521,325,1014,1002,917,339
166: 79,864,241,469,485,549
167: 563,615,127,565,827,637
168: 409,885,274,607,53
169: 636,826,780,920,843,58
170: 501,605,129,272,688,513
171: 315,1003,38,209,894,992,546
172: 1006,816,75,659,994,125
173: 491,1004,790,117,466,560
174: 979,990,698,857,203,460
175: 950,844,703,459,965,246
176: 584,453,403,564,638
177: 266,679,378,743,8,59
178: 811,13,448,651,763,708
179: 657,470,787,508,217,733
180: 845,395,4,412,749
181: 576,835,772,696,222,139
182: 715,938,564,976,982,27
183: 863,18,941,142,684,1007
184: 842,128,280,567,1000,249
185: 600,1010,428,449,776
186: 893,153,195,648,477,482
187: 1010,267,766,26,530,995
188: 74,888,244,823,782,319
189: 425,950,965,792,757,814
190: 874,281,895,613,695,838
191: 907,946,134,849,442
192: 552,976,996,329,982,155
193: 783,989,465,302,966,291
194: 1005,626,353,211,572,479
195: 1021,98,669,153,186,482
196: 322,314,597,122,49,118
197: 612,82,511,452,388,998
198: 411,455,488,707,433,644
199: 736,66,101,896,263,668
200: 997,930,394,164,818,231
201: 265,868,582,926,495
202: 542,88,944,6,296,793
203: 16,460,20,990,174,984
204: 349,277,986,957
205: 712,786,942,259,995,766
206: 624,643,149,971,458,556
207: 1008,490,285,647,599,210
208: 71,979,698,916,426,746
209: 315,171,934,25,821,992
210: 295,850,490,207,599,80
211: 194,353,572,545,697
212: 571,678,987,92,503,224
213: 721,121,151,667
214: 549,606,717,677,76,723
215: 85,918,239,970,537,903
216: 709,872,335,620,522,672
217: 233,912,508,179,480,733
218: 492,702,878,714,853,745
219: 3,899,478,420,87,553
220: 701,785,902,929,427,100
221: 415,366,331,771,740,273
222: 139,285,969,307,835,181
223: 886,151,609,342,397,514
224: 503,535,895,987,212,45,346
225: 340,928,1018,71,434,592
226: 955,551,532,922,275,61
227: 658,58,875,262,636,579
228: 634,376,528,738,666,370
229: 819,937,837,29,741,436
230: 240,484,565,827
231: 767,799,818,200,930,724
232: 431,706,833,777,531,407
233: 217,781,956,912,815,480
234: 913,334,480,829,733,642
235: 569,878,314,728,308,978
236: 548,588,150,761,413,594
237: 622,800,639,860,293,652
238: 739,445,762,705,654,290
239: 85,215,538,918,360,752
240: 230,820,484,1017
241: 166,79,469,640,105
242: 839,507,820,1017,881
243: 948,883,768,598,312,94
244: 888,823,188,323,960,656
245: 910,90,39,1024,949,410
246: 965,851,324,703,1022,175
247: 467,290,737,739,901,840
248: 631,826,89,131,431,407
249: 1000,578,567,184,157,865
250: 354,889,852,789,473,441
251: 355,975,117,802,805,919
252: 867,817,413,954,405,356
253: 828,114,731,22,414,653
254: 464,900,14,360,1015,752
255: 282,905,404,674,596,454
256: 548,761,710,475,873,700
257: 142,1000,684,673,578,430
258: 741,571,436,678,683,526
259: 97,701,942,205,786,392
260: 110,580,657,742,450,51
261: 683,526,979,426,525,460
262: 636,631,227,943,362,579
263: 361,156,668,732,199,101
264: 595,481,804
265: 201,926,985
266: 932,177,679,132,743,550
267: 600,1010,187,26
268: 883,81,762,429,598,654
269: 646,298,400,562,848,0
270: 658,367,33,906,875,474
271: 749,161,633,731,114,841
272: 135,734,866,129,170,688
273: 221,331,740,60,872,620
274: 409,885,593,697,168
275: 922,682,475,873,955,226
276: 571,683,987,583,525,346
277: 960,349,204,656,986,775
278: 822,929,282,905,723,902
279: 708,31,462,628,435,777
280: 842,184,880,391,128,133,755
281: 503,190,895,613,791,838
282: 822,858,278,905,404,255
283: 1011,50,489,163,964,555
284: 1016,993,420,497,972,899
285: 222,1008,139,207,647,969
286: 655,604,112,17,856,438
287: 692,529,586
288: 521,1014,506,622,800,808
289: 520,115,46,939,730,812
290: 921,467,654,247,739,238
291: 936,760,193,465,587,302
292: 977,1011,1002,765,590,339
293: 88,603,652,944,237,860
294: 859,958,861,82
295: 210,894,850,444,546,599
296: 955,711,793,551,542,202
297: 552,862,441,70,945,383
298: 269,562,0,704,406,127
299: 659,582,994,495,693,137
300: 498,724,629,975,324,802
301: 568,55,984,437,522,20
302: 925,966,73,193,291,760
303: 991,32,720,73,358,162
304: 846,1013,909
305: 751,123,916,837,809,159
306: 699,665,566,348,323,888
307: 645,661,419,835,222,969
308: 728,847,778,314,122,235
309: 767,722,799,72,12,608
310: 923,124,824,37,381
311: 567,573,320,29,937,865
312: 103,997,94,768,947,243
313: 425,950,844,48,108,933
314: 196,122,308,118,978,235
315: 757,1003,610,171,209,25
316: 60,872,335,345,686,421
317: 691,377,11,1021,669,754
318: 28,429,832,849,762,705
319: 74,782,188,953,926,985
320: 311,573,794,649,159,29
321: 768,961,476,947,952,855
322: 943,196,122,362,676,49
323: 306,566,797,960,888,244
324: 246,975,851,498,1022,300
325: 521,165,143,1002,853,34,339
326: 892,527,550,359,69,932
327: 655,718,112,518,904,572
328: 641,828,931,962,940,941
329: 552,192,862,976,574,638
330: 347,886,772,725,15
331: 221,366,273,60,130,758
332: 770,607,397,53,514,856
333: 915,586,105,951,692,879
334: 913,234,350,642,794,649
335: 45,709,316,872,216,345
336: 819,570,107,561,719,617
337: 691,377,530,995,555,712
338: 517,104,2,968,933,108
339: 34,163,325,165,1002,1011,292
340: 687,1018,225,581,47,592
341: 871,736,372,764,538,1020
342: 886,223,725,602,514,604
343: 43,119,917,622,652,1014
344: 412,529,749,161
345: 45,316,335,116,535,686
346: 45,709,583,276,987,224
347: 886,330,67,609,772,696
348: 306,699,816,888,782,125
349: 204,897,277,656,533
350: 913,334,113,794,133,755
351: 601,763,544,456,536,31
352: 111,639,860,594,21,150
353: 194,211,697,7,424,479
354: 889,789,250,378,743,616
355: 975,251,117,851,792,466
356: 908,405,42,834,252,954
357: 35,380,958,980,619,388
358: 760,115,73,303,162,730
359: 744,726,152,69,892,326
360: 14,254,752,764,538,239
361: 539,263,408,156,519,668
362: 943,322,122,262,579,778
363: 576,835,381,37,615,661
364: 635,497,158,972,807,959
365: 775,91,140,981,797,540
366: 221,331,771,130,779,788
367: 270,658,33,869,644,516
368: 22,682,873,962,386,710
369: 863,512,18,93,510,42
370: 924,666,884,228,738
371: 9,1023,499,970,537,62
372: 385,575,1001,871,341,764
373: 539,408,660,801,676,49
374: 864,606
375: 507,901,685,630,737
376: 725,602,914,228,634,528
377: 691,337,317,555,964,669
378: 177,743,354,59,806,681,616
379: 811,854,543,86,625,821
380: 680,10,35,935,357,980
381: 576,589,363,37,310,124
382: 647,599,95,825,38,546
383: 945,687,831,297,552,996
384: 523,141,614,1009,754,747
385: 372,518,63,120,575,1001,718
386: 713,710,940,93,962,368
387: 721,911
388: 619,998,357,958,197,82
389: 854,13,628,106,729,435
390: 618,893,153,664,553,974
391: 753,880,133,280,452,554
392: 977,786,590,596,97,259
393: 716,501,558,796,41,39,813
394: 806,164,663,681,818,200
395: 845,1013,180,909
396: 665,566,903,918,140,84
397: 770,332,514,223,151,667
398: 798,595,44,988,679,132
399: 148,623,104,933,48,690
400: 646,484,1017,881,269,562
401: 913,829,559,113,882,126
402: 581,663,146,509,70,47
403: 584,176,638,632,36,574
404: 282,858,255,6,793,674
405: 613,908,356,817,252,838
406: 645,563,127,298,704,1012
407: 232,431,706,556,248,89
408: 539,803,373,660,361,519
409: 274,168
410: 845,627,4,910,245,90
411: 502,515,198,695,455,488
412: 344,749,180
413: 867,252,594,954,588,236
414: 22,922,682,253,653,5
415: 221,560,771,740,773,790
416: 1016,783,993,451,750,75
417: 35,935,580,559,742,882
418: 949,500,1007,463,641,931
419: 432,1012,95,645,307,969
420: 1016,989,284,219,899,87
421: 686,810,758,675,316,60
422: 1006,487,816,62,699,19
423: 504,671,981,957,154,986
424: 983,621,479,7,353,147
425: 950,48,313,189,757,610
426: 916,809,208,979,261,526
427: 830,472,100,929,677,220
428: 1010,185,766,449,942,785
429: 28,318,476,598,762,268
430: 1024,813,500,257,684,673
431: 232,531,407,248,131,801
432: 419,1012,95,825,148,623
433: 707,21,198,644,111,516
434: 71,592,698,857,225,12
435: 706,777,628,389,624,729,279
436: 741,258,526,837,809,229
437: 301,55,522,740,773,620
438: 53,856,655,286,885,545
439: 802,443,805,568,629,72
440: 831,928,1018,468,956,735
441: 889,852,250,297,862,70
442: 849,524,445,705,191,946
443: 439,568,984,722,72,990
444: 295,894,850,547,24,448
445: 524,739,442,238,705,99
446: 85,970,1020,66,9,756
447: 491,625,790,771,543,779
448: 811,178,86,547,444,24,651
449: 785,505,100,185,428,776
450: 927,138,891,51,110,260
451: 783,416,75,994,693,966
452: 554,998,197,511,753,391
453: 176,564,715
454: 674,43,765,590,596,255
455: 502,411,198,843,869,644
456: 601,651,763,351,999,493
457: 921,467,784,650,2,968
458: 971,810,102,206,643,780
459: 703,948,973,175,844,557
460: 203,16,525,979,174,261
461: 23,508,155,912,735
462: 544,31,279,732,833,777
463: 910,949,418,931,841,633
464: 900,1015,254,1005,626,876
465: 664,87,587,193,989,291
466: 355,117,792,1004,173,814
467: 921,784,290,457,247,840
468: 781,956,440,928,1019,746
469: 166,241,640,485,541,532
470: 657,559,742,179,829,733
471: 727,680,759
472: 40,830,427,877,717,677
473: 852,789,250,152,36,69
474: 579,847,836,778,270,906,875
475: 275,873,256,542,700,955
476: 28,429,768,961,598,321
477: 46,614,482,186,648,520
478: 974,492,569,3,219,553
479: 424,56,621,194,626,353
480: 234,733,642,217,233,815
481: 264,595,988,907,134
482: 614,477,1009,186,195,1021
483: 521,143,506,836,109
484: 1017,400,562,565,240,230
485: 166,469,541,160,549,76
486: 68,715,938
487: 422,1006,750,62,52,499
488: 411,198,695,817,707,838
489: 34,585,163,745,283,65
490: 1008,207,210,914,634,80
491: 934,447,1004,173,625,790
492: 218,974,478,569,702,878
493: 924,999,884,601,456,494
494: 63,575,924,493,601,144
495: 582,299,137,868,201,748
496: 795,747,141
497: 577,158,972,899,364,284
498: 103,1022,930,724,300,324
499: 807,371,1023,487,62,52
500: 1024,949,418,1007,430,684
501: 393,716,170,796,605,513
502: 515,411,843,455,136,591
503: 224,281,895,987,212,92,791
504: 689,983,621,423,671,154
505: 830,100,449,776
506: 483,521,288,906,808,836
507: 839,242,375,901
508: 23,461,787,694,179,217,912
509: 663,681,616,402,70,889
510: 369,93,42,954,588,713
511: 197,605,612,452,753,716
512: 863,369,18,42,774,834
513: 688,890,145,501,170,796
514: 397,332,856,223,342,604
515: 502,411,695,116,874,136
516: 111,769,433,367,33,644
517: 848,104,338,0,968
518: 385,1001,327,718,904,900,14
519: 803,408,361,668,967,756
520: 936,648,289,115,46,477
521: 483,325,165,143,288,1014,506
522: 672,20,301,437,216,620
523: 141,46,614,384
524: 445,442,96,946,99
525: 16,583,460,276,261,683
526: 261,436,683,258,426,809
527: 83,892,326,963,550
528: 602,228,376,738,898,17
529: 344,161,586,64,287
530: 691,337,662,995,187,26
531: 232,431,833,539,156,801
532: 541,551,226,61,469,640
533: 349,897
534: 666,999,80,884,850,24
535: 116,224,874,895,45,345
536: 601,544,351,144,101,896
537: 215,970,371,19,903,62
538: 85,239,1020,341,360,764
539: 408,373,361,156,801,531
540: 365,91,140,84,876,1015
541: 711,551,160,532,469,485
542: 88,700,202,475,955,296
543: 854,379,447,625,106,779
544: 351,536,31,462,732,101
545: 211,572,438,655,885,697
546: 295,894,171,38,382,599
547: 894,444,992,811,448,86
548: 588,236,713,256,761,710
549: 606,214,76,166,864,485
550: 527,326,963,266,932,132
551: 955,711,296,541,532,226
552: 297,192,862,996,329,383
553: 390,664,87,219,974,478
554: 113,452,126,998,391,133
555: 337,377,712,283,50,964
556: 706,407,624,206,971,89
557: 844,108,650,459,973,2
558: 393,716,41,753,880
559: 470,742,417,401,829,882
560: 415,773,117,919,173,790
561: 157,336,107,611,719,774
562: 298,484,400,269,565,127
563: 645,167,615,661,406,127
564: 453,176,638,715,182,976
565: 484,562,230,827,167,127
566: 306,665,396,323,140,797
567: 311,573,184,128,865,249
568: 439,443,805,301,55,984
569: 492,478,878,235,3,978
570: 819,336,741,678,92,617
571: 276,678,683,258,987,212
572: 1005,194,904,211,545,655,327
573: 567,311,794,320,128,755
574: 862,329,36,403,638,852
575: 372,385,63,494,871,144
576: 835,589,363,381,181,696
577: 3,118,497,158,978,899
578: 142,1000,257,249,611,157
579: 474,778,262,227,875,362
580: 742,260,51,417,935,759
581: 402,70,47,340,945,687
582: 659,953,926,495,299,201
583: 16,672,525,276,709,346
584: 176,403,632
585: 489,745,702,618,98,65
586: 333,64,951,529,287,692
587: 893,465,664,936,648,291
588: 548,236,713,510,413,954
589: 576,381,696,124,670,67
590: 765,596,454,977,392,292
591: 136,102,920,675,502,843
592: 434,47,340,225,12,608
593: 274,697,7,887
594: 867,413,21,236,150,352
595: 264,398,481,44,988,804
596: 590,454,905,255,392,97
597: 196,49,660,118,635,158
598: 429,768,476,268,243,883
599: 382,207,647,210,295,546
600: 1010,185,267
601: 456,351,536,493,494,144
602: 725,376,528,342,604,17
603: 88,700,293,150,761,860
604: 286,17,342,602,514,856
605: 129,612,511,716,501,170
606: 549,717,214,864,374
607: 770,332,53,168
608: 799,309,12,146,47,592
609: 347,886,223,151,67,121
610: 757,315,1003,690,425,48
611: 142,578,157,561,774,18
612: 197,605,861,129,82,511
613: 908,405,77,791,190,281,838
614: 523,46,477,384,1009,482
615: 167,563,661,637,37,363
616: 681,509,378,354,889
617: 719,77,791,92,336,570
618: 390,153,974,702,585,98
619: 882,126,388,998,35,357
620: 872,216,437,522,740,273
621: 983,424,504,56,671,479
622: 800,237,652,288,1014,343
623: 432,399,825,148,690
624: 206,729,149,435,706,556
625: 934,491,447,821,379,543
626: 1005,194,464,56,479,876
627: 410,845,1013,846,145,90
628: 13,389,729,708,279,435
629: 767,72,724,300,802,439
630: 685,375
631: 262,248,636,826,131,943
632: 726,152,36,584,403
633: 749,271,910,463,4,841
634: 914,228,376,490,666,80
635: 158,364,803,660,597,959
636: 262,169,631,826,227,58
637: 824,827,37,167,615
638: 176,403,564,976,329,574
639: 352,111,800,769,237,860
640: 241,469,915,105,61,532
641: 931,328,418,1007,941
642: 334,480,234,815,751,649
643: 130,206,149,810,458,758
644: 367,869,198,455,433,516
645: 563,661,406,307,419,1012
646: 881,400,269,30,848,0
647: 285,382,207,969,599,95
648: 936,520,893,186,587,477
649: 794,320,159,334,642,751
650: 921,457,973,81,2,557
651: 763,456,24,448,178,999
652: 293,944,622,237,119,343
653: 5,64,951,253,731,414
654: 921,290,762,238,268,81
655: 327,286,112,438,572,545
656: 960,349,897,277,244,823
657: 110,470,742,260,179,787
658: 270,227,367,58,869,875
659: 953,582,994,299,125,172
660: 803,408,373,597,49,635
661: 645,563,615,307,835,363
662: 691,530,11,26,795
663: 681,146,402,509,818,394
664: 893,465,390,87,587,553
665: 306,699,396,566,19,903
666: 534,370,80,884,228,634
667: 213,151,770,397
668: 263,361,519,66,199,756
669: 195,964,1021,98,65,317,377
670: 911,124,589,721,121,67
671: 504,56,621,423,91,981
672: 16,522,583,20,709,216
673: 1000,257,842,41,813,430
674: 43,119,454,6,404,255
675: 686,136,810,102,421,591
676: 943,322,49,131,373,801
677: 717,214,723,929,427,472
678: 741,571,258,212,92,570
679: 266,177,132,8,798,398
680: 10,380,935,759,471
681: 663,616,509,378,806,394
682: 22,368,922,275,414,873
683: 276,571,261,258,526,525
684: 142,257,500,1007,430,183
685: 630,737,99,375
686: 136,421,675,316,345,116
687: 340,945,831,1018,383,581
688: 78,890,513,272,734,170
689: 983,504,154
690: 1003,610,38,48,399,825,623
691: 337,317,662,377,530,11
692: 287,879,586,333
693: 925,966,137,451,994,299
694: 23,787,508,870,27
695: 515,411,488,874,190,838
696: 576,589,181,772,347,67
697: 885,274,593,353,211,545
698: 71,434,208,979,174,857
699: 306,665,348,19,422,816
700: 542,88,603,256,761,475
701: 97,942,785,259,902,220
702: 218,974,492,585,745,618
703: 459,948,1022,94,175,246
704: 104,0,298,406,1012,148
705: 849,445,442,762,238,318
706: 232,435,556,777,407,624
707: 867,817,433,21,198,488
708: 763,31,279,13,178,628
709: 45,346,335,216,672,583
710: 548,386,713,256,368,873
711: 296,793,541,551,160,858
712: 205,50,786,337,995,555
713: 548,588,386,710,93,510
714: 218,878,728,109,143,853
715: 486,938,182,453,564
716: 393,501,558,605,511,753
717: 877,606,677,214,472
718: 898,327,112,385,518,120
719: 617,77,774,834,336,561
720: 925,137,73,32,748,303
721: 387,213,121,911,670
722: 309,72,12,990,857,443
723: 677,214,76,822,929,278
724: 498,930,300,767,231,629
725: 602,914,376,15,886,330,342
726: 744,632,359,152
727: 138,51,471,759
728: 847,109,308,878,235,714
729: 106,624,149,788,628,389,435
730: 939,162,289,358,115
731: 161,271,114,253,653,64
732: 833,544,462,101,263,156
733: 480,234,829,470,179,217
734: 135,272,688,78
735: 956,912,996,461,155,440,831
736: 871,66,341,199,896,1020
737: 685,99,739,375,901,247
738: 228,528,370,898,120
739: 445,238,737,99,290,247
740: 415,221,273,773,437,620
741: 436,678,258,819,570,229
742: 580,657,470,559,260,417
743: 266,932,177,378,354,789
744: 726,359,892
745: 853,34,585,489,218,702
746: 916,1019,928,468,71,208
747: 496,795,11,141,384,754
748: 32,495,720,137,868
749: 412,344,161,271,633,180,4
750: 1006,487,75,52,416,993
751: 305,123,815,642,649,159
752: 360,1015,254,918,239,84
753: 880,391,452,511,716,558
754: 384,1009,1021,317,11,747
755: 128,133,280,350,573,794
756: 9,967,66,519,668,446
757: 315,610,425,189,25,814
758: 810,421,331,60,130,643
759: 680,935,727,51,471,580
760: 936,291,358,115,302,73
761: 548,236,150,256,603,700
762: 238,705,429,318,654,268
763: 651,708,456,351,31,178
764: 14,360,372,1001,341,538
765: 43,590,917,454,1002,292
766: 1010,187,428,205,942,995
767: 231,629,799,309,72,724
768: 476,598,321,947,243,312
769: 111,800,639,808,516,33
770: 607,397,332,667
771: 415,221,366,447,790,779
772: 181,696,139,347,330,15
773: 415,560,740,55,919,437
774: 719,834,561,611,512,18
775: 365,981,797,960,277,986
776: 449,505,185
777: 232,435,706,833,279,462
778: 579,847,474,308,122,362
779: 106,788,447,366,771,543
780: 169,826,89,971,458,102,920
781: 468,233,956,815,123,1019
782: 888,188,319,348,953,125
783: 193,1016,416,989,451,966
784: 467,457,30,840,848,968
785: 701,449,942,220,100,428
786: 712,205,977,50,392,259
787: 694,508,110,657,179
788: 130,106,729,779,149,366
789: 354,473,250,69,932,743
790: 491,447,173,415,560,771
791: 613,617,77,92,503,281
792: 965,355,851,466,189,814
793: 711,296,202,6,858,404
794: 573,320,649,334,350,755
795: 496,747,662,11
796: 393,501,145,513,90,39
797: 365,775,140,566,323,960
798: 398,988,57,679,8,961
799: 767,231,309,608,146,818
800: 622,639,769,808,237,288
801: 539,373,431,531,131,676
802: 439,805,300,629,975,251
803: 408,660,519,967,959,635
804: 264,595,44
805: 802,439,568,55,919,251
806: 59,394,164,855,378,681
807: 959,1023,499,972,364,52
808: 800,769,33,906,288,506
809: 305,916,426,837,436,526
810: 458,102,421,758,675,643
811: 854,379,13,448,178,86,547
812: 289,46,939
813: 39,1024,430,393,41,673
814: 1004,25,189,792,466,757
815: 233,781,480,642,751,123
816: 422,1006,172,699,348,125
817: 867,707,252,838,405,488
818: 663,146,394,200,231,799
819: 336,570,937,107,229,741
820: 242,240,1017
821: 934,625,209,992,379,86
822: 282,858,278,160,76,723
823: 74,244,188,897,656,54
824: 637,37,310
825: 432,95,623,1003,690,38,382
826: 248,169,636,631,89,780
827: 637,230,565,167
828: 114,931,253,328,962,22
829: 913,234,401,733,470,559
830: 40,505,427,472,100
831: 687,440,1018,383,996,735
832: 28,318,134,57,849
833: 232,732,777,531,462,156
834: 908,719,42,356,77,774,512
835: 576,363,181,661,307,222
836: 847,474,109,906,483,506
837: 305,809,159,29,436,229
838: 817,190,281,613,405,695,488
839: 242,507,901,30,840,881
840: 839,901,30,467,784,247
841: 114,931,463,271,633
842: 184,880,280,41,1000,673
843: 502,455,920,591,169,58,869
844: 175,950,557,313,108,459
845: 410,395,1013,180,627,4
846: 304,890,145,1013,627
847: 728,836,474,109,308,778
848: 517,0,968,30,784,646,269
849: 442,705,191,134,318,832
850: 210,295,444,24,534,80
851: 965,355,246,975,324,792
852: 473,250,441,36,862,574
853: 34,745,325,143,218,714
854: 811,379,543,13,389,106
855: 59,947,806,952,164,321
856: 332,53,514,438,604,286
857: 434,990,174,698,722,12
858: 822,282,404,711,793,160
859: 958,294,980
860: 352,639,237,150,603,293
861: 129,612,82,294,866
862: 297,552,329,574,852,441
863: 940,369,512,183,18,93,941
864: 166,79,549,606,374
865: 157,937,107,567,311,249
866: 135,272,861,129
867: 817,707,413,252,594,21
868: 201,495,748
869: 658,367,58,644,843,455
870: 694,27,68,938,891,110
871: 736,341,144,896,372,575
872: 316,60,335,216,620,273
873: 368,682,275,475,256,710
874: 116,535,190,895,515,695
875: 270,658,227,906,579,474
876: 91,540,626,464,1015,56
877: 717,40,472
878: 218,492,569,235,714,728
879: 692,333,105
880: 842,753,391,280,558,41
881: 646,1017,400,839,242,30
882: 619,126,559,35,417,401
883: 268,243,948,973,81,598
884: 924,666,999,493,534,370
885: 274,697,168,53,438,545
886: 347,223,330,609,342,725
887: 147,593,7
888: 244,782,188,306,348,323
889: 354,250,441,616,509,70
890: 688,78,846,145,513
891: 927,450,68,870,110
892: 83,527,326,744,359
893: 390,153,664,186,587,648
894: 295,547,444,992,546,171
895: 503,224,535,874,190,281
896: 871,736,144,199,101,536
897: 349,656,823,533,54
898: 718,112,17,528,738,120
899: 3,577,219,497,420,284
900: 464,14,254,518,1005,904
901: 839,507,375,840,737,247
902: 97,701,220,929,278,905
903: 665,396,19,215,918,537
904: 1005,572,327,518,900
905: 282,278,255,596,97,902
906: 270,33,875,808,836,474,506
907: 191,134,481
908: 613,405,42,356,77,834
909: 304,395,1013
910: 245,949,463,410,4,633
911: 923,124,670,387,721
912: 217,233,956,735,461,508
913: 334,234,401,829,350,113
914: 725,634,376,15,1008,490
915: 5,333,105,951,61,640
916: 305,123,1019,426,809,746,208
917: 43,765,343,165,1014,1002
918: 215,239,752,84,396,903
919: 805,55,251,117,560,773
920: 102,591,843,169,780,58
921: 467,654,290,457,650,81
922: 682,275,414,5,61,226
923: 911,310,124
924: 493,370,884,63,120,494
925: 720,302,693,966,137,73
926: 953,582,319,985,265,201
927: 138,891,450,68
928: 440,1018,225,468,71,746
929: 278,677,723,902,220,427
930: 498,103,200,997,724,231
931: 641,828,114,841,328,418,463
932: 266,743,326,550,69,789
933: 104,338,48,313,108,399
934: 491,1004,25,625,821,209
935: 680,35,380,417,759,580
936: 648,291,760,520,115,587
937: 819,865,107,229,311,29
938: 486,68,715,182,870,27
939: 730,289,812
940: 863,93,941,328,962,386
941: 940,863,183,1007,641,328
942: 701,785,259,205,766,428
943: 322,362,676,262,631,131
944: 88,293,652,202,6,119
945: 687,383,297,581,70
946: 191,96,524,442
947: 164,855,768,321,312,997
948: 703,243,459,883,973,94
949: 910,245,1024,500,418,463
950: 425,175,844,313,189,965
951: 653,5,915,586,333,64
952: 59,855,8,961,321
953: 659,582,926,125,782,319
954: 413,252,42,356,510,588
955: 296,551,226,275,475,542
956: 468,233,781,912,735,440
957: 154,423,204,986
958: 859,294,980,357,388,82
959: 807,967,1023,803,635,364
960: 277,656,775,797,323,244
961: 28,476,321,798,57,952
962: 828,328,940,386,22,368
963: 527,550,44,132
964: 669,65,283,377,555
965: 246,851,792,175,950,189
966: 925,302,693,193,783,451
967: 9,959,1023,756,803,519
968: 848,517,2,338,784,457
969: 222,285,647,307,419,95
970: 85,446,215,537,9,371
971: 458,102,206,556,89,780
972: 497,364,807,52,993,284
973: 459,948,883,81,650,557
974: 492,478,702,618,390,553
975: 355,251,851,324,300,802
976: 192,329,564,638,182,982
977: 1011,50,786,392,292,590
978: 3,577,118,314,569,235
979: 208,174,698,426,460,261
980: 859,958,10,380,357
981: 365,775,91,423,671,986
982: 23,27,155,182,192,976
983: 689,424,504,621,147
984: 443,301,568,990,203,20
985: 74,319,926,265
986: 204,277,423,775,981,957
987: 276,571,212,346,503,224
988: 798,595,398,481,57
989: 193,1016,783,420,465,87
990: 174,857,722,443,984,203
991: 32,303,162
992: 894,547,171,209,821,86
993: 1016,416,284,972,750,52
994: 659,299,172,75,451,693
995: 337,530,712,205,766,187
996: 552,192,155,831,383,735
997: 103,200,312,930,947,164
998: 452,554,619,126,388,197
999: 493,534,884,24,651,456
1000: 257,249,673,578,842,184
1001: 372,385,518,14,764
1002: 325,165,765,917,339,292
1003: 315,610,690,171,38,825
1004: 934,491,25,173,814,466
1005: 194,626,904,572,464,900
1006: 422,172,487,750,816,75
1007: 500,418,684,183,941,641
1008: 139,490,285,207,914,15
1009: 614,384,754,482,1021
1010: 600,185,267,766,187,428
1011: 283,977,50,292,339,163
1012: 432,419,148,704,645,406
1013: 845,395,627,304,846,909
1014: 521,165,288,622,917,343
1015: 464,254,752,540,84,876
1016: 783,416,989,993,420,284
1017: 484,881,400,820,242,240
1018: 340,687,440,831,928,225
1019: 123,916,746,468,781
1020: 85,446,538,736,66,341
1021: 195,669,317,1009,754,482
1022: 498,103,94,703,246,324
1023: 9,807,967,371,959,499
1024: 245,39,813,949,500,430