0: 30,108,104,127
2: 94,108,81,99,28,30
3: 118,34,109,52,87,122
4: 39,90,114,64
5: 61,22,93,114,105,64
6: 43,50,97,119,76,88
7: 112,56
8: 57,44,28,59,69,94
9: 118,52,62,66,85,84
10: 51,68,82,35,126
11: 46,115,65,98
12: 47,71,72,20,16
13: 31,101,86,106,49,89
14: 91,85,56,120,84,63
15: 24,95,80,17,121,67
16: 123,71,12,92,29,107
17: 121,15,80,112,53,120
18: 128,39,114,107,42,93
19: 91,84,74,54,125
20: 12,72,55,60,45
21: 22,111,93,42,116,77
22: 21,61,5,111,88,93
23: 36,27,110,70,123,71
24: 15,95,38,101,80,86
25: 38,86,106,48,117,55
26: 65,100
27: 110,23,68,35,123
28: 57,96,8,99,94,2
29: 128,107,113,123,16
30: 0,99,108,2
31: 13,101,49,85,63,66
32: 62,75,125
33: 116,58,119,111,109,122
34: 3,109,115,87,43,98
35: 10,68,126,27,113
36: 69,83,110,23,70
37: 124,67,127
38: 25,24,95,86,48,104
39: 128,18,41,90,114,4
40: 97,100
41: 128,39,78,90,113,126
42: 18,107,92,77,21,93
43: 50,6,98,119,34,109
44: 57,8,69,83
45: 60,102,77,20,92
46: 11,115,73
47: 71,12,72,59,70,103
48: 108,104,117,81,25,38
49: 58,89,31,13,66,122
50: 43,6,65,97,98,100
51: 10,68
52: 118,9,3,62,75,87
53: 112,17,121
54: 74,19,91
55: 72,20,117,25,106,60
56: 91,14,120,7,112
57: 44,96,8,28
58: 116,49,89,33,102,122
59: 8,69,70,94,103,47
60: 89,45,102,20,55,106
61: 22,5,76,88,79,105
62: 9,52,75,84,125,32
63: 14,85,120,31,101,80
64: 105,114,4,5
65: 26,50,98,100,11
66: 118,9,122,31,49,85
67: 124,37,121,127,15,95
68: 51,10,35,27,110
69: 36,83,70,44,8,59
70: 36,69,23,59,47,71
71: 123,47,12,16,23,70
72: 47,12,20,55,103,117
73: 115,75,87,46
74: 54,125,19
75: 52,62,87,73,32
76: 61,88,79,6,97
77: 116,45,102,92,42,21
78: 41,90,82,126
79: 105,61,76
80: 15,24,101,17,120,63
81: 94,103,48,108,2,117
82: 10,126,78
83: 36,69,44
84: 19,91,14,85,9,62
85: 14,84,63,31,9,66
86: 25,24,13,38,101,106
87: 3,34,52,115,75,73
88: 119,61,22,76,111,6
89: 58,49,60,102,13,106
90: 41,39,78,4
91: 19,14,56,84,54
92: 16,107,42,45,77
93: 21,22,5,18,114,42
94: 103,2,81,8,28,59
95: 15,24,38,104,67,127
96: 57,28,99
97: 50,6,100,76,40
98: 43,50,65,34,115,11
99: 96,28,30,2
100: 26,50,65,97,40
101: 31,24,13,80,86,63
102: 116,58,89,60,45,77
103: 94,117,81,59,47,72
104: 48,108,0,127,95,38
105: 79,64,61,5
106: 25,13,86,55,89,60
107: 128,29,18,42,16,92
108: 48,2,104,81,0,30
109: 3,34,122,33,119,43
110: 36,27,23,68
111: 21,119,22,88,116,33
112: 7,53,17,56,120
113: 128,29,41,35,126
114: 18,39,4,5,93,64
115: 34,87,98,73,11,46
116: 58,33,102,77,21,111
117: 103,48,81,72,55,25
118: 9,3,52,66,122
119: 111,88,33,109,43,6
120: 14,56,63,17,80,112
121: 17,124,67,15,53
122: 118,3,109,66,58,49,33
123: 71,16,27,23,29
124: 37,121,67
125: 74,19,62,32
126: 10,82,35,41,78,113
127: 37,67,0,104,95
128: 29,18,41,39,107,113