0: 33,38,17
2: 22,31,45,36
3: 39,11,38,18
4: 20,32,23,42,47,61
5: 34,46
6: 12,25,49,21,19,7
7: 28,53,48,49,6,25
8: 14,27,57,42,61,53
9: 63,24,15,41,37
10: 34,46,59,16,23,43
11: 39,3,26,48,35,18
12: 6,25,51,21,30
13: 60,55
14: 8,27,37,24,57,58
15: 9,41,62
16: 60,32,23,64,10,46
17: 0,43,33,34
18: 33,38,40,26,3,11
19: 29,21,44,49,6
20: 32,4,55,31,45,42
21: 29,50,54,19,12,6
22: 2,31,57,58
23: 16,32,4,47,10,59
24: 63,9,56,58,14,37
25: 12,6,35,7,48
26: 28,48,40,18,11
27: 14,44,49,8,37,53
28: 26,47,7,61,53,48
29: 21,50,52,62,19
30: 54,12,51
31: 2,22,57,45,42,20
32: 60,16,20,23,4,55
33: 0,43,38,40,18,17
34: 5,10,46,43,17
35: 25,51,48,39,11
36: 2,45
37: 14,41,44,27,9,24
38: 0,33,18,3
39: 3,11,35
40: 43,33,18,26,59
41: 44,37,9,15,62
42: 31,57,8,20,4,61
43: 33,40,17,10,34,59
44: 41,49,27,37,19
45: 2,31,36,20,55
46: 5,10,34,16,64
47: 28,61,23,4,59
48: 28,26,7,35,25,11
49: 44,27,19,7,53,6
50: 29,21,52,54
51: 12,35,30
52: 29,50,62
53: 28,7,61,49,8,27
54: 21,50,30
55: 60,20,32,45,13
56: 24,58
57: 22,31,42,58,14,8
58: 22,57,56,24,14
59: 10,23,47,43,40
60: 16,32,55,13,64
61: 28,47,53,42,8,4
62: 29,52,15,41
63: 9,24
64: 60,16,46