0: 104,148,269,338,399,298
2: 457,467,81,268,108,459
3: 118,219,87,478,497,420,235,314,492
4: 180,412,410,245,344,463
5: 22,275,414,64,333
6: 202,255,97,454,119,43,292
7: 409,353
8: 132,177,378,57,476,59
9: 66,85,408,446,158,364,499,371,52
10: 357,380,471
11: 65,317,337,377,384,496
12: 47,174,443,434,200,72,309
13: 178,106,86,279,389,448,31
14: 63,385,327,372,360,194,254,464
15: 139,490,330,342,376
16: 460,20,261,276,346,258
17: 228,112,120,376,342,286
18: 142,183,257,369,157,249,512
19: 215,422,62,306,396
20: 460,203,16,216,276,335,346,437
21: 252,111,352,413,433,256
22: 5,368,386,414,510,93,328,253
23: 192,182,27,155,461,440
24: 210,295,456,444,80,448
25: 189,173,466,491,355,48,315,425
26: 496,267,337
27: 179,110,508,182,23,486
28: 481,57,134,476,318,429,321
29: 123,159,305,320,436,229,311
30: 242,507,457,290,240,400,269
31: 101,263,351,462,178,13,279
32: 73,137,303,495
33: 198,111,433,455,367,506,288
34: 143,325,339,218,489
35: 388,380,401,417,113,126
36: 441,329,403,152,69,473
37: 124,310,363,381,230,167
38: 48,315,399,432,382
39: 245,500,430,393,90
40: 505,472,449
41: 184,511,391,393,280
42: 77,281,512,252,356,405
43: 119,165,292,339,343,6
44: 132,266,326,398
45: 212,276,316,335,345,346,224
46: 141,289,477,482
47: 12,340,383,434,309,402
48: 38,313,315,399,425,25
49: 196,158,131,322,373,408
50: 205,259,283,377,392,65,163
51: 138,260,417,380,471
52: 219,284,497,9,364,487,499
53: 168,332,397,438,286,112
54: 349,204,188,277
55: 251,117,439,415,301,437
56: 91,423,464,479,504
57: 481,264,398,476,28,132,8
58: 102,169,502,367,455,411,227
59: 164,394,509,321,8,378
60: 216,316,335,273,331,421
61: 226,275,105,469,485,166
62: 215,422,19,487,499,371
63: 14,120,494,385,370,372,144
64: 5,414,114,253,271,161,333
65: 11,195,163,98,317,489,50,377
66: 85,199,263,361,408,446,9
67: 124,121,181,347,381
68: 110,450
69: 152,266,326,354,359,473,36
70: 250,441,297,146,509,402,383
71: 225,174,208,340,426,434,460
72: 231,200,309,300,12,443,439,301
73: 32,137,303,358,291,193,302
74: 188,319,244
75: 284,416,451,422,487,172
76: 485,160,278,282,404,166
77: 157,42,281,336,503,512,405
78: 272,304,170,145
79: 374,166,241,469
80: 24,210,456,490,228,494,370,493
81: 243,2,268,94,312,108,459
82: 294,357
83: 326,359
84: 91,254,464,360,140,239,396
85: 66,341,360,446,9,215,239,371
86: 178,106,209,13,379,448,444
87: 3,193,478,420,465,153,390
88: 256,368,475,150,293,296
89: 102,169,407,458,248,206,262
90: 145,393,39,245,410
91: 56,365,423,464,84,140
92: 229,107,258,336,503,212
93: 183,328,369,253,22,386,510
94: 312,498,243,81,459,246
95: 207,285,419,382,432
96: 442,375,99
97: 6,220,255,282,454,259,392
98: 153,195,65,218,390,489
99: 247,238,445,96,134,375
100: 259,428,449,220,427,505
101: 144,199,31,263,351,493,494
102: 58,136,89,169,502,458
103: 231,200,164,312,394,498
104: 0,108,313,338,399
105: 241,469,333,61,275
106: 13,86,447,366,379,389
107: 157,229,92,249,311,336
108: 175,104,313,338,459,2,81
109: 506,288,308,325,483,270,474
110: 68,179,27,260,450,486
111: 21,33,352,433,237,288
112: 120,17,327,53,438,286
113: 133,334,234,401,35,126,391
114: 344,328,418,463,253,271,64
115: 358,291,465,153,186,477
116: 136,502,345,224,190,411
117: 221,251,55,173,466,355,415,273
118: 3,219,497,235,196,158,314
119: 43,165,343,202,6,293
120: 228,112,63,17,385,327,370
121: 213,67,347,151
122: 235,196,314,322,362,474,308
123: 29,233,159,305,480,468
124: 213,37,67,310,381,387
125: 201,299,319,244,495,172,348
126: 391,452,388,35,113
127: 230,167,298,400,406,484,148
128: 320,350,184,280,249,311,257
129: 511,170,135,452,501,197
130: 421,458,206,149,331
131: 49,322,362,373,431,262,248
132: 44,177,8,266,57,398
133: 113,159,320,334,350,391,280
134: 481,442,28,99,318,445
135: 170,129,197,294,272
136: 116,102,502,421,316,345
137: 32,73,302,451,299,495
138: 51,450,471
139: 15,285,181,222,330
140: 306,323,396,91,365,84
141: 46,384,482
142: 18,500,183,257,418,430
143: 34,308,325,235,218,492
144: 199,101,341,360,63,494,372
145: 170,393,501,90,78,304,410
146: 200,309,394,509,402,70
147: 154,504,424
148: 0,399,432,127,298,406,419
149: 206,447,366,389,331,130,421
150: 352,256,88,237,293,296
151: 223,397,213,121
152: 69,359,473,36,403
153: 195,186,98,390,87,465,115
154: 147,423,504
155: 225,340,383,440,192,23,297
156: 263,361,462,232,373,431
157: 77,249,107,336,512,18,257
158: 49,196,322,364,408,9,118,497
159: 29,123,133,320,334,350,480
160: 485,76,296,404,226
161: 287,333,271,64
162: 303,358,289
163: 65,489,292,339,50,283
164: 103,59,312,394,321
165: 119,43,325,339,343,483
166: 79,374,61,469,485,76
167: 230,127,406,37,307,363
168: 53,332,438,409,274
169: 58,89,102,367,248,227,262
170: 129,145,135,501,78,272
171: 295,382,444,315,209
172: 422,348,75,451,125,299
173: 25,221,117,466,491,447,379
174: 12,71,443,434,460,203
175: 108,313,459,425,189,246
176: 192,182,329,403,453
177: 132,8,266,354,378
178: 13,86,279,448,456,31,351,493
179: 27,110,508,260,470,217
180: 4,412,410,304,395
181: 67,222,330,347,139
182: 192,176,23,453,486,27
183: 18,142,500,93,328,369,418
184: 41,280,128,350,257,430
185: 267,449
186: 153,195,317,115,477,482
187: 205,267,428
188: 74,277,244,54
189: 25,246,466,324,355,175,425
190: 198,405,488,411,345,281,224,116
191: 481,264,442
192: 176,182,23,297,329,155
193: 87,302,416,420,465,73,291
194: 254,211,464,479,14,385,327
195: 153,65,186,98,317,489,482
196: 49,158,122,314,322,118,497
197: 388,294,357,129,135,452
198: 190,33,488,433,455,411
199: 144,66,101,263,341,446
200: 103,146,231,72,309,394,300,12
201: 125,265,319,495
202: 6,255,293,296,404,119
203: 460,20,301,437,174,443
204: 54,365,423,277
205: 50,187,337,377
206: 149,366,389,435,89,130,407,458
207: 210,95,285,295,382
208: 225,71,426,468,305
209: 86,379,315,491,171,444
210: 207,24,285,295,490,80
211: 194,479,424,353,274
212: 45,276,346,92,258,503,224
213: 124,121,387,151
214: 374,472,278,427
215: 62,19,239,306,371,396,85
216: 60,20,335,346,273,437,415
217: 233,334,480,234,179,508,470
218: 98,390,492,489,143,34
219: 3,118,52,284,497,416,420
220: 255,97,278,282,427,100,259
221: 117,173,415,273,447,331
222: 181,307,363,139,285,419
223: 151,342,397,286,330,347
224: 281,503,45,212,345,116,190
225: 155,71,461,208,340,434,440,468
226: 61,275,475,485,160,296
227: 270,362,262,58,169,367,506
228: 120,17,376,370,490,80
229: 92,107,258,311,29,436
230: 167,127,484,37
231: 103,200,72,394,498,300
232: 279,435,407,156,462,431
233: 123,217,480,508,461,468
234: 113,217,334,480,401,470
235: 122,314,143,308,3,118,492
236: 256,368,386,510,252,356,413
237: 288,343,483,150,111,352
238: 99,247,467,268,290,318,445
239: 215,371,396,85,341,360,254,84
240: 400,242,30
241: 105,469,79
242: 507,30,240
243: 81,268,429,94,312,321
244: 74,125,188,277,319,323,348
245: 39,500,463,90,4,410
246: 189,324,355,94,498,175,459
247: 99,238,467,290,445,375,507
248: 89,169,407,131,431,262
249: 157,107,311,336,128,18,257
250: 354,378,473,70,441,509
251: 55,117,466,324,355,439,300
252: 21,356,405,413,42,236
253: 114,93,328,22,414,64
254: 194,464,84,14,372,360,239
255: 202,6,220,97,282,404,454
256: 88,236,368,475,21,150,352,413
257: 18,142,430,128,184,157,249
258: 229,92,436,212,16,261,276
259: 100,50,392,428,220,97
260: 51,179,110,450,470
261: 460,16,426,436,258
262: 270,227,131,362,89,169,248
263: 156,66,199,31,101,361,446,462
264: 191,481,57,398
265: 201
266: 44,69,132,177,326,354
267: 187,185,26
268: 243,238,2,467,81,318,429
269: 0,338,30,457,298,400
270: 227,362,474,262,367,109,506
271: 412,114,344,64,161
272: 78,170,135
273: 60,216,335,221,117,415,331
274: 409,353,168,438,211
275: 5,61,226,105,333
276: 45,212,20,16,346,258
277: 188,244,365,323,54,204
278: 76,220,282,427,214
279: 178,232,13,389,435,31,462
280: 184,41,391,128,133,350
281: 42,77,503,224,190,405,488
282: 76,220,255,97,278,404,427
283: 50,392,292,339,454,163
284: 75,52,219,497,416,420,487
285: 207,210,95,139,419,222
286: 53,223,342,397,112,17,376
287: 161
288: 237,109,506,343,483,33,111
289: 46,477,162,358
290: 457,247,238,467,507,30
291: 73,115,358,193,302,465
292: 43,339,6,454,163,283
293: 202,296,150,88,119
294: 82,197,357,135
295: 171,207,24,210,382,444
296: 202,160,293,404,150,88,226,475
297: 441,192,329,70,155,383
298: 127,400,406,0,148,269
299: 125,495,172,348,451,137
300: 231,200,72,498,251,324,439
301: 203,437,72,443,55,439
302: 193,416,451,73,137,291
303: 32,162,73,358
304: 78,395,145,180,410
305: 29,123,436,208,426,468
306: 215,422,19,140,323,396
307: 222,363,167,406,419
308: 143,109,325,483,235,122,474
309: 146,200,72,394,402,47,12
310: 124,37
311: 229,249,107,29,128,320,350
312: 103,94,164,498,321,243,81
313: 175,104,108,48,459,399,425
314: 235,196,122,322,3,118
315: 38,48,25,491,171,382,209
316: 45,60,335,345,346,136,421
317: 11,195,65,186,377,384,482
318: 238,268,445,429,481,134,28
319: 201,74,125,244
320: 29,128,133,159,350,311
321: 59,164,312,476,28,243,429
322: 49,196,158,122,131,314,362,474
323: 140,306,365,277,244
324: 189,251,246,355,498,300
325: 143,109,34,165,308,339,483
326: 44,69,266,359,83
327: 112,14,120,385,194
328: 114,183,93,369,418,253,22
329: 441,192,176,36,297,403
330: 181,347,15,139,223,342,376
331: 149,447,366,221,60,273,130,421
332: 168,53,397
333: 161,105,5,275,414,64
334: 113,217,133,159,480,234,401
335: 45,60,20,216,316,346,273,421
336: 157,92,77,249,107,503
337: 205,377,11,26,496
338: 0,104,108,269,457
339: 43,34,165,292,325,163,489,283
340: 47,155,225,71,383,434,440,402
341: 144,85,199,360,446,372,239
342: 223,286,330,347,15,17,376
343: 119,43,237,165,288,483
344: 114,463,4,412,271
345: 45,316,224,116,136,190
346: 45,212,20,16,216,276,316,335
347: 121,67,181,330,223,342
348: 422,172,125,299,244
349: 54
350: 128,133,159,320,184,280,311
351: 31,101,493,456,178,494
352: 21,150,111,413,256,237
353: 7,409,274,211,424
354: 69,177,250,266,378,473,509
355: 25,189,251,246,117,466,324
356: 252,405,413,42,512,369,236,386,510
357: 82,10,197,388,294,380
358: 162,73,115,303,291,289,477
359: 152,69,326,83
360: 144,85,341,14,372,254,84,239
361: 156,66,263,408,446,462,373
362: 270,227,122,131,322,474,262
363: 37,222,307,381,167
364: 158,408,9,499,52,497
365: 91,423,140,323,204,277
366: 106,206,149,447,379,389,331
367: 58,169,33,455,270,227,506
368: 256,88,22,236,386,475
369: 18,183,93,328,512,356,510
370: 228,120,63,494,385,80,493
371: 215,62,499,239,85,446,9
372: 14,63,385,144,341,360,254
373: 49,131,431,156,361,408
374: 79,214,472,166
375: 96,99,247
376: 228,17,330,15,490,342,286
377: 50,205,337,11,65,317
378: 177,250,8,354,59,509
379: 106,209,86,447,366,173,491
380: 10,388,35,357,51,401,417
381: 124,37,67,363
382: 171,207,95,295,38,315,432
383: 47,155,340,70,441,297,402
384: 141,482,11,317,496
385: 14,120,63,327,370,372,194
386: 22,236,368,510,93,356
387: 213,124
388: 197,35,357,380,126,452
389: 106,13,206,149,279,366,435
390: 153,98,218,492,87,478
391: 126,511,41,452,280,113,133
392: 50,259,283,97,454
393: 511,145,41,501,90,39
394: 103,146,59,231,200,164,309,509
395: 304,180
396: 215,19,140,239,306,84
397: 151,53,223,332,286
398: 57,264,44,132
399: 0,38,104,148,48,313,432
400: 240,127,298,484,30,269
401: 417,470,35,380,113,334,234
402: 146,309,70,47,340,383
403: 176,36,329,152
404: 202,76,255,160,282,296
405: 190,252,356,488,42,77,281
406: 167,127,298,148,432,307,419
407: 89,458,248,232,206,435,431
408: 66,361,9,49,158,373,364
409: 7,353,274,168,438
410: 180,4,145,90,304,245
411: 190,198,488,455,116,58,502
412: 180,4,271,344
413: 21,252,352,356,256,236
414: 5,22,64,253,333
415: 221,55,117,216,273,437
416: 193,75,219,284,302,420,451
417: 51,401,470,35,380
418: 142,114,500,183,328,463
419: 95,285,406,148,432,222,307
420: 3,193,219,87,284,478,416
421: 136,130,458,60,316,335,149,331
422: 62,19,487,172,306,348,75
423: 154,56,91,365,504,204
424: 147,211,479,504,353
425: 175,48,313,25,189
426: 71,208,305,436,261
427: 220,278,282,214,100,505
428: 100,187,259,449
429: 243,268,318,476,28,321
430: 39,142,500,257,184
431: 131,373,232,407,248,156
432: 38,148,399,406,95,419,382
433: 21,198,33,111,455
434: 47,12,225,71,174,340,443
435: 232,206,279,389,407
436: 29,305,426,261,229,258
437: 203,20,216,301,55,439,415
438: 168,53,112,409,274
439: 251,55,72,300,301,437
440: 155,225,461,340,468,23
441: 36,297,329,250,473,70,383
442: 191,481,134,96
443: 12,174,434,72,460,203,301
444: 171,24,295,209,86,448
445: 99,247,238,318,134
446: 66,85,199,263,341,361,9,371
447: 106,149,366,379,331,221,173,491
448: 178,13,86,24,456,444
449: 100,428,40,185,505
450: 138,68,110,260
451: 75,302,416,172,299,137
452: 126,129,391,197,388
453: 176,182,486
454: 6,255,97,292,283,392
455: 198,33,433,411,58,367,506
456: 24,80,178,448,351,493
457: 2,467,290,30,269,338
458: 89,130,102,407,421,206
459: 175,108,313,2,81,94,246
460: 203,20,16,261,71,174,443
461: 225,440,468,23,508,233
462: 156,31,263,361,232,279
463: 245,114,500,344,418,4
464: 194,56,91,254,479,84,14
465: 193,87,153,115,291
466: 25,189,251,117,173,491,355
467: 457,247,238,2,268,290
468: 225,461,208,440,123,233,305
469: 241,105,61,485,79,166
470: 179,260,401,417,217,234
471: 10,138,51
472: 214,374,40
473: 152,69,250,354,441,36
474: 270,122,322,362,109,308
475: 256,88,226,368,296
476: 57,28,8,429,321
477: 46,289,482,186,115,358
478: 3,87,420,390,492
479: 194,56,211,464,504,424
480: 123,233,217,159,334,234
481: 191,57,134,264,442,28,318
482: 46,141,384,477,195,186,317
483: 237,109,165,288,308,325,343
484: 230,127,400
485: 76,160,61,226,469,166
486: 182,453,27,110
487: 422,62,499,75,52,284
488: 190,198,405,411,281
489: 195,65,163,98,218,34,339
490: 15,210,80,228,376
491: 25,173,466,315,209,447,379
492: 218,390,235,143,3,478
493: 101,351,456,80,178,494,370
494: 63,370,80,144,101,351,493
495: 201,125,299,32,137
496: 26,11,337,384
497: 3,118,52,219,284,196,158,364
498: 103,94,231,312,300,246,324
499: 62,487,371,9,364,52
500: 39,142,245,183,418,430,463
501: 511,170,129,145,393
502: 116,58,136,102,411
503: 92,77,281,336,224,212
504: 154,147,56,423,479,424
505: 40,427,100,449
506: 109,288,367,33,455,270,227
507: 242,30,247,290
508: 179,27,461,233,217
509: 146,59,394,250,354,378,70
510: 22,236,386,512,93,369,356
511: 129,41,391,393,501
512: 157,42,77,18,369,356,510