0: 704,1336,1057,298,1126,1167
2: 968,2019,1486,338,650,457
3: 978,1203,1116,1585,569,1696
4: 1264,749,1729,180,1698,1312
5: 951,915,1681,653,1727,1245
6: 944,1861,1254,202,1270,1889
7: 1174,1919,424,1568,1495,593
8: 679,59,1669,1691,177,1572
9: 1964,371,970,1482,1639,967
10: 1089,2033,980,380,680
11: 1962,691,1180,1032,795,1642
12: 857,592,434,1592,1154,608
13: 2030,628,1307,1286,389,708
14: 254,900,1359,1052,1360,1688
15: 725,1934,330,914,1506,1515
16: 672,1692,1762,460,1938,583
17: 1113,1066,1944,1169,1835,1354
18: 1278,1550,1975,1200,369,512
19: 2025,699,1168,665,903,1337
20: 301,55,522,1227,984,203,2032
21: 867,594,413,1995,433,1465
22: 2011,368,1073,253,922,1779
23: 2014,694,1390,1784,155,1231
24: 1300,850,999,1181,1908,448
25: 1620,1600,1774,1940,814,1158
26: 1599,1996,267,662,1108,187
27: 182,2014,694,1846,2015,870
28: 57,1366,1508,1916,1419,2037
29: 2044,1841,1056,937,311,1745
30: 1455,1422,848,2047,1845,784
31: 462,1430,1148,544,1635,1362
32: 991,1404,1410,1146,303,720
33: 1695,1325,906,270,367,1657
34: 1628,489,1743,1703,325,853
35: 1836,1453,1751,1806,619,1498
36: 152,1634,1706,1973,403,1844
37: 615,363,1900,637,1823,1898
38: 1467,1003,1744,1094,1956,171
39: 1913,1265,1674,1024,1132,2036
40: 1555,1684,1947
41: 558,1357,842,1728,813,1548
42: 356,954,1638,510,1038,1258
43: 674,343,119,1539,1188,1761
44: 1686,1075,804,963,1776
45: 1358,1069,345,1820,709,1771
46: 1090,1445,614,1894,1242,477
47: 1667,402,1368,146,1892,1924
48: 1971,1438,313,1907,933,1140
49: 1423,1988,322,676,1393,1537
50: 977,1011,1472,1544,712,2002
51: 1030,450,1277,580,138,727
52: 487,1429,1037,807,1653,1023
53: 607,332,1914,1170,856,1053
54: 1329,823,1977,1191,897,74
55: 1802,301,20,919,1317,1227,1260
56: 1699,1261,1087,1334,479,621
57: 1660,798,1952,28,1508,1916
58: 1157,1551,843,869,1088,169
59: 1691,8,1572,1631,855,952
60: 316,1813,1063,331,1626,1792
61: 532,226,1727,1441,640
62: 1166,537,2025,499,1534,1330
63: 1756,1096,924,494,1724,1205
64: 951,1681,586,1328,1770,529
65: 1879,1244,964,283,1886,98
66: 1253,1948,756,668,736,1458
67: 1402,1435,347,696,1512,1816
68: 1450,1959,486,938
69: 326,1598,1582,1963,1798,473
70: 1035,2026,441,2004,509,1723
71: 1702,1718,208,1071,746,1076
72: 722,1797,1769,1131,629,1847
73: 303,720,1976,1811,760,1505
74: 1191,54,1977,1369,1479,985
75: 994,1237,1772,1160,1006,172
76: 723,1860,1097,1997,1694,214
77: 356,908,1829,1068,719,2000,1389
78: 2007,890,688,734,1644,1851
79: 864,166,1221,241,2012,1752
80: 534,850,210,1607,2021,490
81: 1198,1866,1083,1299,883,268,1858
82: 1781,1183,388,1748,197,1048
83: 1804,963,1821,527
84: 540,1865,1015,1939,752,1273
85: 538,1887,215,1020,1458,1656,446
86: 1897,811,1398,1778,992,1209
87: 1859,1228,553,1421,1990,219
88: 2023,293,1321,1106,1664,1830,1254
89: 971,826,1447,780,1211,2027
90: 245,1132,1301,145,2036,1872
91: 1456,1046,1699,1087,981,1202
92: 1280,1678,212,1502,1041,503
93: 863,1494,1323,713,940,386
94: 312,1581,1850,243,1120,1517
95: 382,1651,825,1576,1606,419
96: 946,1722,1734
97: 596,1987,1707,905,902,1529
98: 1244,65,1886,618,1828,585
99: 445,1883,1734,1722,1603,685
100: 220,427,1885,1411,830,505
101: 896,1388,1384,1635,1322,199
102: 1129,1580,1561,780,1279,920,1085
103: 2048,498,1850,1854,1022,1583
104: 1864,148,933,399,1140,1794
105: 1877,1966,640,915,1294,1531
106: 1490,543,1487,389,1953,1061
107: 819,1986,1117,1442,336,1444
108: 1614,2019,1486,1907,844,557
109: 143,483,2022,1194,847,836
110: 1554,2038,787,657,260,1277
111: 1636,769,1257,433,1025,1465
112: 1382,327,718,898,1169,286
113: 1818,1426,1721,350,1610,1931
114: 828,931,1235,1466,1451,1612
115: 1755,1888,1272,520,936,1445
116: 1807,874,1358,345,515,136
117: 1549,1809,1383,1750,251,1135
118: 158,577,1983,1857,2029,1585
119: 674,944,1861,343,43,1255
120: 1756,370,924,1891,1213,738
121: 721,670,1392,1951,213,1717
122: 1783,314,1405,1331,196,1597
123: 1275,1619,1019,1452,1287,1559
124: 1593,1417,1509,589,381,1697
125: 816,782,1365,1237,172,1764
126: 619,1067,882,1931,1818
127: 1874,1788,1319,298,1126,406
128: 280,1917,1463,755,1471,1074
129: 1936,605,1133,1124,272,170
130: 2031,1812,643,788,1946,1232
131: 943,248,1613,676,631,801,1497
132: 1838,1189,1686,1075,1578,266
133: 1426,1520,1721,280,391,755
134: 1660,1508,481,1201,1155,832
135: 1801,734,866,1133,272
136: 1190,1596,1807,116,515,1941
137: 299,582,1965,1119,1146
138: 727,1967,450,51
139: 2018,1008,1690,772,1934,330
140: 540,1865,1046,2020,365,797
141: 1111,384,1333
142: 1373,611,1550,1975,257,578
143: 483,1979,2022,109,714,1230
144: 1659,1322,871,2017,1833,896
145: 90,1301,513,1872,1060,1579
146: 402,47,1892,1969,663,818
147: 983,1919,424,887,1972,1415
148: 1864,432,104,399,1794,1958,1981
149: 2031,624,206,643,1477,1315
150: 1560,352,2045,594,1896,603,860
151: 223,1902,397,1251,1274,1749
152: 1634,1957,1219,36,1798,1706
153: 1800,618,1828,1150,1240
154: 1711,1306,1840,1050
155: 996,1784,461,1843,1390,23
156: 539,1138,531,1863,1507,833,361
157: 1045,561,1978,1763,1587,611
158: 1733,1803,497,577,118,1983
159: 1985,649,1380,1056,2044,1159
160: 711,1324,485,2009,1187,541
161: 1770,1312,529,271,1065,731
162: 1381,1218,1943,1410
163: 489,1646,1743,745,1879,1244
164: 394,200,1714,806,997,1288
165: 917,1775,1356,521,1920,1540
166: 1342,79,864,1853,1221,469
167: 230,1878,1855,827,1720,1900
168: 409,1492,1177,1881,1914,885
169: 1683,1551,58,843,1580,1974
170: 1059,1127,1851,605,129,272
171: 1158,38,1003,1094,1600,209
172: 75,1237,1160,125,1764,659
173: 466,1809,1310,1469,491,1601
174: 1425,1930,1313,1344,2035,460
175: 1677,1608,459,950,965,1352
176: 584,1826,1521,453
177: 679,8,1572,266,1525,1271
178: 854,1239,1286,708,1248,1564
179: 1104,1541,1530,217,1385,508
180: 749,1207,4,1698,1623,1719
181: 1304,1512,576,1690,1825,696
182: 27,2003,982,2014,1849,1846
183: 1373,1278,1550,1034,1968,1880
184: 1197,1504,1921,249,567,1917,1225
185: 1785,1250,428,2028,449,1387
186: 1150,2040,648,482,1240,195
187: 1010,766,2042,26,267,1108
188: 1130,823,1977,244,1093,1998
189: 792,1774,1433,814,1318,1406,1144
190: 281,1153,503,1058,1249,895
191: 1725,1918,2010,442,1457
192: 976,1815,1172,982,1390,1843
193: 1439,302,1193,1347,1617,291
194: 1206,1476,626,353,1673,1118
195: 1224,1021,1513,482,186,1240
196: 1709,1423,1857,1597,122,314
197: 1107,1048,1808,388,82,998
198: 1566,1208,1524,411,455,1932
199: 1948,1226,101,1384,1659,1322
200: 1220,1054,394,164,1288,1526
201: 1999,868,495,1290,265
202: 793,1889,1321,296,6,1254
203: 1425,1436,1938,984,20,2032
204: 349,1427,1243,957
205: 1622,995,259,942,1461,1485
206: 643,149,458,1085,1315,1129
207: 1648,1043,599,1370,1143
208: 1702,71,1641,1076,1574,979
209: 992,1600,821,1984,1094,171
210: 599,1370,295,1607,490,80
211: 1568,545,353,697,1732,1673
212: 1280,570,678,92,1678,1780
213: 1682,1717,121,1392,1251,1749
214: 1645,1215,717,1694,723,76
215: 85,1887,239,1656,1434,1481
216: 1302,672,1049,1701,2032,1553,522
217: 1541,179,508,1440,912,1142
218: 492,1759,1773,1590,702,1262
219: 87,553,478,1990,1791,1696
220: 1459,1834,785,100,427,1885
221: 366,1875,1837,1152,1666,415
222: 2018,1008,969,1890,1648,285
223: 1902,1749,151,609,1923,1535
224: 535,895,1069,1625,987,1041
225: 1071,1643,1018,928,1718,592
226: 61,1086,532,551,1868,1441
227: 579,875,1873,1446,1351,1088
228: 528,738,376,1100,634,666
229: 1796,1442,937,741,1134,819
230: 1136,1878,167,1263,827
231: 1526,724,767,1054,1627,799
232: 1528,1138,431,777,2006,1282,833
233: 1742,781,1538,912,1799,1142
234: 1730,1229,480,733,1842,1536
235: 978,878,569,1871,1109,1545
236: 1070,588,1896,1418,2045,1893
237: 1830,1255,1546,293,652,1909
238: 1184,290,762,705,654,1937
239: 1887,215,1397,1945,1884,918,1481
240: 820,1017,1949
241: 1221,1877,1966,1563,2012,79
242: 1078,1139,1171,1332,881
243: 598,1120,883,973,1517,94
244: 1758,323,888,1130,188,1998
245: 90,1132,949,1301,1522,910
246: 1882,1954,965,851,792,1318
247: 901,840,1454,1091,467
248: 1510,631,131,826,1211,1497
249: 1197,184,1587,567,1978,1225
250: 889,1309,789,1582,1371,2004
251: 1308,975,355,1135,1383,117
252: 1372,1164,1222,954,1437,1162
253: 414,922,1073,1235,1466,22
254: 1939,900,1359,464,14,1704
255: 596,1987,1470,404,1928,454
256: 1070,1396,1489,1747,700,761
257: 1373,142,578,1000,1624,684
258: 741,436,1637,1363,678,1780
259: 942,1768,1605,1662,1461,205
260: 1665,1277,580,110,657,742
261: 1409,1305,979,426,1313,2035
262: 1993,1510,631,636,1873,1351
263: 1384,1863,732,1507,1408,1226
264: 907,481,1500,1705
265: 1571,985,1345,1290,201
266: 1838,1578,132,1525,679,177
267: 1599,26,1010,187,600
268: 598,883,1858,1712,1640,1299,81
269: 562,1788,646,1901,1057,1126
270: 33,1695,906,658,367,1098
271: 161,1312,731,1729,1128
272: 1133,129,734,135,170,1851
273: 1403,1626,620,1049,872,1063
274: 409,1177,1495,593
275: 1395,1182,955,682,1868,1086
276: 583,571,346,1789,1363,1241,683,525
277: 1427,1026,1243,960,986,656
278: 1216,929,1577,1876,282,905
279: 462,1790,1430,628,777,435,1282
280: 1463,391,128,1570,755,133,880
281: 613,190,791,503,1058,1502
282: 1987,905,1533,1335,278,1216
283: 1879,65,964,1544,2002,555
284: 1595,2034,1346,972,993,1483
285: 1648,1143,1651,1576,222,969
286: 1680,1814,1944,1169,1382,112
287: 1915,586,1199,692
288: 1014,1246,1540,506,1123,808
289: 1445,1894,730,1272,1942
290: 238,654,1196,1937,467,1556
291: 1347,1617,936,587,193,1888
292: 977,2005,1011,590,1787,1496,339
293: 88,1106,860,1546,1830,237
294: 1655,1848,861,1781,1543,1748
295: 1607,1895,1767,1925,599,210
296: 542,1281,1321,202,793
297: 1364,441,1080,889,1676,552
298: 704,1319,0,1126,127
299: 2041,582,137,1204,1965,693
300: 1391,1217,1933,975,1292,324
301: 1553,1802,20,55,437,522,1227
302: 1439,193,966,1347,925,1811
303: 73,720,1505,1410,32,1218
304: 1013,1899,1569,846,909
305: 1985,1559,1380,837,1275,809
306: 1047,323,888,665,1337,1852
307: 1176,1765,1326,835,969,1890
308: 1783,1109,1685,728,1331,1194
309: 722,1627,1154,608,1797,1689
310: 923,1593,1509,824,1823
311: 1745,1912,1841,573,29,937
312: 94,1850,1854,1462,1629,1120
313: 1438,425,48,1907,844,1677
314: 122,1871,1783,1857,196,2029
315: 757,610,1774,1406,1158,1003
316: 686,60,1195,421,1813,1063
317: 1962,1099,1115,377,1210,1668
318: 849,1904,705,1760,1366,1419
319: 1093,1122,1345,953,1369,926
320: 794,2044,1841,1532,1632,1159
321: 1112,952,947,961,1036,1547
322: 1423,49,1597,943,1735,676
323: 1047,1758,244,1062,306,888
324: 1292,1954,851,300,975,355
325: 1775,1703,1356,1448,34,1628
326: 932,1598,69,550,1963,1376
327: 1672,1382,1611,112,1420,718
328: 1073,1114,1950,962,828,1466
329: 976,574,638,1514,1815,1141
330: 772,1910,725,1934,15,139
331: 1875,1626,1152,60,1792,1946
332: 607,770,53,397,1238,856
333: 1072,879,692,1294,1328,1531
334: 1842,1092,1491,1229,1298,794
335: 709,1195,872,1771,1063,1302,1602
336: 570,1303,1117,107,1444,617
337: 2043,1428,1485,1501,712,995
338: 968,2019,2,1503,1565
339: 1628,1496,1448,1787,292,1011
340: 687,1643,1018,1667,1924,581
341: 1473,1377,2017,372,764,1340
342: 886,1175,1066,602,1910,725
343: 43,119,1255,1539,652,1125
344: 1754,749,412,1623,1065
345: 1807,116,1358,45,686,1771
346: 276,571,1625,1789,987,1241
347: 1402,609,67,1923,1817,1816
348: 782,1852,1365,888,1122,1998
349: 1856,204,1427,1283
350: 1610,1092,1491,113,1721,1378
351: 536,1388,1827,544,456,1105
352: 1151,150,1137,1560,1546,860
353: 1568,211,1673,194,1174,1118
354: 1271,1737,1723,378,616,1371
355: 251,975,851,324,1693,1383
356: 42,77,954,1437,908,1829,1638
357: 1183,958,380,980,1453,1498
358: 1755,730,1505,1272,1381,1218
359: 1963,1740,726,1103,1376,1219
360: 538,1945,764,1473,1052,1710
361: 1033,1863,539,531,156,1716
362: 1658,579,1351,1735,1993,1405
363: 615,37,661,1832,1782,1898
364: 635,959,807,1803,972,1483
365: 775,1202,797,1805,140,1046
366: 221,1875,1666,779,1573,1812
367: 516,1657,1819,658,33,270
368: 22,1355,2011,1081,1073,1114
369: 863,1494,512,1038,1278,18
370: 1929,120,924,1314,738,1100
371: 1330,9,970,1639,1653,499
372: 575,1205,1340,871,2017,341
373: 1393,1537,1480,1033,539,1256
374: 1443,606
375: 1139,507,1869,1468,1186
376: 528,1835,228,634,1506,602
377: 1428,1501,555,1115,317,1099
378: 1271,354,616,1631,2008,1572
379: 811,854,1398,543,1618,1061
380: 680,1400,10,980,1498,357
381: 589,1782,1304,1898,1509,124
382: 1651,1589,825,1911,95,647
383: 2046,1739,552,1604,1364,1268
384: 141,1111,523,1708,1700
385: 1724,1350,1891,1756,1672,718
386: 1114,940,962,713,93,1081
387: 1163,911,721
388: 1183,82,1453,1751,998,197
389: 1286,1490,106,1061,13,1307
390: 1493,1800,1822,1738,553,1421
391: 280,1570,1520,133,452,753,880
392: 2005,786,1519,1707,1662,1529
393: 1149,558,1647,1575,1913,1548
394: 1220,200,681,1567,164,806
395: 1214,1013,1044,1207,1719
396: 1082,1168,665,2020,1047,566
397: 1902,1274,151,1238,770,332
398: 679,1669,1766,988,1838,798
399: 1864,104,148,933,1614,1503
400: 1234,1901,1332,1588,881,1017
401: 1687,829,882,913,1610,1931
402: 1667,146,47,1969,2026,945
403: 1973,1141,36,1844,574
404: 1121,1270,1470,1987,255,1533
405: 613,838,1058,1162,1557,817
406: 1824,1874,127,1319,645,563
407: 2006,706,556,2027,1528,1460
408: 1379,1480,803,1033,519,1542
409: 274,1492,168,1177
410: 1264,1698,845,1522,633,910
411: 502,1190,1449,455,1524,198
412: 1623,344
413: 21,2045,867,594,1222,1893
414: 653,253,922,1245,1235
415: 1666,790,560,1343,221,1837
416: 783,451,1992,1374,1284,1772
417: 1687,882,1713,1511,1836
418: 1431,641,500,1007,1558,1663
419: 1765,1609,1795,1576,95,1606
420: 1595,1741,1346,899,1990,1791
421: 686,316,1195,1813,1807,810,1616
422: 1166,699,1478,816,1652,1562
423: 671,1711,1621,1306,981,1236
424: 7,147,983,1174,1919,1361
425: 1438,757,313,1144,1677,950
426: 1574,979,916,1409,261,1777
427: 1834,220,100,1411,929,677
428: 185,449,1387,1982,1459,1413
429: 1712,1419,1640,2037,476,1904
430: 1432,813,1624,1265,1674,673
431: 1528,801,1138,531,1497,1460,232
432: 148,1794,1958,1795,623,1606
433: 707,1995,21,1636,111,1465
434: 12,1702,1718,698,857,592
435: 1179,2006,706,279,1790,777
436: 258,1796,1040,741,1637,526
437: 740,1553,620,1802,301,773
438: 655,1170,1053,1814,545,1732
439: 568,629,1260,1847,1615,805
440: 831,1757,1650,1367,956,1051
441: 1035,1364,297,70,2004,889
442: 946,1457,524,191,1918,1980
443: 1131,568,990,1847,984,1436
444: 1181,1895,1908,1178,1925,547
445: 99,1102,1883,1291,1722,524
446: 1656,1964,1458,1253,85
447: 771,779,1259,543,1487,1618
448: 651,1564,1181,1416,999,24
449: 1250,185,428,1252,1459,1885
450: 51,1277,1967,1077,138,1554
451: 783,1079,966,416,994,1772
452: 1327,1107,1808,1520,391,753
453: 1412,1633,176,1826
454: 1928,1519,1165,596,1707,255
455: 502,411,1584,198,2001,1932
456: 1935,493,763,1105,351,1827
457: 650,1198,921,1955,1028,968,2
458: 1212,758,1085,206,643,1232
459: 1156,1608,175,703,948,1352
460: 1425,1762,1313,174,1938,16
461: 1440,1339,1650,996,1784,155
462: 279,1430,31,777,1362,1282,1793
463: 1558,633,1630,910,1663,949
464: 254,1939,1671,1704,876,1015
465: 1617,1394,664,587,1675,1228
466: 1809,1383,173,1433,1469,1285,1693
467: 247,1454,1028,1196,290,1556
468: 1475,1742,1101,956,1538,1051
469: 1221,1401,1269,1187,1342,166
470: 1104,1385,657,742,559,1464
471: 1991,680,1488
472: 1645,1516,717,1411,1684,830
473: 1960,1309,1798,1706,69,1582
474: 1726,778,1031,1685,1194,847
475: 1395,1182,542,1747,2023,700
476: 1712,2037,768,429,1036,1547
477: 1090,614,46,648,482,1064
478: 553,219,1116,2013,1696,1822
479: 56,1261,621,1118,626,1361
480: 815,642,1730,1799,234,1229
481: 264,907,1705,1201,1155,134
482: 648,186,1224,1064,195,477
483: 143,109,1230,506,836,521
484: 562,565,1949,1234,1136,1878
485: 1097,2009,1997,160,1187,1342
486: 1412,715,938,68
487: 1478,750,1353,1429,1037,52,1534
488: 817,2016,1566,695,1524,838
489: 34,163,1743,1773,745,853
490: 2021,1731,1905,1370,210,80
491: 1293,1961,1601,1469,173,1004
492: 218,1759,974,702,1262,2013
493: 1935,456,1903,1185,2024,1827
494: 63,1096,1833,601,1205,871
495: 868,201,1119,1290,1679,582
496: 1386,795,1642
497: 899,1803,158,577,972,1346
498: 103,1022,1583,1292,1591,1391
499: 62,1534,1330,371,1653,1429
500: 1431,418,1432,1674,1024,1663
501: 1149,716,1654,605,1127,1575
502: 1190,411,1584,1596,455,1523
503: 190,281,92,1502,1041,895
504: 671,1306,1110,1334,1922,1050
505: 1555,1055,830,100,1885,1252
506: 1123,836,1540,288,483,521
507: 1078,1139,375,1869,839,901
508: 179,1530,217,1440,1784,1231
509: 1723,616,70,2026,1266,1969
510: 1258,42,954,1372,1518,1418
511: 1327,1654,1107,1048,612,1124
512: 369,1038,834,18,1200,1638
513: 1059,796,1872,1060,688,145
514: 1535,1113,1175,604,1902,1238
515: 116,874,1424,1190,1449,136
516: 367,1257,644,1657,1267,1819
517: 1565,1845,1167,1503,1336,1864
518: 1350,1001,1672,1611,1926,1360
519: 1276,756,1379,408,1482,967,1542
520: 115,936,1552,1145,1090,1445
521: 1775,165,506,1540,483,1230
522: 1553,301,20,1049,216,2032
523: 384,1715,1708,614,1242
524: 946,442,1722,1980,445,1102
525: 683,1305,1341,1762,276,583
526: 1637,1409,1341,1777,1040,436
527: 83,1804,1821,550,1103,1376
528: 1835,1213,1354,738,376,228
529: 1770,161,1065,1915,64,586
530: 691,1099,2043,1501,662,1108
531: 539,801,1138,1256,156,431,361
532: 61,1269,226,551,1401,640
533: 1283,1856,1329,897
534: 80,1300,884,850,1247,2021
535: 224,874,1249,1358,895,1069
536: 1833,896,351,601,1388,1827
537: 62,2025,1434,1330,1481,903
538: 85,1887,360,1945,1473,1020
539: 1256,531,156,373,1033,361
540: 140,1865,1015,1456,1046,84
541: 1311,1269,551,711,160,1187
542: 296,1395,475,1281,2023,1321
543: 1487,106,1618,1061,447,379
544: 351,1388,1105,31,1148,1635,1362
545: 1732,211,1673,655,438,572
546: 1744,894,1589,1895,1767
547: 1897,1416,1778,1181,444,1178
548: 588,1396,1518,1323,713,710
549: 1694,1443,864,1853,1215,606
550: 1376,1821,527,1189,326,932
551: 1311,1086,532,1269,541,226
552: 383,1604,1676,862,1364,297
553: 87,478,1421,219,1822,390
554: 998,1818,1426,1520,1067,1808
555: 1428,377,2002,1115,964,283
556: 407,706,1477,2027,1315,971
557: 844,1156,1608,108,1486,1029
558: 41,1149,393,1407,1357,1548
559: 742,1687,829,1713,1464,470
560: 790,1601,415,1310,1147,1343
561: 1045,1375,774,1444,157,617,1763
562: 269,484,1788,565,1234,1901
563: 1176,1326,645,1824,661,406
564: 1826,1521,1839,1141,638
565: 562,484,1788,1855,1878
566: 1047,1062,2020,396,797,1805
567: 184,249,1074,573,1917,1912,1225
568: 439,443,1227,1260,1847,984
569: 978,235,3,1116,878,1262
570: 1280,336,678,212,1303,1117
571: 276,346,1363,987,683,1678,1780
572: 1206,904,655,1420,545,1673
573: 1841,1074,1532,311,1912,567
574: 329,1514,403,1141,1844,852
575: 372,1724,1205,1350,1001,1340
576: 1782,1304,181,1832,1825,835
577: 899,497,158,118,1203,1585
578: 1197,1587,1000,611,142,257
579: 1658,875,227,778,1351,362
580: 1030,1665,51,260,1277,759
581: 1667,1268,945,1739,687,340
582: 1679,299,137,1204,1119,495
583: 276,1241,1762,525,16,1692
584: 176,1521,1973,1039,632
585: 618,1862,745,702,1244,98
586: 64,1328,529,287,1915,692
587: 1617,1394,936,291,1552,465
588: 1070,236,1396,548,1518,1418
589: 381,1304,1512,124,1697,1435
590: 1519,1165,1787,765,292,2005
591: 1941,675,1279,920,1596,1523
592: 12,1718,434,1592,225,1643
593: 1927,274,1495,7,1919
594: 21,2045,413,150,1465,1560
595: 1586,1766,1776,1705,988,1201
596: 1987,1707,255,905,97,454
597: 1709,1988,660,1173,1733,1983
598: 243,1120,883,268,1712,768
599: 1370,1143,647,207,210,295,1767
600: 1010,2028,267
601: 536,1833,1827,1096,2024,494
602: 1066,342,725,1506,1835,376
603: 1106,761,1664,860,1896,150
604: 514,1113,1944,1238,856,1680
605: 1124,129,1654,501,170,1127
606: 1670,1215,1443,549,374
607: 1348,1881,770,332,1914,53
608: 309,1154,1689,1592,1368,12
609: 1392,1402,347,1923,223,1749
610: 1971,1438,315,757,1003,1956
611: 142,1975,1587,578,1045,157
612: 511,1048,1781,861,1936,1124
613: 405,281,791,1058,1068,1557
614: 1242,46,477,1064,523,1708
615: 1720,363,37,1824,661,1900
616: 509,1723,378,354,2008,1266
617: 1375,561,1444,2000,336,1303
618: 1800,1862,1828,153,1738,585,98
619: 1836,35,1751,126,1067,882
620: 740,1553,437,1049,273,1403
621: 56,1334,479,1110,983,1361
622: 1014,1246,652,1125,1161,1909
623: 825,1606,1349,432,690,1794
624: 2031,149,1296,729,1179,1477
625: 1209,934,1961,1259,1398,1618
626: 1671,194,1476,1261,479,1118
627: 1579,1044,1899,845,1522,1301
628: 2030,279,13,1790,1430,1307
629: 439,1847,1769,72,1615,802
630: 1603,1468,1186,685
631: 943,1993,248,1510,262,131
632: 1634,1039,584,1973
633: 841,463,1630,910,1264,410
634: 914,1506,1731,666,376,228
635: 1527,1173,364,959,1733,1803
636: 826,1447,1974,1551,1510,262,1873
637: 1316,824,827,1823,37,1900
638: 976,329,1839,564,1141,2003
639: 1025,1151,1137,769,800,1161
640: 1401,105,1966,1727,915,61,532
641: 1786,418,1007,1558,1223,1594
642: 815,1229,480,1298,649,751
643: 130,2031,206,149,1232,458
644: 1636,516,1932,1257,1267,1208
645: 1326,1609,563,1012,1319,406
646: 1901,1588,1422,848,269,1057
647: 599,1143,382,1651,1589,1767
648: 2040,482,1145,186,1090,477
649: 1380,751,159,642,1298,1159
650: 1198,457,1083,2,1486,1029
651: 1935,763,1248,448,1564,999
652: 1125,622,1909,343,1255,237
653: 414,1245,1235,1451,1297,1681,5
654: 290,238,762,1556,1866,1299
655: 438,1814,1382,1420,545,572
656: 1130,1233,960,1758,1649,277,1026
657: 110,787,260,1104,470,742
658: 1157,367,1819,1098,1446,270
659: 2041,1084,1204,1160,172,1764
660: 1393,1480,803,597,1988,1173
661: 615,363,1824,1832,1176,563
662: 1996,26,1108,530,691,1180
663: 1220,1266,818,1567,146,1969
664: 1394,465,1228,1421,1493,893
665: 1168,396,19,1047,306,1337
666: 2021,634,1731,1247,228,1100
667: 1682,1251,1274,1661
668: 1408,1948,66,1276,756,1226
669: 1115,964,1886,1668,1021,1513
670: 911,721,121,1697,1417,1951
671: 1306,423,504,981,1699,1334
672: 16,1701,216,1692,2032,1938
673: 813,1624,430,1504,1728,1000
674: 1861,1470,43,119,1928,1761
675: 1941,1212,810,1616,1279,591
676: 943,1613,131,1537,49,322
677: 723,929,1577,1645,427,1411
678: 570,212,1780,258,1117,1442,741
679: 1669,398,177,8,1838,266
680: 471,380,1991,1400,10
681: 394,1567,1631,2008,855,806
682: 873,2011,1868,1779,1182,275
683: 1637,1341,525,276,571,1363
684: 1431,1034,1432,1624,1373,257
685: 630,1603,1468,99,737,1883
686: 316,1195,1771,421,1807,345,1616
687: 1018,1367,340,831,1739,581
688: 1060,890,78,1059,1851,513
689: 1922,1840,1050
690: 1140,1794,1971,623,1349,1956
691: 1962,530,11,1180,1099,662
692: 1199,1072,333,287,586,1328
693: 925,1976,1965,1079,2041,299
694: 27,2014,23,1095,870,1231
695: 488,1524,1424,838,1153,1449
696: 67,1512,181,1690,772,1816
697: 1568,1495,1732,885,211,1177
698: 1702,857,1641,434,1320,1344
699: 1166,19,2025,422,1337,1652
700: 2023,761,1664,256,1747,475
701: 902,1768,1605,1876,1834,785
702: 218,492,1773,974,745,1862,585
703: 459,1517,948,1581,1192,1352
704: 1336,1958,1319,0,298,1981,1012
705: 1184,849,238,1904,762,318
706: 1179,435,2006,407,556,1477
707: 2016,1566,1995,433,1208,1636
708: 1906,1248,178,1286,2030,13
709: 335,1771,2039,1602,1820,45
710: 1489,1355,1081,713,1396,548
711: 1324,160,1027,1311,541,1414
712: 337,1428,1485,2002,50,1472
713: 1323,93,386,548,1081,710
714: 143,1979,2022,1545,1759,1590
715: 1412,486,1633,938,1849,1846
716: 1149,501,1407,753,1327,1654
717: 1645,214,1670,1516,1215,472
718: 1672,112,327,1891,898,385
719: 1375,834,774,2000,1389,77,1829
720: 303,73,1976,1965,32,1146
721: 387,1163,911,121,670,1717
722: 309,1831,1154,1797,72,1131
723: 677,76,1860,1577,1645,214
724: 1526,231,767,930,1042,1867
725: 1910,330,15,1506,602,342
726: 1740,359,744,1957,1219
727: 138,1030,51,1989
728: 1109,308,2022,1545,1194
729: 1790,1307,1490,624,1296,1179
730: 358,1272,289,939,1381,1942
731: 1770,161,271,1297,1128,1451,1612
732: 1384,263,1635,1362,1507,1793
733: 1541,1385,1464,1730,234,1536
734: 1644,135,272,1851,78
735: 2046,1604,1757,1172,996,1843
736: 1020,1659,1377,1458,1948,66
737: 739,1883,1468,685,1869,1091
738: 528,1213,228,1100,370,120
739: 1196,737,1883,1291,1091
740: 620,773,437,1343,1403,1837
741: 258,1117,1796,229,1442,436,678
742: 559,1713,657,1665,260,470
743: 1525,789,932,1598,1578,1737
744: 1740,726
745: 1773,702,489,163,1862,585,1244
746: 1475,1101,1071,71,1076,1019
747: 1386,795,754,1032,1111,1700
748: 868,1119,1289,1404
749: 180,4,1623,1312,1065,344
750: 1992,487,993,1353,1374,1037
751: 1559,649,1380,815,642,1287
752: 1939,1359,1710,1397,84,1273
753: 1407,716,880,1327,452,391
754: 1009,1484,1210,1032,1700,747
755: 280,128,133,1721,1471,1378
756: 1253,66,1276,668,519,1482
757: 1438,315,425,610,1144,1774,1406
758: 1212,810,458,1813,1792,1232
759: 1030,1665,580,1511,935,1810
760: 1755,1888,1505,1347,73,1811
761: 700,603,1664,256,1070,1896
762: 238,1904,705,654,1640,1299
763: 1935,456,1105,1906,1248,651
764: 1340,1473,341,1052,1688,360
765: 590,1188,1165,1787,1761,1002
766: 1010,1622,2042,187,1413,1387
767: 724,231,1042,1769,1627,1797
768: 1712,476,1547,1629,598,1120
769: 111,1257,1657,1025,639,1325,800
770: 1348,1661,607,332,397,1274
771: 1666,1293,779,447,790,1259
772: 1816,1934,330,139,1690,696
773: 740,1802,919,437,1147,1343
774: 719,1045,1375,561,834,1200
775: 365,960,1202,1236,986,1805
776: 1055,1250,1252
777: 462,279,435,2006,1282,232
778: 1658,1726,579,474,875,1685
779: 1666,771,447,366,1573,1487
780: 971,1129,1561,89,1447,102
781: 1742,1452,233,815,1799,1287
782: 125,348,1365,1122,953,1764
783: 1439,1295,451,966,416,1284
784: 840,1454,1955,1455,2047,30
785: 1459,1834,220,1982,701,1605
786: 977,2005,392,1472,1662,1461
787: 2038,110,1095,657,1104,1530
788: 130,2031,1812,1296,1573,1953
789: 1598,1582,743,250,1737,1371
790: 1666,771,1293,1601,560,415
791: 613,281,1736,1502,1389,1068
792: 1433,189,1318,1693,246,851
793: 202,1474,1889,1414,296,1027,1281
794: 320,1632,1159,1298,334,1092
795: 1386,496,747,1642,11,1032
796: 1647,1059,1127,1575,513,1872
797: 365,1805,140,2020,1062,566
798: 1660,57,1952,988,1669,398
799: 1627,1689,1054,818,1892,231
800: 1246,1161,769,639,1325,808
801: 1138,1256,531,1497,431,1613,131
802: 1615,1217,1933,1042,1769,629
803: 408,1480,660,1527,1173,1542
804: 1586,1776,44
805: 1615,1308,1135,439,1260,1549,1317
806: 1112,855,1714,394,681,164
807: 364,959,1023,1483,1037,52
808: 1695,1325,1123,1246,800,288
809: 1275,916,305,837,1777,1040
810: 1212,675,1616,758,421,1813
811: 86,1897,854,1398,1239,379
812: 1942,1894,1242,1715
813: 1548,430,1265,673,41,1728
814: 1774,1940,1433,189,1285,1406,25
815: 642,1799,480,1287,781,751
816: 125,1652,1365,422,1237,1562
817: 1399,2016,488,405,838,1162
818: 1220,663,1054,146,1892,799
819: 107,1745,1986,229,1442,937
820: 240,1017,1171,1332
821: 992,1620,1209,1600,209,934
822: 2009,1997,1335,858,1216,1860
823: 1130,188,54,1329,1977,1233
824: 1316,637,1823,310
825: 382,1911,95,623,1606,1349
826: 636,89,1447,1211,2027,248,1510
827: 1263,1316,637,230,167,1900
828: 931,1466,114,1594,328,1950
829: 1687,401,559,1464,913,1536
830: 1555,1684,505,472,100,1411
831: 2046,1739,1757,440,687,1367
832: 1155,1760,1725,134,1366,1508
833: 1282,1507,1793,1138,156,232
834: 719,774,1200,1829,1638,512
835: 1825,1890,1832,1176,307,576
836: 1994,1031,506,1123,483,109,847
837: 1985,305,809,1796,1040,1134
838: 405,1153,1058,817,695,488
839: 1078,507,901,840,1338,2047
840: 901,247,1454,784,839,2047
841: 633,1630,1499,1264,1729,1128
842: 1463,1570,41,1357,1921,1728
843: 1683,58,2001,869,169,1584
844: 1677,1608,557,108,1907,313
845: 627,1044,1522,1207,1698,410
846: 1569,1060,890,1579,304,1899
847: 109,1194,474,1994,1031,836
848: 1422,30,1845,1167,646,1057
849: 1184,318,705,1760,1918,1980
850: 534,80,1300,24,1607,1908
851: 246,1954,324,355,792,1693
852: 1080,1844,1960,1676,574,1514
853: 1773,1590,1979,1703,34,489
854: 811,1239,178,379,1286,1061
855: 1112,952,806,59,1631,681
856: 1170,1680,1238,604,332,53
857: 12,698,434,1320,1831,1154
858: 1121,1335,1474,1324,822,2009,1533
859: 1089,980,1543,958
860: 293,1106,603,150,352,1546
861: 1655,294,1970,1781,612,1936
862: 1514,1815,1172,1676,552,1604
863: 369,1494,93,1278,1880,940
864: 1443,79,549,166,1853,1752
865: 1745,1978,1912,1986,1763,1225
866: 1133,1970,1801,135
867: 21,1164,413,1222,1399,1995
868: 1999,748,201,1119,495
869: 1157,58,843,2001,1267,1819
870: 2038,891,2015,1095,27,694
871: 144,2017,494,1833,372,1205
872: 1195,335,1063,1302,1049,1602,273
873: 1489,1355,682,2011,1747,1182
874: 116,535,1249,1358,1424,515
875: 1726,1098,579,227,778,1446
876: 1261,1087,1671,464,1015,1456
877: 1670,1516,1947
878: 235,569,1545,1759,1262
879: 1072,333,1294,1563
880: 1407,753,1357,280,391,1570
881: 1338,1332,1588,400,1078,242
882: 1687,417,401,1836,619,126,1931
883: 243,598,268,973,1858,1712,81
884: 534,1314,1300,1903,1247,1185
885: 697,1732,1914,1053,168,1177
886: 1535,1175,342,1923,1910,1817
887: 1927,147,1919,1972
888: 244,323,306,1852,348,1998
889: 250,1080,1309,297,441,2004
890: 1569,2007,1060,78,846,688
891: 1554,2038,2015,870,1959,1077
892: 1804,1740,1103
893: 1150,2040,1493,1394,664
894: 546,1984,1744,1094,1895,1178
895: 224,535,1249,1041,190,503
896: 536,1833,1388,101,1322,144
897: 1191,54,1329,533
898: 1891,1169,1213,1354,112,718
899: 497,577,1203,420,1346,1791
900: 254,14,1360,1005,1926,1704
901: 247,840,1091,507,1869,839
902: 701,1768,1529,1876,905,97
903: 1168,1884,1481,19,537,2025
904: 1005,1206,1926,572,1611,1420
905: 596,1876,282,1987,97,278,902
906: 1994,1031,33,1695,270,1726,1098
907: 264,2010,481,1155
908: 356,77,1437,1829,1068,1557
909: 1214,1013,304
910: 463,633,245,949,1522,410
911: 387,721,670,1870,1417
912: 1440,1339,217,233,1538,1142
913: 1842,1536,1610,1491,829,401
914: 634,1506,1731,1905,1515,15
915: 951,5,1531,1727,105,640
916: 1275,809,1574,426,1619,1777
917: 1356,1002,165,1920,1539,1188
918: 1082,1884,1273,239,1397
919: 1802,55,773,1317,1549,1750,1147
920: 1279,591,1523,1580,102,1683
921: 1556,1198,457,1866,1028
922: 414,1868,253,1441,1245,1779,22
923: 1870,310,1593
924: 63,1929,1756,370,1096,120
925: 1976,1811,693,302,1079,966
926: 319,1345,953,1290,1679,1084
927: 1450,1967
928: 1071,225,1018,1367,1475,1051
929: 278,677,1577,1876,1834,427
930: 1288,1526,724,1583,1867,2048
931: 828,114,1612,1499,1223,1594
932: 326,1598,743,550,1189,1578
933: 104,399,1140,1614,1907,48
934: 625,1620,1209,1004,821,1961
935: 1991,1400,1810,759,1511,1806
936: 587,291,1552,115,1888,520
937: 229,1442,1134,1056,29,311,1745,819
938: 486,715,1846,68,1959,2015
939: 1381,730,1942
940: 941,1880,386,962,863,93
941: 1880,940,1950,962,1786,1968
942: 1982,259,1605,205,1622,1413
943: 1735,1993,676,631,131,322
944: 1830,6,1861,119,1255,1254
945: 1035,1268,2026,1667,402,581
946: 96,442,1457,1722,524
947: 1112,1462,1629,1714,321,1547
948: 973,1746,1517,1156,459,703
949: 1024,245,1132,463,910,1663
950: 1677,175,965,425,1144,1318
951: 64,915,1681,5,1328,1531
952: 1112,855,321,59,1691,961
953: 319,1122,926,1764,782,1084
954: 42,356,1437,510,252,1372
955: 1395,1027,1281,275,1311,1086
956: 468,1538,1051,440,1339,1650
957: 1711,1621,204,1243
958: 1543,1183,1748,357,980,859
959: 1527,635,364,807,1753,1023
960: 775,986,1805,1649,277,656
961: 1691,1952,1916,1036,952,321
962: 328,941,1114,940,1950,386
963: 83,1821,44,1075
964: 65,1115,669,283,1886,555
965: 1882,246,1352,175,950,1318
966: 1439,302,783,1079,451,925
967: 1639,1753,1542,519,9,1482
968: 2,338,1955,457,1455,1565
969: 222,1890,1765,307,1576,285
970: 1656,1434,1964,1330,371,9
971: 1129,89,780,556,2027,1315
972: 1803,497,364,1483,284,1346
973: 243,883,1746,1858,1517,948
974: 492,702,2013,1822,1862,1738
975: 1308,251,1933,300,355,324
976: 638,329,192,1815,2003,982
977: 292,2005,786,1011,50,1472
978: 235,3,2029,1585,569,1871
979: 1574,426,208,1641,2035,261
980: 1089,10,859,380,958,357
981: 671,423,1699,91,1202,1236
982: 182,2003,2014,1390,976,192
983: 1110,147,424,1361,621,1415
984: 568,443,1227,203,1436,20
985: 1571,1479,265,1345,1369,74
986: 775,960,1236,1621,277,1243
987: 571,1625,346,1678,1041,224
988: 1766,595,1201,1660,798,398
989: 1016,1741,1859,1295,1193,1675
990: 1131,443,1831,1320,1436,1930
991: 1289,1943,1404,1410,32
992: 1209,821,209,1984,86,1778
993: 750,1483,1374,1037,284,2034
994: 75,1772,1160,1079,451,2041
995: 205,1622,2042,337,2043,1485
996: 1650,155,461,1843,735,1757
997: 2048,1854,1462,1714,164,1288
998: 554,1751,1067,388,197,1808
999: 1300,24,1185,1935,651,448
1000: 1197,1504,578,1624,673,257
1001: 518,575,1350,1340,1360,1688
1002: 917,1356,1448,1188,1787,765
1003: 1158,1467,38,1956,171,315,610
1004: 1620,934,1940,1469,491,1961
1005: 1206,904,1476,1926,1704,900
1006: 75,1237,1772,1562,1992,1353
1007: 1431,1786,641,1034,418,1968
1008: 2018,222,139,1648,1043,1934,1515
1009: 754,1484,1224,1064,1708,1700
1010: 766,187,2028,1387,267,600
1011: 292,977,50,1544,1496,1646,339
1012: 1609,1795,645,704,1958,1319
1013: 304,1044,1899,1214,909,395
1014: 1246,1920,1125,622,1540,288
1015: 540,1456,84,1939,464,876
1016: 989,1595,1741,2034,1284,1295
1017: 240,820,1949,1234,1332,400
1018: 687,225,1643,1367,340,928
1019: 1076,123,1619,1101,1452,746
1020: 1473,736,1377,1458,538,85
1021: 1484,1224,1668,195,1513,669
1022: 1581,498,103,1850,1591,1192
1023: 959,807,1639,1653,1753,52
1024: 1132,949,1674,39,500,1663
1025: 639,1465,1137,111,769,1257
1026: 277,1856,1427,656,1233
1027: 1281,955,1311,793,1414,711
1028: 1454,467,1955,1556,457,921
1029: 1486,650,1083,1746,1156,557
1030: 51,580,759,727,1810,1989
1031: 1994,906,836,1726,1098,474,847
1032: 1962,11,754,1210,747,795
1033: 1379,373,408,1480,361,539,1716
1034: 1431,1968,684,1007,1373,183
1035: 1364,70,1268,2026,441,945
1036: 2037,476,1547,1916,961,321
1037: 487,993,750,1483,1429,52,807
1038: 369,1494,512,1258,42,1638
1039: 632,584
1040: 1796,436,809,837,526,1777
1041: 92,1678,987,224,895,503
1042: 724,767,1867,1769,1217,802
1043: 1648,1370,207,1008,1905,1515
1044: 627,1013,1899,845,395,1207
1045: 1375,561,774,157,611,1975,1200
1046: 140,91,540,1456,365,1202
1047: 323,1062,566,306,665,396
1048: 197,511,1107,612,1781,82
1049: 1302,216,1553,620,522,273,872
1050: 689,1922,1840,154,1306,504
1051: 1475,468,956,440,1367,928
1052: 1359,14,1710,1688,764,360
1053: 438,1170,1914,53,1732,885
1054: 1220,200,818,1526,231,799
1055: 1555,505,1252,776
1056: 1985,159,2044,29,937,1134
1057: 0,1126,646,848,1167,269
1058: 613,190,405,281,838,1153
1059: 170,1127,796,1851,513,688
1060: 890,846,688,513,145,1579
1061: 1286,543,389,106,854,379
1062: 1047,1758,323,1649,566,797,1805
1063: 316,60,1195,872,335,273,1626
1064: 1009,1224,482,614,477,1708
1065: 161,1312,529,749,344,1915
1066: 1113,1175,17,602,342,1835
1067: 1751,619,126,998,1818,554
1068: 77,908,1557,1389,613,791
1069: 224,535,1358,45,1625,1820
1070: 256,236,588,1396,1896,761
1071: 225,928,1475,746,1718,71
1072: 1199,879,692,333
1073: 328,1114,1466,22,368,253
1074: 1471,1532,573,1917,128,567
1075: 1189,1686,44,132,963,1821
1076: 1574,1619,1019,746,71,208
1077: 1450,1967,1959,1554,891,450
1078: 1139,507,242,839,1338,881
1079: 451,966,994,1160,2041,925,693
1080: 1960,852,889,1309,1676,297
1081: 1355,368,710,713,1114,386
1082: 1168,2020,1884,1273,918,396,1865
1083: 650,1198,81,1746,1858,1029
1084: 1679,659,1204,953,926,1764
1085: 1212,458,1279,206,1129,102
1086: 1311,226,551,1868,275,955
1087: 56,1699,1261,876,91,1456
1088: 1157,1551,58,227,1873,1446
1089: 2033,10,980,859
1090: 1445,46,477,648,1145,520
1091: 901,247,739,737,1869
1092: 350,334,1491,794,1378,1632
1093: 319,1122,1369,1998,188,1977
1094: 1984,38,1744,894,171,209
1095: 2038,787,870,694,1231,1530
1096: 63,1929,924,2024,494,601
1097: 485,1997,1694,1342,1853,76
1098: 1726,875,1446,658,1031,906,270
1099: 1962,530,317,691,1501,377
1100: 738,228,666,1314,1247,370
1101: 1475,1742,1452,468,746,1019
1102: 445,1291,1937,524,1980,1184
1103: 1740,359,1376,892,1804,527
1104: 179,1530,470,1385,787,657
1105: 456,763,1906,1148,351,544
1106: 88,293,603,1664,860
1107: 1327,197,511,452,1048,1808
1108: 26,662,2043,2042,187,530
1109: 1871,1783,308,728,1545,235
1110: 983,1334,621,1922,1415,504
1111: 141,384,1700,1386,1333,747
1112: 855,1714,952,947,321,806
1113: 514,1175,604,1066,1944,17
1114: 1073,328,386,962,1081,368
1115: 669,964,377,555,1668,317
1116: 3,2013,569,1696,1262,478
1117: 1442,741,107,336,570,678
1118: 479,353,194,626,1174,1361
1119: 748,868,495,582,137
1120: 243,598,768,1629,312,94
1121: 1270,404,858,1474,1889,1533
1122: 319,1093,953,1998,782,348
1123: 1994,506,1695,836,808,288
1124: 1936,605,129,1654,511,612
1125: 1014,1920,1539,652,622,343
1126: 1057,0,298,269,127,1788
1127: 170,1059,1575,796,605,501
1128: 1612,841,1499,1729,271,731
1129: 971,1561,780,102,206,1085,1315
1130: 656,188,823,1233,1758,244
1131: 443,990,1847,722,1831,72
1132: 1024,90,245,949,2036,39
1133: 1936,866,129,272,1970,135
1134: 1796,229,937,1985,1056,837
1135: 1308,251,805,1549,117,1317
1136: 230,1878,1949,484
1137: 1025,1151,639,1465,1560,352
1138: 1528,801,531,156,431,232,833
1139: 1078,375,507,242
1140: 104,933,690,1794,1971,48
1141: 564,403,574,638,329
1142: 1730,1799,912,1541,217,233
1143: 1648,599,285,647,207,1651
1144: 425,757,950,189,1318,1406
1145: 2040,648,1552,520,1090
1146: 1404,32,137,720,1965
1147: 1549,1310,1750,919,773,560,1343
1148: 2030,1430,31,1105,1906,544
1149: 501,393,1407,716,558,1575
1150: 2040,893,186,1240,1493,1800,153
1151: 639,1137,352,1546,1161,1909
1152: 221,1875,331,1403,1837,1626
1153: 190,838,1058,1249,1424,695
1154: 722,309,1831,608,12,857
1155: 1725,832,907,2010,481,134
1156: 1608,557,459,1746,948,1029
1157: 658,58,869,1088,1819,1446
1158: 1003,171,315,1774,1600,25
1159: 320,794,2044,1298,649,159
1160: 994,75,172,1079,2041,659
1161: 1246,800,622,1909,1151,639
1162: 1437,1557,405,1399,817,252,1164
1163: 387,721,1717
1164: 252,867,1222,1437,1162,1399
1165: 1928,1519,590,1761,765,454
1166: 62,2025,699,1534,422,1478
1167: 848,517,1845,1336,1057,0
1168: 1082,665,1884,396,903,19
1169: 898,1354,1944,17,286,112
1170: 438,856,1680,1053,1814,53
1171: 242,820,1332
1172: 862,192,1815,735,1604,1843
1173: 1527,635,803,660,597,1733
1174: 7,424,1361,1568,353,1118
1175: 886,1535,514,1113,1066,342
1176: 307,1326,563,661,1832,835
1177: 409,274,168,697,1495,885
1178: 1895,444,1925,1984,894,547,1778
1179: 435,706,1477,624,729,1790
1180: 11,691,1996,662,1642
1181: 1908,444,547,1416,24,448
1182: 1395,475,275,873,682,1747
1183: 388,958,1748,357,82,1453
1184: 849,238,705,1980,1102,1937
1185: 1300,884,1903,999,1935,493
1186: 630,1468,375
1187: 485,160,1269,541,469,1342
1188: 1761,765,1539,43,917,1002
1189: 1075,1578,132,1821,550,932
1190: 502,411,1449,1596,136,515
1191: 897,74,54,1479
1192: 1591,1882,1352,1581,1022,703
1193: 1439,193,1295,989,1617,1675
1194: 2022,109,847,474,1685,308,728
1195: 686,316,872,335,1771,421,1063
1196: 739,1291,1937,290,467
1197: 1504,184,249,1587,578,1000
1198: 650,457,1866,1083,921,81
1199: 1072,692,287
1200: 18,1975,1045,834,774,512
1201: 1705,595,988,481,134,1660
1202: 775,365,1236,91,1046,981
1203: 3,1585,1696,899,577,1791
1204: 1679,2041,1084,299,659,582
1205: 372,575,1724,63,494,871
1206: 1005,904,194,1476,572,1673
1207: 180,1698,1044,845,395,1719
1208: 707,1566,198,1636,1932,644
1209: 992,625,821,934,86,1398
1210: 754,1484,1668,1962,317,1032
1211: 826,89,2027,1497,1460,248
1212: 675,810,458,1279,758,1085
1213: 1891,898,528,1354,738,120
1214: 909,395,1013
1215: 214,1670,717,606,1694,549
1216: 278,1860,1577,1335,822,282
1217: 1391,1933,300,802,1042,1867
1218: 162,1381,303,358,1505,1410
1219: 152,1957,1798,1963,726,359
1220: 663,1054,394,200,818,1567
1221: 469,241,1401,1966,79,166
1222: 252,1372,1164,867,413,1893
1223: 1558,1630,1499,641,1594,931
1224: 1009,1484,1021,1064,195,482
1225: 865,1978,1912,184,249,567
1226: 1408,199,1948,668,1384,263
1227: 568,1260,984,301,20,55
1228: 1859,87,1421,664,465,1675
1229: 642,234,480,1298,1842,334
1230: 143,483,1979,1775,1703,521
1231: 1784,694,23,1095,1530,508
1232: 130,1792,643,1946,458,758
1233: 656,1130,1329,823,1026
1234: 1901,400,1017,1949,562,484
1235: 1466,1451,114,653,414,253
1236: 775,1202,986,1621,423,981
1237: 75,1006,172,1562,816,125
1238: 1902,397,514,604,332,856
1239: 1897,811,854,1416,178,1564
1240: 1150,186,1828,153,195,1513
1241: 276,583,346,1789,2039,1692
1242: 614,1894,46,523,1715,812
1243: 277,204,1427,1621,986,957
1244: 1879,65,98,745,163,585
1245: 653,414,922,1727,1441,5
1246: 1014,800,622,288,1161,808
1247: 534,1314,884,2021,666,1100
1248: 708,763,1906,651,1564,178
1249: 535,874,895,1424,190,1153
1250: 1785,185,449,1252,776
1251: 1274,1749,151,1682,667,213
1252: 1250,449,1885,1055,505,776
1253: 66,756,1458,446,1964,1482
1254: 1830,944,6,88,1321,202
1255: 1830,944,343,119,237,652
1256: 539,801,531,1613,373,1537
1257: 1636,111,516,769,644,1657,1025
1258: 1494,510,1038,1323,42,1518
1259: 771,1293,1961,447,625,1618
1260: 439,568,1227,805,55,1317
1261: 56,1087,479,876,1671,626
1262: 218,492,1759,1116,2013,878,569
1263: 1316,827,230
1264: 1729,4,1698,410,841,633
1265: 1913,813,1548,430,1674,39
1266: 663,1567,509,616,2008,1969
1267: 516,1932,644,1819,2001,869
1268: 1035,1364,945,383,1739,581
1269: 532,541,551,469,1401,1187
1270: 1121,404,1889,6,1861,1470
1271: 1737,378,354,1525,177,1572
1272: 1755,115,730,358,1445,289
1273: 1082,918,752,1397,1865,84
1274: 397,1251,151,667,1661,770
1275: 809,123,1619,916,1559,305
1276: 1408,1716,756,668,519,1379
1277: 450,51,260,580,1554,110
1278: 18,1550,183,369,863,1880
1279: 1212,675,920,591,1085,102
1280: 1736,570,92,212,1303,1502
1281: 296,1395,542,1027,955,793,1414
1282: 1507,1793,833,462,279,777,232
1283: 533,349,1856
1284: 1016,2034,1374,1295,783,416
1285: 1940,1433,1469,814,1693,466
1286: 389,1061,854,178,708,13
1287: 815,781,1452,123,1559,751
1288: 1526,930,200,164,2048,997
1289: 991,1404,748
1290: 1345,926,1679,265,201,495
1291: 1196,739,445,1102,1883,1937
1292: 1591,1954,324,498,1391,300
1293: 491,771,1961,790,1601,1259
1294: 1531,879,333,1877,105,1563
1295: 1439,783,1193,1016,989,1284
1296: 2031,624,788,1490,1953,729
1297: 1770,731,1451,653,1681
1298: 642,1229,334,649,794,1159
1299: 1866,81,762,654,1640,268
1300: 534,884,850,999,24,1185
1301: 90,245,145,627,1579,1522
1302: 1049,1602,1701,216,872,335
1303: 1280,1736,336,570,2000,617
1304: 589,381,1782,1512,576,181
1305: 1409,261,1341,525,1762,1313
1306: 671,154,1711,423,504,1050
1307: 729,13,1790,628,1490,389
1308: 1615,251,1933,975,805,1135
1309: 250,1080,1960,473,889,1582
1310: 1809,173,1750,1147,1601,560
1311: 1086,541,551,1027,955,711
1312: 161,271,1065,749,1729,4
1313: 1762,174,2035,460,1305,261
1314: 884,1903,1247,1100,1929,370
1315: 556,1477,206,149,971,1129
1316: 1263,824,827,637
1317: 1802,55,919,805,1135,1260,1549
1318: 792,189,950,246,965,1144
1319: 704,298,127,406,645,1012
1320: 698,857,1831,990,1930,1344
1321: 88,2023,296,542,1254,202
1322: 1659,144,896,101,199,1948
1323: 1494,1258,713,93,548,1518
1324: 711,2009,160,858,1474,1414
1325: 33,1695,808,769,1657,800
1326: 1176,1765,307,1609,645,563
1327: 1654,511,1107,452,716,753
1328: 64,951,586,1531,692,333
1329: 54,823,1233,533,897
1330: 1434,371,970,62,537,499
1331: 122,1783,1685,308,1405,1658
1332: 400,881,1171,242,820,1017
1333: 1386,141,1111
1334: 56,1699,621,1110,671,504
1335: 858,822,282,1533,1216
1336: 704,0,1981,517,1167,1864
1337: 1852,1652,665,19,699,306
1338: 1588,881,1078,839,1422,2047
1339: 1440,1650,461,912,956,1538
1340: 372,764,575,1001,341,1688
1341: 1637,526,1409,683,1305,525
1342: 166,1853,469,485,1097,1187
1343: 1837,1147,740,773,560,415
1344: 1930,174,2035,698,1641,1320
1345: 319,1290,1369,926,265,985
1346: 1595,284,420,899,497,972
1347: 291,193,302,1811,760,1888
1348: 1661,1881,607,770
1349: 825,1911,623,690,1467,1956
1350: 518,575,1724,1001,385,1672
1351: 579,227,1873,362,1993,262
1352: 1882,1192,965,175,459,703
1353: 1992,487,1478,750,1006,1562
1354: 898,528,1169,1835,1213,17
1355: 873,1489,2011,1081,368,710
1356: 917,1775,325,1002,165,1448
1357: 41,1407,558,880,842,1570
1358: 116,535,874,45,1069,345
1359: 254,1939,752,1052,14,1710
1360: 900,14,1688,518,1001,1926
1361: 983,1174,424,479,621,1118
1362: 1635,732,1793,462,31,544
1363: 276,571,1637,683,258,1678,1780
1364: 1035,297,1268,441,383,552
1365: 816,782,1852,125,348,1652
1366: 28,1508,1760,832,318,1419
1367: 687,1018,928,831,440,1051
1368: 1592,47,1892,1924,608,1689
1369: 319,1093,1345,1977,74,985
1370: 1043,599,207,210,1905,490
1371: 1737,1723,354,789,250,2004
1372: 252,1222,1893,954,510,1418
1373: 142,1550,257,183,1034,684
1374: 1992,993,750,2034,1284,416
1375: 719,1045,561,774,2000,617
1376: 550,1963,1103,359,527,326
1377: 1473,1020,1659,736,2017,341
1378: 1471,1632,350,1092,1721,755
1379: 408,1033,1716,1276,519,1542
1380: 1985,1559,649,305,751,159
1381: 162,939,1218,730,358
1382: 112,327,1420,655,1814,286
1383: 466,1809,117,251,355,1693
1384: 263,1635,732,101,199,1226
1385: 1104,1541,179,733,470,1464
1386: 496,1333,747,795,1111
1387: 185,428,2028,1010,766,1413
1388: 536,896,351,101,544,1635
1389: 719,2000,1736,791,77,1068
1390: 982,2014,23,192,155,1843
1391: 1217,300,498,1583,1867,1292
1392: 1951,1402,609,121,213,1749
1393: 373,1537,1480,660,49,1988
1394: 664,587,1552,465,2040,893
1395: 1182,542,475,1281,275,955
1396: 256,1070,588,548,1489,710
1397: 239,1945,752,1710,1273,918
1398: 86,811,379,625,1209,1618
1399: 817,2016,1995,1162,1164,867
1400: 935,380,1991,680,1806,1498
1401: 1221,469,1966,640,532,1269
1402: 1392,1951,609,1435,67,347
1403: 273,1837,1626,1152,740,620
1404: 1289,991,32,1146,748
1405: 122,1331,1735,1658,362,1597
1406: 1774,189,814,315,757,1144
1407: 1149,716,753,558,1357,880
1408: 1716,1276,668,1226,263,1863
1409: 526,1305,261,1341,1777,426
1410: 1943,991,32,303,162,1218
1411: 100,427,677,1645,472,830
1412: 453,486,1633,715
1413: 1622,766,1982,942,428,1387
1414: 793,1474,1027,1281,711,1324
1415: 1922,1972,1110,147,983
1416: 1897,547,1239,1181,448,1564
1417: 1870,1593,124,911,670,1697
1418: 236,588,1518,510,1372,1893
1419: 2037,429,1366,28,1904,318
1420: 1382,1611,327,655,904,572
1421: 87,1228,553,1493,390,664
1422: 848,2047,30,1338,646,1588
1423: 1709,49,1988,196,322,1597
1424: 874,1249,515,1153,1449,695
1425: 203,1436,1930,174,460,1938
1426: 1818,113,1520,133,1721,554
1427: 277,349,1856,204,1026,1243
1428: 337,1501,712,377,2002,555
1429: 487,1037,52,1653,499,1534
1430: 2030,462,279,628,31,1148
1431: 1034,418,684,500,1007,1432
1432: 1624,430,1674,1431,684,500
1433: 792,189,814,1285,1693,466
1434: 1656,1330,970,215,1481,537
1435: 1951,1402,67,589,1512,1697
1436: 203,1425,1930,443,990,984
1437: 356,954,908,1162,1557,252,1164
1438: 1971,425,757,313,610,48
1439: 193,1295,302,783,1193,966
1440: 1339,1784,461,912,217,508
1441: 1868,922,1727,1245,1779,61,226
1442: 1117,229,937,741,107,819,678
1443: 864,549,374,1752,606
1444: 561,617,107,1986,1763,336
1445: 1090,289,46,115,1272,520
1446: 1098,875,227,658,1157,1088
1447: 636,1561,826,89,780,1974,1510
1448: 1356,325,1002,1787,1628,339
1449: 1190,411,1424,515,695,1524
1450: 927,68,1967,1959,1077
1451: 1235,114,1612,731,1297,653
1452: 1742,781,1101,1287,123,1019
1453: 35,1751,1498,1183,388,357
1454: 247,840,467,1955,784,1028
1455: 30,1565,1845,1955,784,968
1456: 91,540,1015,1046,1087,876
1457: 946,442,191
1458: 1020,736,1253,66,85,446
1459: 785,220,1885,1982,428,449
1460: 1528,1497,431,407,2027,1211
1461: 259,1662,786,1472,1485,205
1462: 1629,1714,947,312,1854,997
1463: 842,280,1917,128,1570,1921
1464: 829,559,733,470,1385,1536
1465: 1025,1137,1560,433,21,594,111
1466: 828,1235,114,1073,328,253
1467: 38,1003,1744,1956,1911,1349
1468: 630,1186,685,737,375,1869
1469: 1940,1285,466,173,1004,491
1470: 674,1861,1270,404,1928,255
1471: 1074,1532,1378,1632,128,755
1472: 977,786,50,1461,1485,712
1473: 1020,1377,341,764,538,360
1474: 1121,858,793,1889,1414,1324
1475: 1101,468,746,1051,1071,928
1476: 1005,1671,1206,194,626,1704
1477: 1179,706,556,1315,624,149
1478: 487,1353,1166,1534,422,1562
1479: 1571,985,1191,74
1480: 1393,373,408,803,660,1033
1481: 1884,903,215,239,1434,537
1482: 1964,9,1253,756,519,967
1483: 993,1037,364,807,972,284
1484: 1009,754,1224,1210,1668,1021
1485: 337,712,1472,1461,205,995
1486: 108,2019,2,1029,650,557
1487: 1573,543,106,1953,779,447
1488: 471,1989
1489: 873,1355,1747,710,256,1396
1490: 389,106,1953,1296,729,1307
1491: 1842,913,350,1610,334,1092
1492: 409,168,1881
1493: 1800,390,1421,664,1150,893
1494: 369,863,1038,1323,1258,93
1495: 1568,697,274,1177,593,7
1496: 1544,1628,1646,1743,339,292,1011
1497: 801,1460,431,1211,248,1613,131
1498: 1453,35,1806,380,1400,357
1499: 841,1630,1223,931,1128,1612
1500: 1586,1705,264
1501: 337,2043,1428,377,530,1099
1502: 1280,1736,92,281,791,503
1503: 1614,2019,338,517,1565,1864,399
1504: 1197,184,1921,1728,1000,673
1505: 1755,760,358,303,73,1218
1506: 914,634,725,15,602,376
1507: 263,1863,732,1282,1793,833,156
1508: 134,1660,57,1366,28,832
1509: 310,1593,124,1823,381,1898
1510: 248,262,631,636,826,1447,1873
1511: 1665,759,935,417,1713,1836,1806
1512: 589,1304,181,1435,67,696
1513: 1021,195,1828,669,1886,1240
1514: 574,329,862,1815,852,1676
1515: 914,1905,1008,1043,1934,15
1516: 1670,717,472,877,1684,1947
1517: 243,973,948,94,1581,703
1518: 588,548,1418,510,1323,1258
1519: 590,1165,454,1707,2005,392
1520: 1426,133,554,452,1808,391
1521: 176,584,1826,1973,564
1522: 627,845,245,1301,910,410
1523: 502,1584,1596,920,591,1683
1524: 1566,695,488,198,411,1449
1525: 743,1578,266,177,1271,1737
1526: 1288,724,231,930,1054,200
1527: 635,1173,959,1753,1542,803
1528: 1138,1460,431,232,2006,407
1529: 902,1768,1662,1707,97,392
1530: 1104,179,508,787,1095,1231
1531: 951,915,1294,1328,333,105
1532: 320,1471,1841,1074,1632,573
1533: 282,1987,1121,1335,404,858
1534: 62,1166,499,487,1478,1429
1535: 886,514,1175,1923,223,1902
1536: 1842,913,733,829,1464,234
1537: 1393,373,1256,1613,676,49
1538: 1742,468,233,956,1339,912
1539: 1920,1125,343,43,917,1188
1540: 1014,1920,288,506,165,521
1541: 179,733,217,1385,1730,1142
1542: 1527,1753,967,519,1379,408,803
1543: 958,1748,859,1848,294
1544: 1496,1646,1011,50,1879,283,2002
1545: 2022,714,1109,728,235,878,1759
1546: 1151,352,293,860,1909,237
1547: 768,476,1036,1629,947,321
1548: 1913,813,1265,41,393,558
1549: 117,1750,1147,805,1135,919,1317
1550: 1373,1278,18,142,1975,183
1551: 58,1088,169,636,1974,1873
1552: 1394,936,587,2040,1145,520
1553: 620,301,437,522,1049,216
1554: 2038,110,891,1077,450,1277
1555: 40,1055,1684,830,505
1556: 1866,921,290,654,467,1028
1557: 1437,908,1162,1068,613,405
1558: 463,1630,1223,1663,641,418
1559: 1380,305,751,1287,1275,123
1560: 150,1465,1137,352,2045,594
1561: 1129,1580,1447,780,1974,102
1562: 1237,1006,422,1478,1353,816
1563: 2012,1294,879,1877,241
1564: 1248,651,448,1239,1416,178
1565: 1455,517,1845,968,338,1503
1566: 707,2016,1208,488,1524,198
1567: 1220,663,1266,394,681,2008
1568: 353,697,1495,211,7,1174
1569: 2007,890,846,304
1570: 842,280,1463,391,1357,880
1571: 1479,265,985
1572: 59,177,8,1271,378,1631
1573: 1487,1953,779,366,1812,788
1574: 1076,979,426,1619,916,208
1575: 1647,1127,796,1149,501,393
1576: 1651,95,1765,419,969,285
1577: 278,1216,723,929,677,1860
1578: 1189,266,132,1525,932,743
1579: 627,1899,1060,846,1301,145
1580: 1561,1974,102,920,1683,169
1581: 94,1850,1022,1517,703,1192
1582: 789,1598,69,250,473,1309
1583: 930,1867,2048,498,103,1391
1584: 502,455,1523,1683,843,2001
1585: 978,3,1203,2029,577,118
1586: 1500,1776,1705,595,804
1587: 1197,249,578,1978,157,611
1588: 1338,646,1901,400,881,1422
1589: 382,1911,546,1744,647,1767
1590: 218,1759,1773,853,1979,714
1591: 1292,1882,1954,1192,498,1022
1592: 1368,1924,1643,608,12,592
1593: 923,1870,310,1417,1509,124
1594: 1950,1786,641,1223,828,931
1595: 1016,284,1741,2034,420,1346
1596: 502,1190,1523,136,1941,591
1597: 1423,196,322,1735,122,1405
1598: 326,789,932,69,1582,743
1599: 1996,26,267
1600: 1620,821,209,25,1774,1158,171
1601: 491,1293,790,560,1310,173
1602: 1302,2039,1701,1820,709,872,335
1603: 630,685,1734,99
1604: 735,383,2046,552,862,1172
1605: 1982,259,942,701,1768,785
1606: 825,95,623,432,1795,419
1607: 295,1908,1925,210,80,850
1608: 844,1677,1156,557,175,459
1609: 1765,1326,1795,645,1012,419
1610: 913,350,1931,1491,401,113
1611: 1672,327,1420,518,904,1926
1612: 931,1128,1451,114,1499,731
1613: 676,131,801,1256,1497,1537
1614: 108,2019,1503,1907,933,399
1615: 1308,1933,802,805,439,629
1616: 1941,675,810,686,421,1807
1617: 587,291,465,1675,193,1193
1618: 543,625,447,1259,1398,379
1619: 1076,1275,1574,123,1019,916
1620: 1600,1004,821,934,25,1940
1621: 1711,423,1236,986,957,1243
1622: 205,766,2042,995,1413,942
1623: 412,1719,749,180,344
1624: 1432,430,673,1000,257,684
1625: 346,1789,1820,987,224,1069
1626: 331,273,1403,1152,60,1063
1627: 309,1797,1689,799,231,767
1628: 34,1496,1743,339,325,1448
1629: 1462,947,768,1547,1120,312
1630: 841,463,1558,633,1499,1223
1631: 378,2008,59,1572,855,681
1632: 320,794,1471,1532,1378,1092
1633: 453,1412,715,1849,1826,1839
1634: 152,632,1957,36,1973
1635: 1384,1362,732,31,1388,101,544
1636: 111,1257,644,707,433,1208
1637: 526,683,1341,258,436,1363
1638: 42,356,1829,834,512,1038
1639: 1653,1753,967,1023,371,9
1640: 1712,429,1904,762,1299,268
1641: 1702,698,208,979,1344,2035
1642: 496,795,11,1180
1643: 225,1018,340,1592,1924,592
1644: 734,2007,78
1645: 214,717,472,723,677,1411
1646: 1544,1496,163,1743,1011,1879
1647: 1575,796,1872,393,1913,2036
1648: 1043,1143,285,207,222,1008
1649: 1758,1062,960,1805,656
1650: 1339,996,461,1757,440,956
1651: 382,1576,95,1143,285,647
1652: 816,1337,1852,1365,699,422
1653: 1639,1023,371,499,1429,52
1654: 1327,511,605,1124,501,716
1655: 1848,861,294,1970
1656: 1434,446,1964,970,85,1887,215
1657: 516,367,769,1257,33,1325
1658: 579,778,362,1685,1405,1331
1659: 736,1322,1377,144,2017,199,1948
1660: 134,798,57,1508,988,1201
1661: 1348,770,667,1274
1662: 259,1768,1529,1461,392,786
1663: 463,1558,1024,949,418,500
1664: 88,2023,700,1106,761,603
1665: 260,580,759,1511,742,1713
1666: 771,779,790,415,221,366
1667: 402,47,1924,581,945,340
1668: 1484,1210,1021,1115,669,317
1669: 679,1691,398,8,798,1952
1670: 1516,1215,717,606,877
1671: 1476,626,1704,464,1261,876
1672: 1611,327,718,518,1350,385
1673: 545,353,211,1206,194,572
1674: 1432,430,1265,39,1024,500
1675: 1617,465,989,1859,1228,1193
1676: 1080,852,862,1514,297,552
1677: 844,1608,175,950,425,313
1678: 92,212,1780,1041,571,1363,987
1679: 1084,582,1204,1290,926,495
1680: 1170,856,1814,286,604,1944
1681: 64,951,5,1770,1297,653
1682: 667,213,1717,1251
1683: 843,169,920,1584,1523,1580
1684: 40,1555,830,1947,1516,472
1685: 308,1331,1658,474,778,1194
1686: 1838,44,1075,132,1766,1776
1687: 417,829,401,882,559,1713
1688: 1052,14,1360,764,1001,1340
1689: 309,1627,608,799,1368,1892
1690: 2018,139,1825,181,696,772
1691: 59,1669,8,961,1952,952
1692: 16,2039,672,1701,583,1241
1693: 792,1433,1285,851,355,466,1383
1694: 549,1853,1097,76,214,1215
1695: 1994,33,1325,906,1123,808,270
1696: 3,1203,1116,478,219,1791
1697: 670,1417,124,589,1951,1435
1698: 1264,180,1207,4,410,845
1699: 56,1087,1334,91,671,981
1700: 1111,384,1708,1009,754,747
1701: 1302,2039,672,1602,216,1692
1702: 1718,698,71,208,1641,434
1703: 1775,325,1979,1230,853,34
1704: 1005,1671,1476,254,900,464
1705: 1500,1586,595,1201,264,481
1706: 152,36,1798,1844,1960,473
1707: 596,97,1519,454,392,1529
1708: 523,384,1700,1009,1064,614
1709: 1423,1857,597,1988,196,1983
1710: 752,1359,1052,1397,360,1945
1711: 154,1621,1306,423,957
1712: 1640,768,476,429,598,883,268
1713: 742,1687,417,559,1665,1511
1714: 1112,1462,947,806,164,997
1715: 523,1242,812
1716: 1408,1276,1863,1379,1033,361
1717: 1682,213,1163,721,121
1718: 1702,71,592,434,1071,225
1719: 1623,395,180,1207
1720: 615,1824,1900,167,1874,1855
1721: 1426,113,133,350,1378,755
1722: 96,946,524,1734,99,445
1723: 509,354,616,1371,70,2004
1724: 575,1205,1350,385,63,1756
1725: 1155,1760,191,1918,832,2010
1726: 1098,474,875,778,1031,906
1727: 1441,1245,915,5,61,640
1728: 1504,1921,842,41,813,673
1729: 1264,4,841,1128,1312,271
1730: 1799,1142,234,480,1541,733
1731: 914,2021,634,666,1905,490
1732: 545,697,885,211,438,1053
1733: 1803,158,1983,597,635,1173
1734: 96,1722,1603,99
1735: 943,1993,362,322,1597,1405
1736: 1280,1303,1502,2000,1389,791
1737: 1271,354,1371,1525,789,743
1738: 1800,618,1822,1862,390,974
1739: 383,2046,831,1268,581,687
1740: 726,1103,359,744,892
1741: 1016,989,1595,420,1859,1990
1742: 781,1101,1452,468,233,1538
1743: 34,1628,489,1496,1646,163
1744: 546,1467,38,1094,894,1589,1911
1745: 311,865,819,1912,1986,29,937
1746: 973,1858,948,1083,1029,1156
1747: 873,1489,256,700,1182,475
1748: 1781,1543,1183,958,82,294
1749: 223,1251,151,1392,609,213
1750: 1549,1809,1310,117,1147,919
1751: 1453,35,619,1067,388,998
1752: 2012,1443,79,864
1753: 1527,959,1639,967,1023,1542
1754: 344,1915
1755: 115,760,1888,358,1505,1272
1756: 63,120,924,1891,1724,385
1757: 735,2046,831,440,1650,996
1758: 244,323,1649,1062,656,1130
1759: 218,492,1590,1262,714,1545,878
1760: 1725,1918,832,1366,849,318
1761: 1928,1188,1165,765,674,43
1762: 1313,460,1305,525,16,583
1763: 865,1978,1986,561,1444,157
1764: 953,782,125,172,1084,659
1765: 307,1326,1609,419,1576,969
1766: 1776,595,988,1838,1686,398
1767: 295,1895,1925,1589,546,599,647
1768: 902,259,701,1605,1662,1529
1769: 767,1042,1797,72,802,629
1770: 161,529,731,1297,64,1681
1771: 686,709,1195,335,45,345
1772: 994,75,1006,1992,451,416
1773: 218,745,1590,702,853,489
1774: 189,814,1406,315,757,1158,1600,25
1775: 1703,1356,325,165,521,1230
1776: 1586,1766,595,804,1686,44
1777: 526,1409,809,426,916,1040
1778: 86,1897,547,1984,992,1178
1779: 1868,922,1441,22,682,2011
1780: 678,1678,212,258,571,1363
1781: 1748,82,861,294,1048,612
1782: 381,1304,576,1898,363,1832
1783: 122,1871,1109,308,314,1331
1784: 1440,155,461,1231,23,508
1785: 1250,185,2028
1786: 641,1968,1007,1594,941,1950
1787: 590,765,1002,1448,339,292
1788: 1874,562,269,127,1855,565,1126
1789: 276,1625,346,1820,1241,2039
1790: 279,729,628,1307,1179,435
1791: 1990,219,899,1203,1696,420
1792: 1946,1232,331,60,1813,758
1793: 1362,732,1282,1507,833,462
1794: 432,104,148,690,1140,623
1795: 1609,1012,419,1958,432,1606
1796: 1040,229,741,436,1134,837
1797: 722,309,1627,72,767,1769
1798: 152,1219,1706,1963,69,473
1799: 815,1730,1142,480,781,233
1800: 1493,618,390,153,1738,1150
1801: 135,866
1802: 301,55,919,773,437,1317
1803: 1733,497,158,972,635,364
1804: 83,527,892,1103
1805: 775,365,960,797,1649,1062,566
1806: 1836,35,1498,1511,935,1400
1807: 116,345,686,421,1941,1616,136
1808: 197,1107,452,998,1520,554
1809: 466,1383,1310,117,173,1750
1810: 935,1991,1989,1030,759
1811: 73,925,1976,302,1347,760
1812: 130,788,1946,366,1875,1573
1813: 316,60,421,1792,810,758
1814: 655,438,1170,1680,286,1382
1815: 976,329,862,1514,192,1172
1816: 772,1910,1817,67,347,696
1817: 1910,1816,347,1923,886
1818: 1426,113,554,126,1067,1931
1819: 516,367,1267,658,1157,869
1820: 1625,1789,2039,1602,709,45,1069
1821: 83,963,527,550,1189,1075
1822: 390,1738,2013,974,553,478
1823: 824,637,37,310,1509,1898
1824: 615,1720,661,406,1874,563
1825: 2018,1690,835,1890,576,181
1826: 176,1521,1839,564,453,1633
1827: 536,351,601,456,493,2024
1828: 618,153,1886,98,1240,1513
1829: 356,77,908,1638,719,834
1830: 944,1255,1254,237,88,293
1831: 722,1154,857,1320,1131,990
1832: 363,661,1176,1782,576,835
1833: 536,896,601,494,871,144
1834: 785,220,427,1876,929,701
1835: 528,1354,376,1066,17,602
1836: 35,1806,619,1511,417,882
1837: 1343,221,1403,1152,740,415
1838: 1686,266,132,1766,679,398
1839: 1826,564,1633,1849,638,2003
1840: 689,1050,154
1841: 320,2044,1532,573,29,311
1842: 913,1536,334,1491,234,1229
1843: 996,155,192,1172,1390,735
1844: 1960,852,36,1706,403,574
1845: 1455,848,517,30,1565,1167
1846: 715,938,1849,182,27,2015
1847: 439,1131,568,629,443,72
1848: 1655,294,1543
1849: 1633,715,1846,1839,182,2003
1850: 312,94,1581,103,1854,1022
1851: 170,1059,272,734,78,688
1852: 1337,348,1652,1365,306,888
1853: 1694,1342,864,549,166,1097
1854: 312,2048,103,1850,997,1462
1855: 1874,1788,565,1878,167,1720
1856: 349,1427,1026,1283,533
1857: 1709,196,314,118,1983,2029
1858: 883,268,973,1746,1083,81
1859: 87,1228,1990,989,1741,1675
1860: 1216,723,76,1577,822,1997
1861: 674,944,6,1470,119,1270
1862: 618,1738,585,974,745,702
1863: 263,1507,156,1408,1716,361
1864: 104,148,399,517,1503,1336,1981
1865: 140,540,84,1082,2020,1273
1866: 1556,1198,921,1299,81,654
1867: 724,1583,930,1042,1391,1217
1868: 922,1441,1779,682,275,1086,226
1869: 375,507,1468,737,901,1091
1870: 923,1593,1417,911
1871: 1783,1109,314,978,235,2029
1872: 1647,796,513,90,145,2036
1873: 227,1351,636,1551,1088,1510,262
1874: 127,1788,1855,1720,1824,406
1875: 221,366,331,1152,1812,1946
1876: 905,278,929,902,701,1834
1877: 241,105,1966,1294,1563
1878: 230,1136,167,484,1855,565
1879: 1244,65,283,1544,1646,163
1880: 941,940,1278,183,1968,863
1881: 1348,607,1914,1492,168
1882: 1591,246,1954,1192,965,1352
1883: 739,99,445,737,1291,685
1884: 1082,1168,918,1481,903,239
1885: 1459,220,100,505,449,1252
1886: 65,669,964,98,1828,1513
1887: 538,85,215,239,1945,1656
1888: 1755,115,760,1347,936,291
1889: 1121,202,1270,793,1474,6
1890: 2018,222,1825,835,969,307
1891: 898,1213,1756,120,718,385
1892: 1368,146,47,818,1689,799
1893: 1372,2045,413,1222,236,1418
1894: 289,1242,46,1942,812
1895: 295,1767,444,1178,1925,546,894
1896: 1070,236,2045,150,761,603
1897: 86,811,547,1239,1416,1778
1898: 381,1782,1823,363,37,1509
1899: 627,1579,1013,304,1044,846
1900: 615,1720,37,167,827,637
1901: 1234,646,1588,400,562,269
1902: 223,397,151,1238,1535,514
1903: 1314,884,1185,493,1929,2024
1904: 762,318,705,1419,1640,429
1905: 914,1731,490,1515,1043,1370
1906: 708,763,1105,1248,2030,1148
1907: 108,1614,844,933,313,48
1908: 1607,1181,444,1925,850,24
1909: 652,622,1161,1151,1546,237
1910: 1817,1816,725,330,886,342
1911: 382,1589,825,1349,1467,1744
1912: 311,1745,865,1225,573,567
1913: 1548,1265,39,393,1647,2036
1914: 1881,607,53,1053,168,885
1915: 1754,287,529,1065,586
1916: 57,1952,28,961,2037,1036
1917: 1463,128,1074,184,1921,567
1918: 1760,191,1725,1980,442,849
1919: 7,147,424,1927,593,887
1920: 1014,1539,1125,1540,917,165
1921: 1504,184,1728,842,1917,1463
1922: 689,1050,1415,1110,504
1923: 609,347,1817,223,886,1535
1924: 1592,1667,1368,47,1643,340
1925: 295,1607,1895,1767,1908,444,1178
1926: 1005,904,1611,518,900,1360
1927: 593,887,1919
1928: 1165,1761,454,674,1470,255
1929: 370,1096,924,2024,1314,1903
1930: 1425,1436,174,1344,1320,990
1931: 1610,401,882,126,1818,113
1932: 644,1267,455,1208,198,2001
1933: 1615,1308,1217,300,802,975
1934: 772,330,15,139,1008,1515
1935: 456,493,763,651,999,1185
1936: 1133,1124,129,861,1970,612
1937: 1196,1102,1291,1184,290,238
1938: 203,1425,460,16,672,2032
1939: 254,752,1359,464,1015,84
1940: 1469,814,1285,1620,1004,25
1941: 675,1616,591,1807,1596,136
1942: 812,730,1894,289,939
1943: 991,1410,162
1944: 1113,604,17,1169,1680,286
1945: 538,1887,239,1397,360,1710
1946: 130,1812,1792,1232,1875,331
1947: 40,1684,1516,877
1948: 199,66,668,1226,1659,736,1322
1949: 240,1017,1234,1136,484
1950: 1594,328,941,962,1786,828
1951: 1392,1402,1435,121,670,1697
1952: 798,57,1916,1669,1691,961
1953: 1490,1573,1487,106,788,1296
1954: 1292,1591,1882,246,851,324
1955: 1454,784,1028,457,1455,968
1956: 1467,38,1003,690,1971,610,1349
1957: 152,1634,1219,726
1958: 704,1981,432,148,1795,1012
1959: 68,1450,1077,938,891,2015
1960: 1080,1844,473,852,1309,1706
1961: 491,1293,1259,625,1004,934
1962: 317,11,691,1099,1032,1210
1963: 359,1376,1219,1798,326,69
1964: 1656,446,9,970,1482,1253
1965: 720,1976,693,299,137,1146
1966: 1221,1877,241,1401,105,640
1967: 927,1450,1077,138,450
1968: 1786,1034,1007,183,941,1880
1969: 402,146,509,2026,663,1266
1970: 1655,861,1936,866,1133
1971: 1438,610,48,690,1140,1956
1972: 1415,887,147
1973: 584,1521,403,1634,632,36
1974: 1580,636,1561,1447,1551,169
1975: 611,18,142,1550,1200,1045
1976: 73,925,720,1811,1965,693
1977: 188,54,823,1093,1369,74
1978: 865,1763,1225,249,1587,157
1979: 143,714,1230,1703,1590,853
1980: 1918,442,524,1102,1184,849
1981: 704,1336,1958,1864,148
1982: 942,1605,1459,785,1413,428
1983: 1733,158,118,1709,1857,597
1984: 1094,894,992,209,1178,1778
1985: 1380,1056,305,159,837,1134
1986: 107,1745,865,819,1763,1444
1987: 596,282,255,905,97,1533,404
1988: 1709,1423,49,597,1393,660
1989: 1810,727,1488,1030
1990: 1859,87,219,1791,1741,420
1991: 471,935,680,1400,1810
1992: 750,1353,1374,1772,1006,416
1993: 943,1735,262,631,1351,362
1994: 1031,1695,906,1123,836,847
1995: 1399,707,2016,433,21,867
1996: 1599,26,662,1180
1997: 485,1097,822,2009,76,1860
1998: 1093,1122,244,888,348,188
1999: 868,201
2000: 719,1375,617,1389,1736,1303,77
2001: 843,869,1584,455,1932,1267
2002: 1428,712,555,1544,50,283
2003: 182,982,1839,1849,976,638
2004: 70,441,250,889,1723,1371
2005: 292,977,392,786,1519,590
2006: 435,407,706,777,1528,232
2007: 1569,890,78,1644
2008: 378,616,1631,1266,681,1567
2009: 1324,485,822,1997,160,858
2010: 907,1155,191,1725
2011: 873,22,1355,682,368,1779
2012: 1563,241,79,1752
2013: 1116,492,974,1262,478,1822
2014: 182,27,982,694,1390,23
2015: 891,870,938,1846,1959,27
2016: 1399,817,707,1566,1995,488
2017: 1659,1377,871,144,341,372
2018: 222,139,1008,1690,1825,1890
2019: 108,1614,2,1486,338,1503
2020: 1082,396,140,1865,797,566
2021: 1731,666,490,534,80,1247
2022: 143,109,714,1545,1194,728
2023: 88,700,1321,1664,542,475
2024: 1929,1096,1903,493,601,1827
2025: 62,1166,19,537,699,903
2026: 1035,70,945,509,402,1969
2027: 407,556,971,826,89,1211,1460
2028: 1785,185,1387,1010,600
2029: 978,1585,1857,1871,314,118
2030: 13,1430,628,1148,708,1906
2031: 130,624,643,149,788,1296
2032: 672,216,203,1938,20,522
2033: 1089,10
2034: 1016,1595,284,1284,993,1374
2035: 1313,174,1344,1641,979,261
2036: 90,1132,1647,1872,1913,39
2037: 1419,476,429,1036,28,1916
2038: 1554,110,891,787,1095,870
2039: 1602,1701,1692,1789,1820,1241,709
2040: 1150,648,1145,893,186,1394,1552
2041: 299,659,1204,994,1160,1079,693
2042: 1622,766,187,995,2043,1108
2043: 337,1501,2042,995,530,1108
2044: 320,1841,29,1159,1056,159
2045: 594,413,1893,236,1896,150,1560
2046: 735,383,831,1739,1604,1757
2047: 1422,30,839,840,784,1338
2048: 103,1854,997,1288,1583,930