0: 1057,298,1126,1167,1336,704
2: 968,457,338,2019,1486,650
3: 1116,1696,1203,569,1585,978
4: 1729,1264,1698,180,749,1312
5: 653,951,1681,915,1727,1245
6: 1270,944,1861,1889,202,1254
7: 1568,593,1919,1495,424,1174
8: 679,1669,177,1572,59,1691
9: 371,970,1482,1964,967,1639
10: 2033,680,380,980,1089
11: 1642,795,1180,691,1962,1032
12: 857,592,434,1154,608,1592
13: 2030,708,1430,628,1307,1286,389
14: 1688,1360,1052,254,1359,900
15: 330,1934,725,1515,1506,914
16: 672,583,1692,1938,1762,460
17: 1113,1944,1835,1354,1169,1066
18: 1550,1200,1975,512,369,1278
19: 2025,1337,699,903,1168,665
20: 301,55,1227,984,203,522,2032
21: 594,413,867,1995,433,111,1560,1465
22: 414,1779,2011,922,368,253,1073
23: 2014,694,1390,1784,155,1231
24: 999,448,1908,1181,850,1300
25: 1620,1600,1158,1940,1774,814
26: 267,187,662,1108,1996,1599
27: 182,2015,1846,870,2014,694
28: 1366,1419,2037,57,1508,1916
29: 1056,937,2044,311,1745,1841
30: 2047,1422,848,784,1845,1455
31: 2030,462,544,1430,1148,1362
32: 303,991,1410,720,1404,1146
33: 270,1325,769,1657,367,1695,906,808
34: 325,1628,853,1703,489,1743
35: 1453,1498,1806,1836,619,1751
36: 1844,1960,1634,152,1706,403
37: 615,1823,637,1900,363,1898
38: 1467,1744,1094,1956,1003,171
39: 1913,1132,2036,1265,1674,1024
40: 1947,1684,1555
41: 842,813,1728,1357,558,1548
42: 356,1638,510,1038,954,1258
43: 1539,343,674,119,1188,1761
44: 963,1686,1075,1776,804
45: 1820,1358,1069,345,709,1771
46: 477,1090,614,1445,1894,289,1242
47: 1667,402,146,1924,1892,1368
48: 1971,1438,313,1140,933,1907
49: 1423,1988,1537,322,1613,676,1393
50: 2002,1544,1011,712,1472,977
51: 1030,727,138,450,1277,580
52: 1483,807,1653,1037,1429,1023,487
53: 1170,607,1914,1053,856,332
54: 897,1191,1329,823,74,1977
55: 1260,301,20,919,437,1317,1802,1227,568
56: 1334,621,479,1261,1699,1087
57: 28,1660,1508,798,1952,1916
58: 1551,843,869,1088,169,1157
59: 1691,952,8,1572,1631,855
60: 316,421,1063,1813,331,1626,1152,1792
61: 640,532,915,1727,1441,226
62: 499,537,1330,1166,2025,1534
63: 1756,1724,924,494,1096,1205
64: 951,1681,1770,529,586,1328
65: 1879,283,1244,98,1886,964
66: 1948,1458,668,1253,756,736
67: 1816,347,1512,696,1402,1435
68: 486,938,1450,1959
69: 326,1963,1598,1798,473,1706,1582
70: 441,2004,1723,1035,2026,509
71: 1071,1718,208,1702,1076,746
72: 1769,722,629,1847,1131,1797
73: 303,720,1976,1811,760,1505
74: 1479,985,1369,1977,1191,54
75: 994,1160,172,1237,1006,1772
76: 1097,1694,1860,1997,723,214
77: 356,834,908,1829,2000,719,791,1068,1389
78: 734,688,1851,890,2007,1644
79: 2012,241,1221,166,1752,864
80: 534,850,2021,490,1607,210
81: 268,1858,1299,1198,1866,1083
82: 1048,1781,1183,1748,388,197
83: 963,1821,1804,527
84: 1273,752,1939,1015,540,1865
85: 446,1458,1020,538,1887,1656
86: 1897,811,1778,1398,992,1209
87: 1859,1228,1421,219,1990,553
88: 2023,1321,1664,1254,1830,1106,293
89: 971,1561,826,780,1211,1447,2027
90: 245,1872,145,1301,1132,2036
91: 1202,1699,1456,1046,981,1087
92: 212,1280,1678,1041,1502,503
93: 863,1494,386,1323,713,940
94: 312,1850,243,1120,1517,1581
95: 1651,419,1576,1606,382,825
96: 946,1734,1722
97: 1987,902,905,1707,596,1529
98: 1244,585,65,1828,618,1886
99: 1603,1734,445,1722,685,1883
100: 505,1885,1411,427,830,220
101: 1384,1635,199,536,896,1388
102: 1279,920,1085,1129,1580,1561,780
103: 1850,1854,1583,2048,1022,498
104: 1864,148,1794,399,1140,933
105: 640,1966,915,1294,1531,1877
106: 543,1487,389,1953,1061,1490
107: 617,336,1117,819,1442,1986,1444
108: 844,1486,557,2019,1614,1907
109: 2022,483,143,847,836,728,1194
110: 2038,787,657,260,1554,1277
111: 769,1257,1025,1636,433,21,1137,1465
112: 898,1169,286,718,1382,327
113: 1610,1931,1426,1818,350,1721
114: 931,828,1466,1451,1235,1612,253
115: 1888,936,520,1755,1445,1272
116: 874,1358,345,1807,515,136
117: 1809,1383,251,1750,1135,1549
118: 1857,1983,2029,158,577,1585
119: 674,944,1861,43,343,1255
120: 1756,924,1891,738,370,1213
121: 1392,1951,721,1717,670,213
122: 1783,314,1331,1405,196,1597
123: 1275,1452,1559,1619,1019,1287
124: 589,381,1593,1417,1509,1697
125: 782,1365,816,1237,1764,172
126: 882,1931,401,1067,619,1818
127: 1788,298,1126,1874,406,1319
128: 1471,755,280,1463,1917,1074
129: 1936,1124,1133,605,170,272
130: 2031,1812,1792,643,788,1946,1232
131: 943,248,1497,1613,676,631,801
132: 1838,266,1686,1075,1189,1578
133: 1520,280,391,1426,755,1721
134: 1660,832,481,1201,1155,1508
135: 1801,866,1133,734,272
136: 515,1596,1190,1807,116,1941
137: 1119,582,299,1965,1146
138: 727,51,1967,450
139: 2018,1008,1690,772,330,1934
140: 2020,797,1865,540,1046,365
141: 1333,1111,384
142: 578,1550,257,1373,611,1975
143: 2022,714,1230,1979,483,109
144: 1833,871,896,1322,1659,2017
145: 90,1060,1872,1579,1301,513
146: 402,47,1969,663,1892,818
147: 887,1972,1415,1919,424,983
148: 1864,1981,104,1794,1958,432
149: 2031,624,643,206,1477,1315
150: 860,603,1560,352,2045,1896,594
151: 1251,1274,1749,397,223,1902
152: 1798,36,1219,1634,1706,1957
153: 1800,1240,1150,1828,618
154: 1840,1050,1306,1711
155: 1390,996,1784,23,461,1843
156: 539,1138,531,361,833,1507,1863
157: 1587,1763,561,611,1045,1978
158: 1803,497,577,118,1983,1733
159: 649,1380,2044,1159,1985,1056
160: 1324,2009,711,541,1187,485
161: 731,1770,271,1312,1065,529
162: 1381,1218,1410,1943
163: 1879,1646,1743,1244,745,489
164: 1288,200,997,806,394,1714
165: 1356,917,1775,1920,1540,521
166: 1342,1853,469,1221,79,864
167: 827,1900,1720,230,1878,1855
168: 885,1914,1492,1881,409,1177
169: 1683,1551,58,843,1580,1561,1974
170: 1059,272,1851,129,605,1127
171: 1600,209,1158,38,1094,1003
172: 659,1160,1764,75,1237,125
173: 466,1809,1310,1469,491,1601
174: 1425,1930,1313,1344,2035,460
175: 459,965,1352,1608,1677,950
176: 584,1826,453,1521
177: 1271,1525,1572,679,8,266
178: 1564,1239,1286,854,1248,708
179: 1530,1104,508,217,1541,1385
180: 1719,1623,1207,749,4,1698
181: 1304,1512,1690,1825,576,696
182: 27,1849,1846,2003,2014,982
183: 1034,1968,1550,1373,1880,1278
184: 1504,1921,1197,1917,567,1225,249
185: 2028,1387,428,449,1785,1250
186: 195,2040,1240,1150,648,482
187: 1010,766,267,26,2042,1108
188: 1130,244,823,1998,1093,1977
189: 1774,1433,1406,814,1285,1144,1318
190: 1058,503,281,1153,1249,895
191: 2010,1457,1725,1918,442
192: 1172,1843,1815,976,1390,982
193: 302,1347,1439,1193,1617,291
194: 353,1206,1118,626,1673,1476
195: 1240,1513,186,1021,482,1224
196: 1709,1423,1857,1597,122,314
197: 998,1107,388,1808,82,1048
198: 411,1932,455,1524,1566,1208
199: 1384,101,1226,896,1322,1948
200: 1288,1526,164,1054,1220,394
201: 868,495,1290,265,1999
202: 296,1321,1254,793,6,1889
203: 522,2032,1938,984,1425,1436,20,1227
204: 957,1243,1427,349
205: 259,1461,995,1485,942,1622
206: 643,149,458,1085,1315,971,1129
207: 1648,1043,1143,210,599,647,1370
208: 71,1702,1076,1574,1641,979
209: 992,1984,1600,171,821,1094
210: 295,1607,599,1925,1370,207,80,490
211: 353,1673,1732,545,1568,697
212: 570,678,92,1280,1780,1678
213: 1392,1717,121,1682,1251,1749
214: 723,1645,717,76,1215,1694
215: 1434,1481,1656,1887,239
216: 522,672,1701,2032,1302,1049,1553
217: 1440,912,508,179,1541,1142
218: 492,702,1773,853,1759,1590,1262
219: 478,1791,1990,553,1696,87
220: 1459,785,1834,427,1885,100
221: 415,366,1875,1837,1152,1666
222: 1648,2018,1008,285,969,1890
223: 1535,1902,609,1923,1749,151
224: 535,895,1069,987,1625,1041,503
225: 1071,1718,1643,592,1018,928
226: 551,1086,1868,1441,532,61
227: 579,875,1351,1088,1446,1873,262
228: 1100,666,376,634,528,738
229: 1796,819,1442,741,1134,937
230: 1136,1878,1263,827,167
231: 1526,724,1054,767,799,1627
232: 1528,777,2006,1282,1138,833,431
233: 1742,912,1538,1142,1799,781
234: 1730,1842,733,480,1536,1229
235: 1871,1109,878,978,1545,569
236: 2045,1896,1418,1893,1070,588
237: 293,1909,1546,1830,652,1255
238: 654,290,1184,705,1937,762
239: 918,1887,1397,1884,1945,215,1481
240: 820,1017,1949
241: 1563,2012,1877,79,1966,1221
242: 1171,1332,881,1139,1078
243: 94,1120,1517,598,883,973
244: 1130,1758,188,323,1998,888
245: 1522,90,1301,1132,949,910
246: 1954,965,1882,851,1318,792
247: 1091,901,1196,1454,467,840
248: 1497,631,131,1460,826,1510,1211
249: 567,1225,1978,1197,184,1587
250: 1309,1582,889,2004,1371,789
251: 355,1383,117,1135,1308,975
252: 1372,1164,1222,1162,356,954,1437
253: 414,22,1073,114,1466,1235
254: 1939,1359,1704,464,900,14
255: 1928,596,454,1470,404,1987
256: 1070,1489,1396,761,1747,700
257: 578,684,142,1624,1373,1000
258: 1780,1363,1637,436,741,678
259: 205,1662,1461,942,1605,1768
260: 657,110,1277,580,1665,742
261: 1305,426,1409,979,1313,2035
262: 1993,631,636,1510,1873,227,1351
263: 1384,1408,1507,1793,732,1226,1863
264: 1500,907,1705,481
265: 1571,985,1345,201,1290
266: 679,1838,132,1525,177,1578
267: 600,1010,187,26,1599
268: 1712,598,1640,883,81,1858,1299
269: 1788,1057,1901,1126,646,562
270: 1657,33,367,658,1819,1446,1726,1098,1695,906
271: 731,161,1128,1312,1729
272: 170,734,1851,129,135,1133
273: 620,1626,1403,1553,1049,872,1063
274: 593,1495,1177,409
275: 955,1086,1395,1779,1182,682,1868
276: 525,571,346,1789,683,1241,1363,583
277: 1243,1427,986,960,656,1026
278: 929,1876,1577,905,282,1216
279: 462,1430,628,1790,1282,435,777
280: 391,1570,880,1463,133,128,755
281: 613,190,791,1502,1058,503
282: 1987,278,905,1216,1335,1533
283: 2002,1879,1646,1544,65,555,964
284: 1346,972,1483,993,2034,1595
285: 1648,1143,222,969,1651,1576
286: 1680,1944,112,1169,1382,1814
287: 1915,1199,692,586
288: 506,1123,808,1014,1246,1540
289: 1942,1894,46,1445,730,1272
290: 1196,238,654,467,1556,1937
291: 1888,936,587,1617,193,1347
292: 1787,339,590,2005,1011,977
293: 860,237,1546,88,1830,1106
294: 1655,861,1781,1543,1848,1748
295: 1607,210,1895,599,1925,1767
296: 2023,1321,202,542,1281,793,1889
297: 1080,889,441,1364,1676,552
298: 127,0,1126,704,1319
299: 1204,2041,693,137,582,1965
300: 1308,324,1391,1933,975,1217,1292
301: 1553,20,55,437,1802,1227,522
302: 193,925,1347,1811,966,1439
303: 1410,720,32,73,1218,1505
304: 909,1013,1899,1569,846
305: 1380,1275,1559,809,837,1985
306: 1852,1337,1047,665,323,888
307: 1176,1326,1765,835,1890,969
308: 1783,1109,728,1194,1331,474,1685
309: 1154,608,1797,1689,1627,722
310: 1593,1509,824,1823,923
311: 1745,865,1841,1912,573,2044,29,937
312: 94,1629,1462,1850,1120,1854
313: 1438,1677,757,48,1907,844,425
314: 122,1871,1783,2029,1857,196
315: 1774,1406,757,610,1003,1158
316: 686,60,1195,872,421,1063,1813,1626,1792,810
317: 1668,377,1115,1210,1099,1962
318: 1366,1419,1760,1904,705,849
319: 953,1093,1122,1345,1369,926
320: 794,1632,1532,2044,1159,1841
321: 961,1547,1036,1112,952,947
322: 943,676,1735,1423,1597,49
323: 1758,244,1062,1047,306,888
324: 851,1933,300,975,1292,1954,355
325: 1356,1628,1448,34,1775,1703
326: 550,1963,932,1598,1376,69
327: 1382,1420,112,718,1672,1611
328: 1114,828,1466,1950,962,1073
329: 976,574,638,1514,1815
330: 15,1934,725,139,772,1910,1816
331: 1875,1626,1152,60,1792,1946
332: 1238,856,397,770,53,607
333: 1072,879,692,1294,1328,1531
334: 1229,1298,1842,1491,794,1092
335: 709,1195,872,1771,1063,1602,1302
336: 617,570,107,1303,1117,1442,1444
337: 712,995,1485,2043,1428,1501
338: 968,2,1565,2019,1503
339: 292,1787,1628,1448,1496,1011
340: 581,1018,687,1667,1924,1643
341: 1473,1340,1377,372,764,2017
342: 602,725,1910,886,1175,1066
343: 43,1539,652,1125,1255,119
344: 412,1754,1065,1623,749,1312
345: 116,1358,45,686,709,1771,1807
346: 276,571,1789,987,1241,1625
347: 1817,1816,609,67,1923,1402
348: 782,1998,888,1122,1365,1852
349: 1283,1856,204,1427
350: 1721,1378,1092,1610,113,1491
351: 536,601,1827,1388,456,1105,544
352: 860,1151,150,1560,1546,1137
353: 1118,194,1174,211,1673,1568
354: 1271,1737,1371,1723,616,378
355: 1383,251,1693,324,851,975,792
356: 42,77,908,1829,1638,954,1437,252
357: 1453,380,980,1183,1498,958
358: 1381,1218,730,1505,1272,1755
359: 1963,1376,1740,1103,726,1798,1219
360: 1473,764,1052,538,1710,1945
361: 539,373,531,156,1408,1863,1379,1033,1716
362: 1658,579,1405,1351,1993,1735
363: 661,615,37,1898,1782,1832
364: 1483,635,959,807,1803,972
365: 1202,775,1046,1805,797,140
366: 221,1875,1666,779,1812,1573
367: 270,1657,33,516,658,1819,1267
368: 22,2011,1073,1114,1355,1081
369: 863,1494,1278,18,512,1038
370: 1929,120,924,738,1314,1100
371: 499,970,1330,9,1639,1653
372: 1340,341,2017,871,1205,575
373: 539,1537,361,1256,1393,1480,1033
374: 1443,606
375: 507,1468,1869,1186,1139
376: 602,1506,634,228,528,1835
377: 555,1115,317,1428,1099,1501
378: 616,2008,1631,1271,354,1572
379: 854,543,1061,1618,811,1398
380: 357,980,1400,1498,680,10
381: 589,1509,124,1898,1304,1782
382: 1589,1911,825,1651,95,647
383: 552,1604,1364,1268,2046,1739
384: 1111,1700,1708,141,523
385: 1756,1724,718,1891,1672,1350
386: 713,93,940,1114,962,1081
387: 1163,911,721
388: 998,197,1751,1453,1183,82
389: 1286,106,1061,1490,1307,13
390: 1493,1421,1822,553,1738,1800
391: 1520,280,452,753,1570,880,133
392: 1519,1707,2005,1529,1662,786
393: 1913,1647,1548,1149,558,1575
394: 1220,806,681,1567,164,200
395: 1719,1207,1214,1013,1044
396: 1082,2020,1047,566,1168,665
397: 1238,332,1902,1274,770,151
398: 679,1838,1669,1766,798,988
399: 1864,104,1503,2019,1614,933
400: 1017,1332,881,1588,1234,1901
401: 882,913,1687,829,1610,1931,126
402: 1667,2026,146,47,1969,945
403: 574,1973,1141,36,1844,1634
404: 1270,1470,1121,1533,255,1987
405: 613,1162,838,1058,1557,817
406: 1824,1874,563,1319,645,127
407: 1528,706,556,2027,2006,1460
408: 1379,1480,803,1033,519,1542
409: 1492,168,274,1177
410: 1264,845,910,1698,633,1522
411: 502,198,455,1190,1449,1524
412: 1754,344,1623
413: 2045,594,1222,1893,21,867
414: 22,922,253,1235,653,1245
415: 221,1837,1343,1666,790,560
416: 783,1284,1992,1374,1772,451
417: 1511,1836,1713,882,1687
418: 641,1663,1558,500,1007,1431
419: 1609,1795,1576,95,1765,1606
420: 899,1346,1791,1990,1741,1595
421: 686,316,60,1195,1771,1807,1813,810,1616
422: 816,1166,699,1652,1478,1562
423: 1621,1236,671,981,1306,1711
424: 1919,7,1361,1174,147,983
425: 950,1406,1144,1438,1677,757,313
426: 916,1777,261,1409,979,1574
427: 1411,677,929,1834,220,100
428: 1982,1459,1413,449,1387,185
429: 1419,2037,476,1904,1712,1640
430: 813,673,1265,1674,1624,1432
431: 801,1138,531,232,1528,1460,1497
432: 1795,1606,623,148,1794,1958
433: 707,1995,21,867,111,1636,1465
434: 12,1718,857,592,1702,698
435: 706,777,2006,1179,729,279,1790
436: 1637,526,1040,1796,741,258
437: 1553,301,55,773,1802,522,620,740
438: 655,1814,545,1732,1170,1053
439: 629,1847,568,1615,1260,805
440: 1367,831,1757,1051,1650,956
441: 297,889,2004,1364,70,1035
442: 524,1980,1918,1457,191,946
443: 990,1847,984,1131,568,1436,1227
444: 547,1778,1178,1181,1895,1925,1908
445: 99,1722,1883,1291,1102,524
446: 85,1458,1964,1253,1887,1656
447: 543,1487,1618,771,779,1259
448: 999,24,651,1564,1416,1181
449: 1252,1885,428,1459,185,1250
450: 1554,1967,1077,1277,51,138
451: 1079,966,1772,783,416,994
452: 1520,391,753,880,1107,1808,1327
453: 1412,176,1826,1633
454: 1928,1519,1707,1165,596,255
455: 502,411,198,1932,1584,2001
456: 1935,493,763,1105,351,1827
457: 968,1955,2,1028,921,1198,650
458: 1212,758,1085,643,1232,206,1129
459: 703,175,1352,1156,1608,948
460: 1425,1762,1313,174,16,1938
461: 996,1784,155,1440,1650,1339
462: 279,1430,31,1282,777,1362,1793
463: 1663,1558,949,910,633,1630
464: 254,1939,876,1015,1671,1704
465: 1394,1228,664,1675,1617,587
466: 1809,1383,173,1693,1469,1285
467: 1028,1196,1454,290,1556,247
468: 1742,956,1538,1051,1475,1101
469: 1401,1269,1187,1221,1342,166
470: 657,1104,559,742,1464,1385
471: 1488,1991,680
472: 1411,1645,830,717,1516,1684
473: 1798,1960,1706,69,1309,1582
474: 1726,778,1685,1031,847,308,1194
475: 2023,700,542,1747,1182,1395
476: 2037,429,1547,1036,1712,598,768
477: 1090,648,482,1064,46,614
478: 1822,1116,2013,219,553,1696
479: 1118,1361,626,1261,56,621
480: 1730,234,1799,815,642,1229
481: 134,1705,1201,1155,264,907
482: 477,648,1064,195,186,1224
483: 521,1230,143,109,506,836
484: 1136,1949,1878,1234,565,562
485: 1342,1097,1997,1187,160,2009
486: 1412,68,715,938
487: 1478,750,1353,1534,52,1037,1429
488: 1399,817,2016,1566,695,838,1524
489: 745,1773,853,34,163,1743
490: 80,2021,1731,210,1370,1905
491: 1004,1961,1601,1293,173,1469
492: 702,974,218,1759,1262,2013
493: 1935,456,1185,1903,2024,1827
494: 1833,871,601,1096,1205,63
495: 1679,1119,201,868,1290,582
496: 1642,795,1386
497: 899,1803,158,577,1346,972
498: 1391,1292,103,1583,1022,1591
499: 62,371,1330,1653,1429,1534
500: 1024,1432,418,1663,1431,1674
501: 1654,1149,605,716,1127,1575
502: 411,1596,455,1523,1190,1584
503: 190,1502,281,1041,92,224,895
504: 1922,671,1334,1110,1050,1306
505: 1055,1555,1252,1885,100,830
506: 1994,288,1123,836,1540,521,483
507: 375,1869,901,1139,839,1078
508: 1784,1231,179,1530,1440,217
509: 2026,1969,1723,70,616,1266
510: 42,954,1258,1372,1418,1518
511: 1048,612,1124,1107,1654,1327
512: 834,1638,1038,1200,18,369
513: 1059,688,796,1060,1872,145
514: 1238,1535,1175,604,1902,1113
515: 136,1190,1449,116,874,1424
516: 1257,644,1657,1636,367,1819,1267
517: 1864,1336,1503,1845,1565,1167
518: 1360,1926,1672,1001,1611,1350
519: 1379,967,408,1542,1482,1276,756
520: 115,936,1552,1090,1145,1445
521: 1230,483,506,1540,165,1775
522: 203,672,216,2032,1049,1553,301,20,437
523: 614,384,1708,1715,1242
524: 1102,1980,442,946,445,1722
525: 276,683,1241,1762,1305,1341,583
526: 1637,436,1341,1777,1040,1409
527: 550,1376,1804,1103,83,1821
528: 1835,1354,376,228,738,1213
529: 1915,1065,1770,161,64,586
530: 2043,1099,1501,691,662,1108
531: 539,801,1138,361,156,833,431,1256
532: 640,1401,1269,61,226,551
533: 897,1329,1283,1856
534: 80,884,850,2021,1247,1300
535: 224,874,1249,1358,895,1069
536: 1833,351,601,896,1827,1388,101
537: 1434,62,903,1481,1330,2025
538: 1473,1020,360,1377,85,1887,1945
539: 373,531,361,156,1256,1033
540: 1456,1046,1015,84,140,1865
541: 711,551,1311,1269,1187,160
542: 2023,296,1321,475,1281,1395
543: 379,1487,106,447,1061,1618
544: 31,1148,1105,351,1388,1635,1362
545: 655,438,572,1732,211,1673
546: 1895,894,1767,1589,1744,1094
547: 1897,444,1416,1778,1178,1181
548: 1396,710,588,1518,1323,713
549: 1443,606,864,1215,1694,1853
550: 326,932,527,1376,1189,1821
551: 226,1311,541,1086,532,1269
552: 1676,1604,862,383,297,1364
553: 1822,478,219,390,1421,87
554: 998,1067,1808,1426,1818,1520
555: 377,1115,964,2002,283,1428
556: 407,706,1477,1315,2027,971
557: 844,1486,1156,1608,1029,108
558: 1149,1407,1357,41,1548,393
559: 1713,742,470,1464,1687,829
560: 790,1601,1310,1147,415,1343
561: 1763,1375,774,1444,157,1045,617
562: 484,1234,565,1788,269,1901
563: 1176,1824,1326,661,406,645
564: 638,1521,1839,1141,1826
565: 1878,484,1855,562,1788
566: 1805,1062,2020,1047,797,396
567: 1917,1912,1074,573,1225,249,184
568: 439,443,1847,984,1260,55,1227
569: 3,1262,1116,878,235,978
570: 336,678,212,1303,1117,1280
571: 276,1780,346,683,987,1363,1678
572: 904,655,1420,545,1206,1673
573: 311,567,1841,1912,1074,1225,1532
574: 638,329,1141,403,1844,1514
575: 1001,1350,1724,1205,1340,372
576: 1304,1782,181,1825,835,1832
577: 899,497,158,118,1203,1585
578: 142,257,1000,1197,1587,611
579: 1658,875,227,778,1351,362
580: 1665,759,1277,1030,51,260
581: 1739,340,687,1667,1268,945
582: 1679,1119,495,137,1204,299
583: 16,1692,1762,276,525,1241
584: 176,1039,632,1521,1973
585: 1244,1862,98,745,702,618
586: 692,1328,287,1915,529,64
587: 936,291,1552,1394,465,1617
588: 1070,1396,548,1518,236,1418
589: 381,124,1304,1512,1435,1697
590: 1519,1165,2005,765,292,1787
591: 1941,675,1279,920,1596,1523
592: 12,1718,1643,225,434,1592
593: 274,1919,1495,7,1927
594: 2045,413,21,150,1560,1465
595: 1705,1201,988,1586,1776,1766
596: 1707,454,255,1987,905,97
597: 1709,1988,1983,1733,1173,660
598: 1712,883,268,476,768,243,1120
599: 295,210,647,1767,1370,1143,207
600: 1010,2028,267
601: 536,1833,351,494,2024,1096,1827
602: 376,342,725,1506,1835,1066
603: 860,150,1896,761,1664,1106
604: 1238,514,856,1113,1680,1944
605: 1654,501,1127,1124,129,170
606: 374,1443,549,1215,1670
607: 53,1914,770,332,1348,1881
608: 309,1154,1689,1592,1368,12
609: 347,1923,1392,1402,1749,223
610: 1971,1438,757,315,1956,1003
611: 1587,157,1975,1045,578,142
612: 861,511,1936,1048,1781,1124
613: 405,791,1068,1058,1557,281
614: 477,1064,46,1708,1242,523
615: 1900,37,1720,1824,661,363
616: 1266,2008,378,354,1723,509
617: 2000,336,107,1303,1375,561,1444
618: 1800,1828,153,1862,98,1738,585
619: 1067,1751,1836,35,882,126
620: 740,1403,273,1553,437,1049
621: 56,1334,983,1110,479,1361
622: 1014,652,1125,1246,1909,1161
623: 432,1606,1794,825,1349,690
624: 2031,729,149,1296,1477,1179
625: 1961,1259,1209,934,1398,1618
626: 479,1118,194,1476,1261,1671
627: 1522,1579,1301,1044,1899,845
628: 2030,279,1430,1307,13,1790
629: 439,1769,72,1847,802,1615
630: 1603,685,1186,1468
631: 943,1993,248,262,131,1510
632: 1039,1957,584,1634,1973
633: 841,1264,410,910,1630,463
634: 376,1506,914,228,666,1731
635: 364,959,1173,1527,1733,1803
636: 826,1510,1974,1447,1551,1873,262
637: 1316,824,1823,827,1900,37
638: 976,574,329,1839,564,1141,2003
639: 1325,800,769,1025,1151,1161,1137
640: 1401,532,1966,61,105,915,1727
641: 418,1558,1007,1223,1594,1786
642: 815,649,751,1229,1298,480
643: 130,2031,149,1232,206,458,758,1315
644: 1257,516,1636,1932,1208,1267
645: 1326,406,563,1319,1012,1609
646: 1588,1422,848,269,1057,1901
647: 599,1767,1651,1589,382,1143,207
648: 477,1090,482,1145,2040,186
649: 1380,642,751,159,1159,1298
650: 1486,1029,1083,1198,457,2
651: 1935,999,763,1248,448,1564,1906
652: 1125,343,622,1255,237,1909
653: 5,1681,1245,1297,1235,414
654: 238,290,1866,1556,762,1299
655: 1382,438,1420,1814,572,545
656: 1130,1758,1649,1026,1233,277,960
657: 787,110,260,470,1104,742
658: 1819,869,1157,1446,270,367,1098
659: 1204,1084,1160,2041,1764,172
660: 1393,1173,1480,803,597,1988
661: 1176,1824,363,563,615,1832
662: 691,530,1108,26,1996,1180
663: 1220,1266,1567,146,1969,818
664: 1394,1228,893,1493,465,1421
665: 1047,396,1168,19,1337,306
666: 228,2021,1247,1100,1731,634
667: 1682,1661,1251,1274
668: 1948,66,1276,756,1408,1226
669: 1668,1115,1021,1886,964,1513
670: 1951,721,121,1697,1417,911
671: 504,1334,1699,981,1306,423
672: 16,522,1701,216,1692,2032,1938
673: 430,1504,813,1728,1000,1624
674: 1861,1470,119,43,1928,1761
675: 1941,1212,810,1279,591,1616
676: 943,322,1613,131,1735,1537,49
677: 1411,427,723,1645,929,1577
678: 570,212,1117,1442,741,1780,258,1363
679: 1838,1669,398,8,266,177
680: 471,1991,10,380,1400
681: 2008,806,1631,1567,855,394
682: 1779,1182,2011,1868,873,275
683: 276,525,571,1363,1637,1341
684: 1034,1624,257,1373,1432,1431
685: 1603,99,1883,630,1468,737
686: 316,1195,1771,421,1807,345,1616
687: 1739,581,1018,1367,340,831
688: 78,1059,1851,890,513,1060
689: 1840,1050,1922
690: 1956,1349,1794,1971,1140,623
691: 1099,662,530,1962,11,1180
692: 1199,1072,333,586,1328,287
693: 1976,925,1079,2041,299,1965
694: 2014,1231,23,27,870,1095
695: 488,1424,838,1153,1449,1524
696: 1512,181,1690,772,1816,67
697: 1568,1495,1177,1732,885,211
698: 857,434,1702,1641,1344,1320
699: 1166,19,2025,1337,422,1652
700: 2023,475,1664,256,761,1747
701: 1876,902,1834,1605,785,1768
702: 492,1862,745,585,974,218,1773
703: 459,1192,1581,1352,1517,948
704: 1981,1336,1958,0,298,1319,1012
705: 1184,849,318,1904,238,762
706: 435,407,556,1477,2006,1179
707: 2016,1566,1995,433,1208,1636
708: 2030,1906,13,178,1286,1248
709: 1195,335,1771,1602,2039,1820,45,1069,345
710: 1489,1355,1396,548,1081,713
711: 1414,1027,1311,541,1324,160
712: 337,1472,1485,2002,50,1428
713: 386,1323,93,548,1081,710
714: 2022,1759,1979,143,1590,878,1545
715: 1633,938,1849,1846,1412,486
716: 1654,1149,501,1327,1407,753
717: 214,1645,472,1215,1670,1516
718: 385,1891,112,898,327,1672
719: 1375,774,2000,1389,77,834,1829
720: 303,32,1965,1146,73,1976
721: 1717,670,121,387,1163,911
722: 72,1831,1131,309,1154,1797
723: 214,677,1645,76,1860,1577
724: 1526,231,930,767,1867,1042
725: 602,15,330,342,1506,1910
726: 744,1740,359,1219
727: 1030,1989,51,138
728: 1109,308,1545,1194,2022,109
729: 624,1296,1490,1307,1790,435,1179
730: 1381,939,358,1272,1942,289
731: 1770,1297,161,1128,1451,271,1612
732: 1384,263,1635,1362,1507,1793
733: 1464,1541,1730,234,1385,1536
734: 78,272,1851,135,1644
735: 1172,1843,1604,996,2046,1757
736: 1948,1458,66,1322,1020,1659,1377
737: 739,1468,1091,1869,685,1883
738: 120,370,1213,228,1100,528
739: 1091,737,1883,1291,1196
740: 620,1837,1343,1403,773,437
741: 1796,229,1442,436,258,678,1117
742: 1665,1713,559,657,260,470
743: 1525,1737,1578,789,932,1598
744: 1740,726
745: 1244,1862,489,702,585,1773,163
746: 1076,1475,1101,1019,1071,71
747: 1032,754,1111,1700,795,1386
748: 1119,868,1404,1146,1289
749: 1623,180,4,1312,344
750: 1992,487,1353,1374,993,1037
751: 815,649,1380,642,1559,1287
752: 1273,1710,1397,84,1939,1359
753: 452,391,880,1327,716,1407
754: 1032,1700,747,1009,1484,1210
755: 1471,128,1721,1378,280,133
756: 1482,66,1276,668,1253,1379,519
757: 1438,313,610,425,1774,1406,315
758: 1212,810,458,1813,1792,643,1232
759: 580,935,1665,1511,1030,1810
760: 1888,1755,1347,1811,73,1505
761: 256,1070,1896,603,700,1664,1106
762: 1640,1299,705,1904,238,654
763: 1935,456,1105,1248,651,1906,1148
764: 1473,360,1340,1052,341,1688
765: 1787,1002,1188,590,1165,1761
766: 1010,187,1387,1413,1622,2042
767: 1797,1627,724,231,1042,1769
768: 1629,1120,476,1547,1712,598
769: 111,1325,800,639,1257,1657,33,1025
770: 1661,1274,397,332,1348,607
771: 1666,779,790,1259,1293,447
772: 1816,1690,696,139,330,1934
773: 1147,919,437,1802,740,1343
774: 1375,561,1200,1045,719,834
775: 1202,365,1805,986,960,1236
776: 1055,1252,1250
777: 232,435,2006,462,279,1430,1790,1282
778: 1658,1726,579,474,875,1685,1031
779: 1666,771,366,1487,447,1573
780: 971,1129,1561,89,1447,102
781: 1452,1287,1742,233,1799,815
782: 953,348,1122,125,1365,1764
783: 1439,416,1295,1284,966,451
784: 1955,1455,1454,840,2047,30
785: 1982,1459,220,1605,701,1834
786: 1662,1461,1472,977,2005,392
787: 2038,657,1530,110,1095,1104
788: 130,2031,1812,1296,1573,1953
789: 1737,743,1371,1598,1582,250
790: 1666,771,1601,560,1293,415
791: 613,1502,1068,1389,281,1736,77
792: 1433,1318,246,851,355,1693
793: 1414,1027,1281,296,202,1889,1474
794: 320,1632,1092,334,1159,1298
795: 496,1642,11,1386,1032,747
796: 1127,1575,1059,513,1647,1872
797: 1805,1062,2020,140,566,365
798: 1669,398,1660,988,57,1952
799: 1892,818,1689,1627,231,1054
800: 1325,639,769,1161,808,1246
801: 1138,531,431,1256,1460,1497,1613,131
802: 1933,1217,1042,1615,1769,629
803: 1173,408,1480,660,1527,1542
804: 1586,44,1776
805: 1260,1317,1308,1615,439,1135,1549
806: 681,855,394,1112,1714,164
807: 1483,52,364,959,1037,1023,972
808: 1695,288,1123,1325,800,33,1246
809: 916,1777,1040,1275,305,837
810: 1212,675,758,1616,316,421,1813
811: 86,1897,1239,1398,854,379
812: 1942,1715,1894,1242
813: 430,1728,41,673,1548,1265
814: 1774,1433,189,1406,1285,1469,25,1940
815: 642,751,480,1799,781,1287
816: 422,1652,1237,1562,125,1365
817: 1399,2016,488,405,1162,838,1164
818: 1892,799,1220,663,146,1054
819: 229,1442,937,1745,1986,107
820: 1171,1017,240,1332
821: 992,1620,1209,1600,209,934
822: 1335,2009,858,1860,1997,1216
823: 1130,188,1233,54,1329,1977
824: 1316,1823,637,310
825: 382,1911,1349,95,1606,623
826: 636,89,1510,1211,1447,2027,248
827: 1316,637,167,1900,230,1263
828: 1594,931,328,114,1466,1950
829: 913,1687,401,559,1464,1536
830: 1411,472,1684,505,1555,100
831: 2046,440,1739,1367,687,1757
832: 134,1155,1508,1725,1366,1760
833: 1138,531,156,1282,232,1507,1793,1863
834: 77,512,1829,1638,1200,774,719
835: 1825,576,1832,1890,1176,307
836: 1994,1031,506,847,1123,483,109
837: 1796,1985,1134,305,809,1040
838: 405,1058,1153,817,695,488
839: 1338,840,2047,1078,507,901
840: 839,2047,901,247,1454,784
841: 1729,1264,633,1630,1128,1499
842: 1921,1728,41,1357,1570,1463
843: 1683,58,2001,869,169,1584
844: 1608,557,108,1677,313,1907
845: 410,1698,1522,627,1044,1207
846: 1060,1579,890,1569,304,1899
847: 1994,1031,836,474,1194,109
848: 646,30,1422,1845,1057,1167
849: 1184,1980,1918,705,1760,318
850: 534,80,1300,1607,1908,24
851: 324,975,1954,246,792,355
852: 1309,1080,1844,1960,1676,1514
853: 1703,1979,1590,34,489,218,1773
854: 1286,379,1061,811,1239,178
855: 806,1631,681,59,1112,952
856: 1238,332,604,1680,53,1170
857: 12,434,698,1154,1831,1320
858: 1121,1324,1335,2009,822,1474,1533
859: 1543,1089,958,980
860: 603,150,293,1560,1546,352,1106
861: 1655,1936,294,612,1781,1970
862: 1676,1514,1172,552,1604,1815
863: 369,1494,1880,1278,93,940
864: 1752,1443,549,79,166,1853
865: 311,1745,1912,1225,1978,1986,1763
866: 1801,135,1133,1970
867: 1164,1222,413,21,1399,1995,433
868: 1119,201,495,748,1999
869: 658,1819,58,843,2001,1157,1267
870: 891,27,2015,694,2038,1095
871: 1833,494,144,1205,372,2017
872: 316,1195,335,1063,1602,1302,1049,273
873: 1489,1355,1747,1182,682,2011
874: 116,535,1249,1358,1424,515
875: 1726,1098,579,227,778,1351,1446
876: 1015,1671,464,1261,1456,1087
877: 1947,1670,1516
878: 1109,235,1545,1759,714,1262,569
879: 1072,333,1294,1563
880: 280,1357,452,391,753,1570,1407
881: 1332,242,400,1338,1078,1588
882: 1687,1931,401,126,417,1836,619
883: 1712,598,268,1858,973,243
884: 534,1314,1247,1300,1903,1185
885: 1732,168,1914,1053,1177,697
886: 1910,1817,1923,342,1535,1175
887: 1972,147,1927,1919
888: 1998,348,1852,306,244,323
889: 1309,297,1080,441,2004,250
890: 78,688,1569,2007,1060,846
891: 1554,1959,1077,870,2015,2038
892: 1740,1804,1103
893: 1394,664,1493,2040,1150,1552
894: 1895,546,1744,1094,1984,1178
895: 224,535,1249,1041,190,503
896: 536,1833,144,1322,199,101
897: 533,1191,54,1329
898: 112,1354,1169,718,1891,1213
899: 497,577,420,1346,1791,1203
900: 254,1704,1005,1360,1926,14
901: 507,1091,1869,247,839,840
902: 1876,905,701,97,1529,1768
903: 537,1481,1884,1168,19,2025
904: 1420,572,1926,1611,1206,1005
905: 1876,1987,278,902,282,97,596
906: 1994,1031,1695,270,33,1726,1098
907: 2010,264,481,1155
908: 356,77,1829,954,1437,1068,1557
909: 1214,1013,304
910: 410,633,1522,245,463,949
911: 387,1870,1417,721,670
912: 1440,217,1339,233,1538,1142
913: 829,1610,401,1491,1842,1536
914: 15,1905,1515,1506,634,1731
915: 951,5,1727,1531,640,61,105
916: 426,809,1777,1275,1619,1574
917: 1356,1002,165,1188,1920,1539
918: 1273,1397,1884,239,1481,1082
919: 1147,55,773,1317,1802,1750,1549
920: 102,1279,591,1523,1580,1561,1683
921: 1028,1866,1556,1198,457,1955
922: 414,22,1779,1868,1245,1441
923: 1870,310,1593
924: 63,1929,1756,120,370,1096
925: 1976,302,1079,693,1811,966
926: 1345,953,319,1084,1679,1290
927: 1450,1967
928: 1018,1367,1051,1071,225,1475
929: 1876,1577,278,1834,427,677
930: 1288,1526,724,1583,2048,1867
931: 1594,114,828,1223,1499,1612
932: 550,326,1598,1189,1578,743
933: 1614,1140,48,1907,104,399
934: 1620,1209,821,1004,1961,625
935: 1511,759,1810,1991,1400,1806
936: 1888,115,520,587,291,1552
937: 29,819,229,1442,1056,1134,311,1745
938: 2015,715,1846,486,68,1959
939: 1381,730,1942
940: 863,1880,386,941,93,962
941: 1880,940,1968,1950,1786,962
942: 1982,1413,1605,1622,205,259
943: 322,1993,1613,676,631,131,1735
944: 6,1861,119,1254,1830,1255
945: 1035,1667,402,2026,1268,581
946: 1457,96,1722,524,442
947: 1547,321,1112,1629,1462,1714
948: 1156,1746,973,1517,703,459
949: 1024,463,1663,1132,245,910
950: 425,1144,1318,175,965,1677
951: 5,1681,915,64,1328,1531
952: 59,1691,961,321,1112,855
953: 782,1122,319,1084,1764,926
954: 42,356,908,510,1437,252,1372
955: 1027,1311,275,1086,1281,1395
956: 1650,1339,468,1538,440,1051
957: 204,1243,1621,1711
958: 859,1543,1748,357,980,1183
959: 635,364,807,1023,1753,1527
960: 277,986,775,1805,1649,656
961: 1691,1952,1036,1916,321,952
962: 328,1114,1950,386,941,940
963: 83,44,1075,1821
964: 555,1115,669,1886,283,65
965: 175,1352,1882,246,950,1144,1318
966: 925,302,1079,451,783,1439
967: 519,1542,1482,9,1639,1753
968: 457,1955,2,338,1565,1455
969: 285,222,307,1576,1765,1890
970: 1434,371,1330,1656,9,1964
971: 1129,89,780,206,556,1315,2027
972: 284,1803,497,1346,1483,364,807
973: 883,1858,243,1517,1746,948
974: 492,1862,1738,702,1822,2013
975: 1308,324,851,1933,300,355,251,1135
976: 638,329,2003,1815,192,982
977: 1472,786,292,2005,50,1011
978: 1871,2029,235,3,569,1585
979: 426,261,208,1574,1641,2035
980: 357,380,10,859,1089,958
981: 1202,91,1699,671,423,1236
982: 2014,1390,976,182,2003,192
983: 1110,621,424,1361,147,1415
984: 443,568,1425,1436,20,1227,203
985: 1571,1479,1345,74,265,1369
986: 277,1243,1621,960,1236,775
987: 571,346,1789,1625,1678,1041,224
988: 1660,595,1201,1766,398,798
989: 1741,1295,1193,1016,1859,1675
990: 443,1831,1131,1436,1930,1320
991: 1410,1404,32,1943
992: 1984,1209,821,209,86,1778
993: 750,1374,1483,1037,284,2034
994: 1160,2041,75,1772,1079,451
995: 205,337,1485,1622,2042,2043
996: 155,461,735,1843,1757,1650
997: 1288,164,2048,1462,1714,1854
998: 388,1067,1808,197,554,1751
999: 1935,24,651,1185,448,1300
1000: 1504,673,1197,578,1624,257
1001: 1688,1360,518,575,1350,1340
1002: 765,1787,1356,1448,917,1188
1003: 1467,38,1956,610,315,171,1158
1004: 491,1961,1469,1620,934,1940
1005: 1704,900,904,1926,1206,1476
1006: 1992,1237,1353,1562,1772,75
1007: 641,418,1431,1034,1968,1786
1008: 1648,1043,2018,222,139,1934,1515
1009: 754,1224,1700,1708,1484,1064
1010: 600,2028,766,267,187,1387
1011: 50,1496,1646,1544,292,339,977
1012: 1609,1795,704,1958,1319,645
1013: 1214,909,304,1044,1899,395
1014: 1920,1125,622,1246,1540,288
1015: 1939,876,464,84,540,1456
1016: 989,1741,1295,1284,2034,1595
1017: 820,240,1332,400,1949,1234
1018: 1367,340,928,687,1643,225
1019: 1076,1452,123,746,1619,1101
1020: 1473,1659,1377,538,85,1458,736
1021: 1668,669,195,1513,1224,1484
1022: 1192,1581,1591,103,1850,498
1023: 52,959,807,1639,1653,1753
1024: 1663,500,949,1132,1674,39
1025: 111,639,769,1257,1137,1465
1026: 656,1233,277,1427,1856
1027: 711,1414,1311,955,1281,793
1028: 1454,921,467,1556,457,1955
1029: 1486,1156,557,1746,650,1083
1030: 727,1989,51,1810,580,759
1031: 1994,847,1695,906,836,1726,1098,474,778
1032: 754,747,1210,1962,795,11
1033: 1379,408,1480,1716,539,373,361
1034: 684,1968,183,1373,1007,1431
1035: 2026,1268,945,441,1364,70
1036: 961,1547,1916,321,2037,476
1037: 1483,52,807,1429,487,750,993
1038: 42,512,1638,1258,369,1494
1039: 632,584
1040: 526,436,809,1777,837,1796
1041: 987,1625,1678,92,224,895,503
1042: 802,1867,1217,724,767,1769
1043: 1648,1008,207,1370,1905,1515
1044: 1013,1899,627,845,395,1207
1045: 1375,561,1200,774,611,157,1975
1046: 1202,91,540,1456,365,140
1047: 1062,566,396,665,306,323
1048: 82,511,612,1781,1107,197
1049: 522,216,1302,1553,620,273,872
1050: 1840,154,689,1306,504,1922
1051: 440,1367,928,468,956,1475
1052: 360,764,1688,14,1359,1710
1053: 53,1732,1170,885,1914,438
1054: 1526,231,200,1220,818,799
1055: 776,505,1555,1252
1056: 29,1985,1134,937,2044,159
1057: 269,0,1126,1167,646,848
1058: 613,190,405,838,281,1153
1059: 170,688,1851,513,1127,796
1060: 846,145,1579,688,890,513
1061: 1286,854,379,543,389,106
1062: 1805,1047,797,566,1758,1649,323
1063: 316,60,1195,872,335,1626,273
1064: 477,482,614,1224,1708,1009
1065: 1754,1915,344,529,161,1312
1066: 1113,1835,17,602,342,1175
1067: 998,619,554,1751,1818,126
1068: 613,791,1389,1557,77,908
1069: 1820,224,535,1358,45,1789,1625,709
1070: 256,1396,761,588,236,1896
1071: 1718,71,225,928,746,1475
1072: 1199,879,692,333
1073: 22,2011,368,253,328,1114,1466
1074: 1917,567,573,1471,128,1532
1075: 963,1686,44,1821,1189,132
1076: 746,1619,1019,1574,71,208
1077: 1554,1450,1967,891,1959,450
1078: 1338,839,1139,507,242,881
1079: 925,693,966,451,994,2041
1080: 1309,297,852,889,1960,1676
1081: 1355,710,386,713,1114,368
1082: 2020,396,1168,1865,1273,918,1884
1083: 1746,650,1029,81,1858,1198
1084: 659,1204,1764,953,926,1679
1085: 1212,458,102,1279,206,1129
1086: 226,551,1311,275,955,1868
1087: 91,1699,1456,1261,876,56
1088: 1551,58,1157,1446,1873,227
1089: 859,2033,10,980
1090: 477,648,1145,46,1445,520
1091: 739,1869,737,901,247,1196
1092: 794,350,1378,1632,1491,334
1093: 1998,1122,319,188,1369,1977
1094: 38,1744,1984,171,209,546,894
1095: 2038,787,1530,870,694,1231
1096: 601,494,2024,63,1929,924
1097: 1342,76,1694,1997,1853,485
1098: 1726,875,658,1446,270,1031,906
1099: 1501,691,530,1962,377,317
1100: 1314,228,1247,666,738,370
1101: 1452,746,1475,1019,1742,468
1102: 1184,1291,524,1980,1937,445
1103: 892,1740,1804,359,527,1376
1104: 787,179,657,1530,470,1385
1105: 456,763,544,1906,1148,351,1388
1106: 88,2023,1664,1830,761,860,603,293,1546
1107: 1808,197,511,1048,452,1327
1108: 2042,2043,662,530,187,26
1109: 1871,1783,308,878,235,728,1545
1110: 504,1922,1334,983,621,1415
1111: 384,1700,747,1386,141,1333
1112: 321,952,947,806,855,1714
1113: 1944,17,1066,514,1175,604
1114: 328,962,386,1081,368,1073
1115: 1668,555,377,669,317,964
1116: 478,3,1262,2013,1696,569
1117: 336,570,678,107,1442,741
1118: 479,353,194,1361,1174,626
1119: 868,495,137,748,582
1120: 312,94,768,1629,243,598
1121: 858,1474,1533,1270,404,1889
1122: 953,782,1998,1093,348,319
1123: 1994,506,1695,288,836,808
1124: 511,1936,612,129,1654,605
1125: 1014,1920,1539,652,343,622
1126: 1788,269,1057,127,0,298
1127: 501,605,1575,796,170,1059
1128: 731,1451,271,1499,1612,841,1729
1129: 971,1561,780,206,458,102,1085,1315
1130: 1758,244,823,188,656,1233
1131: 722,443,990,72,1831,1847
1132: 2036,39,90,245,1024,949
1133: 866,135,1970,1936,129,272
1134: 837,1796,229,1985,1056,937
1135: 251,117,1750,1549,1308,975,1615,805,1317
1136: 230,1949,1878,484
1137: 1151,1560,352,1465,111,639,1025
1138: 801,531,156,833,431,1282,232,1528
1139: 507,375,242,1078
1140: 1971,48,933,104,1794,690
1141: 574,638,1521,1973,564,403
1142: 1541,1730,1799,217,233,912
1143: 1648,285,207,1651,599,647
1144: 425,950,1433,189,1406,1318,965
1145: 1090,648,2040,520,1552
1146: 720,1404,32,1965,137,748
1147: 919,773,1750,1310,560,1343
1148: 2030,544,1906,1430,31,763,1105
1149: 501,716,558,1575,1407,393
1150: 1800,2040,1240,153,186,893,1493
1151: 1560,1909,1546,1161,352,1137,639
1152: 221,1875,331,1837,1626,1403,60
1153: 190,838,1058,1249,1424,695
1154: 309,608,12,857,722,1831
1155: 134,832,481,1725,907
1156: 1608,557,1746,1029,948,459
1157: 658,1819,58,869,1088,1446
1158: 1600,171,25,1774,315,1003
1159: 649,2044,159,1298,320,794
1160: 994,659,1204,2041,172,75
1161: 1151,1909,800,639,622,1246
1162: 405,1557,1437,1399,817,252,1164
1163: 387,721,1717
1164: 252,1222,867,1162,1437,1399,817,1995
1165: 1928,1519,590,454,1761,765
1166: 2025,699,422,62,1478,1534
1167: 1057,0,848,1845,1336,517
1168: 1082,396,665,1884,903,19
1169: 1944,112,1354,898,286,17
1170: 53,1053,856,1680,438,1814
1171: 820,1332,242
1172: 735,1843,1604,1815,862,192
1173: 803,660,1527,597,1733,635
1174: 353,1118,1361,1568,7,424
1175: 1535,514,886,342,1113,1066
1176: 1326,661,563,307,835,1832
1177: 274,1495,697,168,885,409
1178: 547,444,1778,1984,1895,894,1925
1179: 435,706,1477,624,729,1790
1180: 1642,11,1996,691,662
1181: 547,444,1416,1908,24,448
1182: 682,873,1747,475,275,1395
1183: 357,1453,958,1748,388,82
1184: 1102,1980,705,849,1937,238
1185: 1935,999,493,884,1300,1903
1186: 630,375,1468
1187: 469,1269,541,160,1342,485
1188: 765,1002,917,43,1539,1761
1189: 550,932,1075,1821,132,1578
1190: 502,515,411,1596,136,1449
1191: 897,54,1479,74
1192: 1022,703,1581,1352,1882,1591
1193: 989,1439,1295,1675,1617,193
1194: 308,728,474,1685,847,2022,109
1195: 686,709,316,872,335,1771,421,1063
1196: 290,467,1291,1937,739,1091,247
1197: 1504,1000,184,249,1587,578
1198: 81,921,1866,457,650,1083
1199: 1072,692,287
1200: 774,1975,1045,18,512,834
1201: 134,1660,1705,481,595,988
1202: 91,775,1046,981,365,1236
1203: 3,1791,1696,1585,899,577
1204: 659,1084,1160,2041,299,1679,582
1205: 871,494,63,1724,575,372
1206: 194,1673,1476,904,572,1005
1207: 1719,395,180,1044,845,1698
1208: 707,1566,198,1932,1267,644,1636
1209: 992,821,934,625,86,1398
1210: 1668,317,1962,1032,754,1484
1211: 826,89,1510,2027,1460,248,1497
1212: 675,810,458,1279,758,1085
1213: 120,1891,738,528,1354,898
1214: 909,1013,395
1215: 1694,606,549,214,717,1670
1216: 1577,278,282,1335,822,1860
1217: 1391,1933,300,802,1867,1042
1218: 162,1381,358,1505,303,1410
1219: 1798,152,726,1957,1963,359
1220: 1567,394,663,200,1054,818
1221: 469,1401,1966,241,79,166
1222: 252,1372,1164,1893,413,867
1223: 641,1558,1630,1594,931,1499
1224: 1009,1484,195,1021,482,1064
1225: 865,567,1912,573,1978,249,184,1587
1226: 1384,263,1408,199,1948,668
1227: 1260,301,20,55,1317,443,984,568,203
1228: 1859,664,1675,465,1421,87
1229: 334,642,1298,1842,234,480
1230: 521,1703,1979,483,143,1775
1231: 694,1784,508,23,1530,1095
1232: 130,1792,643,1946,1813,458,758
1233: 1130,823,656,1026,1329
1234: 1949,484,562,1017,400,1901
1235: 1297,1451,114,414,253,653
1236: 986,1621,423,1202,775,981
1237: 1562,1006,816,125,172,75
1238: 514,856,397,332,604,1902
1239: 1897,811,1564,1416,178,854
1240: 195,1150,1828,1513,153,186
1241: 276,525,346,1789,583,1692,2039
1242: 812,1715,1894,46,614,523
1243: 204,277,957,1427,986,1621
1244: 98,745,585,1879,163,65
1245: 653,5,1727,1441,414,922
1246: 1014,622,800,1161,288,808
1247: 534,1314,884,2021,1100,666
1248: 763,651,1564,178,708,1906
1249: 535,874,895,1424,190,1153
1250: 1785,776,1252,449,185
1251: 1682,667,1274,1749,151,213
1252: 1055,776,505,449,1885,1250
1253: 446,1482,1458,66,1964,756
1254: 88,1321,202,1830,944,6
1255: 652,343,237,1830,944,119
1256: 539,1537,801,373,531,1613
1257: 111,769,644,1657,1025,516,1636
1258: 42,510,1038,1494,1323,1518
1259: 771,1961,625,1293,447,1618
1260: 805,55,1317,1227,439,568
1261: 479,626,876,1671,56,1087
1262: 1116,2013,569,878,1759,492,218
1263: 230,1316,827
1264: 841,4,1729,410,1698,633
1265: 1913,1548,1674,39,430,813
1266: 616,2008,1567,663,509,1969
1267: 1819,2001,869,1932,1208,644,516,367
1268: 1035,945,1364,383,1739,581
1269: 469,1401,532,1187,551,541
1270: 6,1861,1470,404,1889,1121
1271: 1525,1737,177,354,1572,378
1272: 730,358,115,1755,1445,289
1273: 918,752,1397,84,1082,1865
1274: 667,1661,1251,770,151,397
1275: 1559,123,1619,305,916,809
1276: 668,756,1408,1379,519,1716
1277: 1554,450,51,110,260,580
1278: 369,863,1880,1550,183,18
1279: 1212,675,102,920,591,1085
1280: 570,92,212,1303,1736,1502
1281: 1414,1027,955,1395,793,296,542
1282: 462,279,232,777,2006,1362,1507,1793,1138,833
1283: 349,1856,533
1284: 783,416,1295,2034,1016,1374
1285: 1433,189,814,466,1693,1469,1940
1286: 854,389,1061,178,708,13
1287: 1452,781,1559,123,815,751
1288: 1526,164,930,200,2048,997
1289: 748,1404
1290: 1679,201,495,1345,265,926
1291: 1102,1937,445,1883,739,1196
1292: 498,324,1391,300,1954,1591
1293: 491,771,1961,790,1601,1259
1294: 879,333,1531,105,1563,1877
1295: 783,989,1439,1193,1284,1016
1296: 2031,624,729,788,1953,1490
1297: 731,1770,1451,1235,653,1681
1298: 334,649,642,1159,1229,794
1299: 1640,268,762,81,654,1866
1300: 534,884,850,999,24,1185
1301: 1522,90,245,145,627,1579
1302: 1602,1701,216,1049,872,335
1303: 2000,617,336,570,1736,1280,1389
1304: 1512,1782,181,576,589,381
1305: 1341,261,1409,1762,1313,525
1306: 154,1050,1711,504,671,423
1307: 628,13,1790,389,1490,729
1308: 1933,300,975,1615,251,1135,805
1309: 1582,852,1080,889,250,1960,473
1310: 1809,173,1750,1147,1601,560
1311: 711,551,1027,541,955,1086
1312: 161,271,4,1729,749,344,1065
1313: 1762,174,2035,460,1305,261
1314: 884,1247,1100,1903,1929,370
1315: 556,1477,643,149,206,971,1129
1316: 824,827,637,1263
1317: 1260,805,55,919,1802,1227,1135,1549
1318: 950,1433,189,1144,792,965,246
1319: 406,645,127,298,704,1012
1320: 1930,1344,857,698,990,1831
1321: 88,2023,296,202,542,1254
1322: 144,896,199,1659,1948,736
1323: 1494,713,93,1258,548,1518
1324: 160,2009,858,1474,711,1414
1325: 800,639,769,1657,33,1695,808
1326: 1176,563,307,645,1609,1765
1327: 1654,716,1107,511,452,753
1328: 692,333,586,1531,951,64
1329: 897,533,54,823,1233,1856
1330: 499,1434,62,537,371,970
1331: 122,1783,308,1658,1685,1405
1332: 820,1171,1017,242,400,881
1333: 141,1111,1386
1334: 56,504,671,1110,621,1699
1335: 858,822,1533,282,1216
1336: 1864,1981,704,517,0,1167
1337: 19,1852,699,306,1652,665
1338: 839,2047,1078,1588,1422,881
1339: 1440,1650,956,912,1538,461
1340: 372,764,341,1688,575,1001
1341: 1637,526,1305,1409,525,683,1363
1342: 1097,166,1853,485,469,1187
1343: 415,740,1837,1147,773,560
1344: 1641,1930,174,2035,1320,698
1345: 985,265,1369,926,319,1290
1346: 284,899,497,420,972,1595
1347: 193,302,1811,1888,760,291
1348: 1881,1661,770,607
1349: 1911,1467,825,1956,690,623
1350: 518,575,1672,1001,1724,385
1351: 579,875,227,362,1873,1993,262
1352: 703,175,459,1192,965,1882
1353: 1992,487,1478,750,1562,1006
1354: 528,1835,898,1169,17,1213
1355: 1489,873,1081,710,2011,368
1356: 325,1002,1448,165,917,1775
1357: 1570,880,558,1407,842,41
1358: 116,535,874,45,1069,345
1359: 254,1939,14,1052,752,1710
1360: 1688,518,1926,14,1001,900
1361: 479,1118,1174,424,983,621
1362: 1635,1793,732,462,544,1430,31,1282
1363: 276,571,1780,683,258,1678,1637,1341,678
1364: 297,441,552,383,1035,1268
1365: 782,348,125,816,1852,1652
1366: 1419,1760,28,318,832,1508
1367: 440,1018,928,831,687,1051
1368: 1892,608,1689,1592,47,1924
1369: 985,1345,74,1977,1093,319
1370: 210,599,1043,207,1905,490
1371: 1737,354,789,1723,2004,250
1372: 252,1418,1222,1893,510,954
1373: 1034,684,142,1550,257,183
1374: 1992,750,993,416,1284,2034
1375: 561,774,1444,1045,719,2000,617
1376: 550,326,1963,359,527,1103
1377: 1473,1020,1659,341,538,2017,736
1378: 1471,350,755,1721,1632,1092
1379: 408,1480,1033,519,1542,1716,361,1276,756
1380: 649,751,159,305,1559,1985
1381: 162,939,1218,730,358
1382: 655,327,1420,1814,112,286
1383: 466,355,1809,251,117,1693
1384: 263,1635,199,101,732,1226
1385: 1464,1541,733,179,470,1104
1386: 496,795,1111,747,1333
1387: 1010,2028,766,185,428,1413
1388: 536,351,1105,544,1635,101
1389: 791,1068,2000,1303,1736,719,77
1390: 2014,155,982,23,1843,192
1391: 498,300,1867,1217,1292,1583
1392: 1951,1402,121,213,609,1749
1393: 1480,660,1537,373,1988,49
1394: 893,664,465,2040,587,1552
1395: 275,955,1281,1182,542,475
1396: 256,1070,1489,548,710,588
1397: 1273,918,752,1710,239,1945
1398: 86,811,1209,625,379,1618
1399: 817,2016,1995,488,1162,1164,867
1400: 380,1498,1806,1991,680,935
1401: 640,469,532,1269,1966,1221
1402: 1392,1951,1435,347,609,67
1403: 620,740,1837,1626,1152,273
1404: 991,32,1146,748,1289
1405: 1658,362,1735,1597,122,1331
1406: 425,1774,189,814,315,1144,757
1407: 1149,716,558,1357,753,880
1408: 263,1226,1863,361,1276,668,1716
1409: 526,1305,426,1341,1777,261
1410: 303,991,32,162,1218,1943
1411: 427,677,1645,472,830,100
1412: 453,486,1633,715
1413: 1982,428,942,1622,766,1387
1414: 711,1027,1281,793,1324,1474
1415: 1972,147,1922,983,1110
1416: 1897,1564,547,1239,1181,448
1417: 1593,124,1870,911,670,1697
1418: 1372,236,1893,510,588,1518
1419: 1366,2037,28,429,318,1904
1420: 904,1382,655,327,572,1611
1421: 1228,664,390,1493,87,553
1422: 1338,646,2047,30,1588,848
1423: 1709,1988,196,1597,49,322
1424: 874,1249,1153,515,1449,695
1425: 1436,1930,174,460,984,203,1938
1426: 554,1818,113,1721,1520,133
1427: 204,277,1243,1026,349,1856
1428: 1501,2002,712,337,555,377
1429: 52,1653,1037,499,487,1534
1430: 2030,462,279,628,31,1148,13,777,1362
1431: 1432,418,500,1007,1034,684
1432: 500,1431,430,1674,684,1624
1433: 189,814,1285,1144,1318,792,1693
1434: 215,537,970,1481,1330,1656
1435: 1951,1402,1697,589,1512,67
1436: 1425,1930,443,990,984,203
1437: 356,908,954,1162,1557,252,1164
1438: 1971,757,313,610,48,425
1439: 783,1295,1193,193,302,966
1440: 217,1339,912,1784,508,461
1441: 1727,1245,922,1868,226,61
1442: 1796,819,229,741,937,336,678,107,1117
1443: 374,1752,606,864,549
1444: 1763,1375,561,1986,617,336,107
1445: 1090,46,115,520,1272,289
1446: 658,1088,1157,270,1098,875,227
1447: 636,1561,826,89,1510,780,1974
1448: 1787,1356,325,1002,1628,339
1449: 515,411,1190,1524,1424,695
1450: 1967,1959,1077,927,68
1451: 731,1297,1128,1235,1612,114
1452: 781,123,1101,1019,1287,1742
1453: 357,35,1183,1498,388,1751
1454: 1028,467,247,840,1955,784
1455: 968,1955,784,1845,1565,30
1456: 91,540,1046,1087,876,1015
1457: 2010,191,946,442
1458: 85,446,66,1253,736,1020
1459: 1982,428,220,785,449,1885
1460: 1528,407,2027,1211,801,431,248,1497
1461: 205,259,1662,1472,1485,786
1462: 312,1629,1714,1854,947,997
1463: 280,1570,128,1917,842,1921
1464: 733,1385,1536,470,559,829
1465: 1560,1137,433,594,21,111,1025
1466: 328,114,828,253,1073
1467: 1911,38,1744,1956,1349,1003
1468: 375,1869,737,630,685,1186
1469: 466,173,814,1285,1940,491,1004
1470: 674,1270,1861,404,1928,255
1471: 128,755,1378,1632,1532,1074
1472: 712,1461,1485,977,786,50
1473: 1020,360,1377,764,341,538
1474: 1121,1324,858,1414,793,1889
1475: 746,1101,928,1051,468,1071
1476: 1206,194,626,1671,1704,1005
1477: 706,556,1315,1179,624,149
1478: 487,1353,1562,1534,1166,422
1479: 1571,985,74,1191
1480: 1393,1379,408,803,660,1033,373
1481: 1434,215,537,903,918,1884,239
1482: 1964,1253,756,967,519,9
1483: 52,364,807,1037,284,972,993
1484: 754,1224,1009,1668,1210,1021
1485: 205,712,337,1461,995,1472
1486: 557,650,1029,108,2,2019
1487: 543,106,1953,447,779,1573
1488: 471,1989
1489: 256,1355,1396,873,1747,710
1490: 389,106,1953,729,1296,1307
1491: 913,1610,1842,334,350,1092
1492: 1881,168,409
1493: 893,664,390,1421,1800,1150
1494: 369,863,1323,93,1038,1258
1495: 1568,593,274,7,1177,697
1496: 1646,1743,1544,1011,1628,339
1497: 248,1613,131,1460,1211,801,431
1498: 357,1453,35,380,1400,1806
1499: 1128,1612,1223,841,1630,931
1500: 1586,264,1705
1501: 2043,1428,1099,530,337,377
1502: 791,503,281,92,1736,1280
1503: 1864,517,399,338,1565,2019,1614
1504: 1921,1728,673,1000,1197,184
1505: 1218,358,760,1755,303,73
1506: 602,376,15,725,914,634
1507: 263,1793,732,1863,1282,156,833
1508: 134,1660,832,1366,28,57
1509: 381,310,1593,124,1898,1823
1510: 636,826,1211,1447,1873,1993,248,262,631
1511: 935,417,1665,1836,759,1713,1806
1512: 1304,181,696,589,1435,67
1513: 195,1240,1828,669,1021,1886
1514: 1676,1815,862,1844,574,329,852
1515: 15,1934,1905,914,1043,1008
1516: 877,1947,1670,1684,472,717
1517: 94,243,973,948,703,1581
1518: 548,588,510,1258,1323,1418
1519: 590,1707,1165,2005,392,454
1520: 452,391,133,1808,554,1426
1521: 1973,564,1141,176,584,1826
1522: 245,627,1301,845,410,910
1523: 502,1596,1584,920,591,1580,1683
1524: 411,198,1449,1566,695,488
1525: 1271,1737,177,1578,743,266
1526: 1288,724,231,930,200,1054
1527: 1173,803,1542,635,959,1753
1528: 232,407,2006,1460,1138,431
1529: 1707,392,902,97,1662,1768
1530: 787,179,1095,1104,508,1231
1531: 333,1294,1328,951,915,105
1532: 320,1471,1632,1841,1074,573
1533: 1121,1335,858,404,1987,282
1534: 487,1478,499,62,1429,1166
1535: 514,1175,223,1902,886,1923
1536: 1464,1842,234,733,913,829
1537: 373,1256,1613,676,1393,49
1538: 1742,1339,468,233,956,912
1539: 43,1920,1125,343,917,1188
1540: 1014,1920,506,288,521,165
1541: 1730,1142,733,1385,179,217
1542: 1379,967,408,803,519,1527,1753
1543: 859,1848,958,1748,294
1544: 2002,1879,283,50,1496,1646,1011
1545: 1109,878,235,728,2022,1759,714
1546: 860,1151,293,237,1909,352,1106
1547: 1036,321,947,476,768,1629
1548: 1913,393,1265,558,813,41
1549: 117,1750,1135,805,919,1317
1550: 142,183,1373,18,1975,1278
1551: 58,1088,169,1873,636,1974
1552: 936,520,587,1394,893,2040,1145
1553: 301,437,522,216,1049,620,273
1554: 891,1077,450,1277,2038,110
1555: 1055,505,830,1684,40
1556: 1028,654,290,921,467,1866
1557: 613,405,1162,1068,908,1437
1558: 641,463,418,1663,1223,1630
1559: 1275,123,1287,1380,751,305
1560: 860,1151,150,352,1137,1465,2045,594,21
1561: 1129,1580,89,780,1974,1447,102,920,169
1562: 1478,1237,1353,1006,816,422
1563: 2012,1877,241,879,1294
1564: 1239,1416,178,1248,651,448
1565: 968,1845,338,1455,517,1503
1566: 707,2016,1208,488,198,1524
1567: 1220,1266,2008,681,394,663
1568: 1495,7,697,353,1174,211
1569: 2007,890,846,304
1570: 280,1357,391,880,1463,842
1571: 1479,985,265
1572: 1271,177,8,59,378,1631
1573: 1812,788,779,366,1487,1953
1574: 1076,1619,208,916,426,979
1575: 1149,501,1127,796,1647,393
1576: 1651,419,95,1765,285,969
1577: 929,278,1216,1860,723,677
1578: 1525,743,932,1189,132,266
1579: 1060,846,145,627,1301,1899
1580: 1561,1974,102,920,1523,1683,169
1581: 1022,703,1192,94,1850,1517
1582: 1309,250,1598,69,473,789
1583: 930,2048,103,498,1391,1867
1584: 502,455,1523,1683,843,2001
1585: 3,1203,118,2029,978,577
1586: 1500,804,1776,1705,595
1587: 611,157,1225,1978,249,1197,578
1588: 1338,646,1422,400,881,1901
1589: 382,1911,1744,546,647,1767
1590: 853,1759,714,1979,218,1773
1591: 1022,1954,1192,1882,498,1292
1592: 608,1368,1924,12,1643,592
1593: 310,1417,1509,124,923,1870
1594: 931,828,1950,1786,641,1223
1595: 1741,2034,1016,284,420,1346
1596: 502,1523,136,1190,1941,591
1597: 1423,196,322,1735,1405,122
1598: 326,932,69,743,789,1582
1599: 267,26,1996
1600: 1620,171,821,209,1158,25
1601: 491,790,560,1293,173,1310
1602: 1701,2039,1302,1789,709,872,335,1820
1603: 1734,99,685,630
1604: 735,1172,552,862,383,2046
1605: 1982,942,785,1768,701,259
1606: 419,1795,95,432,623,825
1607: 295,210,1925,1908,80,850
1608: 844,1156,557,175,459,1677
1609: 1012,419,1795,1765,1326,645
1610: 913,1931,401,113,1491,350
1611: 518,1926,1672,904,327,1420
1612: 731,1128,1451,1499,931,114
1613: 943,1497,676,131,1537,801,1256,49
1614: 933,1907,2019,108,1503,399
1615: 1308,1933,802,439,629,1135,805
1616: 1941,675,810,686,421,1807
1617: 1675,465,1193,193,587,291
1618: 379,543,447,625,1259,1398
1619: 1076,1275,123,1019,1574,916
1620: 1600,821,934,25,1940,1004
1621: 957,1243,986,423,1236,1711
1622: 942,1413,205,995,2042,766
1623: 1719,180,749,412,344
1624: 684,257,430,673,1000,1432
1625: 346,1789,987,1041,1820,224,1069
1626: 331,1152,1403,273,316,60,1063
1627: 767,309,1797,1689,799,231
1628: 325,1448,339,34,1496,1743
1629: 312,768,1462,1120,1547,947
1630: 841,633,463,1558,1223,1499
1631: 2008,378,681,855,1572,59
1632: 320,794,1471,1378,1532,1092
1633: 715,1849,1826,453,1412,1839
1634: 36,152,632,1957,1973,403
1635: 1384,1362,101,732,544,1388
1636: 111,1257,644,516,707,433,1208
1637: 526,436,1341,683,258,1363
1638: 42,356,512,834,1829,1038
1639: 1653,1023,1753,967,371,9
1640: 1712,268,762,1299,429,1904
1641: 1344,2035,208,1702,698,979
1642: 496,795,11,1180
1643: 225,592,1924,1018,340,1592
1644: 2007,78,734
1645: 1411,723,214,677,472,717
1646: 1879,283,1496,163,1743,1544,1011
1647: 1913,2036,393,1575,796,1872
1648: 1043,1008,1143,285,222,207
1649: 1758,656,1805,1062,960
1650: 1339,956,996,461,440,1757
1651: 1576,95,382,1143,285,647
1652: 816,1852,1337,699,422,1365
1653: 52,1639,1429,1023,499,371
1654: 501,1327,605,716,511,1124
1655: 861,294,1848,1970
1656: 1434,215,970,85,446,1964,1887
1657: 270,1325,769,1257,33,516,367
1658: 579,778,1685,1405,362,1331
1659: 1020,1377,2017,144,1322,1948,736
1660: 134,1201,1508,988,798,57
1661: 667,1274,770,1348
1662: 259,1461,786,1529,392,1768
1663: 1024,463,418,1558,500,949
1664: 88,2023,700,1106,761,603
1665: 580,1511,759,1713,742,260
1666: 771,779,790,415,221,366
1667: 402,47,945,1924,581,340
1668: 1115,669,1210,1021,317,1484
1669: 679,398,8,798,1691,1952
1670: 877,1516,1215,606,717
1671: 876,1704,464,626,1476,1261
1672: 518,1611,1350,718,385,327
1673: 353,1206,194,211,572,545
1674: 1265,39,430,1024,1432,500
1675: 1859,1228,465,1617,989,1193
1676: 1514,552,862,297,852,1080
1677: 313,844,1608,175,425,950
1678: 571,1780,987,1363,1041,92,212
1679: 495,1290,582,1204,1084,926
1680: 1944,286,856,604,1170,1814
1681: 653,951,5,64,1770,1297
1682: 667,1251,1717,213
1683: 843,169,920,1523,1584,1580
1684: 1947,1516,472,830,1555,40
1685: 1658,474,778,308,1194,1331
1686: 44,1075,1776,1838,1766,132
1687: 882,829,401,417,1713,559
1688: 1360,14,1001,1340,764,1052
1689: 309,1892,608,799,1627,1368
1690: 181,1825,696,2018,139,772
1691: 59,961,1952,952,1669,8
1692: 16,672,583,1701,2039,1789,1241
1693: 466,355,1383,1433,1285,792
1694: 76,1215,1097,1853,549,214
1695: 1994,1031,906,1123,808,270,1325,33
1696: 478,3,1116,1791,219,1203
1697: 1951,670,1435,589,1417,124
1698: 4,1264,845,410,180,1207
1699: 91,981,1087,56,671,1334
1700: 754,1111,384,747,1708,1009
1701: 672,1602,216,1692,2039,1302
1702: 1718,71,208,434,698,1641
1703: 853,1230,1979,325,34,1775
1704: 254,1671,1005,464,900,1476
1705: 481,595,1201,1500,1586,264
1706: 1798,36,1960,473,152,69
1707: 1519,596,1529,392,454,97
1708: 384,1700,1009,1064,614,523
1709: 1423,1857,597,1988,196,1983
1710: 752,1397,1945,360,1052,1359
1711: 154,1306,957,1621,423
1712: 598,1640,883,268,476,429,768
1713: 417,1665,1511,559,742,1687
1714: 1462,1112,947,806,164,997
1715: 812,1242,523
1716: 1379,1033,1408,1863,361,1276
1717: 721,121,213,1163,1682
1718: 1071,71,225,592,434,1702
1719: 395,1623,180,1207
1720: 615,167,1900,1855,1824,1874
1721: 350,755,1378,113,1426,133
1722: 1734,99,445,96,946,524
1723: 354,1371,2004,70,616,509
1724: 63,1756,385,1205,575,1350
1725: 191,832,1155,1918,1760
1726: 1098,474,875,778,270,1031,906
1727: 5,915,1245,1441,640,61
1728: 1504,842,1921,813,41,673
1729: 841,4,1264,1128,271,1312
1730: 1541,1142,234,733,480,1799
1731: 2021,490,666,1905,914,634
1732: 885,1053,438,545,697,211
1733: 597,1983,1173,635,1803,158
1734: 1603,99,1722,96
1735: 943,322,1993,676,1405,362,1597
1736: 2000,1303,1280,791,1502,1389
1737: 1271,1525,354,743,1371,789
1738: 1862,974,1822,390,1800,618
1739: 2046,581,831,687,383,1268
1740: 892,744,1103,726,359
1741: 989,1016,1595,420,1990,1859
1742: 468,233,1538,1452,781,1101
1743: 1496,1646,163,1628,34,489
1744: 1589,1911,1467,38,1094,546,894
1745: 311,865,1912,1986,29,819,937
1746: 1156,1029,948,1083,1858,973
1747: 256,1489,873,1182,700,475
1748: 1543,958,1183,82,294,1781
1749: 1251,151,1392,213,609,223
1750: 1809,117,1310,1135,1549,1147,919
1751: 998,388,1067,619,1453,35
1752: 1443,864,2012,79
1753: 959,1639,1023,967,1527,1542
1754: 412,1915,344,1065
1755: 1888,115,760,358,1505,1272
1756: 63,1724,120,924,385,1891
1757: 2046,440,831,735,996,1650
1758: 1130,244,1649,656,323,1062
1759: 714,1590,878,1545,1262,492,218
1760: 1366,318,1725,832,1918,849
1761: 1928,1165,43,674,765,1188
1762: 1313,460,1305,16,583,525
1763: 561,1444,157,865,1978,1986
1764: 659,1084,172,953,782,125
1765: 419,1609,1576,1326,307,969
1766: 1838,398,1686,1776,595,988
1767: 295,1895,546,599,647,1925,1589
1768: 1605,1529,902,701,259,1662
1769: 629,72,767,1797,802,1042
1770: 731,1297,161,529,1681,64
1771: 686,709,1195,335,421,45,345
1772: 1992,1006,416,994,75,451
1773: 745,489,702,218,853,1590
1774: 189,1406,814,315,757,1158,25
1775: 1356,325,165,521,1703,1230
1776: 1686,44,1586,804,595,1766
1777: 526,916,426,809,1040,1409
1778: 86,1897,547,444,1178,992,1984
1779: 22,682,2011,922,1868,275
1780: 571,258,1363,1678,678,212
1781: 82,861,294,1048,612,1748
1782: 1304,576,1832,363,381,1898
1783: 122,1871,1109,308,314,1331
1784: 155,508,1231,23,461,1440
1785: 1250,2028,185
1786: 1594,1950,1968,641,1007,941
1787: 765,292,1002,1448,339,590
1788: 269,127,1126,1855,565,562,1874
1789: 276,346,987,1241,1625,1602,1692,2039,1820,1069
1790: 279,628,1307,729,435,777,1179
1791: 219,1990,1696,1203,899,420
1792: 130,1946,1232,331,316,60,1813,758
1793: 263,1362,1507,732,462,1282,833
1794: 104,148,1140,432,623,690
1795: 1012,419,1609,432,1606,1958
1796: 837,229,1442,741,1134,436,1040
1797: 767,309,1627,1769,722,72
1798: 473,1219,152,1706,1963,359,69
1799: 1730,1142,480,233,781,815
1800: 1150,153,618,1738,390,1493
1801: 866,135
1802: 301,55,919,773,437,1317
1803: 497,158,972,1733,635,364
1804: 892,1103,83,527
1805: 1062,797,566,775,365,960,1649
1806: 35,1400,1498,935,1511,1836
1807: 686,421,116,345,1941,1616,136
1808: 998,1107,197,554,1520,452
1809: 466,1383,117,173,1750,1310
1810: 1030,1989,1991,935,759
1811: 1976,925,302,1347,760,73
1812: 130,788,1946,1573,366,1875
1813: 316,60,421,1792,1232,810,758
1814: 1382,655,438,1680,286,1170
1815: 1514,1172,862,192,976,329
1816: 772,1910,1817,347,67,696,330
1817: 1910,1816,886,347,1923
1818: 1067,554,1426,1931,113,126
1819: 658,869,1157,1267,270,516,367
1820: 45,1069,1602,2039,1789,1625,709
1821: 963,83,1075,550,527,1189
1822: 478,2013,553,1738,974,390
1823: 824,637,37,310,1509,1898
1824: 1874,661,406,563,615,1720
1825: 181,1690,835,576,1890,2018
1826: 176,453,1521,1839,564,1633
1827: 536,351,601,2024,456,493
1828: 1240,1513,153,618,98,1886
1829: 356,77,834,908,1638,719
1830: 88,1254,1106,293,237,1255,944
1831: 722,990,1131,1154,857,1320
1832: 1782,835,576,1176,661,363
1833: 536,871,601,494,144,896
1834: 929,1876,701,427,220,785
1835: 528,1354,17,1066,602,376
1836: 417,1511,35,1806,882,619
1837: 415,221,740,1152,1343,1403
1838: 679,1766,398,132,266,1686
1839: 638,564,1826,1633,1849,2003
1840: 154,689,1050
1841: 311,573,2044,320,1532,29
1842: 234,1536,913,1491,334,1229
1843: 735,1172,192,1390,996,155
1844: 36,1960,574,403,852,1514
1845: 1565,1455,30,848,1167,517
1846: 182,27,2015,715,938,1849
1847: 439,629,443,72,1131,568
1848: 1543,1655,294
1849: 182,1633,715,1846,2003,1839
1850: 312,94,103,1854,1022,1581
1851: 170,78,1059,734,688,272
1852: 1337,306,1652,888,348,1365
1853: 1342,1097,1694,166,864,549
1854: 312,1462,103,1850,2048,997
1855: 1878,565,1788,167,1720,1874
1856: 1283,349,1427,1026,533,1329
1857: 1709,118,196,1983,2029,314
1858: 883,268,81,973,1746,1083
1859: 1228,1675,87,1990,989,1741
1860: 76,1997,822,1577,1216,723
1861: 674,1270,944,6,1470,119
1862: 1738,745,702,585,974,618
1863: 263,1408,1507,361,156,833,1716
1864: 1981,104,148,1336,517,1503,399
1865: 1082,2020,140,1273,84,540
1866: 654,921,1556,81,1299,1198
1867: 1391,1217,1042,724,1583,930
1868: 1779,682,922,1441,226,275,1086
1869: 507,375,1468,1091,737,901
1870: 923,1593,1417,911
1871: 1783,1109,2029,235,978,314
1872: 90,145,796,513,1647,2036
1873: 1551,1088,636,1510,262,227,1351
1874: 1824,406,1855,1788,127,1720
1875: 221,366,331,1152,1812,1946
1876: 929,278,902,905,701,1834
1877: 1563,241,1294,1966,105
1878: 230,1136,484,1855,565,167
1879: 283,1646,163,1544,65,1244
1880: 863,1278,941,940,1968,183
1881: 1348,1492,168,607,1914
1882: 1954,1192,965,1352,1591,246
1883: 99,445,685,1291,739,737
1884: 918,239,903,1481,1082,1168
1885: 505,1252,449,100,1459,220
1886: 669,964,98,65,1828,1513
1887: 239,1945,538,85,446,215,1656
1888: 115,760,936,291,1755,1347
1889: 1270,6,296,202,793,1121,1474
1890: 1825,835,307,2018,222,969
1891: 1756,718,120,385,1213,898
1892: 818,1689,799,1368,146,47
1893: 1372,236,2045,1418,1222,413
1894: 1942,812,289,1242,46
1895: 295,546,894,1925,1767,444,1178
1896: 236,2045,1070,761,603,150
1897: 86,811,547,1239,1416,1778
1898: 381,1509,1823,37,363,1782
1899: 1013,304,1044,846,627,1579
1900: 615,827,637,167,37,1720
1901: 269,400,646,1588,1234,562
1902: 1238,1535,514,397,223,151
1903: 1314,884,493,1185,1929,2024
1904: 1419,429,318,705,1640,762
1905: 1515,914,1043,1370,490,1731
1906: 2030,708,1148,763,1105,1248,651
1907: 1614,313,48,933,844,108
1908: 1607,1925,444,1181,850,24
1909: 1151,237,1546,1161,652,622
1910: 1817,1816,886,330,342,725
1911: 1589,382,1467,825,1744,1349
1912: 311,1745,865,567,573,1225,1978
1913: 1647,1548,2036,393,1265,39
1914: 53,168,885,607,1053,1881
1915: 287,1754,1065,529,586
1916: 961,1952,1036,2037,28,57
1917: 567,1074,128,1463,1921,184
1918: 1980,442,849,191,1725,1760
1919: 593,7,424,887,147,1927
1920: 1014,1539,1125,1540,165,917
1921: 1504,842,1728,184,1463,1917
1922: 504,1110,1415,689,1050
1923: 1817,886,347,609,1535,223
1924: 1667,47,340,1592,1368,1643
1925: 295,1607,210,1895,1767,1908,444,1178
1926: 1360,518,1611,904,1005,900
1927: 887,593,1919
1928: 1165,454,1761,255,674,1470
1929: 924,370,1314,1903,2024,1096
1930: 1425,1436,174,1344,1320,990
1931: 882,1610,401,113,126,1818
1932: 198,455,1208,2001,1267,644
1933: 1308,324,300,802,975,1217,1615
1934: 15,330,1515,1008,139,772
1935: 456,999,493,763,651,1185
1936: 861,612,1124,129,1133,1970
1937: 1184,1291,1102,1196,238,290
1938: 203,16,672,2032,1425,460
1939: 254,1015,1359,464,752,84
1940: 1620,25,814,1285,1469,1004
1941: 675,591,1616,1807,1596,136
1942: 812,1894,289,939,730
1943: 991,1410,162
1944: 1113,1680,1169,286,17,604
1945: 1887,1710,1397,239,360,538
1946: 130,1812,1792,1232,1875,331
1947: 877,1516,1684,40
1948: 66,668,736,1322,199,1226,1659
1949: 1136,484,1234,1017,240
1950: 1594,328,828,1786,962,941
1951: 1392,1402,670,121,1435,1697
1952: 1691,961,1916,1669,798,57
1953: 1487,106,1490,788,1296,1573
1954: 1882,1591,246,324,851,1292
1955: 968,457,784,1455,1028,1454,921
1956: 1467,38,1349,690,1003,1971,610
1957: 632,1219,1634,152
1958: 1981,148,704,1012,1795,432
1959: 1450,891,1077,68,2015,938
1960: 36,1844,473,1706,1309,852,1080
1961: 491,1004,625,1259,1293,934
1962: 1099,691,1210,317,1032,11
1963: 326,359,1376,69,1798,1219
1964: 446,1482,1253,970,1656,9
1965: 720,1146,299,1976,693,137
1966: 640,1401,1221,105,1877,241
1967: 1450,1077,450,927,138
1968: 1034,183,1007,1880,941,1786
1969: 402,2026,146,509,1266,663
1970: 866,1133,1655,861,1936
1971: 1438,610,1140,48,1956,690
1972: 887,147,1415
1973: 1521,1141,403,632,584,1634
1974: 1580,636,1561,1447,1551,169
1975: 1200,611,1045,142,1550,18
1976: 925,693,1811,720,1965,73
1977: 74,1369,823,188,1093,54
1978: 865,1912,1225,249,1587,1763,157
1979: 853,1703,714,1230,143,1590
1980: 1184,1102,524,1918,442,849
1981: 1864,148,1336,704,1958
1982: 428,1459,942,1413,1605,785
1983: 1709,1857,118,597,1733,158
1984: 992,209,1094,894,1778,1178
1985: 837,1056,1134,1380,159,305
1986: 1745,865,819,107,1763,1444
1987: 905,282,97,404,1533,596,255
1988: 1709,1423,597,49,1393,660
1989: 1030,727,1810,1488
1990: 1791,219,420,1741,1859,87
1991: 471,680,1810,935,1400
1992: 750,1353,1006,1374,1772,416
1993: 943,262,631,1735,1510,1351,362
1994: 1031,506,847,1695,906,1123,836
1995: 1399,707,2016,433,1164,21,867
1996: 1180,662,26,1599
1997: 76,1097,1860,485,2009,822
1998: 1093,888,348,1122,244,188
1999: 201,868
2000: 617,1303,1736,1375,719,1389,77
2001: 843,869,1267,1932,455,1584
2002: 283,50,1544,712,555,1428
2003: 182,1849,976,638,1839,982
2004: 889,441,250,70,1371,1723
2005: 1519,590,392,292,977,786
2006: 232,435,1528,407,706,777,1282
2007: 1569,1644,78,890
2008: 616,1266,378,1631,681,1567
2009: 1324,160,858,822,1997,485
2010: 1457,191,907
2011: 22,1779,682,368,1073,1355,873
2012: 1563,241,79,1752
2013: 1822,478,1262,1116,492,974
2014: 694,1390,982,23,182,27
2015: 27,938,1846,891,1959,870
2016: 1399,817,707,1566,1995,488
2017: 1659,1377,372,341,871,144
2018: 1008,222,139,1690,1825,1890
2019: 2,338,1486,108,1503,399,1614
2020: 1082,797,140,566,396,1865
2021: 534,80,1247,490,666,1731
2022: 714,143,109,728,1545,1194
2023: 88,296,700,1321,542,475,1664,1106
2024: 601,1096,1827,1903,493,1929
2025: 1166,19,699,62,537,903
2026: 1035,402,509,1969,945,70
2027: 407,556,1460,971,826,89,1211
2028: 600,1010,1387,185,1785
2029: 1871,978,314,1857,118,1585
2030: 708,1906,1430,628,31,1148,13
2031: 130,624,643,149,788,1296
2032: 203,522,672,216,1938,20
2033: 10,1089
2034: 1284,1016,1595,284,1374,993
2035: 1641,1313,174,1344,261,979
2036: 1913,1647,1132,39,90,1872
2037: 1419,28,476,429,1036,1916
2038: 787,110,1095,1554,891,870
2039: 1602,1701,1692,1789,1241,709,1820
2040: 1150,186,1394,893,1552,648,1145
2041: 994,659,1204,1160,299,1079,693
2042: 2043,1108,995,1622,766,187
2043: 2042,1501,530,1108,337,995
2044: 159,1159,320,29,1056,311,1841
2045: 236,1896,594,1893,413,150,1560
2046: 1739,831,1757,735,1604,383
2047: 1338,839,840,30,1422,784
2048: 1288,1583,930,997,103,1854