0: 30,127,104,148,108,240
2: 243,247,238,30,108,81
3: 219,87,118,235,218
4: 90,245,114,180
5: 253,105,64,61,226,22
6: 119,43,202,255,97
7: 211,168,147
8: 59,164,57,132,177,28
9: 66,85,158,62,215,52
10: 82,138,51,35,197
11: 195,65,141,26,205
12: 47,71,200,72,203,174
13: 31,106,232,86,206,178
14: 120,194,254,63,144,239
15: 210,139,181,228,17,223
16: 212,20,174,208,229,92
17: 228,112,53,120,223,15
18: 42,249,157,93,142,183
19: 84,62,140,244,172,215
20: 45,212,203,16,174,216
21: 256,198,252,111,150,236
22: 253,5,226,93,256,236
23: 155,192,225,233,182,27
24: 86,171,178,80,207,210
25: 48,117,173,189,171,209
26: 205,11
27: 234,217,110,182,179,23,233
28: 243,134,238,57,8,164
29: 123,159,208,128,107,229
30: 0,108,240,247,2,242
31: 232,13,178,156,199,101
32: 125,73,137,201
33: 198,111,58,227,109,237
34: 43,143,163,165,98,218
35: 126,234,113,51,10,197
36: 152,176,69,250,192,70
37: 124,67,230,167
38: 104,148,48,207,95,171
39: 90,142,245,145,41,184
40: 100,214,220
41: 129,145,126,133,184,39
42: 18,77,157,93,252,236
43: 119,6,34,163,165
44: 83,69,132,177
45: 212,224,60,20,216,136
46: 141,186,162
47: 155,71,70,12,146,200
48: 25,189,104,38,175,171
49: 196,158,131,248,156,66
50: 187,205,163,100,97,65
51: 138,179,10,234,35
52: 75,219,9,118,158,62
53: 112,17,168,223,151
54: 204,188
55: 221,72,117,251,203,216
56: 154,147,91,211,194,254
57: 191,132,134,28,8
58: 116,102,169,198,33,227
59: 103,146,8,250,164,177
60: 45,216,221,149,136,130
61: 105,166,241,5,226
62: 19,172,215,9,75,52
63: 228,120,14,80,144,101
64: 253,105,5,114,161
65: 11,195,98,163,205,50
66: 156,85,199,9,49,158
67: 124,37,121,167,222,181
68: 138,179,110
69: 83,44,177,152,36,250
70: 47,155,192,36,146,250
71: 47,155,225,12,208,174
72: 55,251,200,231,12,203
73: 193,137,115,32,162
74: 201,125,244,188
75: 193,137,52,219,62,172
76: 214,220,255,160,166,79
77: 42,92,157,224,190,252
78: 170,145,90,180
79: 166,241,76,214
80: 210,24,178,228,63,101
81: 108,175,243,2,94,246
82: 10,197,135
83: 44,69,152
84: 19,140,215,254,239,91
85: 144,66,199,239,9,215
86: 106,24,13,171,178,209
87: 193,219,115,3,153,218
88: 226,256,150,202,160
89: 130,102,169,232,206,248
90: 4,245,39,78,145,180
91: 154,204,56,254,84,140
92: 77,107,229,157,212,16
93: 42,18,183,236,253,22
94: 103,164,231,243,81,246
95: 207,222,139,148,38
96: 191,99,134
97: 100,220,255,6,50
98: 153,195,65,218,34,163
99: 134,247,238,96
100: 40,220,97,187,50
101: 144,199,80,31,178,63
102: 116,58,136,89,130,169
103: 146,59,200,164,94,231
104: 0,148,108,38,175,48
105: 64,241,61,5,161
106: 13,86,206,149,209,173
107: 128,249,229,92,157,29
108: 0,30,104,175,81,2
109: 143,237,165,33,227,122
110: 182,68,179,27
111: 21,198,33,150,237
112: 53,120,211,194,17,168
113: 126,234,35,217,133,159
114: 4,245,183,253,64
115: 73,193,87,153,186,162
116: 58,136,102,224,190,198
117: 25,221,55,173,251,189
118: 235,196,158,52,219,3
119: 43,6,202,237,165,150
120: 228,112,194,17,14,63
121: 213,124,67,181,223
122: 235,196,227,131,143,109
123: 217,159,29,225,233,208
124: 213,37,121,67
125: 244,172,137,201,74,32
126: 113,35,133,197,129,41
127: 0,148,240,230,167
128: 184,249,107,133,159,29
129: 197,135,170,145,41,126
130: 136,89,102,60,206,149
131: 49,196,227,122,248,169
132: 44,177,57,8
133: 126,113,159,41,128,184
134: 99,238,28,191,96,57
135: 197,170,129,82
136: 116,130,102,45,224,60
137: 73,193,75,125,172,32
138: 51,68,10
139: 15,207,222,210,95,181
140: 84,19,244,188,204,91
141: 11,195,186,46
142: 245,39,183,18,184,249
143: 109,34,165,235,122,218
144: 85,199,239,101,14,63
145: 78,170,129,41,90,39
146: 103,59,250,200,47,70
147: 154,56,211
148: 0,127,104,38,167,95
149: 106,206,221,173,60,130
150: 21,256,111,88,119,202,237
151: 53,223
152: 176,36,83,69
153: 195,186,98,218,115,87
154: 147,204,56,91
155: 47,192,225,71,23,70
156: 66,199,31,232,49,248
157: 42,18,77,249,107,92
158: 118,49,196,66,9,52
159: 123,113,217,133,29,128
160: 76,255,88,166,226,202
161: 105,64
162: 73,115,186,46
163: 43,34,65,98,50
164: 103,59,8,94,243,28
165: 119,43,143,109,34,237
166: 241,61,76,160,79
167: 230,127,148,37,67,222
168: 112,53,211
169: 58,89,102,227,131,248
170: 78,135,129,145
171: 24,86,209,38,25,48,207
172: 125,62,19,244,75,137
173: 25,221,117,106,149,209
174: 203,20,16,71,12,208
175: 104,108,81,48,246,189
176: 152,182,36,192
177: 44,69,132,59,8,250
178: 31,24,13,86,80,101
179: 51,68,110,234,27
180: 78,4,90
181: 15,222,139,121,67,223
182: 110,176,192,23,27
183: 142,245,114,18,93,253
184: 128,249,133,41,142,39
185: 187
186: 153,195,141,115,162,46
187: 185,205,50,100
188: 140,244,204,54,74
189: 25,48,246,117,251,175
190: 198,252,224,77,116
191: 96,57,134
192: 155,23,70,176,182,36
193: 73,75,137,219,115,87
194: 112,120,211,254,14,56
195: 11,153,65,141,186,98
196: 118,235,49,158,122,131
197: 135,129,82,10,126,35
198: 21,190,252,33,111,116,58
199: 144,156,66,85,101,31
200: 103,146,231,47,12,72
201: 74,125,32
202: 119,6,150,88,255,160
203: 20,174,216,12,72,55
204: 154,91,140,188,54
205: 26,187,50,11,65
206: 106,232,13,149,89,130
207: 210,95,139,38,24,171
208: 225,71,123,29,16,174,229
209: 106,86,171,25,173
210: 15,80,207,139,24,228
211: 112,194,168,147,56
212: 45,224,20,16,229,92
213: 124,121
214: 40,76,220,79
215: 84,62,19,85,239,9
216: 45,60,203,20,221,55
217: 123,234,113,159,27,233
218: 153,98,143,34,87,3
219: 193,75,52,87,3,118
220: 40,100,76,214,255,97
221: 55,117,173,60,216,149
222: 95,139,181,167,67
223: 53,17,121,15,181,151
224: 45,212,77,116,136,190
225: 155,71,23,233,208,123
226: 88,61,5,22,256,160
227: 122,131,58,169,33,109
228: 120,17,63,15,80,210
229: 107,92,208,29,212,16
230: 167,127,37
231: 103,200,94,72,246,251
232: 31,13,206,89,156,248
233: 225,23,123,217,27
234: 113,35,217,27,51,179
235: 118,196,122,143,3
236: 21,256,252,42,93,22
237: 119,109,165,33,111,150
238: 99,243,134,247,2,28
239: 144,85,254,14,84,215
240: 0,30,127,242
241: 105,166,61,79
242: 247,30,240
243: 238,2,28,164,94,81
244: 125,19,140,172,188,74
245: 4,90,142,114,39,183
246: 251,189,94,231,175,81
247: 99,238,2,242,30
248: 49,131,232,89,169,156
249: 128,18,184,107,157,142
250: 146,59,69,177,36,70
251: 72,246,55,117,189,231
252: 21,190,198,236,42,77
253: 64,5,22,93,114,183
254: 194,14,239,56,91,84
255: 76,220,97,160,6,202
256: 21,150,236,88,226,22