0: 33,38,17
2: 22,31,45,36
3: 39,11,38,18
4: 20,32,23,42,47,61
5: 46,34
6: 12,25,49,21,19,7
7: 28,53,48,49,25,6
8: 14,27,57,42,61,53
9: 63,24,15,37,41
10: 46,34,16,23,59,43
11: 39,3,26,48,35,18
12: 30,25,51,6,21
13: 60,55
14: 58,8,27,37,24,57
15: 9,41,62
16: 60,32,23,10,64,46
17: 0,43,34
18: 33,38,40,26,3,11
19: 29,21,44,49,6
20: 32,4,55,31,45,42
21: 29,50,54,19,12,6
22: 2,31,57,58
23: 16,32,4,59,47,10
24: 63,9,56,14,58,37
25: 12,35,6,7,48
26: 28,48,40,18,11
27: 14,44,49,8,37,53
28: 26,47,7,61,53,48
29: 21,50,52,62,19
30: 12,51,54
31: 2,22,57,45,42,20
32: 60,16,20,23,4,55
33: 0,43,38,40,18
34: 5,10,46,43,17
35: 25,51,48,39,11
36: 2,45
37: 14,44,27,41,9,24
38: 0,33,18,3
39: 3,11,35
40: 43,33,18,59,26
41: 44,37,9,15,62
42: 31,57,8,20,4,61
43: 33,40,17,59,10,34
44: 49,27,37,41,19
45: 2,31,36,20,55
46: 5,10,64,34,16
47: 28,61,23,4,59
48: 28,26,7,35,25,11
49: 44,27,19,7,53,6
50: 29,21,52,54
51: 12,30,35
52: 29,50,62
53: 28,7,61,49,8,27
54: 21,50,30
55: 60,20,32,45,13
56: 24,58
57: 22,31,42,14,58,8
58: 14,56,24,22,57
59: 23,47,10,43,40
60: 16,32,55,13,64
61: 28,47,53,42,8,4
62: 29,52,15,41
63: 9,24
64: 46,60,16