0: 848,269,517,298,704
2: 338,457,968,108,557,650
3: 219,899,978,577,569,478
4: 845,410,180,910,749,633
5: 915,653,61,951,414,922
6: 674,404,793,944,202,119
7: 147,887,593,353,424
8: 59,952,798,177,679
9: 446,756,967,371,970,1023
10: 680,980,380
11: 747,754,317,691,795,662
12: 434,592,309,608,722,857
13: 854,178,708,811,389,628
14: 900,1001,764,360,254
15: 139,772,1008,330,914
16: 460,20,203,525,583,672
17: 898,528,602,604,286,112
18: 512,774,611,142,183,863
19: 62,422,537,699,665,903
20: 984,16,203,301,522,672
21: 867,352,594,433,707,111
22: 368,682,962,828,253,414
23: 461,27,508,694,982,155
24: 444,448,850,534,651,999
25: 1004,315,209,757,814,934
26: 267,662,187,530
27: 23,694,182,938,870,982
28: 832,57,961,429,318,476
29: 229,837,159,320,937,311
30: 784,646,840,839
31: 544,351,763,708,279,462
32: 991,303,748,720
33: 270,367,808,906,516,769
34: 325,339,853,745,489,163
35: 882,417,935,357,619,380
36: 632,152,473,403,574,852
37: 381,637,615,824,363
38: 825,1003,171,382,546
39: 813,1024,393,796,245,90
40: 472,830,877
41: 1000,813,673,842,880,558
42: 908,512,369,356,834,510,954
43: 765,917,343,652,674,119
44: 963,132,804,595,398
45: 346,335,345,709,224,535,987
46: 477,520,523,812,289
47: 146,402,608,340,581,592
48: 399,690,610,933,313,425
49: 373,322,196,597,660,676
50: 555,283,1011,977,712,786
51: 138,727,450,759,260,580
52: 487,750,807,499,993,972
53: 168,332,607,856,885,438
54: 74,897,823
55: 301,568,805,919,773,437
56: 91,876,671,479,621,626
57: 988,832,28,961,798
58: 169,227,636,843,658,869
59: 952,177,8,806,378,855
60: 273,316,872,331,421,758
61: 915,640,5,922,226,532
62: 19,371,422,487,537,499
63: 120,924,494,385,575
64: 653,586,951,161,529,731
65: 489,964,669,98,585
66: 199,1020,736,446,756,668
67: 589,670,696,121,347
68: 927,486,891
69: 359,326,152,473,932,789
70: 889,441,509,297,945,402
71: 434,208,225,698,928,746
72: 439,629,722,443,309,767
73: 302,925,760,303,720,358
74: 54,188,823,319,985
75: 451,750,416,993,994
76: 549,160,485,214,723,822
77: 908,834,719,791,613,617
78: 272,688,890,734
79: 241,166,864
80: 210,490,850,666,634,534
81: 268,921,654,883,973,650
82: 958,388,861,197,612
83: 527,892
84: 140,396,918,752,540,1015
85: 1020,538,446,215,239,970
86: 992,854,379,547,811,821
87: 420,989,553,664,193,465
88: 944,202,542,700,293,603
89: 248,826,556,780,971,407
90: 796,245,627,145,410,39
91: 876,56,671,365,540,981
92: 503,212,791,617,678,570
93: 940,369,510,386,713
94: 103,243,312,948,1022,703
95: 825,432,419,969,382,647
96: 524,946
97: 902,259,905,596,701,392
98: 153,585,618,65,1021,195
99: 685,737,739,445,524
100: 505,449,785,427,830,220
101: 544,536,732,199,896,263
102: 780,810,458,920,591,675
103: 312,997,930,94,1022,498
104: 399,148,338,933,517,704
105: 915,333,640,879,241
106: 389,729,779,788,543,854
107: 157,336,937,865,561,819
108: 2,338,933,313,557,844
109: 483,847,143,714,728,836
110: 787,891,870,450,260,657
111: 639,769,433,352,21,516
112: 655,327,718,17,898,286
113: 913,133,350,401,126,554
114: 841,731,931,828,253
115: 520,936,760,730,289,358
116: 345,874,535,136,686,515
117: 919,173,560,355,251,466
118: 314,196,158,978,577,597
119: 674,944,6,652,43
120: 738,898,63,385,718
121: 721,213,67,609
122: 322,314,196,362,308,778
123: 815,1019,916,781,751,305
124: 310,589,911,670,381
125: 953,172,348,782,659,816
126: 882,401,619,113,998,554
127: 298,406,167,563,562,565
128: 280,755,573,184,567,842
129: 170,866,861,605,612
130: 149,788,331,366,643,758
131: 248,943,631,676,431,801
132: 963,44,550,398,266,679
133: 113,280,350,755,391,554
134: 191,481,907,832,849
135: 272,866
136: 591,675,686,116,502,515
137: 693,925,495,299,748,720
138: 727,450,51,927
139: 181,285,15,772,222,1008
140: 396,84,566,365,540,797
141: 384,523,614
142: 684,257,611,578,18,183
143: 853,483,109,714,521,325
144: 494,536,601,575,871,896
145: 796,627,846,90,890,513
146: 799,402,818,608,47,663
147: 7,887,983
148: 104,432,399,623,704,1012
149: 130,729,788,206,624,643
150: 352,236,761,594,603,860
151: 213,667,397,223,609
152: 359,726,632,69,36,473
153: 98,893,390,618,186,195
154: 957,423,504,689
155: 982,192,735,996,23,461
156: 732,833,531,539,361,263
157: 249,107,611,578,865,561
158: 118,577,597,635,497,364
159: 751,305,649,320,29,837
160: 76,541,485,858,711,822
161: 529,344,731,271,64
162: 991,303,730,358
163: 489,964,283,339,1011,34
164: 997,947,855,806,200,394
165: 521,325,339,1002,917,1014
166: 241,469,549,864,485,79
167: 127,563,827,615,565
168: 409,53,607,274,885
169: 636,826,58,780,920,843
170: 688,501,129,513,605
171: 315,209,38,1003,546,992,894
172: 125,659,816,994,1006
173: 790,117,560,1004,466,491
174: 990,979,460,203,857,698
175: 965,246,950,703,844,459
176: 403,584,453,564,638
177: 59,266,8,679,378,743
178: 448,708,811,13,651,763
179: 733,787,508,217,470,657
180: 4,845,395,749,412
181: 696,139,835,772,576,222
182: 564,976,715,938,982,27
183: 1007,941,863,142,684,18
184: 249,567,128,1000,842
185: 776,428,1010,600
186: 648,587,482,195,153,893
187: 1010,995,530,766,26
188: 888,823,244,319,782,74
189: 425,757,814,965,950,792
190: 874,281,895,838,695
191: 907,134,442,946
192: 982,329,155,552,996,976
193: 302,783,87,989,291,465
194: 479,626,1005,211,572,353
195: 186,482,153,98,1021,1009
196: 322,314,118,122,49,597
197: 998,511,452,612,388,82
198: 433,411,455,488,644,707
199: 736,896,66,101,668,263
200: 231,394,818,164,997,930
201: 265,868,926,495,582
202: 296,793,944,6,542,88
203: 984,16,990,174,460,20
204: 957,986,277,349
205: 712,942,995,786,766,259
206: 149,624,556,971,458,643
207: 210,490,599,647,1008,285
208: 71,698,746,916,979,426
209: 171,25,315,821,934,992
210: 80,490,850,207,599,295
211: 697,545,572,353,194
212: 503,224,92,987,571,678
213: 721,121,151
214: 717,677,723,606,76,549
215: 918,239,903,85,537,970
216: 872,335,522,620,672,709
217: 733,179,508,912,233,480
218: 853,878,714,492,745,702
219: 3,420,899,553,478
220: 427,929,902,701,785,100
221: 415,771,331,740,366,273
222: 139,181,285,835,969,307
223: 397,609,886,342,514,151
224: 503,212,895,535,987,45,346
225: 71,434,1018,340,592,928
226: 61,922,275,955,551,532
227: 262,636,58,658,875,579
228: 666,738,376,370,634,528
229: 29,436,837,741,819,937
230: 827,565,484
231: 200,799,818,767,930,724
232: 431,833,777,407,531,706
233: 480,815,956,781,217,912
234: 334,913,733,829,480,642
235: 569,308,878,728,314,978
236: 150,413,761,588,594,548
237: 293,652,800,639,860,622
238: 290,762,654,705,739
239: 215,918,752,360,85,538
240: 484,1017
241: 469,166,105,640,79
242: 881,507,839,820
243: 312,768,94,948,598,883
244: 888,960,188,823,323,656
245: 90,410,910,39,949,1024
246: 965,1022,175,324,703,851
247: 737,901,840,739,290
248: 89,131,631,826,431,407
249: 184,157,567,578,865
250: 354,889,441,852,789,473
251: 802,805,355,975,919,117
252: 867,413,954,405,356,817
253: 653,414,828,731,114,22
254: 464,1015,900,14,360,752
255: 905,596,454,282,674,404
256: 700,475,710,873,548,761
257: 142,1000,430,673,684,578
258: 571,436,678,526,683,741
259: 97,701,392,205,942,786
260: 742,580,657,450,51,110
261: 979,460,525,426,526,683
262: 362,943,227,631,636,579
263: 361,668,101,156,732,199
264: 804,481,907,595
265: 985,201,926
266: 177,679,550,132,932,743
267: 26,600
268: 429,598,81,762,654,883
269: 848,400,646,0,562,298
270: 658,367,33,906,875
271: 161,344,749,841,633
272: 688,78,135,734
273: 60,872,620,221,331,740
274: 168,409,885,697,593
275: 475,682,873,922,226,955
276: 525,583,571,683,346,987
277: 204,986,775,349,960,656
278: 723,929,822,902,905,282
279: 777,462,708,435,628,31
280: 133,128,755,880,391,842
281: 503,190,895,791,613,838
282: 255,905,858,404,278,822
283: 964,163,555,50,1011
284: 993,1016,972,899,497
285: 139,222,969,207,647,1008
286: 856,438,604,17,112,655
287: 692,529,586
288: 800,622,808,506,1014
289: 939,812,730,46,115,520
290: 921,238,654,247,467
291: 465,587,936,760,193,302
292: 1011,1002,765,917,977,590
293: 652,603,237,860,944,88
294: 866,861
295: 210,850,599,546,444,894
296: 955,793,202,542,551,711
297: 945,862,552,383,441,70
298: 406,127,704,0,562,269
299: 495,582,659,994,137,693
300: 629,724,802,498,324,975
301: 568,55,984,20,437,522
302: 193,783,73,966,925,291,760
303: 162,991,32,720,73,358
304: 909,1013,846
305: 123,159,916,751,837,809
306: 888,323,665,566,699,348
307: 419,645,661,835,222,969
308: 847,235,728,778,314,122
309: 799,608,767,12,72,722
310: 911,124,824
311: 937,567,865,320,573,29
312: 103,243,997,947,768,94
313: 933,108,844,950,48,425
314: 118,196,122,978,235,308
315: 171,25,209,757,1003,610
316: 60,872,335,345,421,686
317: 377,1021,669,691,754,11
318: 429,762,705,832,849,28
319: 953,782,188,74,985,926
320: 794,649,573,159,29,311
321: 476,947,768,855,961,952
322: 196,122,49,362,943,676
323: 888,960,797,244,306,566
324: 246,1022,498,851,975,300
325: 521,165,339,34,853,143
326: 359,892,69,932,527,550
327: 112,904,655,718,518,572
328: 940,931,941,641,962,828
329: 862,192,552,638,574,976
330: 725,886,347,15,772
331: 221,366,273,60,130,758
332: 53,607,856,397,514,770
333: 915,105,586,951,692,879
334: 794,913,649,350,234,642
335: 45,316,872,216,345,709
336: 107,561,819,570,617,719
337: 712,995,530,377,555,691
338: 2,968,933,517,108,104
339: 325,165,1011,34,1002,163
340: 225,1018,581,592,687,47
341: 764,372,1020,538,871,736
342: 725,602,223,604,886,514
343: 917,43,1014,652,622
344: 161,749,271,412
345: 45,316,335,116,535,686
346: 45,709,276,583,224,987
347: 330,609,886,67,696,772
348: 782,125,816,699,888,306
349: 204,277,656,533,897
350: 113,334,794,913,133,755
351: 544,31,536,456,601,763
352: 150,594,21,111,639,860
353: 7,593,424,697,211,194,479
354: 250,616,889,378,743,789
355: 851,792,975,251,466,117
356: 908,405,42,252,954
357: 980,958,619,380,388,35
358: 730,73,115,760,162,303
359: 726,744,892,326,152,69
360: 764,538,14,254,239,752
361: 408,519,668,263,156,539
362: 262,943,579,322,122,778
363: 835,576,615,661,37,381
364: 972,497,959,158,635,807
365: 91,540,140,981,775,797
366: 221,771,331,130,779,788
367: 270,658,33,516,869,644
368: 386,22,710,682,873,962
369: 512,42,93,863,510
370: 666,228,738,884,924
371: 62,537,499,970,1023,9
372: 764,341,575,871,1001
373: 49,660,801,539,676,408
374: 864,606
375: 630,685,737,507,901
376: 228,634,528,914,725,602
377: 317,555,669,691,337
378: 354,616,743,59,177
379: 854,86,821,625,543
380: 980,357,680,10,35,935
381: 589,124,37,363,576
382: 599,647,546,825,38,95
383: 297,945,831,552,996,687
384: 141,614,1009,747,754
385: 1001,718,518,120,63
386: 368,713,710,940,93,962
387: 923,911,721
388: 357,958,619,82,998,197
389: 106,729,628,854,13
390: 153,974,553,893,618,664
391: 753,880,452,554,280,133
392: 97,977,259,590,596,786
393: 716,558,501,39,813,796
394: 200,818,663,806,681,164
395: 909,1013,845,180
396: 665,140,918,84,903,566
397: 223,514,667,151,770,332
398: 798,679,44,132,988,595
399: 104,48,148,623,690,933
400: 646,562,881,269,484,1017
401: 882,829,559,126,113,913
402: 146,47,663,509,70,581
403: 584,176,638,574,632,36
404: 674,858,793,6,255,282
405: 908,356,613,817,838,252
406: 298,127,645,563,704,1012
407: 232,431,706,556,248,89
408: 803,361,519,539,373,660
409: 168,274
410: 245,4,627,845,90,910
411: 502,198,455,488,515,695
412: 180,344,749
413: 867,252,236,954,588,594
414: 653,5,253,922,22,682
415: 221,790,771,773,740,560
416: 993,1016,989,783,451,75
417: 742,35,882,580,935,559
418: 931,1007,641,949,500,463
419: 645,307,1012,432,95,969
420: 219,1016,87,989,553
421: 810,675,686,758,316,60
422: 19,62,487,1006,699,816
423: 154,957,986,981,504,671
424: 7,353,983,479,621
425: 189,757,313,950,48,610
426: 526,809,208,916,979,261
427: 472,830,677,220,929,100
428: 942,1010,766,449,185,785
429: 268,598,318,762,28,476
430: 500,1024,673,684,257
431: 232,801,407,531,248,131
432: 825,148,623,95,419,1012
433: 198,644,707,21,516,111
434: 71,12,225,592,698,857
435: 729,628,624,279,777,706
436: 229,837,258,526,741,809
437: 773,740,301,55,522,620
438: 53,286,856,885,545,655
439: 72,568,629,802,805,443
440: 1018,928,831,735,956,468
441: 250,889,70,852,297,862
442: 191,849,524,946,445
443: 72,439,568,722,984,990
444: 24,448,894,547,850,295
445: 99,739,524,442,705
446: 9,756,85,1020,66,970
447: 790,771,625,491,779,543
448: 24,444,178,547,811,651
449: 776,505,785,100,428
450: 138,51,927,891,110,260
451: 783,966,693,75,416,994
452: 998,753,197,391,511,554
453: 176,564,715
454: 590,255,596,674,765
455: 502,411,198,843,644,869
456: 651,493,999,351,601,763
457: 2,968,650,467,921,784
458: 780,971,810,102,643,206
459: 973,557,844,948,175,703
460: 16,979,174,261,203,525
461: 23,508,912,155,735,956
462: 732,279,833,777,544,31
463: 841,633,949,910,931,418
464: 876,626,1005,1015,254,900
465: 291,587,87,893,664,193
466: 1004,814,355,792,117,173
467: 840,921,290,784,457
468: 1019,956,781,440,928,746
469: 241,166,541,532,485,640
470: 742,829,559,657,733,179
471: 727,759,680
472: 40,427,717,830,677,877
473: 152,69,36,250,852,789
474: 906,875,579,847,778,836
475: 700,275,256,873,955,542
476: 321,768,28,961,429,598
477: 46,520,648,482,614
478: 974,492,553,569,3,219
479: 56,194,621,626,353,424
480: 233,815,642,733,217,234
481: 988,907,595,134,264
482: 477,648,186,195,1009
483: 143,109,836,506,521
484: 240,1017,400,562,230,565
485: 76,469,166,541,549,160
486: 68,715,938
487: 52,62,422,1006,750,499
488: 411,198,817,838,695,707
489: 65,964,163,34,745,585
490: 210,80,207,1008,634,914
491: 1004,625,934,447,790,173
492: 974,478,702,569,218,878
493: 999,494,456,601,884,924
494: 144,493,601,63,924,575
495: 299,582,137,868,201,748
496: 747,795
497: 284,972,899,364,158,577
498: 1022,324,103,930,300,724
499: 52,62,371,487,807,1023
500: 949,430,1024,684,1007,418
501: 513,170,605,716,393,796
502: 411,843,455,515,136,591
503: 212,224,92,281,895,791
504: 154,423,983,671,621,689
505: 776,449,100,830
506: 808,906,288,483,836
507: 375,901,839,242
508: 23,461,787,179,217,694,912
509: 681,616,889,70,402,663
510: 954,588,369,42,93,713
511: 753,197,452,605,612,716
512: 18,369,42,774,834,863
513: 688,501,890,170,796,145
514: 397,223,604,342,332,856
515: 502,411,695,116,874,136
516: 367,33,433,644,111,769
517: 338,968,848,0,104
518: 385,904,327,1001,718
519: 803,408,756,361,967,668
520: 46,477,115,648,936,289
521: 325,165,1014,483,143
522: 216,620,672,301,20,437
523: 141,614,46
524: 96,946,442,99,445
525: 16,276,460,261,583,683
526: 426,436,258,683,809,261
527: 83,963,550,892,326
528: 17,228,738,376,898,602
529: 161,586,64,287
530: 187,995,337,691,26,662
531: 232,156,431,801,833,539
532: 469,541,640,61,226,551
533: 349,897
534: 666,884,80,850,24,999
535: 224,874,895,45,345,116
536: 144,544,351,101,601,896
537: 19,62,371,970,215,903
538: 764,360,85,341,1020,239
539: 156,801,531,408,361,373
540: 91,876,365,1015,140,84
541: 469,160,532,485,551,711
542: 955,296,202,88,700,475
543: 106,779,625,447,854,379
544: 351,101,31,536,732,462
545: 885,697,438,211,655,572
546: 382,599,295,38,171,894
547: 992,444,448,86,894,811
548: 713,256,710,236,761,588
549: 76,166,864,485,214,606
550: 527,963,132,326,932,266
551: 955,296,711,226,541,532
552: 297,862,329,192,996,383
553: 974,390,478,664,219,420,87
554: 998,391,452,126,113,133
555: 377,964,283,50,712,337
556: 206,624,971,407,706,89
557: 2,973,108,650,844,459
558: 753,880,716,393,41,813
559: 742,470,882,829,417,401
560: 415,919,790,117,173,773
561: 157,336,107,611,774,719
562: 400,269,484,565,298,127
563: 406,167,127,645,661
564: 176,453,638,182,976,715
565: 230,827,484,562,167,127
566: 665,140,396,797,323,306
567: 184,249,311,865,128,573
568: 439,301,55,805,443,984
569: 235,878,978,3,492,478
570: 678,741,819,336,92,617
571: 678,258,683,276,212,987
572: 904,655,327,545,211,194,1005
573: 794,128,755,320,311,567
574: 403,638,36,852,862,329
575: 372,871,63,144,494
576: 696,363,181,835,589,381
577: 118,158,978,3,899,497
578: 157,249,611,142,1000,257
579: 474,875,262,362,227,778
580: 742,260,417,935,51,759
581: 340,945,687,402,47
582: 953,495,299,659,201,926
583: 16,276,525,346,672,709
584: 403,176,632
585: 98,745,618,702,65,489
586: 333,951,64,529,692,287
587: 291,465,648,186,936,893
588: 510,413,236,954,713,548
589: 124,670,381,67,696,576
590: 977,596,454,392,292,765
591: 136,102,920,675,502,843
592: 434,12,225,340,608,47
593: 7,887,353,274,697
594: 867,150,413,352,236,21
595: 988,481,804,264,44,398
596: 97,590,255,905,454,392
597: 118,196,158,49,635,660
598: 268,429,883,243,476,768
599: 210,382,207,647,546,295
600: 267,1010,185
601: 144,493,494,351,536,456
602: 725,604,342,17,376,528
603: 293,860,150,761,700,88
604: 602,342,514,17,286,856
605: 511,612,716,501,129,170
606: 717,214,549,864,374
607: 168,53,332,770
608: 146,799,309,47,12,592
609: 223,886,347,121,151
610: 48,690,1003,425,315,757
611: 157,578,561,142,18,774
612: 197,511,605,82,861,129
613: 281,791,908,405,77,838
614: 141,384,523,1009,477
615: 637,827,167,37,363
616: 354,681,889,509,378
617: 92,791,570,336,77,719
618: 153,974,98,390,585,702
619: 357,388,35,882,126,998
620: 273,872,216,522,437,740
621: 56,671,479,983,424,504
622: 652,800,288,237,1014,343
623: 825,432,399,148,690
624: 435,729,149,206,556,706
625: 821,934,491,447,379,543
626: 464,876,56,194,479,1005
627: 1013,845,846,90,145,410
628: 389,435,729,708,13,279
629: 72,439,300,724,802,767
630: 375,685
631: 262,248,943,131,636,826
632: 726,152,36,403,584
633: 463,749,841,271,4,910
634: 666,228,376,914,80,490
635: 158,597,660,803,959,364
636: 262,169,227,631,826,58
637: 827,615,824,37
638: 403,176,564,574,976,329
639: 111,800,237,860,769,352
640: 915,105,61,241,469,532
641: 931,328,1007,418,941
642: 480,815,751,334,649,234
643: 810,458,758,130,149,206
644: 433,198,455,367,516,869
645: 406,419,661,307,563,1012
646: 848,400,881,30,269
647: 382,207,599,95,285,969
648: 477,520,186,587,936,482
649: 334,794,320,159,642,751
650: 2,457,973,557,921,81
651: 999,456,763,24,448,178
652: 293,237,622,119,43,343
653: 5,951,64,253,414,731
654: 268,921,238,290,81,762
655: 112,327,572,286,438,545
656: 960,823,244,277,349,897
657: 742,260,470,110,787,179
658: 270,367,875,869,227,58
659: 953,172,299,582,125,994
660: 373,49,597,635,803,408
661: 645,307,563,363,835
662: 795,26,691,530,11
663: 394,146,402,818,681,509
664: 553,893,390,87,465
665: 396,903,566,19,699,306
666: 228,370,634,884,534,80
667: 151,397,770
668: 756,361,519,263,199,66
669: 317,65,377,964,1021
670: 589,911,124,67,721
671: 91,56,621,981,423,504
672: 216,522,709,16,20,583
673: 1000,430,41,813,257
674: 404,6,119,43,255,454
675: 136,810,102,421,591,686
676: 943,131,801,373,322,49
677: 472,427,717,214,723,929
678: 571,258,741,570,212,92
679: 398,266,798,177,8,132
680: 10,471,759,935,380
681: 616,509,806,394,663
682: 275,368,22,873,414,922
683: 571,258,526,276,261,525
684: 142,430,500,257,1007,183
685: 375,630,737,99
686: 136,421,675,316,345,116
687: 945,831,383,1018,340,581
688: 272,78,890,513,170
689: 983,154,504
690: 825,48,399,623,1003,610
691: 317,377,530,337,11,662
692: 287,333,586
693: 137,966,451,925,299,994
694: 23,787,27,508,870
695: 411,488,515,838,874,190
696: 181,772,576,589,67,347
697: 274,885,545,211,593,353
698: 71,434,208,979,174,857
699: 19,422,665,306,348,816
700: 475,256,761,603,542,88
701: 902,97,259,220,942,785
702: 974,492,745,585,618,218
703: 246,1022,175,94,948,459
704: 298,406,1012,0,104,148
705: 238,318,762,849,445
706: 232,777,407,435,624,556
707: 433,198,817,488,867,21
708: 178,13,628,31,763,279
709: 45,346,335,216,672,583
710: 368,386,713,256,873,548
711: 858,296,793,551,541,160
712: 205,995,786,337,555,50
713: 386,710,548,93,510,588
714: 853,143,218,109,878,728
715: 486,938,453,564,182
716: 753,511,605,558,393,501
717: 472,214,677,606,877
718: 112,385,327,518,120,898
719: 77,774,834,336,561,617
720: 32,303,748,73,137,925
721: 213,121,387,670
722: 72,443,309,12,990,857
723: 214,677,929,278,822,76
724: 300,629,930,231,767,498
725: 602,330,886,342,376
726: 359,744,632,152
727: 138,471,51,759
728: 847,235,308,109,878,714
729: 106,389,435,628,149,788,624
730: 939,289,358,115,162
731: 161,114,653,64,253
732: 156,833,462,544,101,263
733: 179,217,470,829,480,234
734: 272,78
735: 831,155,996,461,440,956
736: 341,199,1020,871,896,66
737: 375,685,901,99,247,739
738: 228,370,120,898,528
739: 737,99,247,445,238
740: 415,221,773,437,273,620
741: 229,436,678,258,819,570
742: 260,470,417,580,559,657
743: 354,378,789,932,266,177
744: 359,726,892
745: 585,702,853,218,34,489
746: 71,208,928,1019,916,468
747: 496,384,754,11,795
748: 32,720,495,137,868
749: 344,633,271,4,180,412
750: 52,487,1006,993,75
751: 123,815,159,642,305,649
752: 918,239,84,360,1015,254
753: 880,391,511,452,716,558
754: 384,1009,747,11,317,1021
755: 280,794,133,350,128,573
756: 9,446,967,519,668,66
757: 425,189,25,315,814,610
758: 810,421,643,331,60,130
759: 471,727,51,680,580,935
760: 291,115,936,302,73,358
761: 150,236,700,256,548,603
762: 268,429,238,318,654,705
763: 651,351,31,456,178,708
764: 360,341,372,538,1001,14
765: 292,917,43,590,454
766: 205,187,942,428,1010,995
767: 231,799,309,72,629,724
768: 321,243,312,476,947,598
769: 111,800,639,808,33,516
770: 667,397,332,607
771: 415,221,447,790,366,779
772: 696,139,181,15,330,347
773: 415,919,437,740,560,55
774: 18,512,834,719,611,561
775: 986,981,277,365,960,797
776: 505,449,185
777: 232,279,833,462,706,435
778: 847,308,362,474,579,122
779: 106,788,543,447,771,366
780: 971,458,102,920,169,89,826
781: 233,123,815,1019,956,468
782: 953,319,348,125,888,188
783: 193,302,966,451,416,989
784: 848,30,467,457,968
785: 449,100,701,220,942,428
786: 712,205,977,259,392,50
787: 110,179,508,694,870,657
788: 130,106,729,779,149,366
789: 354,250,743,69,473,932
790: 415,447,771,173,560,491
791: 503,92,281,613,617,77
792: 965,355,851,189,814,466
793: 858,404,296,202,6,711
794: 334,649,350,755,320,573
795: 662,496,747,11
796: 90,145,393,501,513,39
797: 960,323,365,140,566,775
798: 398,8,679,988,57
799: 231,146,309,818,608,767
800: 639,288,237,622,769,808
801: 431,531,539,131,676,373
802: 439,251,300,629,805,975
803: 408,959,967,519,635,660
804: 264,44,595
805: 439,251,568,55,802,919
806: 59,681,164,855,394
807: 52,499,1023,959,972,364
808: 33,906,506,800,288,769
809: 426,436,837,526,916,305
810: 458,102,421,643,675,758
811: 854,448,178,86,547,13
812: 939,289,46
813: 39,41,1024,673,558,393
814: 189,1004,25,757,466,792
815: 233,480,123,642,781,751
816: 172,348,125,422,1006,699
817: 488,838,707,405,867,252
818: 200,231,394,146,799,663
819: 229,741,570,336,937,107
820: 1017,242,881
821: 209,625,934,992,379,86
822: 723,278,858,76,160,282
823: 188,244,656,74,54,897
824: 637,310,37
825: 432,38,623,95,690,382
826: 248,169,89,631,636,780
827: 637,230,615,565,167
828: 931,328,962,114,22,253
829: 470,401,559,733,913,234
830: 40,472,427,505,100
831: 735,996,383,687,440,1018
832: 134,849,28,57,318
833: 232,156,732,777,462,531
834: 908,512,42,77,774,719
835: 363,181,576,222,661,307
836: 483,847,109,474,906,506
837: 29,229,436,809,159,305
838: 817,488,695,190,281,613,405
839: 507,901,840,242,30
840: 901,247,467,839,30
841: 463,633,271,114,931
842: 1000,41,280,128,880,184
843: 502,455,920,591,169,58,869
844: 108,313,557,459,950,175
845: 4,1013,627,410,180,395
846: 1013,627,145,890,304
847: 308,109,728,778,836,474
848: 784,646,0,269,968,517
849: 134,832,442,318,705
850: 210,80,295,24,444,534
851: 965,355,246,324,792,975
852: 250,441,36,473,574,862
853: 143,218,714,325,34,745
854: 379,86,811,13,106,389,543
855: 321,164,947,59,952,806
856: 53,332,286,438,604,514
857: 990,174,434,12,698,722
858: 404,793,711,160,282,822
859: 980,958
860: 293,639,603,237,150,352
861: 294,866,82,612,129
862: 297,329,552,574,441,852
863: 940,183,941,18,512,369
864: 166,549,374,79,606
865: 157,249,937,311,107,567
866: 294,861,135,129
867: 413,252,594,21,817,707
868: 201,495,748
869: 658,367,843,455,644,58
870: 891,938,110,787,27,694
871: 341,575,372,736,896,144
872: 273,316,60,335,216,620
873: 275,368,475,256,710,682
874: 190,895,535,116,515,695
875: 270,658,474,906,579,227
876: 464,91,56,626,540,1015
877: 40,472,717
878: 569,235,218,714,728,492
879: 333,105
880: 753,391,558,280,41,842
881: 242,400,646,820,1017
882: 35,417,401,559,126,619
883: 268,598,81,243,948,973
884: 666,370,534,924,493,999
885: 168,53,274,697,438,545
886: 725,223,330,609,342,347
887: 7,147,593
888: 188,244,323,306,348,782
889: 354,250,616,441,509,70
890: 688,78,513,846,145
891: 68,927,870,450,110
892: 359,744,326,83,527
893: 153,390,664,465,186,587
894: 992,444,547,171,546,295
895: 503,224,874,190,281,535
896: 199,871,736,144,101,536
897: 54,349,823,656
898: 17,738,120,528,112,718
899: 3,219,284,1016,497,577
900: 904,14,464,1005,254
901: 375,737,507,247,840,839
902: 97,905,701,220,929,278
903: 665,215,396,918,19,537
904: 900,327,518,572,1005
905: 902,97,255,596,282,278
906: 270,474,808,33,506,875,836
907: 191,481,134,264
908: 405,42,356,77,834,613
909: 304,395,1013
910: 245,4,410,949,463,633
911: 387,310,923,124,670
912: 461,508,217,233,956
913: 113,334,350,234,829,401
914: 376,634,15,490,1008
915: 333,105,640,61,5,951
916: 123,1019,305,208,746,426,809
917: 292,165,1002,765,43,343
918: 215,396,239,84,752,903
919: 117,773,560,251,55,805
920: 780,102,591,843,169
921: 290,81,654,467,457,650
922: 61,5,414,226,275,682
923: 387,911
924: 370,63,884,493,494
925: 302,73,137,966,693,720
926: 265,985,201,953,319,582
927: 68,891,138,450
928: 71,440,225,1018,746,468
929: 427,677,220,723,278,902
930: 103,997,200,231,498,724
931: 328,418,641,828,463,841,114
932: 326,69,550,266,743,789
933: 338,108,313,104,48,399
934: 1004,25,209,821,625,491
935: 35,417,580,759,680,380
936: 291,115,520,648,587,760
937: 311,107,865,29,229,819
938: 715,486,870,182,27
939: 812,730,289
940: 328,93,941,962,863,386
941: 940,328,1007,183,641,863
942: 205,428,766,259,701,785
943: 262,362,131,631,676,322
944: 202,6,88,119,293
945: 297,383,687,70,581
946: 96,524,191,442
947: 321,164,312,997,768,855
948: 243,94,883,973,459,703
949: 500,1024,245,910,418,463
950: 965,175,313,844,425,189
951: 915,653,333,586,5,64
952: 59,961,8,321,855
953: 319,582,782,125,659,926
954: 510,413,252,588,42,356
955: 296,542,551,275,475,226
956: 233,781,468,735,461,912,440
957: 154,204,986,423
958: 859,980,357,388,82
959: 803,967,635,807,1023,364
960: 797,244,323,656,775,277
961: 952,28,57,321,476
962: 940,328,828,368,386,22
963: 527,44,550,132
964: 65,489,163,555,669,283
965: 246,950,175,851,792,189
966: 302,783,693,451,925
967: 9,803,959,756,519,1023
968: 2,338,457,517,848,784
969: 285,222,419,307,95,647
970: 371,537,85,9,446,215
971: 780,458,206,556,89
972: 284,993,497,364,52,807
973: 557,650,459,81,883,948
974: 492,553,390,478,618,702
975: 355,324,851,251,300,802
976: 564,638,182,982,329,192
977: 590,392,292,1011,50,786
978: 314,118,577,569,235,3
979: 174,460,261,208,698,426
980: 859,357,958,380,10
981: 986,423,775,91,671,365
982: 192,155,182,976,23,27
983: 147,424,621,689,504
984: 990,20,203,301,568,443
985: 265,926,319,74
986: 204,957,981,423,775,277
987: 212,224,276,571,45,346
988: 481,595,57,398,798
989: 416,420,1016,87,193,783
990: 984,174,203,857,722,443
991: 162,32,303
992: 86,894,547,171,209,821
993: 416,284,1016,972,52,750,75
994: 172,299,659,693,451,75
995: 712,205,187,530,766,337
996: 831,192,155,552,735,383
997: 103,164,312,947,930,200
998: 197,452,554,126,619,388
999: 651,493,456,24,884,534
1000: 41,673,257,842,184,578
1001: 385,518,14,764,372
1002: 292,165,339,1011,917
1003: 38,690,610,171,315
1004: 25,814,934,466,491,173
1005: 464,194,626,904,900,572
1006: 422,487,750,172,816
1007: 183,418,941,641,500,684
1008: 490,207,139,285,15,914
1009: 384,614,754,1021,482,195
1010: 187,428,766,185,600
1011: 292,339,1002,977,163,283,50
1012: 406,419,645,704,432,148
1013: 627,845,846,909,304,395
1014: 521,165,343,288,622
1015: 464,876,540,254,84,752
1016: 416,284,420,993,899,989
1017: 240,820,484,400,881
1018: 440,225,340,928,831,687
1019: 123,916,781,468,746
1020: 85,341,538,736,66,446
1021: 317,669,98,195,1009,754
1022: 246,498,324,703,103,94
1023: 371,807,499,9,959,967
1024: 39,949,430,500,813,245