0: 30,127,104,148,108,240
2: 247,238,243,30,108,81
3: 118,235,218,87,219
4: 245,114
5: 105,64,61,226,253,22
6: 119,43,202,255,97
7: 211,168,147
8: 57,59,28,132,164,177
9: 85,215,66,158,52,62
10: 35,138,51,197
11: 195,65,141,205,26
12: 203,174,200,47,71,72
13: 31,106,86,178,232,206
14: 63,254,239,144,194
15: 223,139,181,210,17,228
16: 212,208,20,174,229
17: 112,53,120,228,15,223
18: 249,157,183,42,93
19: 140,244,172,62,84,215
20: 45,212,203,16,174,216
21: 256,252,111,236,198
22: 256,236,93,5,226,253
23: 27,192,182,233,155
24: 80,86,171,178,207,210
25: 48,117,189,173,209
26: 11,205
27: 182,23,233,110,179
28: 57,8,243,164,134,238
29: 128,107,229,159,123,208
30: 0,108,240,242,247,2
31: 13,178,232,156,101,199
32: 73,137,201
33: 111,198,58,227,237,109
34: 43,218,163,165,143,98
35: 126,10,234,113,197
36: 192,70,69,152,176,250
37: 124,230,67,167
38: 207,95,148,48,171
39: 90,245,145,41,184,142
40: 100,214,220
41: 129,145,126,133,184,39
42: 18,77,157,93,252,236
43: 119,6,34,163,165
44: 83,69,132,177
45: 212,20,216,60,224,136
46: 141,186,162
47: 70,155,71,146,200,12
48: 25,175,189,104,38
49: 196,158,131,248,156,66
50: 163,100,97,65,205
51: 138,68,10,234,179
52: 118,158,9,62,75,219
53: 112,17,223,151
54: 204,188
55: 221,72,117,251,203,216
56: 211,194,254,154,147,91
57: 8,28,132,191,134
58: 116,227,102,169,33,198
59: 146,8,250,164,177,103
60: 130,136,221,45,216,149
61: 105,166,241,5,226
62: 19,172,9,215,52,75
63: 14,101,144,80,120,228
64: 105,161,5,253,114
65: 11,195,205,98,50,163
66: 156,85,9,199,158,49
67: 222,167,181,124,37,121
68: 51,110,179
69: 83,44,152,250,177,36
70: 36,192,47,155,146,250
71: 225,47,155,12,174
72: 55,251,231,200,12,203
73: 32,162,115,193
74: 244,188,125
75: 137,193,219,52,172,62
76: 214,220,255,160,166
77: 157,42,92,190,252
78: 170,145,90,180
79: 166,241
80: 24,178,210,228,63,101
81: 246,175,2,243,94,108
82: 135,197
83: 44,69,152
84: 19,140,91,254,239,215
85: 239,9,144,215,66,199
86: 106,24,13,171,178,209
87: 115,193,219,3,218,153
88: 256,150,226,202,160
89: 248,102,130,169,232,206
90: 180,245,39,78,145
91: 204,140,84,56,254,154
92: 77,229,157,212
93: 18,183,42,22,236,253
94: 243,164,103,246,81,231
95: 207,222,139,38,148
96: 99,134,191
97: 100,220,255,50,6
98: 195,65,153,218,34,163
99: 96,134,247,238
100: 40,220,97,50,187
101: 63,144,199,31,80,178
102: 116,58,89,130,136,169
103: 146,59,200,164,94,231
104: 0,148,108,48,175
105: 64,161,241,61,5
106: 13,86,173,149,209,206
107: 128,29,249,229,157
108: 0,30,104,2,81,175
109: 237,165,227,33,122
110: 68,27,182,179
111: 21,150,33,198,237
112: 53,120,211,168,17
113: 126,234,35,217,133,159
114: 4,245,183,64,253
115: 73,162,87,193,186,153
116: 58,224,102,136,190
117: 25,221,55,251,189,173
118: 235,3,196,158,52,219
119: 43,6,202,237,165,150
120: 112,194,17,228,63
121: 213,124,223,67,181
122: 235,196,131,227,109
123: 217,159,225,233,208,29
124: 213,37,121,67
125: 74,244,172,137,201
126: 113,35,133,129,41,197
127: 0,148,240,230,167
128: 29,184,249,107,133,159
129: 135,170,145,41,197,126
130: 89,60,102,136,149,206
131: 196,122,49,227,248,169
132: 57,8,177,44
133: 126,113,159,41,128,184
134: 99,96,238,191,57,28
135: 82,170,129,197
136: 116,60,224,102,130,45
137: 32,75,193,172,125
138: 51,10
139: 15,207,222,95,181,210
140: 204,19,244,188,91,84
141: 11,46,195,186
142: 184,249,183,245,39
143: 218,34,165,235
144: 63,14,85,239,101,199
145: 78,170,129,41,90,39
146: 59,200,250,103,70,47
147: 154,7,211,56
148: 0,127,104,95,38
149: 106,173,206,221,60,130
150: 88,111,119,202,237
151: 53
152: 176,83,69,36
153: 195,186,98,218,115,87
154: 147,56,204,91
155: 192,225,23,70,47,71
156: 66,199,31,232,248,49
157: 18,77,107,42,92
158: 118,196,52,49,9,66
159: 113,217,133,123,128,29
160: 76,255,88,166,202
161: 105,64
162: 73,115,46,186
163: 43,50,34,65,98
164: 59,8,28,243,103,94
165: 119,43,34,237,143,109
166: 79,241,61,76,160
167: 222,67,230,127,37
168: 7,112,211
169: 58,227,89,248,102,131
170: 78,135,129,145
171: 24,86,209,207,38
172: 19,244,125,62,75,137
173: 106,149,209,25,221,117
174: 12,203,20,16,71
175: 48,246,81,189,104,108
176: 152,36,192,182
177: 59,8,132,250,44,69
178: 31,80,24,13,86,101
179: 234,110,51,68,27
180: 90,78
181: 15,223,222,67,139,121
182: 27,192,23,110,176
183: 18,142,93,114,253
184: 128,249,142,133,41,39
185: 187
186: 46,195,141,153,162,115
187: 185,100,205
188: 74,54,204,140,244
189: 25,48,246,117,251,175
190: 252,198,77,116,224
191: 96,134,57
192: 36,182,23,70,155,176
193: 73,75,137,115,87,219
194: 120,211,56,14,254
195: 11,65,141,186,153,98
196: 118,235,158,122,131,49
197: 82,135,129,126,10,35
198: 21,190,252,111,33,58
199: 156,85,101,144,66,31
200: 146,103,47,72,231,12
201: 32,125
202: 119,6,88,150,255,160
203: 12,20,174,216,72,55
204: 54,140,188,91,154
205: 11,65,50,26,187
206: 106,13,149,232,89,130
207: 95,139,38,210,24,171
208: 16,225,123,29,229
209: 106,86,173,171,25
210: 15,207,139,80,24,228
211: 7,112,194,56,168,147
212: 45,20,16,92,224
213: 124,121
214: 40,76,220
215: 85,239,9,19,62,84
216: 45,203,20,221,55,60
217: 234,113,159,123,233
218: 34,143,3,87,153,98
219: 75,87,193,118,3,52
220: 40,100,76,214,255,97
221: 55,117,216,173,149,60
222: 67,95,139,167,181
223: 15,181,121,53,17
224: 116,136,45,212,190
225: 233,155,71,123,208
226: 61,5,256,22,88
227: 58,169,33,122,131,109
228: 120,17,15,210,80,63
229: 29,107,92,208,16
230: 127,37,167
231: 72,246,251,200,103,94
232: 31,13,206,89,248,156
233: 27,225,23,217,123
234: 113,35,217,179,51
235: 118,3,196,122,143
236: 21,256,22,252,42,93
237: 119,165,109,111,150,33
238: 99,134,247,2,28,243
239: 14,85,254,144,215,84
240: 0,30,127,242
241: 79,105,166,61
242: 30,240,247
243: 28,164,94,238,2,81
244: 74,19,140,172,188,125
245: 4,90,114,39,142
246: 81,251,175,189,231,94
247: 99,238,2,30,242
248: 89,169,232,156,131,49
249: 128,18,184,107,142
250: 146,59,177,69,36,70
251: 72,246,55,117,189,231
252: 21,190,236,198,77,42
253: 64,5,183,93,114,22
254: 14,239,194,56,91,84
255: 76,220,97,160,6,202
256: 21,22,88,236,226