0: 104,148,338,298,269
2: 459,457,467,81,108,338
3: 118,219,478,235,314,492
4: 180,412,344,410,245,463
5: 64,105,333,61,275,414
6: 202,255,454,119,43,292
7: 409,353
8: 177,378,57,476,132,59
9: 66,361,408,446,499,371,364
10: 357,380,471
11: 337,317,377,384,496
12: 47,174,443,434,72,309
13: 178,106,86,279,448,389
14: 385,372,360,194,254
15: 207,210,285,490,139,330,376
16: 203,20,261,276,346,460
17: 228,112,120,376,342,286
18: 142,183,257,369,157,249,512
19: 215,422,62,396,306,348
20: 437,203,16,216,301,346
21: 198,252,111,352,413,433
22: 253,368,386,414,93,328
23: 192,182,155,461,508,27,440
24: 210,80,295,444,456,448
25: 189,466,491,48,315,425
26: 496,267,337
27: 179,110,508,182,23,486
28: 481,57,134,476,318,429
29: 159,305,320,436,229,311
30: 242,507,457,290,269
31: 101,263,351,462,178,279
32: 73,137,495,303
33: 270,506,288,367,111,433
34: 489,339,218,143,165,325
35: 388,380,401,417,113,126
36: 441,176,329,403,152,473
37: 363,381,230,167,310
38: 48,315,432,399,171,382
39: 90,41,393,430,245,500
40: 505,472
41: 184,511,280,393,39,430
42: 77,512,356,405,510
43: 165,292,483,343,6,119
44: 266,326,398,132
45: 276,346,335,345,224,212
46: 141,289,477
47: 12,402,340,383,434,309
48: 38,313,315,399,425,25
49: 196,158,131,322,373,408
50: 205,283,392,163,377
51: 450,260,417,138,471
52: 284,497,364,487,499
53: 168,332,397,438,286
54: 349,204,277,188
55: 251,117,415,439,437,301
56: 424,91,423,464,479,504
57: 481,28,476,132,8
58: 102,169,502,367,455,227
59: 164,394,476,8,378,321
60: 273,216,335,331,130,316,421
61: 105,469,5,226,275,485
62: 215,422,19,487,499,371
63: 120,494,385,370,372,144
64: 333,5,271,161,253,414
65: 489,195,163,98,317,377
66: 9,199,263,361,408,446
67: 213,124,121,181,347,381
68: 486,450,110
69: 152,473,266,354,359,326
70: 250,509,441,297,402,383
71: 225,174,208,426,434,460
72: 231,200,309,439,12,443
73: 32,137,303,358,291,302
74: 188,319
75: 284,416,422,487,172,451
76: 404,160,282,166,278,485
77: 157,42,281,336,503,512,405
78: 272,304,145,170
79: 374,166,241,469
80: 24,210,456,490,370,493
81: 459,243,94,2,467,268
82: 294,357
83: 359,326
84: 91,254,464,140,396,239
85: 215,239,371,360,341,446
86: 106,209,13,448,379,444
87: 193,478,465,420,153,390
88: 256,150,368,475,293,296
89: 102,169,407,458,248,206
90: 393,501,39,145,410,245
91: 84,56,365,423,464,140
92: 229,107,258,336,503,212
93: 183,328,369,22,386,510
94: 459,243,81,312,498,246
95: 207,285,382,419,432,222,307
96: 442,99
97: 220,255,454,282,259,392
98: 489,153,195,65,218,390
99: 375,247,96,445
100: 259,428,220,427,505,449
101: 144,199,31,263,351,494
102: 58,136,89,169,502,458
103: 300,231,200,164,312,394,498
104: 0,148,108,313,338,399
105: 241,469,333,61,5
106: 13,86,366,379,389,447
107: 157,229,92,249,311,336
108: 175,104,313,338,459,2
109: 506,308,325,483,474
110: 450,179,260,27,68,486
111: 21,352,433,237,33,288
112: 120,17,385,327,438,286
113: 234,133,334,401,35,126
114: 463,328,418,344,271,253
115: 289,477,186,465,358,291
116: 136,502,316,345,190,411
117: 221,251,55,173,466,355,415
118: 3,219,497,196,158,314
119: 202,6,293,43,237,343
120: 228,112,63,17,385,327,370
121: 213,67,347,151,223
122: 196,314,322,362,474,308
123: 233,159,305,480,468,208
124: 213,67,381,387,310
125: 244,299,319,172,348
126: 391,452,388,35,113,133
127: 230,167,298,400,406,484
128: 320,350,184,249,311,257
129: 511,135,452,501,197,170
130: 421,458,206,60,331,149,366
131: 262,49,322,373,431,248
132: 57,398,44,177,8,266
133: 113,334,350,126,280,391
134: 481,442,28,318,445
135: 129,197,294,272,170
136: 116,102,502,316,421,458
137: 32,73,495,302,451,299
138: 450,51,471
139: 181,222,330,347,15,285
140: 84,91,365,396,306,323
141: 46,384,477,482
142: 18,430,500,183,257,418
143: 308,325,235,218,492,34
144: 199,101,341,63,494,372
145: 78,304,170,410,90,501
146: 200,309,394,509,402
147: 353,424,504
148: 0,104,419,432,399,298,406
149: 331,366,389,435,130,206
150: 256,88,352,413,237,293,296
151: 397,121
152: 69,473,359,36,403
153: 195,98,390,87,465,186
154: 204,423,504
155: 192,23,297,340,383,440
156: 263,462,361,232,373,431
157: 77,249,107,336,512,18
158: 49,196,408,118,497,364
159: 29,123,305,320,334,480
160: 404,76,296,226,485
161: 271,64,287,333
162: 303,358,289
163: 489,65,339,377,50,283
164: 103,59,312,394,321
165: 43,292,325,483,343,339,34
166: 79,214,374,485,469,76
167: 230,127,406,37,307,363
168: 53,332,438,409,274
169: 58,89,102,248,262,227
170: 78,272,145,129,135,501
171: 295,444,382,38,315,209
172: 422,348,75,125,299,451
173: 221,117,466,491,379,447
174: 12,71,443,434,460,203
175: 108,313,425,459,189,246
176: 182,36,329,403,453
177: 8,266,354,378,132
178: 13,279,448,456,31,351
179: 470,217,110,508,260,27
180: 4,412,304,395,410
181: 67,222,139,347,363,381
182: 192,176,23,329,453,486,27
183: 18,142,500,93,328,369,418
184: 280,41,128,350,430,257
185: 449,267,428
186: 477,482,115,465,153,195
187: 205,267,337,428
188: 74,244,319,323,54,277
189: 25,246,466,324,355,175,425
190: 411,488,345,281,224,116
191: 481,264,442
192: 182,23,297,329,155
193: 87,465,416,420,291,302
194: 254,211,464,479,14,385,327
195: 153,65,98,317,482,186
196: 49,158,122,314,322,118
197: 388,294,357,129,135,452
198: 21,411,252,488,433,455
199: 144,66,101,263,341,446
200: 103,146,231,72,309,394
201: 265,319,495
202: 404,6,255,293,296,119
203: 20,16,301,174,443,460
204: 54,349,277,154,365,423
205: 50,187,337,392,377
206: 89,130,407,458,149,435
207: 15,210,95,285,295,382
208: 468,225,71,426,123,305
209: 86,379,315,491,171,444
210: 15,207,24,80,295,490
211: 424,194,479,438,327,274
212: 92,258,503,224,45,276
213: 124,121,67,387
214: 374,472,166,427,278
215: 62,19,396,239,85,371
216: 437,273,60,20,346,335,415
217: 470,179,508,233,234,480
218: 489,98,390,492,34,143
219: 3,118,284,478,497,420
220: 97,282,427,278,100,259
221: 117,173,415,273,331,447
222: 181,307,139,363,95,285
223: 342,397,121,330,347
224: 281,503,212,45,345,190
225: 468,71,208,340,434,440
226: 275,475,61,160,485
227: 262,362,58,169,367,270
228: 120,17,376,370,490
229: 92,107,258,311,29,436
230: 167,127,484,37
231: 103,300,200,72,498,439
232: 279,435,407,156,462,431
233: 123,480,461,217,508,468
234: 113,334,480,470,217,401
235: 314,143,308,3,492
236: 256,368,386,510,356,413
237: 288,343,111,352,150,293,119
238: 467,268,290,318,445,247
239: 215,396,85,360,84,254
240: 400,484,242
241: 105,469,79
242: 507,30,240
243: 94,81,268,429,321,312
244: 125,188,319,323,306,348
245: 500,463,90,39,410,4
246: 189,324,459,94,498,175
247: 375,507,99,238,290,445
248: 89,169,407,262,131,431
249: 157,107,311,128,18,257
250: 473,509,354,70,378,441
251: 55,117,324,355,300,439
252: 21,198,356,405,488,413
253: 22,414,114,328,271,64
254: 84,194,464,14,360,239
255: 404,202,6,97,454,282
256: 150,88,236,368,475,352,413
257: 18,430,142,128,184,249
258: 229,92,212,436,261,276
259: 100,392,428,220,97
260: 450,51,470,179,110,417
261: 16,276,426,460,436,258
262: 227,131,322,362,169,248
263: 156,66,199,31,101,462,361
264: 191,481,398
265: 201,495
266: 44,69,177,354,326,132
267: 187,185,26
268: 243,238,467,81,318,429
269: 298,400,30,457,0,338
270: 33,506,367,227,362,474
271: 344,161,114,253,64
272: 78,170,135
273: 437,60,216,221,415,331
274: 409,353,168,438,211
275: 226,414,475,61,5
276: 45,16,261,346,258,212
277: 54,204,365,188,323
278: 214,427,76,220,282
279: 178,232,13,389,435,31,462
280: 184,511,41,391,133,350
281: 77,503,224,190,405,488
282: 404,76,220,255,97,278
283: 50,392,292,454,163,339
284: 75,52,219,497,416,420,487
285: 15,207,95,222,139
286: 53,342,438,112,17
287: 161
288: 237,33,506,483,343,111
289: 46,477,115,162,358
290: 457,238,467,507,30,247
291: 73,358,302,193,465,115
292: 43,165,6,454,339,283
293: 202,296,119,150,88,237
294: 82,197,135
295: 171,207,24,210,444,382
296: 404,202,160,293,150,88
297: 441,192,329,155,70,383
298: 127,400,406,269,0,148
299: 125,172,137,495,451
300: 103,231,498,439,251,324
301: 437,203,20,439,443,55
302: 73,137,291,451,193,416
303: 32,162,73,358
304: 78,395,145,410,180
305: 29,123,159,436,208,426
306: 19,396,348,140,244,323
307: 222,363,167,406,419,95
308: 143,109,325,235,122,314,474
309: 146,200,72,47,12,402
310: 124,37,381
311: 229,249,107,29,128,320
312: 103,164,498,243,94,321
313: 175,104,108,48,399,425
314: 235,196,122,308,3,118
315: 38,48,25,491,171,209
316: 116,136,421,60,335,345
317: 195,65,377,11,384,482
318: 238,268,445,429,134,28
319: 201,74,125,188,244
320: 29,128,159,334,350,311
321: 243,429,476,59,164,312
322: 262,49,196,122,131,362
323: 188,244,365,140,306,277
324: 189,251,246,355,300,498
325: 143,109,165,308,483,34
326: 83,359,44,69,266
327: 112,120,385,438,194,211
328: 114,183,93,418,253,22
329: 441,192,176,182,36,297
330: 139,347,15,223,342,376
331: 149,366,447,221,273,60,130
332: 168,53,397
333: 64,105,5,161
334: 113,234,133,159,320,350,480
335: 45,60,216,346,345,316
336: 157,92,77,107,503,512
337: 187,205,11,26,496
338: 0,104,108,457,2,269
339: 489,163,34,165,292,283
340: 47,225,383,434,440,155
341: 144,199,446,372,360,85
342: 223,286,330,17,376
343: 43,237,165,288,483,119
344: 4,412,271,114,463
345: 45,335,224,116,316,190
346: 45,20,16,216,276,335
347: 121,67,181,139,330,223
348: 422,19,172,306,125,244
349: 54,204
350: 128,133,320,334,184,280
351: 31,101,456,178,494,493
352: 21,111,413,256,150,237
353: 7,409,274,147,424
354: 69,473,177,250,266,378
355: 189,251,117,466,324
356: 252,405,413,42,236,510
357: 82,10,197,388,380
358: 162,73,303,291,289,115
359: 83,326,152,69
360: 14,372,341,254,239,85
361: 156,66,9,263,408,373
362: 262,227,122,322,474,270
363: 37,181,222,307,381,167
364: 52,497,9,408,158,499
365: 91,423,140,204,277,323
366: 106,331,149,379,389,447,130
367: 433,455,58,227,270,33
368: 256,88,22,236,386,475
369: 18,183,93,512,510
370: 228,120,63,494,493,80,490
371: 215,62,499,85,9,446
372: 14,63,494,385,360,144,341
373: 49,131,431,156,361,408
374: 79,214,166
375: 507,99,247
376: 228,17,330,15,490,342
377: 65,163,317,50,205,11
378: 177,250,8,509,354,59
379: 106,209,86,366,447,173,491
380: 10,388,35,357,417
381: 124,37,67,181,363,310
382: 171,207,95,295,38,432
383: 47,402,340,70,297,155
384: 141,482,317,11,496
385: 112,14,120,63,327,372,194
386: 22,236,368,510,93
387: 213,124
388: 197,35,357,380,126,452
389: 106,13,149,279,366,435
390: 153,98,218,492,87,478
391: 126,511,280,452,133
392: 50,205,259,283,97,454
393: 511,90,41,501,39
394: 103,146,59,200,164,509
395: 304,180
396: 215,19,239,306,84,140
397: 151,53,223,332
398: 264,132,44
399: 38,104,148,48,313,432
400: 240,127,298,484,269
401: 470,417,35,113,234
402: 47,383,509,70,146,309
403: 176,36,152
404: 202,76,255,160,282,296
405: 252,356,488,42,77,281
406: 167,127,298,148,419,307
407: 89,248,206,232,435,431
408: 66,9,361,49,158,373,364
409: 7,353,274,168
410: 304,145,90,245,180,4
411: 190,198,488,455,116,502
412: 180,4,344
413: 21,252,352,356,256,150,236
414: 253,22,275,64,5
415: 221,55,117,437,273,216
416: 193,75,284,420,302,451
417: 51,470,260,401,35,380
418: 142,114,500,183,463,328
419: 148,432,406,307,95
420: 193,219,87,284,478,416
421: 136,130,316,458,60
422: 62,19,487,172,348,75
423: 56,91,365,504,204,154
424: 56,211,479,504,353,147
425: 175,48,313,25,189,466
426: 71,208,460,305,436,261
427: 214,472,278,220,100,505
428: 100,187,259,185,449
429: 243,268,318,321,28,476
430: 142,500,257,184,41,39
431: 131,373,232,407,248,156
432: 38,148,419,399,95,382
433: 21,198,367,111,455,33
434: 47,12,225,71,174,340
435: 232,149,279,389,407,206
436: 29,305,426,261,229,258
437: 273,20,216,301,55,415
438: 168,53,286,112,327,274,211
439: 300,231,72,443,251,55,301
440: 468,225,340,23,155,461
441: 36,297,329,473,250,70
442: 191,134,96
443: 12,174,72,439,203,301
444: 171,24,295,209,86,448
445: 238,318,134,99,247
446: 66,9,199,341,85,371
447: 106,331,366,379,221,173
448: 178,13,86,24,444,456
449: 185,505,100,428
450: 51,110,260,68,138
451: 137,302,172,75,416,299
452: 126,511,129,391,197,388
453: 176,182,486
454: 6,255,97,292,283,392
455: 411,198,367,433,58,502
456: 24,80,178,448,493,351
457: 2,467,290,30,269,338
458: 136,89,130,102,421,206
459: 94,2,81,175,108,246
460: 71,174,426,203,16,261
461: 23,508,468,440,233
462: 156,31,263,232,279
463: 245,114,500,418,4,344
464: 84,194,56,91,254,479
465: 193,87,153,291,115,186
466: 25,189,117,173,491,355,425
467: 457,238,2,81,268,290
468: 225,208,440,461,123,233
469: 241,105,61,79,166,485
470: 179,217,260,401,417,234
471: 10,138,51
472: 214,427,40,505
473: 152,69,250,354,441,36
474: 122,362,270,109,506,308
475: 256,88,226,275,368
476: 57,28,8,429,321,59
477: 46,141,289,482,115,186
478: 3,219,87,420,390,492
479: 424,194,56,211,464
480: 123,233,234,159,334,217
481: 191,57,134,264,28
482: 141,384,477,186,195,317
483: 43,109,165,506,288,325,343
484: 230,240,127,400
485: 166,226,469,61,76,160
486: 182,453,68,110,27
487: 422,62,499,75,52,284
488: 190,411,198,252,405,281
489: 65,163,339,98,218,34
490: 15,210,80,228,376,370
491: 25,173,466,315,209,379
492: 218,390,235,143,3,478
493: 494,370,80,456,351
494: 63,370,372,493,144,101,351
495: 32,137,201,265,299
496: 26,337,11,384
497: 118,52,219,284,364,158
498: 103,300,231,312,94,246,324
499: 62,487,371,9,52,364
500: 430,142,245,183,463,418,39
501: 511,90,129,393,145,170
502: 116,58,136,102,411,455
503: 92,77,281,336,224,212
504: 424,56,423,147,154
505: 40,449,472,427,100
506: 270,109,33,288,483,474
507: 242,375,30,247,290
508: 179,217,27,23,461,233
509: 250,70,378,146,394,402
510: 236,386,42,512,93,369,356
511: 129,280,41,391,393,452,501
512: 157,42,77,336,18,369,510