0: 848,517,298,269,646,704
2: 557,108,457,650,338,968
3: 577,219,978,899,569,478
4: 845,180,910,410,633,749
5: 653,922,414,61,951,915
6: 119,793,944,202,674,404
7: 353,887,593,147,424
8: 59,952,798,679,177
9: 371,1023,967,756,446,970
10: 680,380,980
11: 691,662,317,754,795,747
12: 434,857,592,722,309,608
13: 854,178,811,389,628,708
14: 900,360,254,764,1001,518
15: 1008,139,772,725,914,330
16: 672,583,460,20,203,525
17: 898,604,286,112,602,528
18: 863,369,183,142,611,512,774
19: 699,665,537,903,62,422
20: 984,16,672,203,522,301
21: 867,594,707,433,352,111
22: 682,414,962,828,253,368
23: 694,27,982,155,461,508
24: 850,444,448,534,999,651
25: 934,1004,209,814,315,757
26: 662,187,530,267
27: 23,182,694,938,870,982
28: 429,961,318,476,832,57
29: 320,311,159,837,229,937
30: 848,784,839,840,881,646
31: 763,708,544,351,279,462
32: 991,720,303,748
33: 270,367,906,516,769,808
34: 489,163,745,853,325,339
35: 380,935,417,357,882,619
36: 852,473,152,632,403,574
37: 637,615,824,310,363,381
38: 825,171,1003,690,382,546
39: 245,90,1024,813,393,796
40: 830,877,472
41: 842,558,880,673,813
42: 908,512,356,834,369,510,954
43: 674,765,454,119,343,917
44: 804,595,398,963,132
45: 709,346,335,345,224,535,987
46: 523,614,812,477,289
47: 402,581,340,146,608,592
48: 610,399,690,933,313,425
49: 660,322,196,676,597,373
50: 712,555,977,786,283,1011
51: 580,450,759,260,138,727
52: 499,807,972,750,487,993
53: 607,168,332,885,438,856
54: 74,897,823
55: 805,301,568,919,773,437
56: 91,671,479,876,626,621
57: 28,961,832,988,798
58: 658,227,869,920,843,169,636
59: 378,806,952,855,8,177
60: 316,872,273,331,421,758
61: 922,226,5,915,532,640
62: 371,499,537,19,422,487
63: 385,120,575,924,494
64: 586,951,731,529,161,653
65: 585,489,964,98,669
66: 736,199,1020,756,668,446
67: 347,121,609,589,670,696
68: 486,927,891,938
69: 789,473,152,359,932,326
70: 889,402,509,581,441,297,945
71: 434,208,746,225,928,698
72: 767,722,309,439,629,443
73: 720,925,302,303,358,760
74: 54,823,188,319,985
75: 1006,172,994,750,416,451
76: 822,723,160,485,549,214
77: 613,908,617,834,719,791
78: 688,890,734
79: 166,864,241
80: 666,534,490,210,850,634
81: 268,650,883,973,654,921
82: 861,612,958,197,388
83: 892,527
84: 1015,752,918,540,140,396
85: 446,215,538,239,970,1020
86: 992,379,448,811,547,821
87: 989,219,420,553,465,664
88: 603,700,293,944,202,542
89: 248,826,780,971,556,407
90: 245,39,410,796,145,627
91: 365,981,671,540,56,876
92: 503,212,791,678,570,617
93: 940,863,369,510,386,713
94: 103,1022,312,703,243,948
95: 419,432,825,969,647,382
96: 524,946
97: 902,905,596,259,392,701
98: 195,669,1021,618,65,585,153
99: 524,445,685,739,737
100: 449,785,220,427,830,505
101: 199,896,544,536,732,263
102: 780,971,810,458,920,591,675
103: 498,1022,312,997,94,930
104: 517,338,933,704,148,399
105: 879,333,915,241,640
106: 389,729,779,788,854,543
107: 819,157,336,937,865,561
108: 2,844,557,933,313,338
109: 728,714,847,836,143,483
110: 450,260,657,787,694,891,870
111: 352,639,769,21,433,516
112: 898,655,327,286,17,718
113: 913,401,126,554,350,133
114: 828,931,841,731,253,271
115: 730,289,358,760,520,936
116: 874,535,345,136,686,515
117: 355,251,919,466,173,560
118: 314,196,597,577,158,978
119: 944,6,652,343,674,43
120: 385,63,718,924,738,370,898
121: 151,609,67,670,721,213
122: 322,314,196,362,308,778
123: 305,751,916,1019,781,815
124: 589,381,670,911,310
125: 172,816,348,782,659,953
126: 882,619,998,554,113,401
127: 167,565,563,562,298,406
128: 842,280,184,567,573,755
129: 866,861,612,272,605,170
130: 149,788,643,366,331,758
131: 248,943,631,431,801,676
132: 266,963,679,550,398,44
133: 391,280,113,554,755,350
134: 481,907,191,849,832
135: 272,734,866
136: 591,675,686,116,502,515
137: 720,925,748,693,495,299
138: 927,727,450,51
139: 222,1008,285,15,772,181
140: 365,540,797,84,396,566
141: 523,384,496,747
142: 257,684,578,611,183,18
143: 521,325,483,714,109,853
144: 871,896,494,601,536,575
145: 796,513,846,890,90,627
146: 799,818,608,663,402,47
147: 983,424,887,7
148: 704,1012,432,623,104,399
149: 130,206,729,788,624,643
150: 594,236,761,352,860,603
151: 667,121,397,609,223,213
152: 69,36,473,726,632,359
153: 893,390,186,618,195,98
154: 689,504,423,957
155: 192,23,982,996,735,461
156: 539,263,361,732,833,531
157: 249,865,107,561,578,611
158: 577,497,364,635,118,597
159: 649,320,29,305,751,837
160: 711,858,541,485,822,76
161: 529,344,749,271,731,64
162: 730,358,303,991
163: 283,489,1011,34,339
164: 806,855,947,394,200,997
165: 521,325,339,917,1014,1002
166: 79,864,241,549,469,485
167: 637,827,615,565,127,563
168: 607,53,885,409,274
169: 636,826,780,920,843,58
170: 501,605,513,129,272,688
171: 315,38,1003,209,894,546,992
172: 1006,994,816,75,125,659
173: 491,466,1004,117,560,790
174: 990,460,203,698,857,979
175: 950,844,459,703,965,246
176: 584,453,403,564,638
177: 266,679,743,59,378,8
178: 13,448,811,651,763,708
179: 217,508,787,657,470,733
180: 845,395,4,412,749
181: 576,835,696,222,139,772
182: 938,27,982,715,564,976
183: 863,1007,18,941,142,684
184: 842,128,567,249,1000
185: 600,1010,449,428,776
186: 893,153,648,195,482
187: 26,530,995,766,1010,267
188: 74,823,782,319,244,888
189: 965,792,950,425,757,814
190: 874,281,895,613,695,838
191: 946,442,849,907,134
192: 552,329,976,155,982,996
193: 783,989,966,291,465,302
194: 479,353,211,572,626,1005
195: 98,1009,482,1021,153,186
196: 322,314,118,122,49,597
197: 452,388,998,612,82,511
198: 644,411,455,488,707,433
199: 736,66,101,896,263,668
200: 997,930,164,394,231,818
201: 582,926,495,265,868
202: 88,793,944,6,542,296
203: 984,16,990,174,460,20
204: 349,957,277,986
205: 712,259,786,766,942,995
206: 149,624,643,971,458,556
207: 1008,490,285,647,210,599
208: 71,746,698,979,916,426
209: 934,25,821,315,171,992
210: 295,850,599,490,207,80
211: 194,697,353,572,545
212: 503,224,92,987,571,678
213: 721,667,121,151
214: 606,717,677,549,76,723
215: 85,918,239,970,537,903
216: 709,872,335,620,672,522
217: 480,233,912,179,508,733
218: 492,702,878,714,745,853
219: 3,420,899,553,478,87
220: 701,785,100,427,929,902
221: 415,366,771,740,273,331
222: 139,285,969,307,835,181
223: 886,151,397,609,342,514
224: 503,212,895,535,987,45,346
225: 71,434,928,592,1018,340
226: 922,61,275,955,551,532
227: 658,58,875,579,262,636
228: 666,738,370,376,528,634
229: 741,436,837,29,819,937
230: 240,484,827,565
231: 767,799,724,818,200,930
232: 431,833,777,407,531,706
233: 217,480,956,912,781,815
234: 913,829,733,480,334,642
235: 728,308,314,978,569,878
236: 150,413,594,548,761,588
237: 622,800,639,860,293,652
238: 445,705,762,739,654,290
239: 85,215,538,918,360,752
240: 820,484,1017,230
241: 166,79,640,469,105
242: 839,507,820,1017,881
243: 598,948,883,312,94,768
244: 823,188,960,888,323,656
245: 910,90,39,1024,410,949
246: 965,324,851,1022,703,175
247: 739,467,737,290,840,901
248: 826,89,131,631,431,407
249: 157,865,567,184,1000,578
250: 852,789,473,354,441,889
251: 802,805,919,355,975,117
252: 867,817,413,954,405,356
253: 828,114,731,22,653,414
254: 464,900,360,1015,14,752
255: 674,404,596,454,282,905
256: 548,873,475,761,710,700
257: 142,1000,684,430,673,578
258: 741,571,436,678,683,526
259: 205,786,392,97,701,942
260: 110,580,450,51,657,742
261: 460,525,979,426,683,526
262: 636,943,631,227,579,362
263: 361,156,668,732,199,101
264: 804,595,481,907
265: 985,201,926
266: 932,679,550,132,743,177
267: 600,1010,26,187
268: 598,883,81,429,762,654
269: 400,562,646,848,298,0
270: 658,367,33,906,875,474
271: 749,161,114,841,731,633
272: 135,734,866,129,170,688
273: 221,740,331,60,872,620
274: 409,593,168,885,697
275: 922,682,226,873,475,955
276: 571,683,583,525,346,987
277: 349,204,656,775,986,960
278: 822,929,282,902,905,723
279: 435,777,462,628,708,31
280: 842,880,391,128,133,755
281: 503,190,895,791,613,838
282: 822,278,905,858,255,404
283: 489,964,163,1011,555,50
284: 420,497,972,899,1016,993
285: 222,1008,139,207,969,647
286: 655,604,438,856,112,17
287: 692,586,529
288: 521,1014,506,483,622,800,808
289: 939,477,730,115,520,46,812
290: 739,467,654,247,921,238
291: 465,587,193,302,760,936
292: 765,590,339,1002,1011,977
293: 88,603,944,652,237,860
294: 866,861,859
295: 210,894,850,444,599,546
296: 955,711,551,793,202,542
297: 945,383,441,552,862,70
298: 0,562,269,127,704,406
299: 659,582,495,994,137,693
300: 975,324,498,724,802,629
301: 568,55,984,20,522,437
302: 925,73,193,966,291,760
303: 720,73,358,162,991,32
304: 846,909,1013
305: 751,123,916,1019,837,809,159
306: 888,699,665,566,348,323
307: 419,645,661,835,222,969
308: 728,847,235,778,314,122
309: 767,722,799,608,72,12
310: 824,37,381,124
311: 567,573,320,29,937,865
312: 103,997,94,768,947,243
313: 950,844,933,108,425,48
314: 118,196,122,235,308,978
315: 610,171,757,1003,25,209
316: 60,872,335,345,421,686
317: 377,669,754,1021,691,11
318: 28,429,762,832,705,849
319: 74,782,188,985,953,926
320: 573,794,649,29,311,159
321: 952,855,947,961,476,768
322: 196,122,362,676,49,943
323: 888,566,306,797,960,244
324: 246,975,300,851,498,1022
325: 521,165,339,143,34,853
326: 932,550,892,527,359,69
327: 655,112,718,518,572,904
328: 828,931,641,940,941,962
329: 552,192,862,638,574,976
330: 725,15,772,347,886
331: 221,366,273,60,130,758
332: 770,607,53,514,397,856
333: 692,879,586,105,951,915
334: 794,649,642,350,913,234
335: 45,709,316,872,216,345
336: 819,107,561,570,617,719
337: 691,530,995,712,555,377
338: 517,968,104,2,933,108
339: 325,165,1002,292,163,1011,34
340: 687,1018,47,581,225,592
341: 871,736,1020,372,764,538
342: 725,602,886,223,514,604
343: 917,1014,622,119,652,43
344: 412,529,749,161
345: 45,316,335,535,116,686
346: 45,709,583,276,224,987
347: 886,609,67,696,772,330
348: 888,699,306,816,125,782
349: 533,204,277,656,897
350: 334,794,755,913,113,133
351: 601,763,544,456,536,31
352: 111,639,860,150,594,21
353: 7,194,479,697,211,424
354: 789,250,743,378,616,889
355: 975,117,792,851,251,466
356: 908,405,42,834,252,954
357: 619,388,35,380,980,958
358: 730,760,162,115,303,73
359: 744,726,892,326,69,152
360: 254,14,752,764,538,239
361: 539,263,408,156,519,668
362: 322,122,262,943,579,778
363: 576,835,381,615,661,37
364: 497,158,972,635,959,807
365: 775,91,981,540,140,797
366: 221,771,331,130,779,788
367: 270,658,33,869,516,644
368: 873,386,710,962,22,682
369: 863,18,93,510,512,42
370: 924,666,228,738,884,120
371: 9,62,1023,499,970,537
372: 385,764,575,1001,871,341
373: 539,408,801,660,676,49
374: 606,864
375: 507,901,685,630,737
376: 725,602,914,528,634,228
377: 317,669,964,555,691,337
378: 59,806,743,177,354,681,616
379: 854,543,86,811,821,625
380: 680,10,35,980,935,357
381: 576,589,363,124,37,310
382: 599,546,95,825,38,647
383: 297,945,687,831,996,552
384: 523,141,614,1009,754,747
385: 372,63,120,575,1001,718,518
386: 368,713,710,940,93,962
387: 721,923,911
388: 197,357,619,998,82,958
389: 106,729,628,854,13,435
390: 893,153,664,974,553,618
391: 753,880,133,280,452,554
392: 977,259,786,590,596,97
393: 716,501,796,558,39,813
394: 663,681,806,164,200,818
395: 909,845,1013,180
396: 665,566,84,918,903,140
397: 667,151,223,770,332,514
398: 595,44,988,798,679,132
399: 48,690,104,933,148,623
400: 484,1017,881,562,269,646
401: 913,113,829,559,882,126
402: 663,509,70,47,581,146
403: 638,574,632,584,176,36
404: 674,255,793,6,858,282
405: 613,908,356,838,817,252
406: 704,1012,645,298,127,563
407: 232,431,556,706,248,89
408: 539,803,373,361,519,660
409: 274,168
410: 910,245,90,845,627,4
411: 502,198,695,455,488,515
412: 344,749,180
413: 867,252,594,236,954,588
414: 22,653,922,682,5,253
415: 221,560,790,771,740,773
416: 1016,783,451,993,750,75
417: 580,742,35,935,559,882
418: 463,931,641,949,500,1007
419: 1012,95,645,307,432,969
420: 219,284,899,1016,989,87
421: 810,758,675,686,316,60
422: 1006,816,487,62,699,19
423: 986,981,671,154,504,957
424: 983,147,621,7,479,353
425: 950,313,189,48,610,757
426: 916,809,208,979,261,526
427: 100,220,929,472,677,830
428: 766,449,942,785,1010,185
429: 28,762,318,476,268,598
430: 257,684,673,1024,500,813
431: 232,407,531,248,131,801
432: 419,1012,95,148,623,825
433: 21,707,644,198,516,111
434: 71,12,225,698,857,592
435: 279,777,706,389,729,628,624
436: 741,229,258,526,837,809
437: 740,773,301,55,522,620
438: 655,286,856,545,53,885
439: 802,805,568,629,443,72
440: 831,1018,735,956,468,928
441: 852,250,862,889,70,297
442: 524,946,445,191,705,849
443: 439,568,722,72,984,990
444: 295,894,850,24,448,547
445: 524,442,99,705,238,739
446: 85,970,66,1020,756,9
447: 491,625,790,771,543,779
448: 178,86,811,547,444,24,651
449: 785,100,428,505,185,776
450: 110,51,260,927,138,891
451: 783,416,966,994,75,693
452: 197,998,554,753,391,511
453: 176,715,564
454: 674,43,765,590,255,596
455: 502,644,411,198,843,869
456: 601,651,763,351,999,493
457: 467,921,650,784,968,2
458: 780,971,810,102,206,643
459: 175,844,557,948,973,703
460: 16,174,261,203,525,979
461: 912,508,155,23,735
462: 732,279,833,777,544,31
463: 931,418,841,633,910,949
464: 900,876,1015,254,626,1005
465: 291,664,587,193,989,87
466: 1004,173,814,355,117,792
467: 290,457,840,247,921,784
468: 956,781,440,746,928,1019
469: 166,241,640,541,485,532
470: 829,733,559,657,742,179
471: 727,759,680
472: 877,717,677,427,40,830
473: 69,36,852,789,250,152
474: 847,836,778,270,906,875,579
475: 873,256,275,700,542,955
476: 28,429,961,321,598,768
477: 289,520,648,482,46,614
478: 974,492,553,569,3,219
479: 194,353,626,621,424,56
480: 217,233,815,234,733,642
481: 264,595,988,134,907
482: 195,1009,648,186,477,614
483: 521,506,288,143,836,109
484: 240,1017,400,230,562,565
485: 541,160,166,549,469,76
486: 68,715,938
487: 422,1006,750,52,62,499
488: 411,198,695,838,817,707
489: 283,65,585,964,163,745,34
490: 1008,207,210,914,634,80
491: 934,1004,173,625,447,790
492: 218,974,569,702,878,478
493: 924,884,999,494,601,456
494: 924,493,601,63,575,144
495: 582,201,299,748,137,868
496: 795,747,141
497: 577,284,158,972,899,364
498: 103,1022,930,724,300,324
499: 52,62,371,1023,807,487
500: 1024,949,684,430,1007,418
501: 393,716,605,170,796,513
502: 411,843,455,515,136,591
503: 212,224,92,281,895,791,987
504: 689,983,154,621,423,671
505: 830,449,100,776
506: 521,288,483,906,808,836
507: 839,242,375,901
508: 217,461,912,179,23,787,694
509: 663,681,616,889,402,70
510: 369,93,42,954,713,588
511: 716,605,197,452,612,753
512: 42,774,834,863,369,18
513: 501,170,796,145,688,890
514: 332,397,223,342,604,856
515: 502,411,695,874,116,136
516: 367,33,644,433,111,769
517: 848,338,0,968,104,704
518: 385,1001,718,327,900,14,904
519: 803,408,756,361,668,967
520: 477,289,115,936,648
521: 325,165,1014,506,288,143,483
522: 672,20,301,437,216,620
523: 141,46,614,384
524: 96,946,445,442,99
525: 16,583,460,261,276,683
526: 436,683,258,426,809,261
527: 83,892,963,550,326
528: 602,376,228,738,898,17
529: 344,161,287,586,64
530: 691,337,26,662,187,995
531: 232,431,833,539,156,801
532: 541,551,226,61,640,469
533: 349,897
534: 666,80,884,999,850,24
535: 224,874,895,116,45,345
536: 601,544,351,144,101,896
537: 215,970,903,62,371,19
538: 85,239,764,341,1020,360
539: 408,373,361,156,801,531
540: 365,91,140,876,1015,84
541: 711,551,160,485,532,469
542: 88,700,202,475,955,296
543: 854,379,625,447,106,779
544: 351,536,31,732,462,101
545: 655,438,885,697,211,572
546: 295,894,382,599,171,38
547: 992,448,86,811,894,444
548: 713,256,761,710,588,236
549: 166,864,485,76,606,214
550: 266,932,963,132,326,527
551: 955,711,296,541,532,226
552: 192,862,329,297,996,383
553: 974,478,219,87,390,664
554: 452,126,998,113,391,133
555: 712,50,283,964,377,337
556: 407,706,206,624,971,89
557: 2,844,459,108,650,973
558: 753,880,41,393,716,813
559: 470,401,829,417,742,882
560: 415,790,773,117,919,173
561: 157,336,107,611,774,719
562: 484,400,269,298,565,127
563: 167,615,661,127,406,645
564: 638,976,453,176,715,182
565: 167,827,127,484,230,562
566: 665,396,323,306,140,797
567: 573,311,128,184,249,865
568: 439,805,301,443,55,984
569: 492,878,478,235,3,978
570: 819,336,741,678,92,617
571: 276,678,683,258,212,987
572: 194,211,655,327,545,1005,904
573: 567,794,755,320,311,128
574: 403,862,638,329,36,852
575: 372,385,63,494,871,144
576: 835,589,363,381,696,181
577: 3,497,158,978,899,118
578: 142,1000,257,611,157,249
579: 227,875,262,362,474,778
580: 417,51,759,260,742,935
581: 402,70,47,945,687,340
582: 659,953,201,926,495,299
583: 16,672,525,276,709,346
584: 176,632,403
585: 65,489,745,702,618,98
586: 692,287,333,64,951,529
587: 291,893,465,664,648,936
588: 548,713,510,413,236,954
589: 576,381,124,670,696,67
590: 765,292,596,454,977,392
591: 136,102,920,675,502,843
592: 434,12,225,47,340,608
593: 887,274,7,697
594: 867,150,413,236,21,352
595: 804,264,398,481,44,988
596: 590,255,454,905,97,392
597: 660,118,196,49,158,635
598: 268,243,883,429,476,768
599: 210,295,382,546,207,647
600: 1010,185,267
601: 456,351,536,493,494,144
602: 725,342,376,528,604,17
603: 88,700,293,150,761,860
604: 286,856,17,602,342,514
605: 716,501,170,511,129,612
606: 717,374,214,864,549
607: 770,168,332,53
608: 146,799,309,47,12,592
609: 347,886,121,151,223,67
610: 315,48,757,1003,690,425
611: 142,578,157,561,774,18
612: 861,129,82,197,605,511
613: 908,405,77,190,281,791,838
614: 523,46,384,1009,482,477
615: 637,167,661,37,563,363
616: 681,889,509,354,378
617: 77,719,336,570,92,791
618: 974,702,585,390,153,98
619: 357,882,126,388,998,35
620: 872,216,522,740,273,437
621: 983,504,424,479,671,56
622: 800,237,652,343,1014,288
623: 148,432,825,399,690
624: 206,729,149,435,556,706
625: 934,491,821,447,379,543
626: 464,876,1005,194,479,56
627: 845,1013,145,846,90,410
628: 389,729,13,708,435,279
629: 802,439,767,724,72,300
630: 685,375
631: 262,248,636,943,826,131
632: 726,584,36,152,403
633: 463,841,910,4,749,271
634: 914,376,490,666,228,80
635: 158,364,803,660,597,959
636: 262,169,826,631,227,58
637: 167,827,615,37,824
638: 403,564,329,574,976,176
639: 352,111,800,769,237,860
640: 241,469,61,105,915,532
641: 931,418,328,1007,941
642: 334,649,480,815,234,751
643: 130,206,149,810,458,758
644: 198,455,433,367,869,516
645: 406,419,1012,307,661,563
646: 881,400,269,848,0,30
647: 285,207,969,95,382,599
648: 893,186,587,482,477,520,936
649: 334,794,642,320,159,751
650: 973,81,457,921,2,557
651: 763,456,24,448,178,999
652: 119,293,944,622,237,343
653: 414,5,731,253,64,951
654: 290,921,238,762,268,81
655: 327,438,286,545,112,572
656: 349,277,960,897,823,244
657: 110,260,742,787,179,470
658: 270,227,367,58,869,875
659: 953,582,299,172,994,125
660: 49,597,803,408,373,635
661: 615,563,645,307,835,363
662: 691,26,530,11,795
663: 394,681,402,509,146,818
664: 893,465,390,587,553,87
665: 699,396,566,19,306,903
666: 228,534,370,80,884,634
667: 151,397,213,770
668: 263,756,361,519,66,199
669: 317,377,98,1021,65,964
670: 589,124,911,721,121,67
671: 91,981,423,56,504,621
672: 16,583,20,522,709,216
673: 1000,257,430,842,41,813
674: 43,255,404,454,119,6
675: 136,810,102,421,591,686
676: 322,49,943,131,373,801
677: 472,717,214,929,723,427
678: 741,571,258,570,212,92
679: 266,132,177,398,798,8
680: 10,380,935,759
681: 394,663,616,509,378,806
682: 22,922,414,275,873,368
683: 276,571,258,526,261,525
684: 142,257,430,500,1007,183
685: 630,99,375,737
686: 136,421,675,316,345,116
687: 945,831,1018,383,340,581
688: 78,890,272,734,170,513
689: 983,154,504
690: 825,48,610,399,38,1003,623
691: 337,662,530,11,317,377
692: 879,287,586,333
693: 925,137,994,966,451,299
694: 23,787,870,27,110,508
695: 411,488,515,838,874,190
696: 576,589,181,772,347,67
697: 353,211,885,545,274,593
698: 71,434,208,857,979,174
699: 665,348,19,306,422,816
700: 88,603,542,475,256,761
701: 942,785,220,902,97,259
702: 218,974,492,618,585,745
703: 1022,94,948,175,459,246
704: 406,1012,148,517,298,0,104
705: 445,442,849,238,762,318
706: 232,435,556,777,407,624
707: 867,817,21,433,198,488
708: 763,31,13,178,628,279
709: 45,346,335,216,672,583
710: 548,873,368,386,713,256
711: 296,858,541,551,160,793
712: 205,555,50,786,337,995
713: 548,386,710,588,93,510
714: 728,109,143,218,878,853
715: 486,453,564,182,938
716: 393,501,605,511,753,558
717: 877,472,606,214,677
718: 385,120,518,898,327,112
719: 617,77,774,834,336,561
720: 925,303,748,137,73,32
721: 387,213,911,670,121
722: 309,72,12,857,443,990
723: 822,929,278,76,214,677
724: 767,231,498,930,300,629
725: 602,914,342,330,376,15,886
726: 744,632,359,152
727: 138,471,51,759
728: 714,847,235,308,109,878
729: 106,389,628,149,788,624,435
730: 939,289,358,162,115
731: 114,841,253,161,271,653,64
732: 833,462,544,101,263,156
733: 470,234,829,217,480,179
734: 135,272,688,78
735: 440,831,996,155,461,956,912
736: 871,66,341,199,1020,896
737: 739,247,685,99,375,901
738: 924,228,370,528,898,120
739: 737,290,247,445,99,238
740: 415,221,273,773,437,620
741: 229,436,678,258,819,570
742: 580,417,260,657,470,559
743: 266,932,177,789,354,378
744: 726,359,892
745: 585,489,34,853,218,702
746: 71,208,928,468,916,1019
747: 496,795,754,11,141,384
748: 720,137,495,868,32
749: 412,344,161,271,180,4,633
750: 1006,75,487,52,416,993
751: 305,123,815,649,642,159
752: 360,1015,254,84,918,239
753: 558,880,391,452,716,511
754: 317,1009,1021,11,384,747
755: 573,794,350,128,133,280
756: 519,668,66,446,9,967
757: 315,610,425,189,25,814
758: 810,421,331,60,130,643
759: 580,51,727,680,935
760: 358,115,936,291,302,73
761: 548,256,150,236,603,700
762: 429,318,705,238,654,268
763: 651,708,456,351,31,178
764: 372,1001,341,360,14,538
765: 43,292,590,454,917,1002
766: 942,428,205,187,995,1010
767: 231,799,309,724,72,629
768: 312,476,321,947,243,598
769: 111,800,639,808,33,516
770: 607,332,667,397
771: 415,221,366,790,447,779
772: 139,15,696,181,347,330
773: 415,560,740,437,919,55
774: 512,834,719,561,611,18
775: 365,986,981,797,960,277
776: 449,505,185
777: 232,435,279,833,462,706
778: 847,474,308,579,122,362
779: 106,788,447,366,771,543
780: 971,458,102,920,169,826,89
781: 233,956,468,815,123,1019
782: 188,319,888,348,125,953
783: 193,1016,416,989,966,451
784: 848,30,968,467,457,840
785: 701,449,942,100,428,220
786: 712,205,977,259,50,392
787: 694,870,110,657,179,508
788: 130,106,729,779,149,366
789: 69,473,250,354,932,743
790: 415,560,771,491,173,447
791: 503,92,281,613,617,77
792: 965,355,189,851,466,814
793: 202,6,711,296,858,404
794: 334,573,755,649,350,320
795: 496,747,662,11
796: 393,501,145,513,90,39
797: 365,775,140,960,566,323
798: 398,988,679,961,57,8
799: 767,231,146,309,818,608
800: 622,639,769,808,237,288
801: 539,373,431,531,131,676
802: 439,251,805,629,975,300
803: 408,519,660,959,967,635
804: 264,595,44
805: 802,439,251,568,919,55
806: 59,378,164,855,394,681
807: 52,959,1023,499,972,364
808: 800,769,33,906,506,288
809: 305,916,426,837,436,526
810: 458,102,421,758,675,643
811: 854,379,13,448,178,86,547
812: 46,939,289
813: 39,1024,558,41,393,430,673
814: 466,1004,25,189,792,757
815: 480,233,781,751,123,642
816: 422,1006,172,125,699,348
817: 867,252,707,405,488,838
818: 231,146,799,394,663,200
819: 336,937,107,570,741,229
820: 240,1017,242
821: 934,209,625,992,379,86
822: 282,278,76,723,858,160
823: 74,54,897,188,244,656
824: 637,37,310
825: 38,1003,690,95,432,623,382
826: 248,169,636,89,631,780
827: 637,167,565,230
828: 114,931,253,328,962,22
829: 913,470,234,401,733,559
830: 40,505,472,100,427
831: 687,440,996,1018,383,735
832: 28,318,57,988,134,849
833: 232,732,777,462,531,156
834: 908,512,42,356,77,774,719
835: 576,363,181,661,307,222
836: 847,474,109,906,506,483
837: 305,809,29,159,229,436
838: 695,488,190,281,613,405,817
839: 242,507,901,840,881,30
840: 467,247,839,901,784,30
841: 463,114,931,731,633,271
842: 880,128,41,280,184,1000,673
843: 502,455,920,591,169,58,869
844: 175,950,557,459,108,313
845: 395,1013,180,627,4,410
846: 304,890,145,1013,627
847: 728,836,474,308,778,109
848: 517,784,0,30,968,269,646
849: 442,191,705,134,318,832
850: 210,295,444,24,534,80
851: 965,355,246,975,324,792
852: 36,473,250,441,862,574
853: 745,34,714,325,143,218
854: 379,543,13,811,106,389
855: 59,806,321,952,164,947
856: 604,438,286,332,53,514
857: 434,12,698,722,990,174
858: 711,160,793,404,822,282
859: 980,294,958
860: 352,639,237,150,603,293
861: 294,866,129,612,82
862: 552,329,574,852,441,297
863: 940,369,183,18,93,941,512
864: 166,79,549,606,374
865: 157,249,937,107,567,311
866: 294,861,129,135,272
867: 817,413,252,594,21,707
868: 201,495,748
869: 658,367,58,644,843,455
870: 787,694,891,938,27,110
871: 736,341,144,896,372,575
872: 316,60,335,216,620,273
873: 368,475,256,710,682,275
874: 190,895,535,116,695,515
875: 270,658,227,906,579,474
876: 464,1015,626,91,540,56
877: 472,717,40
878: 218,492,569,728,714,235
879: 692,333,105
880: 842,753,558,391,41,280
881: 1017,400,646,839,242,30
882: 619,126,417,35,401,559
883: 268,243,598,948,973,81
884: 924,666,534,370,999,493
885: 168,53,438,545,274,697
886: 347,609,223,725,342,330
887: 593,7,147
888: 348,323,306,782,188,244
889: 616,509,70,250,354,441
890: 688,78,846,145,513
891: 870,68,927,110,450
892: 83,527,744,359,326
893: 390,153,664,648,186,587
894: 295,444,546,171,992,547
895: 503,224,874,190,281,535
896: 871,736,144,199,101,536
897: 54,823,533,349,656
898: 112,17,528,738,120,718
899: 3,577,219,284,420,497
900: 464,254,1005,14,904,518
901: 839,507,375,737,840,247
902: 929,278,905,97,701,220
903: 215,918,537,665,396,19
904: 900,1005,327,518,572
905: 282,902,278,97,255,596
906: 270,33,875,808,836,474,506
907: 264,481,134,191
908: 613,405,42,356,77,834
909: 395,1013,304
910: 245,410,949,4,463,633
911: 923,124,670,387,721
912: 217,233,461,956,508,735
913: 113,234,401,829,334,350
914: 725,376,634,1008,490,15
915: 333,105,951,61,5,640
916: 305,123,1019,426,809,208,746
917: 343,165,1014,1002,43,765
918: 215,239,903,752,84,396
919: 251,805,55,117,560,773
920: 780,102,591,843,169,58
921: 467,654,290,457,650,81
922: 682,226,414,61,5,275
923: 911,387
924: 738,370,884,493,494,63,120
925: 720,302,137,73,693,966
926: 953,582,201,319,985,265
927: 138,68,891,450
928: 71,746,225,440,1018,468
929: 902,278,723,677,220,427
930: 498,103,200,997,231,724
931: 463,828,114,418,841,641,328
932: 266,550,743,326,69,789
933: 108,313,338,104,48,399
934: 491,1004,25,209,821,625
935: 680,35,380,580,417,759
936: 760,115,520,291,648,587
937: 819,865,107,29,311,229
938: 182,870,27,486,68,715
939: 730,289,812
940: 863,93,941,962,328,386
941: 940,863,1007,183,641,328
942: 766,701,785,428,205,259
943: 262,131,631,322,362,676
944: 119,88,293,202,6,652
945: 297,687,383,70,581
946: 96,524,442,191
947: 321,164,855,312,997,768
948: 243,883,973,94,703,459
949: 910,245,1024,500,463,418
950: 175,844,313,425,965,189
951: 586,333,64,915,653,5
952: 59,321,855,8,961
953: 659,582,926,125,782,319
954: 413,252,42,356,510,588
955: 296,551,475,226,275,542
956: 233,912,781,468,440,735
957: 204,154,986,423
958: 82,980,859,357,388
959: 1023,807,967,803,364,635
960: 775,797,323,277,656,244
961: 28,476,57,798,321,952
962: 940,828,328,368,386,22
963: 550,132,527,44
964: 283,65,489,555,377,669
965: 246,189,792,851,175,950
966: 193,783,451,925,302,693
967: 9,959,1023,803,756,519
968: 848,517,784,338,457,2
969: 222,285,647,419,95,307
970: 85,446,215,537,9,371
971: 780,458,102,206,556,89
972: 284,497,364,52,807,993
973: 650,948,883,81,557,459
974: 492,553,702,478,618,390
975: 355,300,324,851,802,251
976: 192,564,638,329,182,982
977: 50,786,392,292,590,1011
978: 3,577,314,118,235,569
979: 208,698,426,174,460,261
980: 10,380,859,357,958
981: 365,775,91,986,423,671
982: 23,182,27,192,976,155
983: 689,504,147,621,424
984: 990,20,203,301,568,443
985: 74,319,926,265
986: 775,981,423,204,957,277
987: 503,212,224,276,571,45,346
988: 595,398,481,798,832,57
989: 193,1016,783,87,420,465
990: 984,174,203,722,857,443
991: 32,303,162
992: 86,547,171,209,821,894
993: 1016,416,52,284,972,750
994: 172,75,451,659,299,693
995: 337,187,530,712,205,766
996: 831,383,735,552,192,155
997: 103,200,312,930,164,947
998: 197,452,619,126,388,554
999: 534,884,493,24,651,456
1000: 257,673,578,842,184,249
1001: 372,385,764,518,14
1002: 165,339,917,765,292,1011
1003: 825,315,610,171,38,690
1004: 934,491,466,25,173,814
1005: 464,900,626,904,194,572
1006: 422,172,750,816,75,487
1007: 183,941,684,500,418,641
1008: 139,490,285,15,207,914
1009: 195,482,754,1021,614,384
1010: 600,185,267,766,428,187
1011: 283,163,339,1002,292,977,50
1012: 704,406,419,645,148,432
1013: 909,845,395,627,304,846
1014: 343,521,165,917,288,622
1015: 464,876,254,752,84,540
1016: 783,416,989,993,284,420
1017: 240,820,484,881,400,242
1018: 687,440,831,340,225,928
1019: 305,123,916,781,468,746
1020: 736,66,341,85,446,538
1021: 195,317,98,669,1009,754
1022: 498,103,94,703,246,324
1023: 9,371,959,499,807,967
1024: 245,39,949,500,813,430