0: 704,1057,1126,298,1167,1336
2: 1486,457,650,968,2019,338
3: 569,1116,1696,978,1203,1585
4: 633,1264,1698,180,1729,749
5: 653,915,1727,951,1245,1681
6: 202,944,1254,1861,1270,1889
7: 424,1919,1174,593,1495,1568
8: 177,679,1572,59,1691,1669
9: 967,371,1482,1639,970,1964
10: 2033,1089,680,980,380
11: 795,691,1032,1180,1962
12: 434,857,608,1592,1831,1154
13: 389,1286,1307,2030,708,628
14: 900,254,1052,1359,1360,1688
15: 914,1506,1515,330,725,1934
16: 672,583,2032,1692,1701,1762,1938
17: 1169,1354,1066,1835,1113,1944
18: 369,512,1200,1278,1975,1550
19: 2025,699,665,903,1168,1337
20: 203,522,2032,301,984,1227
21: 867,594,433,1560,1995,1465
22: 368,1779,2011,253,1073,1466
23: 694,1784,155,1231,1390,2014
24: 999,651,1185,1300,448,1181,1908
25: 1600,1158,814,1774,1940,1620
26: 1996,267,662,1108,187
27: 2014,182,2015,1846,870,694
28: 57,1508,1366,1916,2037,1419
29: 311,1745,2044,1056,1134,1841,937
30: 2047,784,1422,1455,848,1845
31: 2030,462,544,1148,1362,1430
32: 991,303,1289,1404,1410,720
33: 808,1695,1657,1325,270,367,906
34: 853,1703,489,325,1628,1743
35: 1806,1751,619,1836,1453,1498
36: 1960,152,1634,1706,1844,403
37: 637,1900,615,363,1823,1898
38: 1003,171,1094,1467,1744,1911
39: 1024,1674,1265,1913,2036,1132
40: 1947,1684,1555,830
41: 558,813,1728,1357,1548,842
42: 1638,510,1038,1258,954,356,1372
43: 674,119,343,1188,1539,1761
44: 804,1776,963,1686,1075
45: 535,1069,1358,709,1820,345,1771
46: 614,477,1090,1445,1242,1894
47: 1892,146,402,1924,1368,1667,340
48: 313,1438,1140,933,1907,1971,610
49: 322,676,1393,1988,1423,1537
50: 977,1011,1472,1544,712,2002
51: 138,580,450,1277,1030,727
52: 487,1037,1429,1483,807,1023,1653
53: 607,856,1170,1238,332,1053
54: 74,1191,1977,823,897
55: 301,437,1802,1227,1260,1317
56: 1087,1699,621,479,1261,1334
57: 798,1952,1660,1508,28,1916
58: 843,869,1088,1157,169,1551
59: 1631,8,1572,1691,952,855
60: 316,872,1063,1626,331,1813,1792
61: 915,1727,1441,640,532,226
62: 2025,1330,537,499,1166,1534
63: 1756,575,924,1096,1205,1724
64: 586,1328,1770,529,951,1681
65: 1244,964,98,669,1879,1886
66: 668,736,1948,1253,756,1458
67: 347,1816,1435,1512,696,1402
68: 938,1959,486,1450
69: 1963,473,1706,1798,1582,326,1598
70: 1035,2004,441,509,945,2026
71: 208,1702,1071,1475,746,1076
72: 722,629,1847,1131,1769,1797
73: 303,720,1976,1811,760,1505
74: 54,985,1191,1479,1977,1369
75: 994,172,1237,1772,1006,1992
76: 723,1694,214,1997,1097,1860
77: 908,719,1068,1389,2000,1829
78: 734,1851,1644,688,2007,890
79: 2012,1752,864,241,166,1221
80: 2021,1607,490,850,534
81: 1083,1866,1198,268,1299,1858
82: 1183,1748,1781,388,197,1048
83: 1804,963,1821
84: 540,1865,1015,1273,1939,752
85: 446,538,1887,1020,1458,1656
86: 811,1398,1209,992,1778,1897
87: 219,553,1228,1421,1990,1859
88: 1106,1254,1664,1830,1321,2023
89: 826,780,1211,1447,971,2027
90: 2036,1872,1301,245,1132,1522
91: 365,1046,1456,1087,1699,981,1202
92: 212,987,1678,1280,503,1502,1041
93: 863,1258,1323,1494,386,940,713
94: 243,1581,1517,1850,312,1120
95: 382,419,825,1576,1606,1651
96: 946,1734,524,1722
97: 1768,1707,902,1529,905,596
98: 1244,65,618,585,1828,1886
99: 685,1883,1603,445,1722
100: 830,505,427,1411,220,1885
101: 199,896,536,1384,1388,1635
102: 920,591,1085,1212,1279,1580,1561
103: 498,1022,1583,2048,1854,1391,1850
104: 1864,399,1140,1981,933,148,1794
105: 915,1294,1531,1966,640,1877
106: 543,389,1061,1487,1953,1490
107: 819,336,1763,1986,1117,1444
108: 2019,1614,1907,1486,844,557
109: 2022,847,1194,483,143,836
110: 2038,1554,1277,657,260,787
111: 1465,769,1025,1257,433,1636
112: 898,1382,327,718,286,1169
113: 1818,1931,350,1426,1610,1721
114: 1451,1612,828,1466,253,1235
115: 936,1888,520,1445,1272,1755
116: 874,1424,1358,345,1807,515,136
117: 251,1383,1809,1750,1135,1549
118: 577,1857,2029,158,1983,1585
119: 674,43,343,1861,944,1255
120: 1891,1213,738,370,1756,924
121: 721,213,1951,670,1717,1392
122: 196,1597,1405,1783,1331,314
123: 1287,1452,1019,1559,1275,1619
124: 381,589,1417,1509,1593,1697
125: 659,816,172,1237,1764,782,1365
126: 1818,1931,1067,882,1751,619
127: 406,1874,1319,1126,298,1788
128: 755,1471,280,1074,1463,1917
129: 272,1133,1936,170,605,1124
130: 2031,1812,643,788,1946,1232
131: 943,676,1613,248,631,1497,801
132: 1578,1189,1686,1075,1838,266
133: 391,1426,1520,1721,755,280
134: 1155,1725,481,832,1201
135: 272,734,866,1133,1801
136: 515,1190,1596,1807,116,1941,1616
137: 1146,1965,299,693,1119,582
138: 51,450,1967,727
139: 2018,1690,1008,772,1934
140: 365,2020,797,540,1046,1865
141: 1333,1111,384
142: 257,578,611,1975,1373,1550
143: 483,1230,2022,109,714,1979
144: 2017,896,536,1322,1659,372,871,1833
145: 513,796,1872,1060,1301,1579
146: 663,1892,818,402,47,1368
147: 887,424,1415,1919,1972,983
148: 432,1958,1794,104,1981
149: 2031,624,643,1315,1477,206
150: 860,603,352,1560,2045,1896
151: 1274,397,1749,1251,223,1902
152: 36,1219,1634,1706,1798,1957
153: 618,1240,1828,1493,1800,1150
154: 1050,1306,1711,1840
155: 23,461,1784,1390,996,1843
156: 539,1863,531,361,1507,833,1138
157: 1978,611,1045,1587,1763,561
158: 1803,577,118,497,1983,1733
159: 1380,2044,1056,1159,1985,649
160: 541,1187,711,1324,485,2009
161: 731,271,1770,1312,529,1065
162: 1218,1381,1410,1943
163: 489,1646,745,1743,1244,1879
164: 1288,806,394,200,997,1714
165: 521,1356,1540,1775,1920,917
166: 469,1221,1342,79,864,1853
167: 827,1900,1720,1855,230,1878
168: 1492,1881,409,274,1177,1914
169: 1551,1974,1580,1683,58,843
170: 272,1851,129,605,1127,1059
171: 315,1003,38,209,1094,1158
172: 659,75,994,125,1160,1237
173: 491,1004,1601,1310,1469,466,1809
174: 2035,1344,1930,460,1313,1425
175: 950,965,1608,1677,459,1352
176: 453,584,1521,1826
177: 266,679,8,1271,1525,1572
178: 854,1564,1239,1286,708,1248,1906
179: 1541,1104,1385,217,508,1530
180: 1719,1623,1207,4,1698,749
181: 576,696,1825,1690,1304,1512
182: 2014,982,1846,1849,27,2003
183: 1373,1550,1034,1278,1968,1880
184: 567,1921,1504,1225,1917,249,1197
185: 449,1250,1785,2028,428,1387
186: 195,482,648,1150,1240,2040
187: 1010,2042,1108,766,26,267
188: 244,1998,1093,1130,1233,1977,823
189: 1144,1406,1285,1433,814,1774
190: 281,895,1153,1249,613,791,1058
191: 442,1155,1457,1725,1918,2010
192: 1172,1815,1843,976,982,1390
193: 302,1193,1347,1439,291,1617
194: 1206,1476,1673,353,626,1118
195: 482,1224,186,1021,1240,1513
196: 122,1423,1597,1857,314,1709
197: 1808,1048,1107,998,388,82
198: 411,455,1208,1524,1932,1566
199: 101,896,1226,1322,1384,1948
200: 1288,394,164,1526,1220,1054
201: 265,868,1999,495,1290
202: 296,793,1321,6,1254,1889
203: 20,2032,1425,1436,1938,984
204: 957,1243,349,1427
205: 995,1622,942,259,1461,1485
206: 458,1085,1129,643,149,1315
207: 599,1043,1143,1370,1648
208: 71,979,1641,1702,1076,1574
209: 1600,171,1094,1158,821,1984,992
210: 1607,490,599,1370,1767,295
211: 697,1568,1732,545,353,1673
212: 1780,678,1678,92,570,1280
213: 1749,121,1251,1682,1717,1392
214: 723,1694,717,76,1645,1215
215: 1887,239,1434,1656,1884,1481
216: 522,672,1553,1701,1049,1302,1602
217: 508,1440,1541,179,912,1142
218: 702,1590,1773,492,1759
219: 87,553,478,1696,1990,1791
220: 427,100,1459,1834,1885,785
221: 415,366,1152,1403,1666,1837,1875
222: 2018,1890,969,1008,285,1648
223: 1535,1923,1749,609,151,1902
224: 503,535,895,1041,1625,1069
225: 1071,928,1018,592,1643,1718
226: 532,551,1868,61,1441,1086
227: 1088,1446,262,1873,1351,579,875
228: 738,634,376,528,1100,666
229: 819,1442,1796,1134,937,741
230: 827,1263,167,1136,1878
231: 767,1627,1526,1054,799,724
232: 431,833,777,1138,1282,2006,1528
233: 781,912,1799,1142,1538
234: 480,1842,1229,1536,1730,733
235: 1109,569,878,1545,1871,978
236: 588,2045,1896,1893,1070,1418
237: 293,652,1909,1546,1255,1830
238: 654,762,705,1184,290,1937
239: 215,1887,1397,1945,918,1884,1481
240: 1017,1949,820
241: 2012,79,1877,1966,1221
242: 1139,1332,881,1078
243: 94,883,973,1517,598,1120
244: 888,188,1998,323,1130,1758
245: 410,910,1132,949,1522,90
246: 851,792,1954,1882,965,1318
247: 1454,901,840,467,1196,1091
248: 631,826,1211,1497,1510,131
249: 1978,578,1197,1587,184,1225
250: 889,789,1309,1371,473,1582
251: 355,975,117,1308,1383,1135
252: 1164,1222,1162,356,1437,1557,954,1372
253: 22,1779,1466,114,1235,414
254: 464,900,14,1939,1359,1704
255: 404,1987,596,454,1470,1928
256: 761,1070,1396,700,1489,1747
257: 142,1000,578,1373,684,1624
258: 741,1780,678,1363,1637,436,1442
259: 1768,1461,1605,1662,205,942
260: 657,742,1713,580,1277,110,1665
261: 979,2035,426,1409,1313,1305
262: 636,631,1873,1510,227,1993,1351
263: 732,1226,1384,1863,1507,1408
264: 1500,907,1705,481
265: 201,1290,1345,1571
266: 177,679,1525,132,1578,1838
267: 1996,1599,26,600,1010,187
268: 1640,1299,1712,81,883,1858
269: 646,1057,1126,1788,1901,562
270: 658,367,1098,1695,33,906,1726
271: 731,841,161,1128,1312,1729
272: 135,734,1133,1851,170,129
273: 1152,1403,620,872,1049,1302,1626
274: 1177,1495,409,168,593
275: 682,1868,1182,955,1086,1395
276: 571,683,346,583,1241,525
277: 960,656,986,1243,1427,1026
278: 282,905,1577,1216,902,1876,929
279: 435,777,1790,462,628,1430
280: 755,128,1463,1570,133,391
281: 503,1502,190,895,613,791
282: 278,905,1335,1987,1533,1216
283: 555,2002,1646,1544,964,1879
284: 2034,1346,1595,972,1483,993
285: 1143,1648,1651,1576,222,969
286: 1382,112,1169,1944,1814,1680
287: 586,692,1199,1915
288: 506,1014,1123,1540,808,1246
289: 730,1272,1445,1894,1942
290: 654,238,1937,1196,739,467,1556
291: 936,1888,587,1617,193,1347
292: 590,1787,977,1011,339,2005
293: 860,1546,1106,1255,1830,237
294: 1543,1748,1781,1655,1848,861
295: 1925,546,1895,1607,210,1767
296: 793,1321,202,542,1027,1281
297: 1035,441,1080,1676,1364
298: 0,704,1126,127,1319
299: 1160,1204,2041,693,582,137
300: 1867,1217,1292,1391,1933,324
301: 55,437,1227,522,1553,20
302: 1811,925,966,193,1347,1439
303: 32,1410,720,73,1218,1505
304: 1569,909,1899,846,1013
305: 837,809,1559,1275,1380,1985
306: 888,1852,323,1047,665,1337
307: 1176,1326,1765,835,1890,969
308: 728,1783,1194,1331,1685,1109
309: 722,1154,1627,1689,1797,608
310: 1509,1593,824,1823,923
311: 29,573,1745,1912,1841,937
312: 1120,1629,1462,94,1850,1854
313: 425,844,48,1438,1677,933,1907
314: 1857,2029,196,122,1783,1871
315: 757,1003,610,171,1158,1774
316: 686,60,1063,1195,1813,421
317: 377,1099,1115,1668,1210,1962
318: 849,705,1904,1366,1760,1419
319: 985,1369,953,1345,926
320: 2044,1159,1841,1532,1632,794
321: 961,1036,1547,947,952,1112
322: 943,49,676,1423,1597,1735
323: 888,244,306,1047,1062,1758
324: 975,851,1954,300,1292,1933
325: 34,1703,1628,1356,1775,1448
326: 550,1598,1376,932,1963,69
327: 1382,718,112,1672,1420,1611
328: 828,962,1950,1073,1466,1114,1594
329: 976,638,574,1514,862,1815
330: 725,1817,772,1910,1934,15
331: 1152,1875,60,1626,1946,1792
332: 1348,770,397,607,53,1238
333: 692,879,1072,1294,1328,1531
334: 794,1842,1092,1229,1298,1491
335: 709,872,1063,1195,1302,1602,1771
336: 617,570,107,1117,1303,1444
337: 2043,712,1485,1428,1501,995
338: 517,2019,1503,1565,2,968
339: 292,1787,1011,1448,1496,1628
340: 687,592,1643,581,1924,47,1667
341: 372,1340,2017,1377,764,1473
342: 886,1066,725,1910,602,1113,1175
343: 43,119,1539,1125,652,1255
344: 412,1754,1065,749,1623,1312
345: 686,1195,1807,1771,45,1358,116
346: 276,571,987,1241,1625,1789
347: 67,1816,1817,1923,609,1402
348: 888,1852,782,1998,1122,1365
349: 1283,1856,1427,204
350: 113,1610,1721,1378,1092,1491
351: 456,1105,1388,1827,601,536
352: 860,150,1546,1560,1137,1151
353: 211,1568,194,1673,1174,1118
354: 616,378,1271,1737,789,1723,1371
355: 975,251,851,792,1383,1693
356: 908,1437,1829,42,1638,954,252
357: 958,980,1183,380,1453,1498
358: 730,1218,1381,1272,1505,1755
359: 1376,1740,1103,726,1963,1219
360: 764,1052,1710,1473,1945,538
361: 539,1863,373,531,156,1716,1033
362: 1993,1405,1735,1351,579,1658
363: 37,615,661,1898,1782,1832
364: 807,959,635,1803,972,1483
365: 91,140,797,1046,1202,1805
366: 221,779,1666,1875,1812,1573
367: 270,658,1819,516,1657,33
368: 22,2011,1081,1355,1073,1114
369: 863,512,18,1038,1278,1494
370: 1314,1929,738,1100,120,924
371: 9,1639,1653,970,1330,499
372: 341,575,1205,1340,871,2017,144
373: 539,361,1480,1033,1256,1393,1537
374: 1443,606
375: 1186,1468,1869,1139,507
376: 602,228,634,528,1506,1835
377: 317,555,1099,1115,1428,1501
378: 616,354,1631,1271,1572,2008
379: 811,854,543,1061,1618,1398
380: 980,357,680,10,1400,1498
381: 1304,124,1898,589,1509,1782
382: 95,825,1911,1589,647,1651
383: 2046,552,1268,1364,1604,1739
384: 523,1708,1700,1111,141
385: 718,1891,1672,1756,1350,1724
386: 962,1114,940,93,713,1081
387: 1163,911
388: 1183,82,1751,1453,197,998
389: 13,106,1061,1286,1490,1307
390: 1822,1493,1800,1738,553,1421
391: 133,1520,753,280,1570,880
392: 1707,1529,1662,786,2005,1519
393: 558,1913,1575,1149,1548,1647
394: 806,164,200,681,1567,1220
395: 1013,1214,1719,1044,1207
396: 665,1168,566,2020,1082,1047
397: 1274,770,332,151,1902,1238
398: 798,1838,988,1669,1766,679
399: 1864,104,1140,933,1614,1503
400: 1017,1234,1332,881,1588,1901
401: 1931,1610,829,882,1687,913
402: 1969,663,146,2026,47,1667
403: 574,1973,1141,36,1634,1844
404: 1270,255,1121,1987,1533,1470
405: 613,1058,1557,817,838,1162
406: 645,563,1824,1874,127,1319
407: 706,556,1460,2006,1528,2027
408: 1480,1033,1379,803,1542,519
409: 1492,168,274
410: 845,910,245,1264,1522,1698
411: 502,198,455,1190,1449,1524
412: 1754,344,1623
413: 867,594,1164,1222,1893,1418
414: 653,922,1245,1235,1779,253
415: 221,560,790,1343,1666,1837
416: 1284,1374,1992,1772,451,783
417: 882,1836,1511,1687,559,1713
418: 1007,500,1558,1431,1663,641
419: 95,1576,1606,1795,1609,1765
420: 1990,1346,1595,1741,1791,899
421: 1813,675,810,1616,686,316
422: 1562,1166,1478,699,1652,816
423: 1306,1621,1711,981,671,1236
424: 147,1919,983,7,1174,1361
425: 950,313,1438,1144,1677,1406
426: 916,1409,1574,1777,979,261
427: 929,100,1411,220,1834,677
428: 1413,1387,1982,1459,449,185
429: 476,2037,1419,1712,1640,1904
430: 1624,673,1432,1674,1265,813
431: 232,1138,1460,1528,1497,801,531
432: 1958,148,623,1606,1794,1795
433: 707,21,1636,1995,1465,111
434: 857,698,12,1702,1592,1718
435: 706,777,279,2006,1790,1179
436: 526,1796,1040,741,258,1637
437: 301,55,1802,1553,773,740,620
438: 885,1053,1732,1814,1170,655
439: 1615,805,568,1260,629,1847
440: 468,956,1650,1051,1367,1757
441: 1035,889,2004,1080,70,297
442: 191,1457,1918,1980,946,524,1102
443: 568,984,1847,1131,990,1436
444: 547,1925,1178,1181,1908,1895
445: 99,1883,1291,524,1722,1102
446: 85,970,1964,1253,1458,1656
447: 1259,1293,771,779,543,1618,1487
448: 547,1181,1416,1908,1564,999,24,651,1248
449: 1250,1252,185,1459,1885,428
450: 138,51,1967,1077,1554,1277
451: 966,1079,783,416,994,2041,1772
452: 753,1808,1107,1327,554,1520
453: 176,1412,1826,1633
454: 1165,1928,255,596,1519,1707
455: 502,411,198,1584,1932,2001
456: 763,351,1105,1935,493,1827
457: 921,2,1955,650,1028,1198,968
458: 810,758,1085,1212,206,643,1232
459: 703,948,1352,1156,175,1608
460: 1313,1425,1762,1938,174,2035
461: 1784,155,1339,1650,996,735
462: 31,1362,1430,777,279,1282,1793
463: 910,633,949,1558,1663,1630
464: 1939,254,1704,1671,876,1015
465: 1394,587,1617,1675,664,1228
466: 1285,1383,1693,1809,173,1469
467: 1454,247,1196,290,1028,1556
468: 440,956,1742,1101,1538,1051
469: 166,1401,1187,1221,1269,1342
470: 657,559,742,1104,1385,1464
471: 1991,680,1488,1810
472: 1411,717,1645,1516,1684
473: 1960,69,1706,1582,250,1309
474: 847,778,1031,1194,1685,1726
475: 542,1395,2023,700,1182,1747
476: 429,768,2037,598,1036,1547,1712
477: 482,46,614,1064,648,1090
478: 1822,219,553,2013,1116,1696
479: 626,56,621,1261,1118,1361
480: 234,642,1229,1730,815,1799
481: 1155,134,264,907,1705,1201
482: 195,477,1064,1224,186,648
483: 521,506,143,836,1230,109
484: 562,1949,1136,1234,1878,565
485: 1997,1097,2009,160,1187,1342
486: 1412,68,715,938
487: 52,750,1037,1353,1429,1478,1534
488: 817,2016,838,1566,695,1524
489: 853,34,163,745,1743,1773
490: 1607,210,1370,1731,1905,2021,80
491: 1004,1961,173,1601,1259,1293
492: 2013,878,1262,1759,702,218,974
493: 1935,2024,999,1185,1827,1903,456
494: 601,1096,1205,871,1833,2024,1827
495: 868,201,1119,1290,1679,582
496: 795,1386,1642
497: 1803,577,158,972,899,1346
498: 103,1022,1583,1591,1292,1391
499: 1429,1534,371,1653,1330,62
500: 1024,418,1431,1432,1663,1674
501: 1575,1149,716,1654,605,1127
502: 411,455,1190,1584,1596,1523,591
503: 1502,224,281,895,1041,92
504: 1050,1306,671,1110,1334,1922
505: 830,100,1885,1555,1055,1252
506: 483,521,288,1123,836,1540
507: 839,901,1078,375,1869,1139
508: 217,1784,1530,1231,1440,179
509: 1266,2004,1723,70,1969,2026
510: 42,1038,1258,1323,954,1372,1518
511: 1654,612,1048,1107,1124,1327
512: 369,834,18,1638,1038,1200
513: 688,1127,796,145,1059,1060
514: 1175,856,604,1902,1238,1535
515: 136,1190,1449,874,1424,116
516: 367,1267,1819,644,1657,1257
517: 1864,338,1336,1503,1565,1845,1167
518: 1926,1611,1672,1350,900,1360
519: 967,1482,1542,408,1276,1379,756
520: 936,115,1145,1445,1552,1090
521: 483,506,165,1230,1540,1775
522: 672,1553,20,2032,216,301
523: 1715,1242,384,614,1708
524: 96,946,1722,442,445,1102
525: 583,1313,1762,276,683,1341,1305
526: 436,1040,1409,1777,1341,1637
527: 1821,550,1376,1804,1103
528: 738,228,376,1835,1213,1354
529: 1915,1065,161,1770,586,64
530: 2043,1099,1501,1108,691,662
531: 539,801,361,156,1256,431,833,1138
532: 1401,640,1269,551,226,61
533: 897,1283,1856,1329
534: 884,1185,1247,1300,850,2021,80
535: 224,874,895,45,1069,1249,1358
536: 144,101,896,351,1388,601,1833
537: 2025,903,1481,1330,62,1434
538: 85,1887,1020,360,1473,1945
539: 373,531,361,156,1033,1256
540: 140,84,1046,1865,1456,1015
541: 160,1187,1269,551,711,1311
542: 296,1321,475,1281,1395,2023
543: 379,106,1061,1618,1487,447
544: 31,1105,1148,1362,1388,1635
545: 211,1732,655,572,1673
546: 295,894,1895,1744,1589,1767
547: 448,444,1178,1181,1416,1778,1897
548: 588,713,710,1396,1518,1323
549: 1443,1215,606,864,1694,1853
550: 527,326,1189,1376,932
551: 541,532,1269,226,1086,1311
552: 862,383,1172,1364,1604,1815
553: 1822,390,87,219,478,1421
554: 1818,1067,1426,1520,452,1808,998
555: 377,1115,283,1428,2002,964
556: 407,706,2027,1315,1477,971
557: 844,1608,1486,1029,1156,108
558: 393,41,1357,1149,1407,1548,880
559: 829,470,742,1464,1713,417,1687
560: 415,773,790,1343,1147,1601,1310
561: 1763,1375,1444,157,1045,774
562: 484,1234,565,269,1788,1901
563: 645,1824,661,406,1176,1326
564: 1839,638,1141,1521,1826
565: 562,484,1878,1788,1855,1874
566: 2020,797,396,1062,1047
567: 184,1074,1225,1917,573,1912
568: 439,443,984,1227,1260,1847
569: 3,878,235,1116,1262,978
570: 336,1117,1280,1303,1442,212,678
571: 276,1780,683,987,1363,1678,346
572: 904,655,1206,1420,1673,545
573: 311,1912,1841,1532,567,1074
574: 329,403,638,1141,1514,1844
575: 372,63,1001,1205,1340,1724,871
576: 835,1832,181,1825,1304,1782
577: 118,497,158,899,1203,1585
578: 142,1000,257,249,611,1197,1587
579: 778,1658,875,227,362,1351
580: 51,1277,759,1030,260,1665
581: 340,687,1643,945,1268,1739,1667
582: 495,1119,1679,299,1204,137
583: 16,1241,1692,1762,525,276
584: 176,1039,632,1973,1521
585: 1244,1862,98,618,745,702
586: 692,1328,287,64,1915,529
587: 936,1394,291,465,1617,1552
588: 548,236,1070,1396,1418,1518
589: 1304,1435,124,381,1697,1512
590: 292,1787,2005,1519,765,1165
591: 1941,675,102,920,1279,502,1683,1596,1523
592: 340,225,1643,1592,1718,1924
593: 1919,1927,7,274,1495
594: 867,21,1560,413,2045,1893
595: 1776,1705,1586,988,1201,1766
596: 905,255,1987,454,97,1707
597: 1983,1733,1709,660,1988,1173
598: 768,476,1120,1712,243,883
599: 210,207,647,1143,1370,1767
600: 1599,267,1010,2028
601: 494,1833,2024,1827,351,536
602: 376,1506,1835,342,1066,725
603: 860,150,1106,1664,1896,761
604: 1113,1175,1944,514,856,1680
605: 170,129,1654,1124,501,1127
606: 374,1443,1215,1670,549
607: 53,1348,332,1881,1053,1914
608: 1892,1924,1368,1592,309,1154,1689,12
609: 1749,1392,1402,347,223,1923
610: 757,315,1003,1956,48,1438,1971
611: 142,578,157,1975,1045,1587
612: 511,1048,1124,1781,861,1936
613: 405,791,1068,1058,1389,1557,190,281
614: 46,477,1708,1064,1242,523
615: 37,1900,1720,363,1824,661
616: 378,354,2008,1266,1723
617: 336,1303,1375,1444,719,2000
618: 1862,98,153,585,1828,1800,1738
619: 882,35,1751,1836,126,1067
620: 740,1403,273,437,1553,1049
621: 56,479,1110,1334,1361
622: 1161,1246,652,1909,1014,1125
623: 432,825,1349,690,1606,1794
624: 2031,729,149,1296,1477,1179
625: 934,1961,1209,1259,1618,1398
626: 479,1261,1118,194,1671,1476
627: 845,1522,1301,1579,1899,1044
628: 2030,708,1430,13,1307,279,1790
629: 802,72,1847,1769,1615,439
630: 1186,685,1603,1468
631: 262,248,1510,943,1993,131
632: 1039,1957,584,1634,1973
633: 910,4,463,1264,1630,841,1729
634: 914,228,376,1506,1731,666
635: 959,364,1527,1173,1803,1733
636: 262,826,1873,1551,1447,1510,1974
637: 824,827,37,1316,1900,1823
638: 329,976,564,574,1141,2003
639: 800,769,1025,1137,1151,1161,1325
640: 1966,1401,532,915,105,1727,61
641: 1223,1786,1594,1007,418,1558
642: 480,751,1229,1298,649,815
643: 130,2031,149,1232,458,758,206
644: 1267,516,1208,1932,1636,1257
645: 563,406,1319,1326,1012,1609
646: 848,269,1057,1588,1901,1422
647: 1589,599,1143,1767,1651,382
648: 482,477,186,1090,2040,1145
649: 642,751,1298,1380,159,1159
650: 1486,2,457,1029,1083,1198
651: 1935,999,24,448,1564,763,1248
652: 1909,1255,237,622,343,1125
653: 5,1245,1681,1235,414,1297
654: 762,238,1299,290,1937,1866,1556
655: 572,1420,1814,1382,438,1732,545
656: 960,277,1130,1233,1649,1758,1026
657: 470,742,260,1104,787,110
658: 270,367,1098,1157,1446,1819
659: 172,125,1084,1160,1204,1764
660: 1480,1393,1988,803,1173,597
661: 563,1824,1176,615,363,1832
662: 26,530,1108,691,1180
663: 1969,818,146,402,1220,1567
664: 893,1493,1228,1421,1394,465
665: 396,19,1168,1337,306,1047
666: 228,634,1100,1731,2021,1247
667: 1661,1274,770,1251
668: 66,1226,1948,1276,1408,756
669: 964,65,1513,1886,1115,1668,1021
670: 721,121,1951,911,1417,1697
671: 423,1306,981,504,1699,1334
672: 16,522,2032,1692,1701,216
673: 430,1624,1504,813,1728,1000
674: 43,119,1470,1928,1761,1861
675: 1941,810,421,591,1212,1279,1616
676: 943,322,49,1537,1613,131
677: 929,427,1411,723,1577,1645
678: 741,1780,212,258,570,1117,1442
679: 266,177,8,1838,398,1669
680: 471,1991,10,1400,380
681: 806,394,855,1567,1631,2008
682: 275,1779,2011,873,1868,1182,922
683: 276,571,1341,1363,1637,1305,525
684: 1034,1624,1431,1432,257,1373
685: 737,99,1883,1603,1468,630
686: 316,345,1195,1807,421,1616
687: 340,831,1018,1643,581,1739
688: 513,1059,1060,1851,78,890
689: 1840,1922,1415,1050
690: 623,1349,1794,1971,1140,1956
691: 11,1180,1962,530,1099,662
692: 586,1072,1199,333,1328,287
693: 925,1079,299,2041,137,1965
694: 23,1095,1231,2014,27,870
695: 1449,1524,1424,1153,1058,838,488
696: 181,1690,1512,67,1816,772
697: 211,885,1177,1495,1568,1732
698: 434,857,1320,1344,1641,1702
699: 2025,19,1337,422,1166,1652
700: 256,761,1747,1664,475,2023
701: 1768,785,902,1876,1605,1834
702: 745,218,1773,492,974,1862,585
703: 459,948,1581,1352,1517,1192
704: 0,298,1981,1336,1319,1012,1958
705: 849,318,762,238,1184,1904
706: 435,407,556,2006,1179,1477
707: 2016,433,1636,1995,1566,1208
708: 2030,628,1906,13,1286,178
709: 1820,335,2039,1195,1302,1602,1771,1701,45,1789
710: 548,713,1396,1489,1081,1355
711: 1027,1311,1324,1414,160,541
712: 337,1485,1428,2002,50,1472
713: 548,710,93,1323,386,1081
714: 1545,1759,2022,143,1590,1979
715: 938,1846,1849,1633,1412,486
716: 1654,753,1327,501,1149,1407
717: 214,1645,1215,1670,472,1516
718: 898,327,112,385,1891,1672
719: 77,2000,1829,617,1375,774,834
720: 32,303,1146,1404,73,1965,1976
721: 121,911,670,1717,1163
722: 309,72,1831,1131,1154,1797
723: 1577,214,76,1645,1860,677
724: 930,1867,1526,767,231,1042
725: 330,342,1910,602,15,1506
726: 744,1957,1740,359,1219
727: 1989,1030,138,51
728: 2022,308,1194,1109,1545
729: 624,1296,1490,1307,1790,1179
730: 939,1381,1272,358,289,1942
731: 161,271,1770,1128,1297,1451
732: 1384,263,1362,1635,1793,1507
733: 1541,1385,1464,234,1536,1730
734: 135,272,1851,78,1644
735: 2046,996,1604,461,1650,1757
736: 66,1377,1659,1948,1020,1458
737: 685,1883,1468,1091,1869
738: 228,528,1100,370,1213,120
739: 1196,1883,1291,1091,290,1937
740: 773,1343,1403,1837,620,437,1802
741: 678,258,1637,436,1796,229,1442
742: 657,470,559,260,1713
743: 1578,1598,932,1525,1737
744: 726,1740
745: 489,163,702,1773,1244,585
746: 1101,1019,1475,71,1076,1619
747: 795,1700,754,1032,1111,1386
748: 1146,1289,1404,868,1119
749: 344,4,1623,180,1312,1729
750: 487,1992,1037,1353,993,1374
751: 642,649,815,1287,1559,1380
752: 1939,1710,1359,1397,84,1273
753: 716,452,1327,391,1520,1407,880
754: 747,1700,1032,1210,1009,1484
755: 1471,128,280,133,1721,1378
756: 1253,668,66,1276,1482,519
757: 315,610,1774,1438,1406
758: 1813,810,458,1212,1792,643,1232
759: 1991,1810,1030,580,935,1665
760: 1811,1347,1888,73,1505,1755
761: 1896,256,1070,700,603,1664
762: 1640,654,238,705,1299,1904
763: 456,1105,1148,1248,1906,1935,651
764: 360,1052,1688,1473,341,1340
765: 1002,1165,1188,1761,590,1787
766: 1010,2042,187,1413,1387,1622
767: 231,1042,1627,1769,1797,724
768: 476,598,1036,1120,1547,1629
769: 111,800,639,1657,1025,1257,1325
770: 667,1661,1348,1274,397,332
771: 447,1259,1293,790,779,1666,1487
772: 330,1816,1817,1934,696,139,1690
773: 560,740,1343,1837,1147,919,437,1802,1317
774: 1045,561,1375,719,834,1200
775: 960,1236,986,1202,1649,1805
776: 1055,1250,1252
777: 232,435,279,1282,2006,462,1430
778: 579,474,1031,1658,1685,1726,875
779: 366,1666,447,771,1487,1573
780: 89,1447,971,1561,1085,1129
781: 233,815,1799,1742,1287,1452,1538
782: 348,1122,953,1365,125,1764
783: 966,451,1439,416,1284,1295
784: 2047,1454,30,840,1455,1955
785: 701,1605,220,1459,1834,1982
786: 977,1472,2005,392,1461,1662
787: 657,1104,2038,110,1530,1095
788: 130,2031,1812,1953,1296,1573
789: 250,1371,1582,354,1737
790: 415,560,1666,1601,1293,771
791: 613,1068,1389,1736,1502,190,281
792: 355,246,851,1433,1693,1318
793: 296,202,1027,1414,1474,1889
794: 334,1092,1298,320,1159,1632
795: 496,747,11,1180,1386,1642
796: 1127,513,145,1872,1647,1575
797: 365,566,140,2020,1062,1805
798: 398,1952,57,988,1660,1669
799: 1892,818,1054,231,1627,1689
800: 639,769,808,1161,1246,1325
801: 531,1256,431,1138,1460,1497,1613,131
802: 629,1769,1217,1933,1308,1615
803: 1527,1542,1173,408,1480,660
804: 44,1776,1586
805: 1615,439,1135,1260,1317,1549
806: 394,164,855,681,1112,1714
807: 959,1023,364,972,52,1037,1483
808: 800,1695,33,1246,1325,288,1123
809: 305,916,837,1040,1275,1777
810: 1813,675,458,421,758,1212,1279
811: 854,379,86,1239,1398,1897
812: 1715,1242,1894,1942
813: 1265,1728,41,1548,430,673
814: 25,1774,189,1406,1285,1940
815: 781,1799,1287,480,642,751
816: 125,1237,422,1562,1365,1652
817: 2016,838,488,1399,1162,405
818: 663,1892,146,1220,1054,799
819: 107,229,1986,1117,1442,1745,937
820: 1171,1332,240,1017
821: 1600,209,1158,934,1209,1984,992
822: 1997,1860,2009,1216,858,1335
823: 54,1977,1233,188,897,1329
824: 637,1316,1823,310
825: 382,95,623,1349,1606,1911
826: 248,636,89,1211,1447,1510
827: 637,1263,1316,1900,167,230
828: 931,328,1950,1466,1594,114,1612
829: 559,1464,1687,913,1536,401
830: 505,100,1411,40,1684,1555
831: 687,1018,1367,1757,2046,1739
832: 1366,1760,1725,134,1660,1508
833: 232,1138,1282,1793,531,156,1507
834: 512,1638,1200,774,719,1829
835: 576,1832,1890,1825,307,1176
836: 483,506,1123,1994,847,109,1031
837: 305,809,1796,1040,1056,1134,1985
838: 817,488,1153,405,1058,695
839: 2047,507,901,840,1078,1338
840: 839,2047,1454,901,247,784
841: 1630,271,1128,1499,1729,633
842: 1921,1463,1504,1570,1728,41,1357
843: 58,2001,869,1683,1584,169
844: 313,1608,1677,557,108,1907
845: 410,627,1522,1698,1044,1207
846: 304,1569,1899,890,1060,1579
847: 474,109,1031,1194,836,1994
848: 646,1845,1057,1167,30,1422
849: 318,705,1184,1760,1918,1980
850: 1925,1908,1607,80,534,1300
851: 355,246,975,792,324,1954
852: 1960,1844,1514,1080,1309,1676
853: 34,1703,489,1590,1979,1773
854: 811,379,1061,1239,1286,178
855: 806,952,681,1112,1631,59
856: 53,514,604,1170,1238,1680
857: 434,698,1320,12,1831,1154
858: 1474,1121,1335,1533,1324,2009,822
859: 958,980,1543,1089
860: 603,150,293,1546,1106,352
861: 1655,294,1781,612,1970,1936
862: 552,1676,1172,1815,329,1514
863: 369,93,1278,1494,941,940,1880
864: 1752,79,166,1853,1443,549
865: 1763,1986,1745,1912,1225,1978
866: 135,1970,1133,1801
867: 594,21,1164,1399,413,1995
868: 201,1999,495,1119,748
869: 58,843,2001,1157,1267,1819
870: 2015,27,2038,891,694,1095
871: 372,575,1205,494,1833,2017,144
872: 60,335,1049,1063,1302,1626,273
873: 1489,682,2011,1182,1355,1747
874: 535,1424,1249,1358,116,515
875: 579,778,1726,227,1098,1446,1351
876: 1087,1261,1671,464,1456,1015
877: 1947,1516,1670
878: 492,569,235,1262,1545,1759
879: 1072,333,1294,1563
880: 558,1357,1407,391,753,1570
881: 242,1332,1078,1338,400,1588
882: 417,619,1836,1687,1931,126,401
883: 243,973,1858,268,598,1712
884: 534,1185,1247,1300,1314,1903
885: 438,697,1053,1177,1732,1914
886: 342,1535,1817,1910,1923,1175
887: 147,1919,1927,1972
888: 348,244,1852,1998,323,306
889: 2004,250,441,1080,1309,1371
890: 1569,2007,846,78,688,1060
891: 2038,1077,1554,2015,1959,870
892: 1740,1804,1103
893: 1493,664,1150,1394,2040,1552
894: 1984,546,1178,1895,1094,1744
895: 503,224,535,190,281,1249
896: 144,199,101,536,1322,1388,1833
897: 533,1329,54,823
898: 718,112,1891,1169,1213,1354
899: 577,497,1203,420,1346,1791
900: 14,254,1360,1005,518,1926,1704
901: 839,507,840,247,1091,1869
902: 97,701,1768,1876,1529,278,905
903: 2025,19,1884,1481,1168,537
904: 1005,1926,572,1206,1420,1611
905: 282,278,1987,596,97,902,1876
906: 1031,1726,270,1098,1695,33,1994
907: 264,1155,2010,481
908: 77,356,1068,1389,1437,1557,1829
909: 304,1013,1214
910: 410,245,633,949,463,1264
911: 721,670,1870,1417,387
912: 233,956,1142,1538,217,1339,1440
913: 1842,1491,1536,829,1610,401
914: 634,15,1506,1515,1731,1905
915: 5,105,1727,61,951,1531,640
916: 1076,426,809,1275,1574,1619,1777
917: 1002,1188,1539,165,1356,1920
918: 1884,1397,239,1865,1273,1082
919: 1802,1317,1549,1750,773,1147
920: 102,591,1279,1683,1523,1580,1561
921: 1955,457,1028,1866,1198,1556
922: 1245,414,1441,682,1779,1868
923: 1870,310,1593
924: 1756,63,1096,370,1929,120
925: 1811,302,693,966,1079,1965,1976
926: 1290,1345,1679,953,1084,319
927: 1967,1450
928: 1071,1051,1018,225,1475,1367
929: 427,1834,677,278,1577,1876
930: 724,1583,2048,1867,1288,1526
931: 828,1223,1594,1499,1612
932: 326,1578,550,743,1598,1189
933: 104,399,1140,1614,1907,48,313,1971
934: 1961,625,1209,1620,1600,821
935: 1806,1665,1400,1511,1991,759
936: 291,1888,587,520,115,1552
937: 29,311,1745,1134,819,229,1986
938: 68,715,2015,1846,1959,486
939: 730,1381,1942
940: 386,962,941,1880,863,93,1494
941: 1968,962,1950,1786,940,1880,863
942: 205,1413,1622,1982,259,1605
943: 322,1993,676,1613,1735,131,631
944: 1254,1255,1830,6,119,1861
945: 1035,70,1268,2026,1667,581
946: 96,524,442,1457
947: 1112,1462,1714,321,1547,1629
948: 703,459,973,1156,1517,1746
949: 910,245,1132,463,1024,1663
950: 425,175,965,1144,1318,1677
951: 5,915,1681,1328,1531,64
952: 855,1112,1691,59,961,321
953: 782,1122,1084,1764,319,926
954: 42,510,356,1437,252,1222,1372
955: 1086,1027,1281,1311,1395,275
956: 440,468,912,1538,1339,1650
957: 1621,1711,1243,204
958: 859,980,1183,1543,357,1748
959: 807,1023,364,635,1527,1753
960: 775,277,656,986,1649
961: 1916,1036,321,1691,1952,952
962: 386,328,941,1950,1073,1114,940
963: 44,1075,83,1821
964: 669,65,1879,1886,555,1115,283
965: 175,950,1318,1352,1882,246
966: 925,302,451,1079,1439,783
967: 9,1482,1542,1639,1753,519
968: 2,1955,457,1455,338,1565
969: 1890,222,307,1765,1576,285
970: 446,1964,1434,1656,9,371,1330
971: 89,780,1315,1129,556,2027
972: 1803,497,807,364,1483,284,1346
973: 243,948,883,1517,1746,1858
974: 1822,1738,2013,492,702,1862
975: 355,251,851,1308,324,1933
976: 329,638,2003,982,192,1815
977: 292,1011,50,786,1472,2005
978: 569,3,235,1871,2029,1585
979: 208,2035,261,1641,1076,426,1574
980: 859,958,357,380,10,1089
981: 423,671,1699,91,1236,1202
982: 2014,182,976,2003,192,1390
983: 147,424,1415,1110,1361,1922
984: 443,568,1227,203,20,1436
985: 74,1479,1571,319,1369,1345
986: 960,1236,775,277,1243,1621
987: 571,1780,1678,346,92,1041,1625,1789
988: 798,398,1201,1660,1766,595
989: 1016,1295,1675,1741,1859,1193
990: 1320,1930,1831,1131,443,1436
991: 32,1289,1410,1943
992: 1984,1778,209,821,1209,86
993: 750,1037,1483,284,2034,1374
994: 75,172,1160,2041,1772,451
995: 205,2042,1622,2043,337,1485
996: 735,1172,1604,1843,461,155
997: 1288,164,1462,1714,2048,1854
998: 197,1808,1751,388,554,1067
999: 1935,493,24,651,1185,1300,448
1000: 257,578,1197,1504,1624,673
1001: 575,1340,1350,1724,1360,1688
1002: 765,1188,917,1356,1787,1448
1003: 315,610,171,38,1467,1956
1004: 491,1961,173,1940,1469,1620
1005: 904,1926,1704,1206,1476,900
1006: 1992,1562,1353,1478,75,1237,1772
1007: 1034,418,1431,641,1968,1786
1008: 2018,222,139,1043,1648,1934,1515
1009: 1708,1064,1224,1484,1700,754
1010: 766,187,1387,2028,267,600
1011: 292,977,50,339,1496,1544
1012: 645,1319,1609,704,1958,1795
1013: 395,1214,1044,304,909,1899
1014: 288,1540,1920,622,1246,1125
1015: 540,84,1456,464,1939,876
1016: 989,2034,1284,1295,1595,1741
1017: 240,1949,1234,400,820,1332
1018: 687,831,928,225,1367,1643
1019: 1742,1101,1452,746,123,1076,1619
1020: 85,538,1458,736,1377,1659,1473
1021: 195,1224,1484,669,1513,1668
1022: 498,103,1591,1581,1192,1850
1023: 807,959,1639,1653,1753,52
1024: 500,1663,1674,39,1132,949
1025: 1465,111,639,769,1137,1151,1257
1026: 1856,1329,1427,277,656,1233
1027: 955,711,296,793,1281,1311,1414
1028: 921,1955,457,1556,1454,467
1029: 1486,650,1083,1156,1746,557
1030: 1989,1810,759,727,51,580
1031: 847,474,778,906,1726,836,1994
1032: 747,11,754,1210,1962
1033: 539,408,373,361,1480,1716,1379
1034: 684,1007,1431,183,1373,1968
1035: 441,70,297,945,1268,1364
1036: 768,961,1916,476,2037,321,1547
1037: 52,487,750,1429,1483,993,807
1038: 42,369,512,1638,510,1258,1494
1039: 632,584
1040: 526,436,837,809,1796,1777
1041: 503,224,1625,987,1678,92
1042: 767,1769,1797,724,1867,1217
1043: 207,1370,1648,1008,1515,1905
1044: 1013,395,1207,1899,845,627
1045: 611,157,1975,774,561,1200
1046: 365,91,140,540,1456,1087
1047: 323,306,566,665,396,1062
1048: 197,612,511,1107,1781,82
1049: 872,1302,1553,216,1403,620,273
1050: 154,1306,504,689,1840,1922
1051: 928,1475,1367,440,468,1101
1052: 14,360,764,1710,1359,1688
1053: 885,438,1914,607,53,1170
1054: 818,1220,799,200,1526,231
1055: 776,1252,505,1555
1056: 29,159,2044,1134,1985,837
1057: 646,848,0,269,1126,1167
1058: 613,405,190,1153,695,838
1059: 688,1127,513,1851,170
1060: 688,513,145,1579,846,890
1061: 854,379,543,389,106,1286
1062: 1649,1758,1805,566,797,323,1047
1063: 316,60,872,335,1195,1302,1626
1064: 482,614,477,1708,1009,1224
1065: 1754,1915,529,344,161,1312
1066: 342,602,1835,1113,1175,17
1067: 1818,554,126,1751,619,1808,998
1068: 613,908,77,791,1389,1557
1069: 224,535,45,1625,1358,1789,1820
1070: 588,236,1896,256,761,1396
1071: 928,225,1475,1718,71,1702
1072: 692,879,1199,333
1073: 962,328,1466,1114,22,368
1074: 1471,567,128,1917,573,1532
1075: 44,963,1686,1821,132,1189
1076: 916,1574,1619,746,1019,71,208,979
1077: 450,1967,1450,1554,891,1959
1078: 839,507,1338,242,1139,881
1079: 925,693,966,451,2041
1080: 889,441,1309,297,852,1676
1081: 368,1355,386,1114,713,710
1082: 2020,1865,1273,396,918,1884,1168
1083: 81,650,1029,1198,1746,1858
1084: 659,1204,1764,953,926,1679
1085: 458,102,1129,1212,1279,206,780,1561
1086: 955,1311,275,1868,551,226
1087: 876,1699,56,1261,91,1046,1456
1088: 227,58,1157,1446,1873,1551
1089: 2033,10,859,980
1090: 46,477,648,520,1145,1445
1091: 1196,737,739,1869,901,247
1092: 334,794,1491,350,1378,1632
1093: 188,1998,1122,1977,1369
1094: 171,38,209,1744,894,1984
1095: 694,1530,1231,870,2038,787
1096: 63,924,1205,494,2024,1929
1097: 1694,1853,76,1997,485,1342
1098: 270,658,1446,906,1726,875
1099: 317,377,530,1501,691,1962
1100: 738,228,666,370,1247,1314
1101: 468,1742,1452,746,1019,1051,1475
1102: 1184,524,442,1980,1291,445
1103: 892,1740,1804,527,1376,359
1104: 657,470,179,787,1385,1530
1105: 763,544,456,351,1148,1388
1106: 860,88,603,293,1664,1830
1107: 197,452,511,1808,1048,1327
1108: 2042,187,2043,530,26,662
1109: 235,1545,1871,728,308,1783
1110: 621,1334,1361,983,1922,504
1111: 747,1700,1386,384,141,1333
1112: 947,806,952,855,1714,321
1113: 1175,1944,604,342,1066,17
1114: 386,962,328,1073,368,1081
1115: 317,377,555,1668,964,669
1116: 2013,569,3,1262,1696,478
1117: 819,336,570,107,1442,678
1118: 626,479,1361,353,194,1174
1119: 868,495,582,748,1146,137
1120: 312,768,598,1629,94,243
1121: 1474,1270,858,404,1889,1533
1122: 348,782,1998,1093,953,1764
1123: 506,288,836,1994,808,1695
1124: 1654,612,511,1936,129,605
1125: 343,1539,622,652,1014,1920
1126: 0,269,1057,298,1788,127
1127: 513,796,1059,170,605,501,1575
1128: 731,841,271,1451,1499,1612
1129: 1085,206,1315,780,971,1561
1130: 656,1233,1758,244,188
1131: 722,72,1831,1847,990,443
1132: 245,949,2036,90,1024,39
1133: 135,272,866,1970,1936,129
1134: 29,1056,1985,937,837,1796,229
1135: 1615,805,1549,251,117,1308
1136: 484,1949,1878,230
1137: 1465,639,1025,1151,1560,352
1138: 232,431,833,1282,1528,801,531,156
1139: 242,375,507,1078
1140: 104,399,933,48,690,1794,1971
1141: 403,564,638,574,1973,1521
1142: 233,912,1799,217,1541,1730
1143: 285,599,207,647,1648,1651
1144: 425,950,189,1318,1406,1433
1145: 2040,520,1552,648,1090
1146: 748,1404,720,137,1965,1119
1147: 560,773,1343,1750,919,1310
1148: 2030,763,544,31,1105,1906
1149: 393,501,558,1575,1407,716
1150: 893,1493,1800,153,1240,2040,186
1151: 639,1025,1137,1161,1909,1546,352
1152: 221,331,1403,1837,1875,273,1626
1153: 190,1424,1249,1058,695,838
1154: 722,309,1831,1689,608,857,12
1155: 191,1725,2010,481,134,907
1156: 459,948,1746,1029,1608,557
1157: 658,58,869,1088,1446,1819
1158: 315,1600,171,209,25,1774,821
1159: 320,159,2044,794,1298,649
1160: 659,994,172,299,1204,2041
1161: 622,800,639,1151,1246,1909
1162: 817,252,1164,1399,405,1437,1557
1163: 387,721,1717
1164: 867,252,1222,1399,413,1162
1165: 765,454,1928,1761,590,1519
1166: 422,1478,1534,2025,699,62
1167: 848,0,1845,1057,517,1336,1565
1168: 665,396,19,903,1884,1082
1169: 898,17,286,112,1354,1944
1170: 53,856,1814,1680,438,1053
1171: 820
1172: 552,192,862,996,1604,1815,1843
1173: 803,635,1527,660,597,1733
1174: 424,7,1568,353,1118,1361
1175: 1113,514,604,886,342,1066,1535
1176: 307,563,661,1326,835,1832
1177: 885,274,697,1495,1914,168
1178: 894,547,444,1984,1778,1895
1179: 435,706,1790,624,729,1477
1180: 795,11,691,1642,662
1181: 448,547,444,1416,1908,24
1182: 682,275,873,1747,475,1395
1183: 958,357,1748,388,82,1453
1184: 849,238,705,1102,1937,1980,1291
1185: 999,493,534,24,884,1300,1903
1186: 630,375,1468
1187: 160,469,541,1269,1342,485
1188: 43,765,1002,1539,1761,917
1189: 132,1578,550,932,1075
1190: 502,515,411,136,1449,1596
1191: 54,74,1479
1192: 703,1581,1352,1882,1022,1591
1193: 193,1439,989,1295,1675,1617
1194: 728,2022,847,474,109,308,1685
1195: 686,709,316,335,345,1063,1771
1196: 1091,739,290,247,467
1197: 1000,249,578,1587,184,1921,1504
1198: 921,81,457,650,1083,1866
1199: 692,1072,287
1200: 512,834,18,1975,1045,774
1201: 988,1660,1705,595,481,134
1202: 1236,775,1805,365,91,981
1203: 577,899,1585,3,1696,1791
1204: 659,299,1084,1160,1679,582
1205: 372,63,575,1096,494,871,1833
1206: 1005,194,904,572,1476,1673
1207: 395,1719,1044,180,845,1698
1208: 198,1932,707,1636,1566,644
1209: 934,625,821,992,86,1398
1210: 754,1032,1962,317,1668,1484
1211: 248,826,89,1497,1460,2027
1212: 675,810,458,102,758,1085,1279
1213: 898,1891,1354,120,738,528
1214: 1013,395,909
1215: 1670,606,549,1694,717,214
1216: 1577,1860,822,282,278,1335
1217: 300,1867,1391,1933,802,1042,1769
1218: 162,1381,358,1505,303,1410
1219: 1963,152,1798,726,1957,359
1220: 663,818,1054,394,200,1567
1221: 166,1966,1401,469,79,241
1222: 252,1164,413,954,1893,1372,1418
1223: 641,931,1594,1558,1630,1499
1224: 195,482,1009,1064,1484,1021
1225: 184,567,1912,865,1978,249
1226: 668,199,1384,263,1948,1408
1227: 301,568,55,984,1260,20
1228: 664,87,1421,1675,1859,465
1229: 334,480,234,642,1842,1298
1230: 483,521,143,1775,1703,1979
1231: 23,694,1784,508,1530,1095
1232: 130,2031,643,1946,458,758,1792
1233: 656,1130,188,1329,1026,823
1234: 562,484,1017,1949,400,1901
1235: 653,414,114,1297,1451,253
1236: 775,986,1202,423,1621,981
1237: 75,816,172,125,1006,1562
1238: 53,514,856,1902,397,332
1239: 811,854,1564,1286,178,1416,1897
1240: 153,1513,1828,1150,195,186
1241: 583,1692,276,346,2039,1789
1242: 812,1715,1894,523,46,614
1243: 277,986,957,1621,204,1427
1244: 98,65,585,1879,163,745
1245: 653,5,1727,922,414,1441
1246: 622,800,808,1161,288,1014
1247: 534,884,1314,1100,2021,666
1248: 763,1906,448,1564,178,1935,651
1249: 535,874,190,895,1424,1153
1250: 776,449,1252,1785,185
1251: 1749,213,1682,667,1274,151
1252: 776,449,1055,1250,505,1885
1253: 446,1964,756,1458,66,1482
1254: 88,944,1830,1321,202,6
1255: 293,652,944,1830,237,119,343
1256: 539,801,373,531,1537,1613
1257: 111,769,1657,1025,1636,516,644
1258: 42,93,510,1038,1323,1494
1259: 491,447,1961,625,1293,771,1618
1260: 439,805,568,55,1227,1317
1261: 1087,626,876,56,479,1671
1262: 2013,492,569,878,1116,1759
1263: 827,1316,230
1264: 410,910,4,633,1698
1265: 813,1913,1548,430,1674,39
1266: 1723,509,616,2008,1567,1969
1267: 2001,869,1819,516,644,1932
1268: 383,1364,1739,1035,945,581
1269: 1401,469,541,532,1187,551
1270: 404,1121,1889,6,1470,1861
1271: 177,378,354,1525,1572,1737
1272: 730,358,289,1755,115,1445
1273: 84,1865,1082,752,1397,918
1274: 667,770,397,151,1251
1275: 305,916,809,1559,1619,123
1276: 1716,1379,1408,668,756,519
1277: 51,580,450,1554,110,260
1278: 863,369,18,183,1550,1880
1279: 1941,675,810,102,920,591,1085,1212
1280: 570,1303,212,92,1502,1736
1281: 955,296,542,1027,1311,1395
1282: 232,833,777,1138,1793,2006,462,1362
1283: 533,349,1856
1284: 1016,416,2034,1295,1374,783
1285: 466,1433,1693,189,814,1940,1469
1286: 854,13,389,1061,1239,178,708
1287: 781,815,1452,123,751,1559
1288: 164,200,997,1526,930,2048
1289: 991,32,748,1404
1290: 265,201,495,1345,926,1679
1291: 1883,445,739,1102,1184,1937
1292: 498,1591,300,1391,324,1954
1293: 491,447,1961,1601,1259,771,790
1294: 879,333,1531,105,1563,1877
1295: 1016,989,1284,1193,1439,783
1296: 2031,624,729,1953,788,1490
1297: 731,1770,1451,653,1681,1235
1298: 334,642,794,1229,649,1159
1299: 1640,654,268,762,81,1866
1300: 999,534,24,884,1185,850,1908
1301: 145,1872,1579,90,627,1522
1302: 709,872,335,1049,1063,1602,1701,216,273
1303: 617,336,570,1280,2000,1736
1304: 381,589,1782,1512,576,181
1305: 683,1341,261,1409,1313,525
1306: 154,423,1050,1711,671,504
1307: 729,1490,13,389,628,1790
1308: 975,251,1933,802,1615,1135
1309: 889,250,1080,473,1960,852
1310: 173,1601,1809,1750,560,1147
1311: 955,711,1086,1027,1281,541,551
1312: 161,271,1729,344,1065,749
1313: 460,1762,525,174,2035,261,1305
1314: 370,884,1247,1903,1929,1100
1315: 149,1477,1129,206,556,971
1316: 824,827,637,1263
1317: 805,55,919,1802,1260,1549,773
1318: 950,965,1144,246,792,1433
1319: 645,406,127,1012,704,298
1320: 857,990,698,1344,1930,1831
1321: 296,202,542,2023,88,1254
1322: 2017,144,199,896,1659,1948
1323: 93,510,1258,1494,548,713,1518
1324: 711,1414,160,1474,858,2009
1325: 800,639,769,808,1695,1657,33
1326: 645,307,563,1176,1609,1765
1327: 716,1654,452,753,511,1107,1407
1328: 586,692,333,1531,64,951
1329: 533,897,1856,1026,1233,823
1330: 62,537,970,1434,371,499
1331: 308,1783,1658,1685,122,1405
1332: 820,242,881,1017,400
1333: 141,1111,1386
1334: 1699,56,621,1110,671,504
1335: 282,858,1533,822,1216
1336: 1864,517,1981,0,704,1167
1337: 699,665,19,1852,306,1652
1338: 839,2047,1078,1422,881,1588
1339: 461,1784,1440,1650,956,912
1340: 372,341,575,1001,764,1688
1341: 683,1363,1637,1305,526,1409,525
1342: 166,469,1187,1853,1097,485
1343: 415,560,773,740,1403,1837,1147
1344: 174,698,2035,1320,1930,1641
1345: 265,1290,926,985,1571,319
1346: 284,420,1595,497,972,899
1347: 1811,302,760,193,291,1888
1348: 770,332,607,1881
1349: 825,623,690,1911,1467,1956
1350: 1001,1724,385,1672,518,1360
1351: 1993,362,262,1873,227,579,875
1352: 703,459,1882,1192,175,965
1353: 1006,487,750,1992,1562,1478
1354: 898,17,1169,1213,528,1835
1355: 368,1489,2011,873,1081,710
1356: 165,1775,1002,917,325,1448
1357: 558,1728,41,1407,880,842,1570
1358: 535,874,45,1069,116,345,1807
1359: 14,1939,254,752,1052,1710
1360: 900,14,1688,1001,1350,518
1361: 621,479,1110,1118,424,983,1174
1362: 462,544,31,1635,1282,1793,732
1363: 571,1780,683,258,1341,1637
1364: 552,1268,383,1676,1035,297
1365: 348,1852,782,1652,816,125
1366: 1760,832,1508,28,318,1419
1367: 1051,831,928,1018,1757,440
1368: 1892,146,1924,47,608,1689
1369: 985,74,1977,319,1093
1370: 210,490,599,207,1043,1905
1371: 889,789,2004,250,1723,354
1372: 1418,1518,42,510,954,252,1222
1373: 142,257,183,1550,1034,684
1374: 416,2034,1284,750,1992,993
1375: 617,561,1444,774,719,2000
1376: 527,326,550,359,1103,1963
1377: 736,2017,1659,341,1473,1020
1378: 350,1721,1092,1632,755,1471
1379: 408,1716,1033,1276,1542,519
1380: 159,1985,751,649,305,1559
1381: 939,162,730,1218,358
1382: 327,286,112,1814,655,1420
1383: 466,355,251,117,1693,1809
1384: 199,101,732,1226,263,1635
1385: 1541,470,179,1104,1464,733
1386: 496,795,747,1111,1333
1387: 1010,766,428,1413,185,2028
1388: 544,351,1105,1635,101,896,536
1389: 613,908,77,791,1068,2000,1736
1390: 23,155,2014,982,192,1843
1391: 498,103,1583,300,1867,1217,1292
1392: 1749,213,121,1951,609,1402
1393: 49,1988,1537,373,1480,660
1394: 2040,587,465,1552,893,664
1395: 955,542,475,1281,275,1182
1396: 548,588,256,710,1070,1489
1397: 752,1710,1945,239,1273,918
1398: 811,379,86,1618,625,1209
1399: 867,817,2016,1164,1995,1162
1400: 1806,935,1498,1991,680,380
1401: 1966,469,640,532,1221,1269
1402: 1951,1392,609,1435,347,67
1403: 221,740,1152,1343,1837,620,273,1049,1626
1404: 32,748,1146,1289,720
1405: 122,362,1597,1735,1331,1658
1406: 425,189,1438,1144,757,814,1774
1407: 558,1357,1149,880,716,753,1327
1408: 1863,1716,1276,668,1226,263
1409: 526,426,1777,261,1341,1305
1410: 991,32,303,162,1218,1943
1411: 830,427,472,100,677,1645,1684
1412: 486,453,715,1633
1413: 766,428,1387,1622,942,1982
1414: 711,793,1027,1324,1474
1415: 147,1972,983,689,1922
1416: 448,547,1181,1897,1564,1239
1417: 124,1593,1697,1870,911,670
1418: 588,236,1893,1372,1518,1222,413
1419: 429,2037,1366,28,318,1904
1420: 904,655,572,1611,1382,327
1421: 1493,390,664,87,553,1228
1422: 2047,30,1338,646,848,1588
1423: 322,49,196,1988,1597,1709
1424: 874,1153,1249,116,515,695,1449
1425: 203,460,1436,1938,174,1930
1426: 113,1818,554,133,1520,1721
1427: 349,1856,1026,277,1243,204
1428: 337,712,377,555,1501,2002
1429: 52,487,499,1037,1534,1653
1430: 2030,462,628,31,777,279
1431: 1034,684,1007,418,500,1432
1432: 430,684,1624,500,1431,1674
1433: 792,1285,1693,189,1144,1318
1434: 215,970,1656,1481,1330,537
1435: 589,1697,1512,1951,1402,67
1436: 203,1425,990,1930,443,984
1437: 908,356,1557,954,252,1162
1438: 425,48,313,1406,1971,757,610
1439: 302,966,1193,193,783,1295
1440: 217,1784,508,1339,912
1441: 1727,61,922,1245,1868,226
1442: 819,570,229,1117,741,678,258
1443: 374,606,549,1752,864
1444: 617,336,1763,107,561,1986,1375
1445: 520,115,46,1090,1272,289,1894
1446: 658,227,1088,1098,1157,875
1447: 636,826,89,780,1974,1580,1561
1448: 1787,339,1356,1002,325,1628
1449: 515,411,695,1190,1524,1424
1450: 1967,1077,927,68,1959
1451: 731,114,1128,1297,1612,1235
1452: 781,1742,1101,1287,1019,123,1559
1453: 35,1751,1498,1183,357,388
1454: 840,247,784,467,1955,1028
1455: 30,784,1955,968,1845,1565
1456: 91,540,1046,1015,1087,876
1457: 191,442,2010,946
1458: 85,446,1020,1253,736,66
1459: 220,1885,785,428,1982,449
1460: 431,407,1528,2027,1211,1497,801
1461: 259,1662,786,1472,1485,205
1462: 947,997,1714,312,1629,1854
1463: 842,128,280,1921,1570,1917
1464: 829,470,559,1385,733,1536
1465: 111,1025,1137,433,21,1560
1466: 828,328,1073,114,22,253
1467: 1003,38,1956,1744,1349,1911
1468: 685,737,1869,1186,630,375
1469: 1004,173,1940,466,1285,1809
1470: 674,1928,1861,1270,404,255
1471: 755,128,1074,1378,1532,1632
1472: 977,50,786,1461,712,1485
1473: 360,764,341,1377,538,1020
1474: 858,1121,1889,1533,793,1324,1414
1475: 1071,1051,928,1101,746,71
1476: 1005,194,1704,1671,1206,626
1477: 624,149,1315,706,556,1179
1478: 422,1006,487,1562,1166,1353,1534
1479: 985,74,1191,1571
1480: 408,373,1033,660,1393,803
1481: 903,1884,537,215,239,1434
1482: 9,967,519,1964,1253,756
1483: 52,1037,993,807,364,972,284
1484: 1009,1224,1021,1668,754,1210
1485: 337,712,1472,1461,205,995
1486: 2,650,1029,2019,108,557
1487: 543,106,447,771,779,1953,1573
1488: 471,1989,1810
1489: 873,1355,1747,256,710,1396
1490: 729,1953,1296,1307,389,106
1491: 913,334,1842,1092,350,1610
1492: 1881,409,168
1493: 893,390,1800,664,1150,1421,153
1494: 863,369,93,1038,1258,1323,940
1495: 274,697,1177,1568,7,593
1496: 1011,339,1544,1646,1628,1743
1497: 248,1211,431,1460,801,1613,131
1498: 1806,35,1400,1453,357,380
1499: 1630,841,1128,1612,931,1223
1500: 264,1705,1586
1501: 2043,337,377,530,1099,1428
1502: 503,281,92,1280,791,1736
1503: 1864,517,2019,338,399,1614
1504: 842,184,1921,1728,1000,1197,673
1505: 1218,358,1755,760,303,73
1506: 602,914,634,376,15,725
1507: 1863,156,833,1793,732,263
1508: 57,1660,28,1366,832
1509: 310,124,1898,381,1593,1823
1510: 262,248,636,631,826,1873
1511: 1806,417,935,1665,1836,1713
1512: 1304,1435,589,181,696,67
1513: 669,1240,1828,1886,195,1021
1514: 329,574,852,1844,862,1676
1515: 914,15,1905,1008,1043,1934
1516: 1947,1684,877,717,1670,472
1517: 94,703,243,948,973,1581
1518: 548,588,1372,1418,510,1323
1519: 590,2005,454,1165,1707,392
1520: 554,133,391,1426,452,753,1808
1521: 564,1973,1141,1826,176,584
1522: 410,845,245,627,1301,90
1523: 502,1683,1584,1596,920,591
1524: 411,198,695,1449,488,1566
1525: 266,177,1271,1737,1578,743
1526: 1288,200,1054,724,930,231
1527: 959,803,635,1542,1753,1173
1528: 232,431,407,1138,1460,2006
1529: 97,1768,1707,902,392,1662
1530: 508,1095,1231,179,1104,787
1531: 333,1294,1328,915,105,951
1532: 573,320,1841,1632,1471,1074
1533: 1474,282,858,404,1121,1335,1987
1534: 487,499,1166,1429,1478,62
1535: 886,223,1923,1175,514,1902
1536: 913,234,1842,829,1464,733
1537: 49,676,1393,1613,373,1256
1538: 468,233,781,956,912,1742
1539: 43,343,1188,1125,917,1920
1540: 521,506,165,288,1014,1920
1541: 179,1385,733,217,1142,1730
1542: 967,803,1527,1753,519,408,1379
1543: 859,958,294,1748,1848
1544: 1011,50,1496,1646,283,2002
1545: 714,1109,878,235,1759,728,2022
1546: 860,293,1909,352,237,1151
1547: 768,476,1036,321,1629,947
1548: 393,1265,558,813,41,1913
1549: 805,919,1135,1317,117,1750
1550: 142,183,1975,1373,18,1278
1551: 169,636,1873,1974,58,1088
1552: 936,1394,2040,587,520,1145,893
1553: 522,216,301,437,620,1049
1554: 2038,450,1077,1277,891,110
1555: 40,830,505,1055
1556: 921,1028,1866,654,290,467
1557: 613,908,405,1068,1437,252,1162
1558: 418,1663,463,641,1223,1630
1559: 305,1275,1287,1452,123,751,1380
1560: 594,21,2045,1465,1137,150,352
1561: 780,1447,1974,1580,102,920,1085,1129
1562: 422,1006,1353,1478,816,1237
1563: 2012,1877,879,1294
1564: 1239,178,448,1416,651,1248
1565: 517,338,1455,968,1845,1167
1566: 707,2016,488,198,1208,1524
1567: 394,681,2008,1266,1969,663,1220
1568: 211,697,1495,353,7,1174
1569: 304,2007,846,890
1570: 842,280,1463,391,1357,880
1571: 985,1479,265,1345
1572: 177,378,1631,8,1271,59
1573: 1812,1953,788,366,779,1487
1574: 916,1076,426,1619,208,979
1575: 393,501,1149,1127,796,1647
1576: 419,95,1765,969,285,1651
1577: 723,1860,1216,278,929,677
1578: 132,743,1189,932,266,1525
1579: 145,1060,1301,1899,846,627
1580: 169,1447,1974,1561,102,920,1683
1581: 94,703,1517,1192,1850,1022
1582: 473,69,1598,789,250
1583: 498,103,930,2048,1867,1391
1584: 502,1683,455,1523,843,2001
1585: 577,118,2029,1203,3,978
1586: 804,1776,1705,595,1500
1587: 1978,249,578,611,157,1197
1588: 646,1901,881,1338,1422,400
1589: 647,1767,382,1911,1744,546
1590: 853,218,1979,1773,714,1759
1591: 498,1022,1292,1882,1192,1954
1592: 592,1718,1924,608,434,12
1593: 310,124,1417,1509,923,1870
1594: 641,828,931,328,1950,1223,1786
1595: 284,1016,2034,420,1346,1741
1596: 502,136,1190,1523,1941,591
1597: 322,196,122,1423,1405,1735
1598: 326,743,932,69,1582
1599: 1996,267,600
1600: 209,1158,25,821,934,1620
1601: 491,173,1293,1310,560,790
1602: 709,335,2039,1302,1701,216
1603: 685,99,1734,630
1604: 2046,552,996,735,383,1172
1605: 701,1768,785,259,942,1982
1606: 432,419,95,825,623,1795
1607: 210,490,295,850,1925,80
1608: 175,844,1677,557,459,1156
1609: 645,1326,1012,1765,419,1795
1610: 113,1931,350,401,913,1491
1611: 518,904,1926,1420,327,1672
1612: 114,1128,1451,1499,828,931
1613: 943,676,1537,131,1497,801,1256
1614: 2019,399,108,933,1503,1907
1615: 439,805,1135,629,802,1308
1616: 1941,675,421,686,1807,136
1617: 291,587,465,1675,1193,193
1618: 379,543,1398,447,625,1259
1619: 916,1076,1275,1574,746,1019,123
1620: 934,1004,1961,1940,1600,25
1621: 957,423,1711,1236,986,1243
1622: 205,2042,766,1413,995,942
1623: 1719,180,412,344,749
1624: 430,684,673,1432,1000,257
1625: 224,1041,1069,1789,987,346,1820
1626: 60,872,1063,331,1152,1403,273
1627: 767,231,309,1689,1797,1892,799
1628: 34,325,1743,1448,339,1496
1629: 312,768,1120,1547,947,1462
1630: 841,1499,1558,633,463,1223
1631: 378,1572,59,2008,855,681
1632: 320,1532,794,1092,1378,1471
1633: 715,1849,453,1412,1839,1826
1634: 152,36,632,1957,403,1973
1635: 544,1362,1388,101,732,1384
1636: 707,433,1208,644,111,1257
1637: 741,1780,683,258,1341,1363,526,436
1638: 42,512,834,1038,356,1829
1639: 9,967,371,1023,1653,1753
1640: 268,762,1299,1904,429,1712
1641: 208,979,698,2035,1344,1702
1642: 496,795,1180
1643: 340,687,1018,225,592,581,1924
1644: 734,78,2007
1645: 723,717,214,472,1411,677
1646: 163,1743,1496,1544,1879,283
1647: 796,2036,1872,393,1913,1575
1648: 285,207,1043,1143,222,1008
1649: 960,1062,775,656,1758,1805
1650: 461,1339,735,1757,440,956
1651: 285,647,1143,382,95,1576
1652: 1852,1365,699,1337,422,816
1653: 371,1023,1639,52,499,1429
1654: 716,511,1124,1327,605,501
1655: 1848,861,294,1970
1656: 85,446,215,1887,970,1964,1434
1657: 769,33,1257,1325,367,516
1658: 579,778,1331,1685,362,1405
1659: 736,2017,144,1322,1377,1948,1020
1660: 798,57,988,1201,1508,832
1661: 667,770
1662: 1768,259,392,1461,1529,786
1663: 1024,418,500,1558,949,463
1664: 88,603,1106,761,700,2023
1665: 935,1511,580,759,260,1713
1666: 415,221,366,790,779,771
1667: 402,2026,47,945,340,581
1668: 317,1115,669,1484,1021,1210
1669: 798,1691,398,1952,679,8
1670: 1215,606,717,1516,877
1671: 1704,1476,464,626,876,1261
1672: 327,718,385,1350,518,1611
1673: 194,572,1206,211,545,353
1674: 430,1024,500,1432,39,1265
1675: 989,1859,1228,1193,465,1617
1676: 862,1364,852,1514,1080,297
1677: 425,175,950,844,313,1608,1907
1678: 571,1780,212,987,92,1041
1679: 495,1290,926,582,1084,1204
1680: 1944,856,604,1814,1170,286
1681: 653,5,951,1770,1297,64
1682: 213,1251,1717
1683: 1584,1523,920,591,169,1580,843
1684: 1947,1516,40,830,472,1411
1685: 474,308,778,1194,1331,1658
1686: 44,1776,1075,132,1838,1766
1687: 882,417,829,559,401
1688: 14,764,1052,1360,1001,1340
1689: 309,1154,1627,1892,1368,799,608
1690: 2018,181,696,139,1825,772
1691: 1952,1669,8,59,961,952
1692: 16,672,583,1241,1701,2039
1693: 466,355,792,1285,1383,1433
1694: 1853,214,76,1097,1215,549
1695: 808,33,1325,270,906,1123,1994
1696: 3,1116,1203,1791,219,478
1697: 1435,124,589,1417,1951,670
1698: 410,845,4,1264,1207,180
1699: 1087,56,1334,91,981,671
1700: 747,754,1111,1708,1009,384
1701: 16,672,1692,216,709,2039,1302,1602
1702: 71,434,208,698,1641,1071,1718
1703: 853,34,325,1979,1230,1775
1704: 1005,1926,1671,1476,464,900,254
1705: 1586,595,264,1500,481,1201
1706: 473,1960,152,36,69,1798
1707: 97,392,1529,454,596,1519
1708: 614,1009,1064,1700,523,384
1709: 1857,1983,597,196,1988,1423
1710: 360,752,1052,1359,1397,1945
1711: 957,154,423,1306,1621
1712: 429,476,598,1640,268,883
1713: 559,742,260,417,1665,1511
1714: 947,806,164,1112,1462,997
1715: 812,1242,523
1716: 1863,361,1033,1276,1379,1408
1717: 721,213,121,1682,1163
1718: 1071,225,592,1592,434,1702
1719: 395,1623,1207,180
1720: 1900,167,615,1855,1824,1874
1721: 113,350,133,1426,1378,755
1722: 96,1734,524,99,445
1723: 1266,2004,1371,509,616,354
1724: 1756,63,575,1001,1350,385
1725: 191,1760,1155,1918,134,832
1726: 474,778,1031,906,875,270,1098
1727: 5,915,61,1245,1441,640
1728: 813,41,1357,842,1921,1504,673
1729: 841,271,1312,4,633,749
1730: 480,234,1541,733,1799,1142
1731: 914,634,1905,2021,666,490
1732: 211,885,438,697,545,655
1733: 1803,158,1983,597,635,1173
1734: 96,1722,1603
1735: 943,322,1993,362,1597,1405
1736: 791,1389,2000,1280,1303,1502
1737: 354,1271,1525,743,789
1738: 1822,390,1800,974,1862,618
1739: 2046,1268,383,687,831,581
1740: 892,1103,744,726,359
1741: 1016,1990,989,420,1595,1859
1742: 468,781,1101,1452,1538,1019
1743: 34,489,1646,163,1628,1496
1744: 38,1094,1467,1911,1589,894,546
1745: 29,311,1912,937,819,865,1986
1746: 948,973,1156,1858,1029,1083
1747: 1489,873,1182,256,700,475
1748: 958,294,1183,1543,1781,82
1749: 213,1251,1392,609,223,151
1750: 117,1809,919,1549,1310,1147
1751: 35,619,1453,388,126,1067,998
1752: 2012,79,864,1443
1753: 967,959,1023,1527,1542,1639
1754: 412,1915,344,1065
1755: 1272,358,1505,760,1888,115
1756: 63,924,1724,385,1891,120
1757: 831,1367,2046,735,1650,440
1758: 1062,656,1130,1649,244,323
1759: 714,492,878,1262,1545,218,1590
1760: 1366,1725,1918,832,849,318
1761: 674,43,765,1165,1188,1928
1762: 16,583,460,1313,1938,525
1763: 865,107,561,1986,1444,1978,157
1764: 659,125,1084,782,1122,953
1765: 307,1326,1609,419,1576,969
1766: 1838,398,988,1776,1686,595
1767: 1589,210,599,647,295,546
1768: 97,701,259,902,1529,1605,1662
1769: 767,629,802,72,1042,1797,1217
1770: 731,161,1297,529,1681,64
1771: 709,1820,335,345,1195,45
1772: 75,994,1006,1992,416,451
1773: 853,489,745,702,218,1590
1774: 757,315,1158,25,814,189,1406
1775: 521,165,1230,1356,1703,325
1776: 804,44,1586,1686,595,1766
1777: 526,916,426,809,1040,1409
1778: 547,1984,1178,992,1897,86
1779: 22,682,2011,253,922,414
1780: 571,212,678,258,987,1363,1637,1678
1781: 294,1748,82,861,612,1048
1782: 1304,1898,381,363,576,1832
1783: 308,1331,122,314,1109,1871
1784: 23,461,508,155,1231,1339,1440
1785: 1250,185,2028
1786: 641,1968,941,1950,1594,1007
1787: 590,292,1448,339,765,1002
1788: 269,1126,562,565,1874,127
1789: 1625,1069,1241,987,346,709,1820,2039
1790: 435,279,1179,729,1307,628
1791: 1990,420,899,1203,1696,219
1792: 1813,758,331,60,1946,1232
1793: 833,1282,462,1362,732,1507
1794: 432,148,623,690,104,1140
1795: 432,419,1958,1606,1012,1609
1796: 436,837,1040,1134,741,229
1797: 767,722,309,72,1042,1627,1769
1798: 1963,152,69,1219,1706
1799: 233,781,815,1142,480,1730
1800: 1493,390,1738,1150,618,153
1801: 135,866
1802: 55,919,437,1317,773,740
1803: 497,158,972,1733,364,635
1804: 83,892,1103,1821,527
1805: 1062,775,1202,1649,365,797
1806: 35,935,1836,1400,1498,1511
1807: 686,345,1358,116,1941,1616,136
1808: 197,452,1107,998,554,1067,1520
1809: 466,117,1383,1750,173,1310,1469
1810: 471,1989,1991,1488,759,1030
1811: 925,302,760,1347,73,1976
1812: 130,788,1946,1573,366,1875
1813: 810,421,758,1792,316,60
1814: 1170,1680,1382,286,438,655
1815: 552,192,862,1172,329,976
1816: 347,67,1817,772,696
1817: 347,886,330,1816,772,1910,1923
1818: 113,554,1931,126,1067,1426
1819: 658,367,869,1157,1267,516
1820: 709,2039,1771,45,1625,1069,1789
1821: 527,83,1804,963,1075
1822: 390,1738,553,478,974,2013
1823: 824,637,37,310,1898,1509
1824: 563,661,406,1874,1720,615
1825: 576,835,2018,1890,181,1690
1826: 1839,564,1521,453,176,1633
1827: 2024,493,1903,456,351,601,494
1828: 98,618,153,1240,1513,1886
1829: 908,77,719,356,834,1638
1830: 88,293,944,1106,1254,1255,237
1831: 722,1131,1154,857,990,1320,12
1832: 576,835,363,661,1176,1782
1833: 601,1205,494,871,144,896,536
1834: 929,427,220,701,785,1876
1835: 602,376,528,1066,17,1354
1836: 882,1806,35,417,619,1511
1837: 415,221,773,740,1152,1343,1403
1838: 398,1766,1686,132,266,679
1839: 564,2003,1826,1849,1633
1840: 689,154,1050
1841: 29,311,573,320,2044,1532
1842: 913,334,234,1229,1491,1536
1843: 192,996,1172,155,1390
1844: 1960,852,36,403,574,1514
1845: 848,1167,30,1455,517,1565
1846: 715,938,182,2015,1849,27
1847: 629,72,1131,439,443,568
1848: 1655,294,1543
1849: 715,182,1846,1633,1839,2003
1850: 94,1581,312,103,1022,1854
1851: 272,734,170,78,688,1059
1852: 348,888,1365,306,1652,1337
1853: 1694,1097,166,1342,864,549
1854: 103,2048,312,1462,997,1850
1855: 167,1720,1878,565,1874
1856: 533,1283,349,1329,1427,1026
1857: 118,2029,1983,314,1709,196
1858: 883,973,1746,268,81,1083
1859: 1990,989,1675,1741,87,1228
1860: 723,1577,76,1997,822,1216
1861: 674,119,1470,944,6,1270
1862: 618,585,702,1738,974
1863: 361,156,1716,1507,1408,263
1864: 517,104,399,1981,1336,1503
1865: 140,2020,540,84,1273,1082,918
1866: 921,81,1198,1556,654,1299
1867: 724,1583,300,930,1217,1391,1042
1868: 682,275,922,1441,1086,226
1869: 737,1468,1091,375,507,901
1870: 923,1417,1593,911
1871: 1109,235,978,1783,2029,314
1872: 796,2036,145,1301,90,1647
1873: 262,636,1551,1510,227,1088,1351
1874: 1824,406,127,565,1788,1720,1855
1875: 221,366,331,1152,1812,1946
1876: 701,902,278,905,929,1834
1877: 1563,241,105,1294,1966
1878: 484,1136,565,167,1855,230
1879: 1244,964,65,1646,163,283
1880: 1968,941,940,183,863,1278
1881: 1492,168,1348,607,1914
1882: 1352,1192,1591,965,246,1954
1883: 685,737,99,1291,445,739
1884: 918,903,1481,1168,215,239,1082
1885: 505,100,220,1459,449,1252
1886: 964,98,669,65,1513,1828
1887: 85,215,538,239,1656,1945
1888: 936,291,115,760,1347,1755
1889: 1474,1270,1121,793,202,6
1890: 835,2018,222,1825,969,307
1891: 898,718,385,1213,120,1756
1892: 818,146,47,1368,799,608,1627,1689
1893: 236,2045,1896,1418,594,1222,413
1894: 812,1242,1942,1445,46,289
1895: 295,894,444,1925,546,1178
1896: 236,2045,761,1893,1070,603,150
1897: 547,1416,1778,811,86,1239
1898: 381,1509,1782,37,363,1823
1899: 304,846,1579,627,1013,1044
1900: 827,637,37,167,1720,615
1901: 646,269,1588,562,1234,400
1902: 514,1238,223,1535,397,151
1903: 2024,493,884,1185,1314,1827,1929
1904: 318,1640,762,705,429,1419
1905: 914,1515,1731,490,1043,1370
1906: 2030,763,708,1148,1248,178
1907: 108,933,1614,844,48,313,1677
1908: 448,850,444,1925,1181,24,1300
1909: 652,1546,237,622,1151,1161
1910: 886,330,342,725,1817,1923
1911: 382,825,1349,38,1467,1744,1589
1912: 311,573,1745,567,1225,865
1913: 393,1265,1548,2036,1647,39
1914: 885,1053,1177,607,1881,168
1915: 1754,529,1065,586,287
1916: 961,2037,1036,1952,57,28
1917: 184,567,128,1074,1921,1463
1918: 191,1760,442,1725,1980,849
1919: 887,147,424,1927,7,593
1920: 165,1014,1540,1539,1125,917
1921: 842,184,1463,1504,1917,1728,1197
1922: 689,1415,983,1110,1050,504
1923: 347,886,223,1535,1817,1910,609
1924: 47,1368,608,340,592,1643,1592
1925: 295,850,444,1908,1895,1607
1926: 1005,518,904,1704,1611,900
1927: 887,1919,593
1928: 674,454,1470,1165,1761,255
1929: 2024,370,1314,1903,924,1096
1930: 990,174,1320,1344,1425,1436
1931: 113,1818,126,1610,401,882
1932: 198,455,1208,2001,1267,644
1933: 300,1217,802,975,1308,324
1934: 330,772,139,1008,15,1515
1935: 999,493,651,763,456,1248
1936: 1970,1133,129,861,612,1124
1937: 654,238,1184,290,1291,739
1938: 203,16,460,2032,1425,1762
1939: 464,254,752,1359,84,1015
1940: 1004,1469,1620,1285,25,814
1941: 675,591,1279,1616,1807,136,1596
1942: 812,1894,939,730,289
1943: 991,1410,162
1944: 1113,604,1680,17,286,1169
1945: 360,1710,1397,538,1887,239
1946: 130,1812,1232,331,1875,1792
1947: 1516,40,1684,877
1948: 668,736,66,199,1226,1322,1659
1949: 240,484,1017,1136,1234
1950: 828,962,328,941,1786,1594
1951: 121,670,1392,1402,1435,1697
1952: 798,1691,57,1669,961,1916
1953: 788,1296,1490,1573,106,1487
1954: 246,851,324,1882,1591,1292
1955: 921,457,1028,968,1454,784,1455
1956: 1003,610,1467,1349,690,1971
1957: 726,632,152,1219,1634
1958: 432,148,1795,704,1981,1012
1959: 68,938,2015,1077,1450,891
1960: 473,852,36,1706,1844,1309
1961: 934,491,1004,625,1259,1293,1620
1962: 11,691,1032,1210,317,1099
1963: 69,1219,1798,326,1376,359
1964: 446,970,1253,1656,9,1482
1965: 1146,720,137,1976,925,693
1966: 1401,640,1221,105,1877,241
1967: 138,450,1077,1450,927
1968: 941,1786,1880,183,1034,1007
1969: 663,402,2026,1266,509,1567
1970: 866,1133,1936,1655,861
1971: 690,1140,933,48,1438,610,1956
1972: 887,147,1415
1973: 403,1141,1521,632,584,1634
1974: 169,636,1551,1447,1580,1561
1975: 142,611,1045,1550,18,1200
1976: 720,73,1965,1811,925
1977: 54,74,823,1369,188,1093
1978: 249,157,1587,1225,1763,865
1979: 853,1703,1590,143,1230,714
1980: 442,1918,849,1102,1184
1981: 1864,104,1336,704,1958,148
1982: 428,1413,942,785,1605,1459
1983: 1857,118,158,597,1733,1709
1984: 894,1178,992,1778,209,1094,821
1985: 1380,159,1056,1134,305,837
1986: 819,1763,865,107,1444,1745,937
1987: 282,905,404,255,596,1533
1988: 49,1393,1423,660,597,1709
1989: 1488,1810,1030,727
1990: 420,1741,1791,1859,87,219
1991: 471,680,1810,759,935,1400
1992: 1006,750,1353,416,1374,75,1772
1993: 943,362,1735,1351,262,631
1994: 1123,836,1695,847,1031,906
1995: 867,707,2016,433,21,1399
1996: 1599,26,267
1997: 76,1097,485,1860,2009,822
1998: 348,888,244,188,1093,1122
1999: 868,201
2000: 77,719,1389,1736,617,1303,1375
2001: 843,869,1267,455,1584,1932
2002: 712,555,283,1428,50,1544
2003: 1839,976,638,182,982,1849
2004: 889,441,1723,1371,70,509
2005: 590,292,977,786,1519,392
2006: 232,435,407,706,777,1282,1528
2007: 1569,890,78,1644
2008: 616,378,1631,1266,681,1567
2009: 1997,485,822,1324,160,858
2010: 191,1155,1457,907
2011: 22,368,682,1779,873,1355
2012: 1752,1563,79,241
2013: 492,1116,1262,1822,478,974
2014: 182,982,27,23,694,1390
2015: 938,1846,1959,27,870,891
2016: 817,707,488,1399,1995,1566
2017: 144,1322,1377,1659,372,341,871
2018: 1890,222,139,1825,1690,1008
2019: 338,108,1614,1503,1486,2
2020: 566,140,797,1865,1082,396
2021: 1731,666,80,490,534,1247
2022: 728,109,1194,143,714,1545
2023: 1321,542,475,700,88,1664
2024: 493,1827,1903,1929,601,1096,494
2025: 699,19,903,62,537,1166
2026: 1969,402,1667,70,509,945
2027: 407,556,1460,89,1211,971
2028: 1785,185,1010,1387,600
2029: 1857,118,1585,314,1871,978
2030: 708,628,31,1148,1430,1906,13
2031: 130,624,643,149,788,1232,1296
2032: 203,16,522,672,20,1938
2033: 10,1089
2034: 284,1016,1284,1374,1595,993
2035: 979,174,261,1344,1641,460,1313
2036: 1872,90,1647,1913,39,1132
2037: 429,1916,476,1036,1419,28
2038: 1554,891,110,870,1095,787
2039: 709,1820,1602,1241,1692,1701,1789
2040: 1394,1145,1552,893,1150,186,648
2041: 994,299,1160,693,451,1079
2042: 1108,766,187,995,1622,2043
2043: 337,530,1501,2042,1108,995
2044: 29,320,159,1056,1159,1841
2045: 236,1896,1893,594,1560,150
2046: 735,383,1604,1739,831,1757
2047: 839,30,840,784,1338,1422
2048: 103,1583,930,1854,1288,997