0: 65,66,70
2: 22,124,68,75
3: 71,38,81
4: 126,20,32,23,76
5: 79,110
6: 19,67,49,7,82,106
7: 53,84,49,87,6,106
8: 27,88,108,42,61,123
9: 63,91,37,41,115
10: 34,46,94,110,118
11: 97,71,117,18,111
12: 82,25,101,21,122,77
13: 104
14: 109,78,88,103,57,58
15: 62,115
16: 126,120,60,64,46,118
17: 69,70
18: 81,74,111,11
19: 29,21,90,67,6,82
20: 32,4,42,76,85,99
21: 90,19,54,12,82,122
22: 2,112,124,100
23: 126,4,98,59,118
24: 63,91,103,127,56
25: 12,82,101,72,106
26: 28,47,48,89,111
27: 109,114,8,87,88,123
28: 26,53,48,84,119
29: 90,19,67,73,80,121
30: 122,77
31: 124,68,107,96,99
32: 126,20,4,85,120,55
33: 102,40,74,70,43
34: 10,69,79,94,43
35: 101,72,117,97,86
36: 75,45
37: 9,91,41,105,78,93
38: 81,66,3,65
39: 97,71,86
40: 116,102,33,74,89
41: 62,115,9,37,125,93
42: 20,76,108,99,8,61
43: 34,69,94,102,33,70
44: 93,67,80,114,49,105
45: 36,75,68,107,95
46: 10,110,118,16,64
47: 26,113,119,98,116,89
48: 28,26,84,72,117,111
49: 114,87,67,6,44,7
50: 92,54,90,73
51: 77,101,86
52: 83,73,121
53: 28,7,123,84,119,87
54: 92,50,21,90,122
55: 104,95,32,85,120
56: 100,24,127
57: 112,108,96,58,14,88
58: 57,112,100,103,14
59: 94,23,98,116,102
60: 104,16,120,128,64
61: 113,123,119,8,42,76
62: 15,83,41,115,125
63: 9,24,91,127
64: 128,60,16,46
65: 0,38,66
66: 38,81,74,0,65
67: 29,19,80,6,44,49
68: 2,31,124,107,75,45
69: 34,79,43,70,17
70: 33,69,43,17,0
71: 39,3,97,11,81
72: 35,25,106,117,48,84
73: 29,90,121,52,50
74: 33,40,18,81,66
75: 36,45,2,68
76: 20,4,42,61,113
77: 30,122,51,12,101
78: 14,109,105,91,103,37
79: 5,34,69
80: 29,125,93,67,121,44
81: 38,18,74,66,3,71
82: 12,25,106,21,19,6
83: 62,52,125,121
84: 28,7,53,48,72,106
85: 20,32,107,99,95,55
86: 39,97,35,51
87: 114,49,27,7,53,123
88: 14,109,8,27,57,108
89: 116,40,111,26,47
90: 29,21,19,73,50,54
91: 63,9,24,103,37,78
92: 50,54
93: 125,80,44,37,41,105
94: 10,34,59,43,102
95: 55,45,107,85
96: 31,57,112,108,124,99
97: 39,71,86,11,35,117
98: 23,47,113,59,116
99: 31,108,96,20,42,85
100: 56,22,112,58
101: 12,35,25,77,51
102: 116,33,40,59,94,43
103: 24,91,58,14,78
104: 13,60,55,120
105: 109,114,78,37,93,44
106: 82,25,72,6,7,84
107: 31,68,45,95,85
108: 57,96,99,8,88,42
109: 14,114,27,105,78,88
110: 5,10,46
111: 18,89,26,48,11
112: 22,57,124,96,58,100
113: 47,61,119,76,98
114: 109,49,27,105,87,44
115: 15,62,41,9
116: 102,40,89,98,47,59
117: 35,72,48,97,11
118: 10,46,126,16,23
119: 28,47,61,53,113,123
120: 126,16,32,104,60,55
121: 29,125,73,80,83,52
122: 30,77,21,54,12
123: 61,53,119,8,27,87
124: 2,22,31,112,68,96
125: 93,80,121,62,83,41
126: 16,32,23,4,120,118
127: 63,24,56
128: 64,60