0: 30,127,104,148,108,240
2: 243,247,238,30,108,81
3: 219,87,118,235,218
4: 90,245,114,180
5: 253,105,64,22,61,226
6: 119,43,202,255,97
7: 168,211,147
8: 59,164,57,132,177,28
9: 66,85,158,62,215,52
10: 82,138,51,35,197
11: 195,65,141,26,205
12: 47,71,200,72,203,174
13: 178,106,232,86,206,31
14: 120,194,63,144,239,254
15: 210,139,181,223,228,17
16: 212,20,174,208,229
17: 228,112,120,15,53,223
18: 157,42,249,142,183,93
19: 84,62,140,244,172,215
20: 45,212,203,16,174,216
21: 256,198,252,111,150,236
22: 253,5,226,93,256,236
23: 155,225,192,182,27,233
24: 80,207,210,171,178,86
25: 189,117,173,48,171,209
26: 205,11
27: 179,110,182,23,234,217,233
28: 243,134,238,57,8,164
29: 123,159,128,208,107,229
30: 0,108,242,247,2,240
31: 156,199,101,178,232,13
32: 125,73,137,201
33: 198,111,58,227,109,237
34: 43,143,165,98,218,163
35: 234,113,51,10,197,126
36: 152,192,176,69,250,70
37: 124,67,230,167
38: 104,148,48,207,95,171
39: 90,142,245,145,41,184
40: 214,220,100
41: 129,145,126,133,184,39
42: 157,18,77,93,252,236
43: 119,6,34,165,163
44: 83,69,132,177
45: 212,224,60,20,216,136
46: 141,186,162
47: 155,12,71,70,146,200
48: 104,38,175,25,189,171
49: 196,158,131,248,156,66
50: 187,205,100,97,65,163
51: 138,179,10,234,35
52: 75,219,9,118,158,62
53: 151,168,223,112,17
54: 204,188
55: 221,72,117,251,203,216
56: 154,147,91,254,211,194
57: 191,132,134,28,8
58: 116,102,169,198,33,227
59: 103,146,8,250,164,177
60: 45,216,221,149,136,130
61: 105,166,5,226,241
62: 19,172,215,9,75,52
63: 228,14,120,80,144,101
64: 253,105,5,114,161
65: 11,195,98,163,205,50
66: 156,85,199,9,49,158
67: 124,37,121,167,222,181
68: 138,179,110
69: 83,44,177,152,36,250
70: 47,155,192,36,146,250
71: 47,155,12,225,208,174
72: 55,251,200,231,12,203
73: 193,137,115,32,162
74: 201,125,244,188
75: 193,137,52,219,62,172
76: 214,220,255,160,166,79
77: 157,42,92,224,190,252
78: 170,145,90,180
79: 166,241,76,214
80: 210,24,178,228,63,101
81: 108,175,243,2,94,246
82: 10,197,135
83: 44,69,152
84: 19,140,215,239,91,254
85: 144,66,199,239,9,215
86: 178,106,209,13,24,171
87: 193,219,115,3,153,218
88: 226,256,150,202,160
89: 130,102,169,232,206,248
90: 4,245,39,78,145,180
91: 154,204,56,254,84,140
92: 157,77,107,229,212
93: 183,42,18,236,253,22
94: 103,164,231,243,81,246
95: 207,222,139,148,38
96: 191,99,134
97: 220,255,6,50,100
98: 153,195,65,218,163,34
99: 134,247,238,96
100: 187,50,40,220,97
101: 144,199,31,80,178,63
102: 116,58,136,89,130,169
103: 146,59,200,164,94,231
104: 0,148,108,48,38,175
105: 64,61,5,161,241
106: 209,13,86,206,149,173
107: 157,249,229,92,29,128
108: 0,30,104,175,81,2
109: 143,165,237,33,227,122
110: 68,179,27,182
111: 21,198,33,150,237
112: 120,211,194,17,168,53
113: 234,35,217,133,159,126
114: 4,245,183,253,64
115: 73,193,87,153,186,162
116: 58,136,102,224,190,198
117: 25,221,189,55,173,251
118: 235,196,158,52,219,3
119: 43,6,165,237,150,202
120: 228,112,14,194,17,63
121: 213,124,67,181,151,223
122: 235,196,227,131,143,109
123: 29,217,159,233,225,208
124: 213,37,121,67
125: 244,172,137,201,74,32
126: 197,129,41,113,35,133
127: 0,148,230,167,240
128: 29,133,159,184,249,107
129: 197,135,170,145,41,126
130: 136,89,102,60,206,149
131: 49,196,227,122,248,169
132: 44,177,57,8
133: 113,159,128,41,126,184
134: 99,238,28,191,96,57
135: 197,170,129,82
136: 116,130,102,45,224,60
137: 73,193,75,125,172,32
138: 51,68,10
139: 15,207,222,210,95,181
140: 84,19,244,188,204,91
141: 11,195,186,46
142: 245,39,183,18,184,249
143: 109,34,165,235,122,218
144: 85,199,239,101,14,63
145: 78,170,129,41,90,39
146: 103,59,250,200,47,70
147: 154,56,211,7
148: 0,127,104,38,167,95
149: 106,206,221,173,60,130
150: 21,256,111,88,119,237,202
151: 53,223,121
152: 176,36,83,69
153: 195,186,98,218,115,87
154: 147,204,56,91
155: 47,225,71,23,70,192
156: 66,199,31,232,49,248
157: 42,18,77,249,107,92
158: 118,49,196,66,9,52
159: 29,123,113,217,133,128
160: 202,76,255,88,166,226
161: 105,64
162: 73,115,186,46
163: 65,98,43,34,50
164: 103,59,8,94,243,28
165: 119,43,143,109,34,237
166: 61,241,76,160,79
167: 230,127,148,37,67,222
168: 53,112,211,7
169: 58,89,102,227,131,248
170: 78,135,129,145
171: 207,24,48,38,25,209,86
172: 125,62,19,244,75,137
173: 25,221,117,106,209,149
174: 203,20,16,12,71,208
175: 104,108,48,81,189,246
176: 152,192,182,36
177: 44,69,132,59,8,250
178: 13,86,80,24,101,31
179: 51,68,27,110,234
180: 78,4,90
181: 15,222,139,121,67,223
182: 192,176,27,110,23
183: 142,245,114,93,18,253
184: 249,133,128,41,142,39
185: 187
186: 153,195,141,115,162,46
187: 185,205,50,100
188: 140,244,204,54,74
189: 25,246,117,251,48,175
190: 198,252,224,77,116
191: 96,57,134
192: 176,182,36,155,23,70
193: 73,75,137,219,115,87
194: 112,14,120,211,56,254
195: 11,153,65,141,186,98
196: 118,235,49,158,122,131
197: 135,129,126,82,10,35
198: 21,190,252,33,111,116,58
199: 144,156,66,85,101,31
200: 103,146,231,47,12,72
201: 74,125,32
202: 255,160,150,88,119,6
203: 20,174,216,12,72,55
204: 154,91,140,188,54
205: 26,187,50,11,65
206: 106,232,13,149,89,130
207: 210,95,139,24,171,38
208: 225,71,29,123,16,174,229
209: 106,86,25,173,171
210: 15,80,207,139,24,228
211: 112,194,168,7,147,56
212: 45,224,20,16,229,92
213: 124,121
214: 40,76,220,79
215: 84,62,19,85,239,9
216: 45,60,203,20,221,55
217: 123,234,113,159,233,27
218: 153,98,143,34,87,3
219: 193,75,52,87,3,118
220: 40,76,214,255,97,100
221: 55,117,173,60,216,149
222: 95,139,181,167,67
223: 151,53,121,15,181,17
224: 45,212,77,116,136,190
225: 155,71,23,208,123,233
226: 88,22,61,5,256,160
227: 122,131,58,169,33,109
228: 120,17,63,15,80,210
229: 107,92,208,29,212,16
230: 167,127,37
231: 103,200,94,72,246,251
232: 13,206,89,156,31,248
233: 123,217,27,225,23
234: 113,35,217,51,179,27
235: 118,196,122,143,3
236: 21,256,252,42,93,22
237: 119,109,165,33,111,150
238: 99,243,134,247,2,28
239: 144,85,14,254,84,215
240: 242,0,30,127
241: 105,166,61,79
242: 247,240,30
243: 238,2,28,164,94,81
244: 125,19,140,172,188,74
245: 4,90,142,114,39,183
246: 189,251,94,231,175,81
247: 99,238,2,242,30
248: 49,131,232,89,169,156
249: 157,18,184,107,128,142
250: 146,59,69,177,36,70
251: 189,72,246,55,117,231
252: 21,190,198,236,42,77
253: 64,22,5,114,183,93
254: 56,91,14,194,239,84
255: 202,76,220,97,160,6
256: 21,150,236,88,22,226