0: 104,298,406,148,338,269
2: 338,467,457,459,108,81
3: 314,118,219,478,492,235
4: 344,463,245,410,180,412
5: 64,275,414,61,333,105
6: 202,43,119,255,404,292,454
7: 147,424,409,353
8: 57,59,476,132,177
9: 364,408,446,66,371,499,361
10: 471,380,357
11: 26,496,377,384,337,317
12: 434,174,443,47,309,72
13: 279,106,389,448,178,86
14: 385,254,372,360,327,194
15: 490,285,139,207,330,376
16: 460,261,203,20,276,346
17: 112,228,376,342,120,286
18: 157,142,512,369,183,257
19: 348,422,215,62,396,306
20: 437,216,346,301,203,16
21: 433,198,252,413,352,111
22: 368,414,93,253,328,386
23: 182,192,27,155,461,508
24: 456,210,448,295,444,80
25: 425,315,48,491,466,209
26: 496,11,337,267,187
27: 110,486,179,182,23,508
28: 57,429,476,481,318,134
29: 305,159,229,436,311,320
30: 507,290,269,457,242,400
31: 263,462,178,279,101,351
32: 303,73,137,495
33: 270,367,111,506,288,433
34: 489,325,143,218,339,165
35: 401,388,126,380,357,417
36: 403,176,329,152,473,441
37: 230,167,310,381,363
38: 315,48,432,399,382,171
39: 393,90,245,41,430,500
40: 472,427,505
41: 184,391,280,430,393,39
42: 512,369,77,405,510,356
43: 6,119,343,483,292,165
44: 398,132,326,266
45: 335,345,276,346,212,224
46: 289,477,141
47: 340,146,402,309,434,12
48: 425,38,313,25,315,399
49: 322,131,373,408,158,196
50: 205,392,283,163,377,337
51: 471,138,380,417,450,260
52: 497,364,499,487,75,284
53: 274,438,332,397,286,168
54: 349,188,277,74
55: 415,117,439,251,301,437
56: 504,424,423,479,464,91
57: 8,476,28,398,481,132
58: 102,502,455,227,169,367
59: 321,8,476,378,394,164
60: 273,331,335,216,316,421
61: 275,5,105,485,226,469
62: 215,371,499,19,422,487
63: 144,370,494,120,385,372
64: 414,5,253,271,161,333
65: 377,317,489,163,195,98
66: 446,9,361,199,263
67: 347,124,213,381,181,121
68: 110,450,486
69: 354,359,326,152,266,473
70: 509,402,441,250,297,383
71: 434,426,174,460,208,225
72: 439,300,231,309,12,443
73: 303,32,358,137,302,291
74: 54,188,319
75: 416,284,451,52,172,422,487
76: 282,214,160,278,485,166
77: 503,336,281,512,42,405
78: 304,170,272,145
79: 374,469,166,241
80: 370,493,490,456,24,210,228
81: 459,243,94,268,2,467
82: 294,197,357,388
83: 359,326
84: 91,140,396,464,254,239
85: 341,360,239,215,446,371
86: 209,448,444,106,13,379
87: 153,465,390,478,420,193
88: 293,202,256,150,475,296
89: 102,458,206,407,248,169
90: 393,39,501,145,245,410
91: 140,365,84,464,56,423
92: 503,212,336,229,258,107
93: 369,183,328,510,386,22
94: 459,243,246,312,81,498
95: 285,207,222,382,419,432
96: 99,442
97: 220,259,255,282,454,392
98: 153,195,390,489,218,65
99: 96,442,445,247,375
100: 427,428,505,449,220,259
101: 144,494,351,199,31,263
102: 58,136,89,502,458,169
103: 300,231,200,164,312,498
104: 0,148,399,338,108,313
105: 241,333,5,61,469
106: 389,13,379,366,149,447,86
107: 229,311,249,92,336,157
108: 459,175,2,338,104,313
109: 483,474,506,325,143,308
110: 68,450,486,260,27,179
111: 33,288,21,433,352,237
112: 17,120,286,438,327,385
113: 401,126,133,334,234,350
114: 253,328,344,271,418,463
115: 465,186,291,358,289,477
116: 136,502,345,316,190,411
117: 415,355,55,173,466,251
118: 3,497,314,219,158,196
119: 293,202,43,6,343,237
120: 17,112,228,370,63,385
121: 151,223,347,213,67
122: 362,322,474,314,196,308
123: 233,480,468,208,305,159
124: 310,213,67,381,387
125: 348,172,244,299,319,201
126: 113,452,401,388,35,133
127: 230,484,167,298,406
128: 184,249,350,280,311,320
129: 135,294,197,511,170,501
130: 421,458,331,366,149,206
131: 262,248,49,322,431,373
132: 44,398,266,177,57,8
133: 113,452,126,391,350,280
134: 442,445,318,191,481,28
135: 294,129,170,272
136: 116,102,421,502,458,316
137: 32,73,299,302,451,495
138: 471,51,450
139: 285,15,222,347,181,330
140: 91,396,306,365,84,323
141: 482,384,46,477
142: 18,183,430,257,418,500
143: 492,34,325,235,308,218,109
144: 101,63,494,199,341,372
145: 90,501,410,170,304,78
146: 200,394,509,402,47,309
147: 504,424,7
148: 419,104,0,432,406,399
149: 106,389,435,366,206,130
150: 256,413,352,236,293,88
151: 121,332,223,397
152: 359,69,473,403,36
153: 87,465,195,98,186,390
154: 504,423,204
155: 383,440,461,192,23,297
156: 232,431,361,373,263,462
157: 18,512,107,249,257,336
158: 497,118,196,49,364,408
159: 29,305,320,480,334,123
160: 282,404,296,76,485,226
161: 271,64,287,333
162: 289,303,358
163: 50,339,283,489,377,65
164: 200,394,321,59,312,103
165: 292,339,483,43,34,325
166: 79,374,469,214,76,485
167: 230,37,127,307,363
168: 409,332,53,274
169: 262,248,227,58,89,102
170: 135,129,272,501,145,78
171: 209,295,444,38,315,382
172: 348,125,422,299,75,451
173: 415,221,447,491,117,466
174: 434,12,71,460,203,443
175: 459,246,108,425,313,189
176: 403,453,36,329
177: 354,266,132,8,378
178: 456,448,279,13,351,31
179: 110,260,27,470,217,508
180: 395,304,410,4,412
181: 347,67,381,363,139,222
182: 453,192,23,486,27
183: 18,142,369,93,328,418
184: 128,249,280,41,430,257
185: 267,187,428,449
186: 153,465,195,482,115,477
187: 185,267,205,428,26,337
188: 54,277,74,323,244,319
189: 425,246,175,324,355
190: 224,281,345,116,411,488
191: 264,481,442,134
192: 182,329,23,297,155
193: 416,302,420,291,87,465
194: 479,327,211,14,464,254
195: 153,98,482,186,317,65
196: 314,118,158,49,322,122
197: 294,129,82,511,452,388
198: 21,433,411,252,455,488
199: 263,144,101,341,446,66
200: 394,146,164,103,231,309
201: 265,319,495,125,299
202: 293,6,119,88,404,296
203: 301,174,460,443,16,20
204: 365,154,423,349,277
205: 50,392,428,259,337,187
206: 435,149,89,130,458,407
207: 285,95,15,382,210,295
208: 426,71,468,225,123,305
209: 171,86,444,25,315,491,379
210: 24,295,490,207,80
211: 479,353,274,438,327,194
212: 503,224,92,258,45,276
213: 124,67,387,121
214: 76,278,374,166,472
215: 62,371,85,239,396,19
216: 437,273,60,20,335,346
217: 233,480,470,234,508,179
218: 489,492,34,143,98,390
219: 3,497,118,478,284,420
220: 427,100,259,97,282,278
221: 415,447,173,273,331,366
222: 285,95,139,307,363,181
223: 151,121,397,347,330,342
224: 503,212,281,190,45,345
225: 468,440,340,434,71,208
226: 160,296,485,275,475,61
227: 262,362,169,58,270,367
228: 17,376,120,490,370,80
229: 29,436,311,258,107,92
230: 484,37,167,127
231: 103,300,309,72,200
232: 156,431,462,407,279,435
233: 480,217,508,123,468,461
234: 480,470,334,217,113,401
235: 492,143,308,3,314
236: 256,510,150,413,386,356
237: 293,119,343,352,111,288
238: 445,318,247,268,290,467
239: 85,254,360,215,396,84
240: 242,400,484
241: 105,79,469
242: 240,400,507,30
243: 94,312,81,321,268,429
244: 348,125,306,323,188,319
245: 90,39,410,4,463,500
246: 459,94,175,498,324,189
247: 99,445,238,375,507,290
248: 262,131,169,89,431,407
249: 184,128,257,311,107,157
250: 354,473,441,378,509,70
251: 439,324,300,355,55,117
252: 21,198,405,488,413,356
253: 328,271,114,64,414,22
254: 14,464,360,239,194,84
255: 6,282,404,454,97
256: 150,386,236,368,475,88
257: 184,249,430,18,157,142
258: 229,436,261,276,212,92
259: 428,100,220,97,205,392
260: 110,450,179,51,417,470
261: 426,460,16,436,258,276
262: 248,362,322,227,131,169
263: 156,361,199,31,462,101,66
264: 191,398,481
265: 201,495
266: 354,326,69,177,44,132
267: 185,187,26
268: 429,238,318,467,243,81
269: 338,30,457,400,0,298
270: 474,367,33,506,362,227
271: 253,344,114,161,64
272: 135,170,78
273: 437,60,331,216,415,221
274: 53,353,438,211,168,409
275: 368,414,5,475,61,226
276: 45,346,261,16,258,212
277: 54,349,188,204,365,323
278: 282,214,76,427,220
279: 389,435,13,178,232,31,462
280: 184,391,128,350,41,133
281: 503,224,77,190,405,488
282: 404,160,76,278,255,220,97
283: 292,50,454,339,392,163
284: 75,416,420,497,52,219
285: 95,15,139,207,222
286: 17,112,342,397,53,438
287: 333,161
288: 483,33,111,506,343,237
289: 162,46,477,115,358
290: 507,30,467,457,238,247
291: 302,193,465,115,358,73
292: 454,339,283,165,43,6
293: 202,119,237,88,150,352
294: 135,197,129,82
295: 171,24,210,444,207,382
296: 404,160,226,475,202,88
297: 329,192,441,70,383,155
298: 0,406,400,269,484,127
299: 125,172,451,201,495,137
300: 103,439,324,231,251,72,498
301: 203,443,439,55,437,20
302: 416,193,451,291,73,137
303: 32,358,73,162
304: 395,78,180,145,410
305: 29,159,436,123,426,208
306: 140,396,323,19,348,244
307: 419,406,167,363,222
308: 143,235,122,474,109,314
309: 231,72,200,146,47,12
310: 124,381,37
311: 29,229,320,107,128,249
312: 243,94,498,321,164,103
313: 425,48,175,108,104,399
314: 3,118,196,122,235,308
315: 38,25,48,209,171
316: 60,335,345,116,136,421
317: 377,11,384,65,195,482
318: 445,238,134,268,429,28
319: 201,125,244,188,74
320: 29,159,311,334,128,350
321: 59,429,476,164,243,312
322: 262,49,362,122,131,196
323: 140,306,365,244,188,277
324: 300,251,246,498,189,355
325: 34,143,483,109,165
326: 359,69,266,83,44
327: 438,211,194,112,14,385
328: 253,418,114,183,93,22
329: 176,36,192,297,441
330: 376,342,347,15,139,223
331: 273,60,221,366,130,421
332: 151,397,168,53
333: 287,105,161,64,5
334: 480,234,113,159,320,350
335: 45,60,216,345,316,346
336: 503,92,77,107,157,512
337: 26,377,11,50,205,187
338: 2,269,457,108,104,0
339: 292,283,163,165,489,34
340: 383,47,440,225,402,434
341: 85,372,360,144,199,446
342: 17,330,376,286,223,397
343: 43,119,237,483,288
344: 4,271,463,114,412
345: 45,335,316,224,190,116
346: 45,20,335,216,276,16
347: 67,181,139,121,223,330
348: 19,125,172,422,244,306
349: 54,277,204
350: 128,280,334,113,133,320
351: 493,101,494,456,178,31
352: 150,413,21,111,293,237
353: 479,274,211,409,424,7
354: 69,266,473,177,250,378
355: 117,466,324,251,189
356: 510,413,236,42,252,405
357: 10,380,388,35,82
358: 303,73,291,115,162,289
359: 326,152,69,83
360: 14,85,341,254,372,239
361: 156,373,263,408,66,9
362: 262,322,227,122,270,474
363: 381,181,37,167,307,222
364: 408,499,9,497,52,158
365: 91,140,204,323,423,277
366: 106,149,221,447,331,130
367: 270,33,58,433,455,227
368: 275,414,475,22,256,386
369: 18,512,42,183,93,510
370: 493,63,494,80,228,120
371: 215,62,446,499,9,85
372: 14,385,341,360,144,63
373: 156,431,361,49,131,408
374: 79,166,214
375: 99,247,507
376: 17,228,330,342,490,15
377: 11,337,317,65,50,163
378: 394,509,354,177,250,59
379: 106,447,491,209,86
380: 471,10,51,357,417,35
381: 310,124,67,363,181,37
382: 95,207,432,38,171,295
383: 155,440,340,297,402,70
384: 496,11,317,482,141
385: 14,372,112,120,63,327
386: 256,510,236,93,368,22
387: 124,213
388: 452,35,126,357,197,82
389: 279,106,435,13,149
390: 153,87,98,478,492,218
391: 280,41,452,133,511,393
392: 50,454,205,283,259,97
393: 90,39,501,511,391,41
394: 200,378,146,164,509,59
395: 304,180
396: 140,306,84,239,215,19
397: 151,332,223,342,286,53
398: 44,481,132,264,57
399: 104,432,148,38,313,48
400: 240,242,30,269,484,298
401: 113,35,126,417,470,234
402: 146,509,70,383,47,340
403: 176,36,152
404: 282,160,296,202,6,255
405: 252,488,77,281,42,356
406: 419,0,298,307,148,127
407: 232,431,435,206,89,248
408: 364,9,361,373,49,158
409: 168,353,274,7
410: 90,145,245,304,180,4
411: 198,455,488,190,116,502
412: 180,4,344
413: 150,352,236,356,21,252
414: 64,275,368,5,22,253
415: 221,55,117,173,437,273
416: 75,302,284,420,193,451
417: 51,380,260,470,401,35
418: 328,463,114,500,142,183
419: 432,307,406,148,95
420: 416,284,193,219,478,87
421: 136,130,458,60,331,316
422: 19,348,172,487,62,75
423: 504,154,56,91,204,365
424: 504,147,56,7,479,353
425: 313,189,25,48,175
426: 71,460,208,261,305,436
427: 505,100,220,278,40,472
428: 449,100,259,205,185,187
429: 321,268,476,28,318,243
430: 184,41,257,39,142,500
431: 232,156,373,407,248,131
432: 419,148,399,38,95,382
433: 21,198,455,367,33,111
434: 12,71,174,47,225,340
435: 279,389,149,206,232,407
436: 29,305,229,258,426,261
437: 273,20,216,301,415,55
438: 53,274,327,211,112,286
439: 300,251,72,301,443,55
440: 383,155,468,225,461,340
441: 473,250,36,329,297,70
442: 96,99,445,134,191
443: 301,12,174,203,439,72
444: 209,171,24,448,86,295
445: 99,442,238,318,134,247
446: 66,371,9,199,85,341
447: 221,491,173,106,379,366
448: 456,24,178,86,444,13
449: 428,505,100,185
450: 68,110,260,51,138
451: 75,416,302,172,299,137
452: 388,126,133,197,511,391
453: 176,182,486
454: 292,392,283,6,255,97
455: 433,411,198,58,502,367
456: 24,448,178,493,351,80
457: 2,338,30,290,467,269
458: 136,89,130,102,421,206
459: 246,94,175,108,81,2
460: 426,71,174,261,203,16
461: 155,468,440,23,233,508
462: 232,156,31,263,279
463: 4,344,418,114,500,245
464: 254,479,194,56,91,84
465: 153,87,115,186,193,291
466: 491,355,117,173,25
467: 2,290,457,238,268,81
468: 440,225,461,233,123,208
469: 79,166,61,241,105,485
470: 217,234,260,179,417,401
471: 10,51,138,380
472: 40,214,427
473: 354,152,69,441,250,36
474: 270,109,506,362,122,308
475: 275,368,256,88,296,226
476: 321,57,59,429,8,28
477: 46,289,482,115,186,141
478: 3,219,492,420,87,390
479: 353,211,194,464,56,424
480: 233,334,217,234,123,159
481: 398,191,264,134,57,28
482: 195,186,384,317,477,141
483: 109,506,288,43,343,325,165
484: 230,127,240,400,298
485: 160,76,226,61,469,166
486: 68,110,27,453,182
487: 422,62,499,52,75
488: 411,198,252,405,281,190
489: 34,218,339,163,98,65
490: 15,210,228,376,80
491: 447,173,466,25,209,379
492: 143,235,218,3,478,390
493: 370,494,351,80,456
494: 144,370,493,101,63,351
495: 265,201,299,32,137
496: 26,11,384
497: 118,52,219,158,364,284
498: 246,94,312,103,324,300
499: 364,62,371,9,52,487
500: 418,463,430,39,245,142
501: 393,90,145,129,511,170
502: 116,58,136,102,411,455
503: 212,224,92,77,336,281
504: 147,154,56,424,423
505: 427,449,100,40
506: 270,483,474,109,33,288
507: 30,290,375,247,242
508: 233,217,23,27,179,461
509: 378,394,146,402,70,250
510: 386,236,356,369,42,93
511: 197,129,452,391,393,501
512: 18,157,369,42,77,336