0: 704,1057,1126,298,1167,1336
2: 1486,457,650,968,2019,338
3: 569,1116,978,1203,1585,1696
4: 1698,1264,180,1729,749
5: 653,915,1727,1245,1681,951
6: 1270,1889,944,1254,202,1861
7: 424,1919,1174,593,1495,1568
8: 177,1572,59,1691,1669,679
9: 967,371,1482,1639,970,1964
10: 2033,1089,380,680,980
11: 795,691,1032,1962,1180
12: 434,857,592,1592,1718,1154,608
13: 389,1286,1307,2030,708,628
14: 254,1052,1359,1360,1688,900
15: 330,1934,725,914,1506,1515
16: 672,583,2032,1692,1701,1762,1938
17: 1169,1354,1066,1835,1113,1944
18: 369,512,1278,1975,1550,1200
19: 2025,699,665,903,1168,1337
20: 203,522,2032,301,984,1227
21: 867,594,433,1995,1465,1560
22: 368,1779,2011,1073,1466,253
23: 1784,155,1231,1390,2014,694
24: 999,651,1300,448,850,1181,1908
25: 1600,1158,814,1774,1940,1620
26: 1996,267,662,1108,187
27: 2014,694,182,2015,1846,870
28: 57,1508,1916,1366,1419,2037
29: 311,2044,1056,1134,1841,937
30: 2047,784,1422,1455,848,1845
31: 2030,462,544,1148,1362,1430
32: 303,1289,1404,1410,720,991
33: 1325,1657,270,367,906,1695
34: 853,1703,489,325,1628,1743
35: 1806,1751,619,1836,1498,1453
36: 1960,152,1634,1706,1844,403
37: 637,1823,1900,615,363,1898
38: 1003,171,1094,1744,1467,1911,894
39: 1024,1674,1265,1913,2036,1132
40: 1947,1684,1555
41: 558,813,1728,1357,1548,842
42: 1638,510,1038,954,1258,356,1372
43: 674,119,343,1188,1539,1761
44: 804,1776,963,1686,1075
45: 535,1069,1358,709,1820,1771,345
46: 1242,1894,1090,614,477,1445
47: 1892,146,402,1924,1368,1667,340
48: 1140,933,1907,313,1438,1971
49: 322,676,1393,1988,1423,1537
50: 977,1011,1472,1544,2002,712
51: 138,580,450,1277,1030,727
52: 1653,1037,1429,1483,807,1023
53: 856,1170,1238,332,607,1053
54: 74,1191,1977,897,823
55: 301,437,1317,1802,1227,1260
56: 1087,1699,621,479,1261,1334
57: 798,1952,1660,1508,28,1916
58: 843,869,1088,1157,169,1551
59: 1631,8,1572,1691,952,855
60: 316,872,1063,1626,331,1813,1792
61: 1441,1727,226,640,532
62: 2025,537,1330,1166,499,1534
63: 575,924,1096,1205,1724,1756
64: 586,1328,951,1770,529,1681
65: 1244,1886,98,1879,964
66: 1253,756,1458,736,668,1948
67: 1435,1402,1512,696,347,1816
68: 486,1450,938,1959
69: 473,1706,1798,1582,326,1598,1963
70: 1035,2004,441,945,509,2026
71: 1071,1475,746,208,1702,1076
72: 722,629,1847,1797,1131,1769
73: 1976,303,720,760,1811,1505
74: 54,985,1191,1479,1977,1369
75: 994,172,1006,1160,1772,1237
76: 723,1694,214,1997,1097,1860
77: 908,719,1068,1389,2000,1829
78: 1644,734,1851,688,2007,890
79: 2012,1752,241,1221,166,864
80: 2021,1607,490,850,534
81: 1083,1866,1198,1858,268,1299
82: 1183,1748,1781,388,197,1048
83: 1804,963,1821,527
84: 540,1865,1015,1273,1939,752
85: 446,538,1887,1020,1458,1656
86: 811,1398,1209,1897,992,1778
87: 219,553,1228,1421,1990,1859
88: 293,1106,1254,1664,1830,1321,2023
89: 826,780,1211,1447,971,2027
90: 2036,1872,1301,245,1132,1522
91: 1087,1699,365,1046,1456,981,1202
92: 212,987,1678,1280,503,1041,1502
93: 863,1258,1323,1494,386,940,713
94: 243,1581,1517,1850,312,1120
95: 382,419,825,1576,1606,1651
96: 946,1734,1722
97: 1707,905,902,1529,596
98: 1244,1886,65,618,585,1828
99: 685,1883,1603,445,1734,1722
100: 830,505,427,1411,220,1885
101: 199,896,536,1635,1384,1388
102: 920,1085,1212,1279,1561,1580
103: 498,1022,1583,2048,1854,1850
104: 1864,399,1140,1981,933,148,1794
105: 1294,1531,915,640,1877,1966
106: 543,389,1061,1487,1953,1490
107: 819,336,1444,1986,1117,1442
108: 2019,1907,1614,1486,557,844
109: 2022,847,1194,483,143,836
110: 2038,260,1554,1277,657,787
111: 1465,769,1257,1025,433,1636
112: 898,1382,327,718,1169,286
113: 1818,1931,350,1426,1610,1721
114: 1612,1451,828,1466,1235,253
115: 936,1888,520,1272,1755,1445
116: 874,1424,1358,345,1807,515,136
117: 251,1135,1383,1809,1750,1549
118: 577,1857,2029,158,1983,1585
119: 674,43,343,1861,944,1255
120: 1891,1213,1756,738,370,924
121: 213,1951,670,1717,1392,721
122: 196,1597,1405,1783,1331,314
123: 1019,1287,1452,1559,1275,1619
124: 381,589,1417,1509,1593,1697
125: 816,172,1237,1764,782,1365
126: 882,1751,401,619,1818,1931,1067
127: 1126,298,1788,1874,406,1319
128: 1917,1471,280,1074,1463,755
129: 272,1124,605,1133,1936,170
130: 2031,1812,643,788,1946,1232
131: 943,676,1613,631,248,1497,801
132: 1578,1189,1686,1075,1838,266
133: 755,391,1426,1520,1721,280
134: 1155,832,1725,481,1201
135: 272,734,1133,1801,866
136: 515,1190,1596,1807,116,1941,1616
137: 1146,1965,299,693,1119,582
138: 51,450,1967,727
139: 2018,1690,1008,1934,772
140: 365,2020,797,540,1046,1865
141: 1333,1111,384
142: 257,578,611,1975,1550,1373
143: 483,1230,2022,109,714,1979
144: 896,1322,1659,1833,871,2017
145: 513,796,1872,1060,1301,1579
146: 663,1892,818,402,47,1368
147: 887,424,1415,1919,1972,983
148: 1864,104,1981,1958,432,1794
149: 2031,624,643,1315,1477,206
150: 860,603,352,2045,1896,1560
151: 1274,397,1251,1749,223,1902
152: 36,1219,1634,1706,1798,1957
153: 618,1240,1828,1493,1800,1150
154: 1050,1306,1711,1840
155: 23,461,1784,1390,996,1843
156: 539,1863,531,361,1507,833,1138
157: 1978,611,1045,1587,561,1763
158: 1803,577,118,497,1983,1733
159: 1380,2044,1056,1159,1985,649
160: 541,1187,711,1324,485,2009
161: 731,271,1770,529,1065,1312
162: 1218,1381,1410,1943
163: 489,745,1743,1646,1244,1879
164: 1288,806,394,200,997,1714
165: 521,1356,1540,1775,1920,917
166: 469,1342,79,1221,1853,864
167: 1855,827,230,1900,1720,1878
168: 1492,1881,409,274,1177,1914
169: 1551,1974,1580,1683,58,843
170: 272,605,1851,129,1127,1059
171: 315,1003,1600,38,209,1094,1158
172: 659,75,125,1160,1237,1764
173: 491,1601,1310,1469,466,1809
174: 2035,1344,1930,1313,460,1425
175: 950,965,1608,1677,459,1352
176: 453,584,1826,1521
177: 266,8,1271,1525,1572,679
178: 854,1564,1239,1286,708,1906,1248
179: 1541,1104,1385,217,508,1530
180: 1719,1623,1207,1698,4,749
181: 576,696,1825,1690,1304,1512
182: 2014,982,1846,1849,27,2003
183: 1034,1373,1550,1278,1968,1880
184: 1917,567,1921,1504,1225,249,1197
185: 449,1250,1785,2028,428,1387
186: 195,482,648,1150,1240,2040
187: 1010,2042,1108,766,26,267
188: 244,1998,1130,823,1977,1093
189: 1406,1144,1318,1285,1433,814
190: 281,895,1153,1249,613,791,1058
191: 442,1155,1725,1918,2010,1457
192: 976,1815,982,1172,1843,1390
193: 302,1193,1347,1439,291,1617
194: 1673,1206,1476,353,626,1118
195: 482,1224,186,1021,1240,1513
196: 122,1423,1597,1857,314,1709
197: 1808,1048,1107,998,388,82
198: 411,455,1524,1932,1566,1208
199: 1948,101,896,1226,1322,1384
200: 1288,1526,394,164,1220,1054
201: 265,868,495,1290,1999
202: 296,793,1321,1254,1889,6
203: 20,2032,1425,1436,1938,984
204: 957,1243,349,1427
205: 995,1622,942,1485,259,1461
206: 458,1085,1129,643,149,1315
207: 599,1043,1143,1370,1648
208: 1641,979,1702,71,1076,1574
209: 1600,171,1094,1158,821,1984,992
210: 1607,490,599,1370,1767,295
211: 697,1568,1732,545,353,1673
212: 1780,1678,92,570,1280,678
213: 1749,121,1682,1717,1392,1251
214: 723,1694,76,1215,717,1645
215: 1887,239,1434,1656,1481
216: 522,672,1553,1701,1049,1302,1602
217: 508,912,1440,1142,1541,179
218: 1773,702,1590,492,1759
219: 87,553,478,1696,1990,1791
220: 427,100,1834,1885,785,1459
221: 415,366,1152,1666,1837,1875
222: 2018,1890,969,1008,285,1648
223: 1749,609,1535,1923,151,1902
224: 503,535,895,1041,1625,1069
225: 1071,928,1018,592,1643,1718
226: 532,1086,551,1441,61,1868
227: 1088,1446,262,1873,1351,579,875
228: 738,634,376,528,1100,666
229: 1796,1134,937,819,741,1442
230: 827,167,1136,1878,1263
231: 767,1627,1526,1054,799,724
232: 833,777,1138,1282,2006,1528
233: 781,1799,1538,912,1142
234: 480,1842,1229,1536,1730,733
235: 1109,569,878,1545,978,1871
236: 588,2045,1896,1893,1070,1418
237: 293,1909,1546,1255,1830,652
238: 654,762,705,1184,290,1937
239: 215,1887,1945,1397,918,1884,1481
240: 1017,1949,820
241: 2012,79,1877,1966,1221
242: 1171,1139,1332,881,1078
243: 94,883,973,1517,598,1120
244: 888,188,1998,323,1130,1758
245: 410,910,1132,949,1522,90
246: 851,792,1882,1954,965,1318
247: 1454,901,840,467,1196,1091
248: 826,1211,1497,1510,131,631
249: 1978,1197,1587,184,567,1225
250: 889,789,1371,1309,473,1582
251: 355,975,117,1308,1135,1383
252: 1164,1162,1437,954,1222,1372
253: 1235,414,1466,114,22,1779
254: 14,1939,1359,1704,900,464
255: 454,1470,404,1987,596,1928
256: 761,1070,1396,1489,1747,700
257: 142,1000,578,684,1624,1373
258: 1780,1363,1637,436,741,678
259: 1768,1461,1605,1662,205,942
260: 580,1277,110,1665,657,742
261: 426,1409,979,2035,1313,1305
262: 636,1873,1510,227,1993,1351,631
263: 1408,732,1226,1384,1863,1507
264: 1500,907,1705,481
265: 201,1290,1345,1571
266: 177,1525,1838,132,1578,679
267: 1996,1599,26,600,1010,187
268: 1640,1299,1712,81,1858,883
269: 646,1057,1126,1788,562,1901
270: 658,367,1098,33,906,1726,1695
271: 731,841,161,1128,1729,1312
272: 135,734,1133,1851,170,129
273: 1152,1403,620,872,1049,1302,1626
274: 1177,1495,409,168,593
275: 682,1182,1868,955,1395,1086
276: 525,571,683,346,583,1241
277: 960,656,986,1243,1427,1026
278: 929,282,1577,1216,905,1876
279: 435,777,1790,462,628,1430
280: 128,1463,1570,755,133,391
281: 503,190,895,613,791,1502
282: 1335,1987,1533,1216,905,278
283: 2002,555,964,1544,1646,1879
284: 2034,1346,1595,972,993,1483
285: 1143,1648,1651,1576,222,969
286: 1680,1944,1814,1382,112,1169
287: 586,692,1199,1915
288: 506,1014,1123,1540,808,1246
289: 730,1272,1445,1894,1942
290: 654,238,1937,1196,739,467,1556
291: 936,1888,587,1617,193,1347
292: 590,1787,977,1011,339,2005
293: 860,88,237,1546,1106,1830
294: 1543,1748,1781,1655,1848,861
295: 1607,210,1767,1925,546,1895
296: 793,1321,202,542,1027,1281
297: 1035,441,1080,1676,1364
298: 0,704,1126,127,1319,1012
299: 1160,2041,693,582,1204,137
300: 1867,1217,1292,1391,1933,324
301: 55,437,1227,522,1553,20
302: 1811,925,966,193,1347,1439
303: 32,1410,720,73,1218,1505
304: 1569,909,1899,846,1013
305: 837,809,1559,1275,1380,1985
306: 888,1852,323,1047,1337,665
307: 1765,1176,1326,835,1890,969
308: 728,1783,1194,1331,1685,1109
309: 722,1797,1154,1627,608,1689
310: 1509,1593,824,1823,923
311: 29,1745,1912,1841,937,573
312: 1629,1120,1462,1854,94,1850
313: 425,844,1438,1677,1907,48
314: 1857,2029,196,122,1783,1871
315: 757,1003,610,171,1158,1774
316: 686,60,1063,1195,1813,421
317: 377,1099,1115,1668,1962,1210
318: 1419,705,1904,1366,1760,849
319: 985,1369,953,1345,926
320: 2044,1159,1841,794,1632,1532
321: 1036,947,1547,961,952,1112
322: 943,49,676,1423,1597,1735
323: 888,244,1047,306,1062,1758
324: 300,1292,1933,1954,975,851
325: 34,1703,1628,1356,1775,1448
326: 550,1598,1376,932,1963,69
327: 1382,718,112,1672,1611,1420
328: 828,962,1950,1073,1466,1114
329: 976,638,574,1514,1815,862
330: 15,1934,725,1816,1817,772,1910
331: 1152,1875,60,1626,1946,1792
332: 1348,770,397,607,53,1238
333: 692,879,1072,1294,1328,1531
334: 794,1842,1092,1229,1298,1491
335: 709,872,1771,1063,1195,1302,1602
336: 617,570,107,1444,1117,1303
337: 712,1428,1501,995,2043,1485
338: 517,2019,1503,1565,2,968
339: 292,1787,1011,1448,1496,1628
340: 687,1643,581,1924,47,1667
341: 1473,764,372,1340,2017,1377
342: 886,1066,725,1910,602,1113,1175
343: 43,119,1125,1539,652,1255
344: 412,1754,1065,749,1312,1623
345: 686,1771,1195,1807,116,45,1358
346: 276,571,987,1241,1625,1789
347: 1816,1817,1923,1402,609,67
348: 888,1852,782,1998,1122,1365
349: 1283,1856,1427,204
350: 113,1610,1721,1378,1092,1491
351: 1105,1388,456,1827,601,536
352: 860,150,1546,1560,1137,1151
353: 211,1568,194,1673,1174,1118
354: 616,378,1271,1737,789,1723,1371
355: 975,251,851,792,1383,1693
356: 908,1437,1829,42,1638,954
357: 958,980,1183,1453,380,1498
358: 730,1218,1381,1272,1505,1755
359: 1740,1103,726,1376,1963,1219
360: 1473,1945,764,1052,1710,538
361: 539,1863,531,156,1716,1033
362: 1993,1405,1735,1351,579,1658
363: 37,615,661,1898,1782,1832
364: 807,959,635,1803,1483,972
365: 140,797,1046,91,1805,775,1202
366: 221,779,1666,1875,1812,1573
367: 270,658,1819,516,1657,33
368: 22,2011,1081,1355,1073,1114
369: 863,512,18,1038,1278,1494
370: 1929,1314,738,1100,120,924
371: 9,1639,970,1330,499,1653
372: 871,575,1205,1340,2017,341
373: 539,1480,1033,1256,1393,1537
374: 1443,606
375: 1186,1468,1869,1139,507
376: 228,634,528,1506,1835,602
377: 317,555,1099,1115,1428,1501
378: 616,2008,354,1631,1271,1572
379: 811,854,543,1061,1618,1398
380: 10,680,1400,1498,980,357
381: 1304,124,1898,589,1509,1782
382: 95,825,1911,1589,647,1651
383: 2046,552,1739,1268,1364,1604
384: 141,1111,1708,1700,523
385: 718,1891,1672,1350,1756,1724
386: 962,940,1114,93,713,1081
387: 1163,911,721
388: 1183,82,1453,1751,197,998
389: 13,106,1061,1286,1307,1490
390: 1822,1493,1800,1738,553,1421
391: 133,1520,753,280,1570,880
392: 1707,1529,1662,786,2005,1519
393: 558,1913,1548,1149,1647,1575
394: 806,164,200,681,1567,1220
395: 1214,1719,1044,1207,1013
396: 665,1168,566,1082,2020,1047
397: 1274,770,332,151,1902,1238
398: 798,988,1669,679,1766,1838
399: 1864,104,933,1614,1503
400: 1017,1234,1901,1332,881,1588
401: 882,126,1687,829,913,1931,1610
402: 1969,663,146,47,1667,2026
403: 574,1973,1141,36,1634,1844
404: 1270,1470,255,1121,1987,1533
405: 613,1058,1557,817,838,1162
406: 645,563,1319,127,1874,1824
407: 706,556,1460,2006,1528,2027
408: 803,1542,519,1379,1480,1033
409: 1492,168,274
410: 845,910,245,1698,1264,1522
411: 502,198,455,1190,1449,1524
412: 1754,344,1623
413: 867,594,1164,1222,1893,1418
414: 653,922,1245,1235,253,1779
415: 221,560,1343,1666,1837,790
416: 451,783,1992,1284,1374,1772
417: 882,1511,1836,1687,1713,559
418: 1007,500,1431,1663,1558,641
419: 95,1576,1606,1609,1765,1795
420: 1990,1346,899,1595,1791,1741
421: 1813,675,810,1616,686,316
422: 1478,699,1166,1652,816,1562
423: 1306,1621,1711,981,671,1236
424: 147,1919,1361,983,7,1174
425: 950,1406,313,1438,1144,1677,757
426: 916,261,1409,1574,1777,979
427: 929,100,1411,220,677,1834
428: 449,185,1459,1982,1413,1387
429: 1712,476,2037,1419,1640,1904
430: 1624,1432,1674,1265,813,673
431: 1138,1460,1528,1497,801,531
432: 623,1606,1794,148,1958,1795
433: 707,21,1636,1995,1465,111
434: 857,698,1702,12,592,1592,1718
435: 706,777,279,1179,2006,1790
436: 526,1040,1796,258,1637,741
437: 301,55,1802,1553,773,740,620
438: 885,1053,1732,655,1814,1170
439: 1615,805,568,1260,629,1847
440: 468,956,1757,1650,1051,1367
441: 1035,889,2004,1080,70,297
442: 191,1918,1980,946,524,1457
443: 1847,1131,990,568,984,1436
444: 547,1925,1178,1181,1908,1895
445: 99,1883,1291,1102,524,1722
446: 85,970,1964,1253,1458,1656
447: 543,1618,1487,771,1259,779
448: 1181,1416,1908,1564,999,24,651,1248
449: 1250,1252,185,428,1459,1885
450: 138,51,1967,1077,1554,1277
451: 966,1079,783,416,994,1772,2041
452: 753,1808,1107,1327,1520
453: 176,1826,1412,1633
454: 255,596,1165,1928,1519,1707
455: 502,411,198,1584,1932,2001
456: 1935,493,1827,763,351,1105
457: 921,2,1955,650,1028,1198,968
458: 810,758,1085,1212,206,643,1232
459: 703,948,1352,1156,175,1608
460: 1425,1762,1938,174,2035,1313
461: 1650,1784,155,1339,996,735
462: 31,1362,1430,1793,777,279,1282
463: 910,633,949,1558,1663,1630
464: 1704,1939,254,876,1671,1015
465: 1394,587,1617,664,1675,1228
466: 1285,1383,1693,1809,173,1469
467: 1454,247,1196,290,1028,1556
468: 440,956,1742,1101,1538,1051
469: 166,1401,1187,1269,1342,1221
470: 657,559,742,1104,1385,1464
471: 1991,680,1488,1810
472: 830,1411,1645,717,1516,1684
473: 1309,1960,69,1706,1582,250
474: 847,778,1031,1194,1685,1726
475: 542,1395,2023,1747,1182,700
476: 429,768,1712,2037,598,1036,1547
477: 482,1090,614,1064,648,46
478: 1822,219,553,1696,2013,1116
479: 626,56,621,1261,1118,1361
480: 234,642,1229,1730,815,1799
481: 264,907,1705,1155,134,1201
482: 195,477,1064,1224,186,648
483: 521,506,143,836,1230,109
484: 562,1949,1136,1234,1878,565
485: 1997,1097,2009,160,1187,1342
486: 1412,68,715,938
487: 750,1037,1534,1353,1429,1478
488: 817,2016,838,1566,695,1524
489: 853,34,1773,163,745,1743
490: 1607,210,1370,80,1731,1905,2021
491: 1004,1961,173,1601,1293,1469
492: 2013,1262,1759,702,218,974
493: 1935,456,999,1185,1827,1903
494: 1833,871,601,1096,1205,2024
495: 868,201,1119,1290,1679,582
496: 795,1386,1642
497: 1803,577,158,1346,899,972
498: 103,1022,1583,1591,1292,1391
499: 1653,1534,1429,371,1330,62
500: 1024,418,1431,1432,1663,1674
501: 716,1654,605,1149,1127,1575
502: 411,455,1523,1190,1584,1596
503: 224,281,895,1041,92,1502
504: 1050,1306,671,1110,1334,1922
505: 830,100,1885,1555,1055,1252
506: 483,521,288,1123,836,1540
507: 839,901,375,1869,1139,1078
508: 217,1784,1530,1231,1440,179
509: 1266,2004,1723,70,2026,1969
510: 42,954,1258,1323,1372,1518
511: 1654,612,1048,1107,1327,1124
512: 369,834,18,1638,1038,1200
513: 688,796,145,1059,1060
514: 1175,856,604,1902,1238,1535
515: 136,1190,1449,116,874,1424
516: 367,1267,1819,644,1257,1657
517: 1864,338,1503,1565,1845,1167,1336
518: 1926,1611,900,1672,1350,1360
519: 967,1482,1542,408,1379,1276,756
520: 936,115,1145,1552,1090,1445
521: 483,506,165,1230,1540,1775
522: 672,1553,20,2032,216,301
523: 1715,1242,614,1708,384
524: 946,1722,442,1980,445,1102
525: 276,1305,683,1341,1313,583,1762
526: 436,1040,1409,1777,1341,1637
527: 1821,550,1376,83,1804,1103
528: 738,228,376,1835,1213,1354
529: 1915,1065,161,1770,586,64
530: 1099,1501,1108,2043,691,662
531: 539,801,361,156,1256,431,1138
532: 226,1401,640,1269,551,61
533: 897,1283,1856,1329
534: 884,1300,850,80,1247,2021
535: 224,874,895,45,1069,1249,1358
536: 101,896,351,1388,1833,601
537: 2025,903,1481,1330,62,1434
538: 85,1887,1020,1473,1945,360
539: 373,531,361,156,1033,1256
540: 140,84,1046,1865,1456,1015
541: 160,1187,1269,551,1311,711
542: 296,1321,475,1281,1395,2023
543: 379,106,1061,1618,1487,447
544: 31,1105,1148,1362,1388,1635
545: 211,1732,655,1673,572
546: 894,1895,1744,1589,1767,295
547: 1897,444,1178,1181,1416,1778
548: 588,713,1396,1518,1323,710
549: 1443,1215,606,864,1694,1853
550: 1821,527,326,1189,1376,932
551: 226,541,532,1086,1269,1311
552: 862,383,1172,1364,1604,1815
553: 1822,390,87,219,478,1421
554: 1818,1067,1426,1520,1808,998
555: 2002,377,964,1115,283,1428
556: 407,706,2027,1315,1477,971
557: 1486,1029,1156,108,844,1608
558: 393,41,1357,1548,1149,1407
559: 829,470,742,1464,417,1687,1713
560: 415,773,1343,1147,1601,1310,790
561: 774,157,1045,1763,1444,1375
562: 484,1234,565,1901,269,1788
563: 645,661,406,1176,1326,1824
564: 1839,638,1141,1826,1521
565: 562,484,1878,1788,1855,1874
566: 2020,797,396,1805,1062,1047
567: 1917,184,1074,1225,573,1912,249
568: 439,984,1227,1260,1847,443
569: 3,878,235,1116,1262,978
570: 336,1117,1280,1303,678,212
571: 276,1780,683,987,1363,1678,346
572: 904,1673,1206,1420,545,655
573: 1532,567,1074,311,1912,1841
574: 329,403,638,1141,1514,1844
575: 372,63,1001,1205,1340,1724
576: 835,1832,181,1825,1304,1782
577: 118,497,158,1203,1585,899
578: 142,1000,257,611,1197,1587
579: 778,1658,875,227,362,1351
580: 51,260,1277,759,1030,1665
581: 340,687,945,1739,1268,1667
582: 495,1119,1679,1204,299,137
583: 16,1241,1692,1762,276,525
584: 176,1521,1039,632,1973
585: 1244,1862,98,618,745,702
586: 692,1328,287,64,1915,529
587: 936,1394,291,465,1617,1552
588: 548,236,1070,1396,1418,1518
589: 1304,1512,124,381,1697,1435
590: 292,1787,2005,1519,765,1165
591: 1941,675,920,1279,1683,1523,1596
592: 225,1643,1592,1718,1924,434,12
593: 1919,7,274,1495,1927
594: 867,21,413,2045,1893,1560
595: 1776,1766,1586,1705,988,1201
596: 454,255,1987,97,1707
597: 1983,1709,1733,1988,660,1173
598: 768,1712,476,1120,243,883
599: 210,207,647,1143,1370,1767
600: 1599,267,1010,2028
601: 1833,494,2024,1827,351,536
602: 342,1066,725,376,1506,1835
603: 860,150,1106,1664,1896,761
604: 1113,1680,1175,1944,514,856
605: 1124,170,129,1654,501,1127
606: 374,1443,1215,1670,549
607: 1348,332,53,1881,1053,1914
608: 309,1154,1689,1368,1592,12
609: 1749,1402,1392,223,347,1923
610: 757,315,1003,1438,1971,1956
611: 142,578,157,1975,1045,1587
612: 511,1048,1781,861,1124,1936
613: 405,791,1068,1058,1389,1557,190,281
614: 477,1708,1064,1242,523,46
615: 37,1900,1720,363,1824,661
616: 2008,378,354,1266,1723
617: 336,1444,1303,1375,719,2000
618: 1862,98,153,585,1828,1800,1738
619: 882,35,1751,1836,126,1067
620: 740,273,1403,437,1553,1049
621: 56,479,1110,1334,1361,983
622: 1014,1246,1161,1909,1125,652
623: 432,825,1349,690,1606,1794
624: 2031,729,149,1296,1477,1179
625: 934,1961,1209,1259,1618,1398
626: 479,1261,1118,1671,194,1476
627: 1301,1579,1899,845,1522,1044
628: 2030,708,1430,13,1307,279,1790
629: 802,72,1847,1769,1615,439
630: 1186,685,1603,1468
631: 943,1993,131,262,248,1510
632: 1039,1957,584,1634,1973
633: 910,463,1264,1630,841
634: 914,228,376,1506,1731,666
635: 959,1527,1173,364,1803,1733
636: 262,826,1873,1551,1447,1510,1974
637: 827,37,1823,1900,1316,824
638: 329,976,564,574,1141,2003
639: 800,769,1025,1137,1151,1161
640: 1401,532,915,1727,61,105,1966
641: 1786,1594,1007,418,1558,1223
642: 480,751,1229,1298,649,815
643: 130,2031,149,1232,458,758,206
644: 1267,516,1932,1636,1208,1257
645: 563,1609,406,1319,1326,1012
646: 848,269,1057,1422,1588,1901
647: 1589,599,1143,1767,1651,382
648: 482,1090,477,186,2040,1145
649: 642,751,1298,1380,159,1159
650: 1486,2,457,1029,1083,1198
651: 1935,999,24,448,1564,1248
652: 1125,343,237,1909,1255,622
653: 5,1245,1681,1235,414,1297
654: 762,238,1299,290,1866,1556
655: 438,545,1814,1382,572,1420
656: 960,277,1130,1649,1758,1026,1233
657: 470,742,1104,787,260,110
658: 270,367,1098,1157,1446,1819
659: 172,1160,1764,1084,1204
660: 803,1173,1480,1393,1988,597
661: 563,1176,615,363,1824,1832
662: 26,1180,530,1108,691
663: 1969,818,146,402,1220,1567
664: 1493,1228,1421,1394,465,893
665: 396,19,1168,1047,306,1337
666: 228,634,1247,1100,1731,2021
667: 1661,1274,1251,1682
668: 1948,1408,1226,1276,756,66
669: 1886,1513,964,1115,1021,1668
670: 121,1951,1417,1697,911,721
671: 423,1306,981,504,1699,1334
672: 16,522,2032,1692,1701,216
673: 813,1728,1504,1000,430,1624
674: 43,119,1928,1761,1861,1470
675: 1941,810,421,591,1212,1279,1616
676: 943,322,49,1537,1613,131
677: 929,427,1411,1645,723,1577
678: 570,741,1117,1442,1780,212,258
679: 398,1669,1838,266,177,8
680: 471,1991,1400,10,380
681: 806,394,855,1567,2008,1631
682: 275,1779,2011,873,1182,922,1868
683: 276,525,571,1305,1341,1363,1637
684: 1034,1624,1373,1431,1432,257
685: 737,99,1883,1603,1468,630
686: 316,345,1195,1807,421,1616
687: 340,831,1018,1643,581,1739
688: 513,1059,1060,1851,78,890
689: 1840,1922,1050
690: 1971,623,1349,1794,1956,1140
691: 11,1962,530,1099,662,1180
692: 586,1072,1199,333,1328,287
693: 925,1079,299,2041,137,1965
694: 2014,1095,27,870,23,1231
695: 1449,1524,1424,1153,838,488
696: 181,1690,1512,67,1816,772
697: 211,885,1177,1495,1568,1732
698: 1641,434,857,1702,1320,1344
699: 2025,19,1166,422,1652,1337
700: 1747,256,761,1664,475,2023
701: 1768,902,1876,1605,1834,785
702: 1773,745,218,492,974,1862,585
703: 459,948,1581,1352,1517,1192
704: 0,298,1336,1981,1958,1319,1012
705: 318,762,238,1904,1184,849
706: 435,407,556,1179,2006,1477
707: 2016,433,1636,1566,1995,1208
708: 2030,1906,628,13,1286,178
709: 1820,335,1771,1302,1602,2039,1701,45,1789
710: 1489,1081,1355,548,713,1396
711: 1414,1027,160,541,1311,1324
712: 2002,337,1428,50,1472,1485
713: 548,93,1323,386,1081,710
714: 1545,1759,2022,143,1590,1979
715: 938,1846,1849,1412,486,1633
716: 1654,753,501,1327,1149,1407
717: 1215,1670,214,472,1645,1516
718: 898,327,112,385,1891,1672
719: 77,2000,1829,617,1375,774,834
720: 1976,32,303,1146,1404,73,1965
721: 387,1163,911,121,670,1717
722: 309,72,1831,1797,1131,1154
723: 1577,214,76,1860,677,1645
724: 930,1867,1042,1526,767,231
725: 15,330,342,1910,602,1506
726: 744,1957,1740,359,1219
727: 1989,1030,138,51
728: 2022,308,1194,1109,1545
729: 624,1296,1490,1307,1179,1790
730: 939,1381,1272,358,289,1942
731: 161,271,1770,1128,1297,1451
732: 263,1635,1384,1362,1793,1507
733: 1541,1385,1464,234,1536,1730
734: 135,272,1851,1644,78
735: 2046,996,1604,1757,461,1650
736: 1020,1458,1377,66,1948,1322,1659
737: 685,1883,1468,1091,1869
738: 228,528,1100,370,120,1213
739: 1196,1883,1291,1091,290,1937
740: 773,1343,1403,1837,620,437,1802
741: 1117,1442,678,436,1796,229,258
742: 657,470,559,260,1713
743: 1578,1598,932,1525,1737
744: 726,1740
745: 489,1773,163,702,1244,585
746: 1101,1019,1475,71,1076,1619
747: 795,1700,754,1032,1386,1111
748: 1146,1289,1404,868,1119
749: 344,1312,4,180,1623,1729
750: 993,487,1992,1037,1353,1374
751: 642,649,815,1287,1559,1380
752: 1939,1710,1359,1397,84,1273
753: 716,452,1327,391,880,1407
754: 747,1700,1032,1210,1009,1484
755: 133,1721,1378,1471,128,280
756: 1253,66,668,1276,1482,519
757: 315,610,1774,425,1406,1438
758: 1813,810,458,1212,1792,643,1232
759: 1991,1810,1030,935,1665,580
760: 73,1811,1347,1888,1505,1755
761: 1896,256,1070,700,603,1664
762: 1640,654,238,705,1904,1299
763: 1906,1105,1148,1248,1935,456
764: 1473,360,1052,1688,341,1340
765: 1002,1165,1188,1761,590,1787
766: 1010,2042,187,1413,1387,1622
767: 231,1797,1627,1769,724,1042
768: 1629,476,598,1036,1120,1547
769: 111,1325,800,639,1257,1657,1025
770: 1661,1348,1274,397,332
771: 1259,1293,790,779,1666,447
772: 330,1934,1816,696,139,1690
773: 560,740,1343,1147,919,437,1802
774: 1045,561,1200,1375,719,834
775: 960,1805,986,1649,1202,365,1236
776: 1055,1250,1252
777: 232,435,279,1282,2006,462,1430
778: 579,474,1031,1658,1685,1726,875
779: 366,1666,771,1487,447,1573
780: 1561,89,1447,971,1085,1129
781: 233,815,1799,1742,1287,1452,1538
782: 348,1122,1365,125,1764,953
783: 966,1295,451,1439,416,1284
784: 2047,1454,30,840,1455,1955
785: 220,1834,701,1605,1982,1459
786: 977,1472,2005,392,1461,1662
787: 657,1104,1095,2038,110,1530
788: 130,2031,1812,1953,1296,1573
789: 250,1371,1582,354,1737
790: 771,1601,1293,415,560,1666
791: 613,1068,1058,1389,1736,1502,190,281
792: 355,246,851,1433,1693,1318
793: 296,202,1414,1027,1474,1889
794: 334,1092,1298,1632,320,1159
795: 747,11,1386,1642,1180,496
796: 1127,513,145,1872,1059,1647,1575
797: 365,566,140,2020,1805,1062
798: 398,1952,57,988,1660,1669
799: 1892,818,1689,1054,231,1627
800: 1325,639,769,1161,808,1246
801: 531,1256,431,1138,1497,1613,131
802: 629,1769,1217,1933,1308,1615
803: 660,1527,1542,408,1173,1480
804: 44,1776,1586
805: 1615,439,1549,1317,1260,1135
806: 394,164,855,681,1112,1714
807: 959,1023,364,52,1037,1483,972
808: 288,1123,1695,1246,1325,800
809: 305,916,837,1040,1275,1777
810: 1813,675,458,421,758,1212,1279
811: 854,379,86,1239,1398,1897
812: 1715,1242,1894,1942
813: 1265,1728,41,1548,673,430
814: 25,1774,189,1406,1285,1940
815: 781,1799,1287,480,642,751
816: 125,1237,1562,422,1652,1365
817: 2016,838,488,1162,1399,405
818: 663,1892,146,1220,1054,799
819: 107,1986,1442,1745,229,937
820: 1171,1332,240,1017
821: 1600,209,934,1209,1620,992
822: 1216,1997,1860,2009,858,1335
823: 897,1329,1233,1130,188,54,1977
824: 1316,637,1823,310
825: 382,95,623,1349,1606,1911
826: 248,636,89,1211,1447,1510
827: 637,230,1900,167,1263,1316
828: 328,1950,1466,1594,114,1612,931
829: 559,1464,401,1687,913,1536
830: 505,472,100,1411,1684,1555
831: 687,1018,1367,2046,1739,1757
832: 1366,1760,1725,134,1660,1508
833: 232,1138,1282,1793,156,1507
834: 512,1638,774,1200,719,1829
835: 576,1832,1890,1825,307,1176
836: 483,506,1123,1994,847,109,1031
837: 305,809,1040,1796,1056,1134,1985
838: 817,488,1153,405,1058,695
839: 2047,507,901,840,1338,1078
840: 839,2047,1454,901,247,784
841: 1630,271,1128,1499,1729,633
842: 1728,41,1357,1921,1463,1570
843: 58,2001,869,1683,1584,169
844: 313,1608,1677,557,108,1907
845: 410,1698,1522,627,1044,1207
846: 304,1569,1899,890,1060,1579
847: 474,109,1031,1194,836,1994
848: 646,1845,1057,1167,30,1422
849: 1760,1918,1980,318,705,1184
850: 1925,1908,1607,80,534,24,1300
851: 355,246,975,792,1954,324
852: 1309,1960,1844,1514,1080,1676
853: 34,1703,489,1773,1590,1979
854: 811,379,1061,1239,1286,178
855: 806,952,681,1112,1631,59
856: 1680,53,514,604,1170,1238
857: 434,698,1320,12,1831,1154
858: 1474,1121,1335,1533,1324,822,2009
859: 958,980,1543,1089
860: 603,150,293,1546,1106,352
861: 1655,1970,294,1781,612,1936
862: 552,1676,1172,329,1514,1815
863: 369,93,1278,1494,1880,940
864: 1443,549,166,1752,79,1853
865: 1763,1986,1745,1912,1225,1978
866: 1970,135,1133,1801
867: 594,21,1164,1399,413,1995
868: 201,495,1119,748,1999
869: 58,843,2001,1157,1267,1819
870: 694,2015,1095,27,2038,891
871: 372,1833,1205,2017,494,144
872: 60,335,1049,1063,1302,1626,273
873: 1489,682,2011,1747,1182,1355
874: 116,535,1424,1249,1358,515
875: 579,778,1726,227,1098,1446,1351
876: 1087,1261,1671,464,1456,1015
877: 1947,1516,1670
878: 1109,569,235,1262,1545,1759
879: 1072,333,1294,1563
880: 1357,1407,391,753,1570
881: 242,1332,1078,1338,1588,400
882: 417,401,619,1836,126,1687,1931
883: 243,973,268,1712,598,1858
884: 534,1185,1300,1314,1903,1247
885: 438,697,1053,1177,1732,1914
886: 342,1535,1817,1910,1923,1175
887: 147,1919,1972,1927
888: 348,244,1852,1998,323,306
889: 2004,250,441,1080,1371,1309
890: 1569,2007,846,78,688,1060
891: 2038,1077,1554,2015,1959,870
892: 1740,1804,1103
893: 1394,2040,1493,664,1150
894: 1984,546,1178,1895,38,1094,1744
895: 503,224,535,190,281,1249
896: 144,199,101,536,1322,1833
897: 533,1329,823,54
898: 718,112,1891,1169,1213,1354
899: 420,1346,1791,577,497,1203
900: 1005,518,1926,1704,14,254,1360
901: 839,507,840,247,1091,1869
902: 97,701,1768,905,1876,1529
903: 2025,537,19,1884,1481,1168
904: 1005,1926,572,1611,1206,1420
905: 97,902,1876,282,1987,278
906: 1031,1726,270,1098,33,1994,1695
907: 264,481,1155,2010
908: 77,356,1068,1437,1557,1829
909: 304,1013,1214
910: 410,245,633,949,463,1264
911: 387,721,1870,1417,670
912: 217,1339,1440,1142,233,956,1538
913: 1842,1491,1536,829,401,1610
914: 634,1506,1515,1731,1905,15
915: 5,1727,1531,105,951,640
916: 426,809,1275,1574,1619,1777
917: 1002,1188,1539,165,1356,1920
918: 1082,1865,1273,1397,239,1884
919: 1549,1317,1802,1750,773,1147
920: 102,591,1279,1683,1523,1580
921: 1955,457,1028,1866,1198,1556
922: 1441,1868,1245,414,682,1779
923: 1870,310,1593
924: 63,1096,370,1929,120,1756
925: 1811,302,693,966,1079,1976,1965
926: 1084,1290,1345,1679,319,953
927: 1450,1967
928: 1071,1051,1018,225,1475,1367
929: 427,677,1834,278,1577,1876
930: 724,1583,2048,1867,1288,1526
931: 1612,1499,1223,828,1594
932: 326,1578,550,743,1598,1189
933: 104,399,1140,1907,1614,48
934: 1004,1961,625,1209,1620,1600,821
935: 1991,759,1400,1665,1806,1511
936: 291,1888,587,520,115,1552
937: 29,311,1745,1134,229,819
938: 715,2015,1846,1959,486,68
939: 730,1381,1942
940: 1880,386,962,941,863,93,1494
941: 1968,1880,962,1950,940,1786
942: 205,1982,1413,1622,259,1605
943: 322,1993,676,1613,1735,131,631
944: 1254,1255,1830,119,1861,6
945: 1035,70,2026,1268,1667,581
946: 96,524,1457,442
947: 1629,321,1547,1112,1462,1714
948: 703,459,973,1156,1517,1746
949: 910,245,1132,463,1024,1663
950: 425,175,965,1144,1318,1677
951: 1328,1531,64,5,915,1681
952: 855,1112,1691,961,59,321
953: 319,782,1122,1764,1084,926
954: 42,510,356,1437,252,1222,1372
955: 1027,1281,1395,275,1086,1311
956: 440,468,1538,1650,912,1339
957: 1621,1711,1243,204
958: 859,980,1183,1543,357,1748
959: 807,1023,635,1527,1753,364
960: 775,277,656,986,1649
961: 1691,1952,1916,1036,321,952
962: 386,328,941,1950,940,1114
963: 44,1075,83,1821
964: 555,1115,283,1886,669,65,1879
965: 175,950,1318,1352,1882,246
966: 925,302,451,1079,1439,783
967: 9,1482,1542,1639,1753,519
968: 2,1955,457,1455,338,1565
969: 1890,222,307,1765,1576,285
970: 446,1964,1434,1656,9,371,1330
971: 89,780,1315,1129,556,2027
972: 284,1346,807,364,1803,497,1483
973: 243,948,883,1517,1746,1858
974: 1822,1738,2013,492,702,1862
975: 355,251,851,1308,1933,324
976: 329,638,192,2003,1815,982
977: 292,1011,50,786,1472,2005
978: 569,3,235,1871,2029,1585
979: 1641,208,2035,426,261,1574
980: 859,958,357,10,1089,380
981: 423,671,1236,1699,91,1202
982: 2014,182,976,192,2003,1390
983: 147,424,1415,1361,621,1110
984: 568,1227,443,203,20,1436
985: 74,1479,1571,319,1369,1345
986: 960,775,277,1621,1236,1243
987: 571,1678,346,92,1041,1625,1789
988: 798,398,1201,1660,1766,595
989: 1016,1859,1741,1675,1295,1193
990: 1320,1930,1831,1131,443,1436
991: 1943,32,1289,1410
992: 1984,1778,209,821,1209,86
993: 750,1037,1483,284,2034,1374
994: 75,1160,1772,2041,451,1079
995: 205,2042,1622,2043,1485,337
996: 735,1172,1604,1843,461,155
997: 1288,164,1462,1714,1854,2048
998: 197,1808,1751,388,554,1067
999: 1935,493,24,651,1185,1300,448
1000: 257,578,1197,1504,673,1624
1001: 575,1340,1724,1350,1360,1688
1002: 765,917,1188,1356,1787,1448
1003: 315,610,171,38,1467,1956
1004: 934,491,1961,1940,1469,1620
1005: 904,1926,1704,1206,1476,900
1006: 75,1772,1237,1562,1992,1353
1007: 1034,418,1431,641,1968,1786
1008: 2018,222,139,1043,1648,1934,1515
1009: 1708,1064,1224,1484,1700,754
1010: 766,187,1387,2028,267,600
1011: 292,977,50,339,1496,1544
1012: 645,1609,1958,1319,1795,704,298
1013: 304,909,1899,395,1214,1044
1014: 288,1540,1920,622,1246,1125
1015: 540,84,1456,464,1939,876
1016: 989,2034,1284,1595,1741,1295
1017: 240,1949,1234,400,820,1332
1018: 687,831,928,225,1367,1643
1019: 123,1742,1101,1452,746,1076,1619
1020: 85,538,1458,1377,736,1473
1021: 195,1224,1484,669,1513,1668
1022: 498,103,1591,1581,1850,1192
1023: 807,959,1639,1753,52,1653
1024: 500,1663,1674,39,1132,949
1025: 1465,111,639,769,1257,1137
1026: 1856,1329,1427,1233,277,656
1027: 955,711,296,793,1414,1281,1311
1028: 921,1955,457,1556,1454,467
1029: 1486,650,1083,557,1156,1746
1030: 1989,1810,759,727,51,580
1031: 847,474,778,906,1726,836,1994
1032: 747,11,754,1962,1210
1033: 539,1379,373,361,1480,1716,408
1034: 684,1007,183,1373,1431,1968
1035: 441,945,70,297,1268,1364
1036: 768,476,2037,321,1547,961,1916
1037: 993,52,487,750,1429,1483,807
1038: 42,369,512,1638,1258,1494
1039: 632,584
1040: 526,436,837,809,1777,1796
1041: 503,224,1625,987,1678,92
1042: 724,1867,1217,767,1797,1769
1043: 207,1370,1648,1008,1515,1905
1044: 395,1207,627,1899,1013,845
1045: 774,611,157,1975,561,1200
1046: 365,140,540,1456,91,1202
1047: 323,306,566,665,396,1062
1048: 197,612,511,1107,1781,82
1049: 872,1302,1553,216,273,620
1050: 154,1306,504,689,1840,1922
1051: 928,1475,1367,440,468,1101
1052: 14,360,764,1710,1359,1688
1053: 885,438,1914,607,53,1170
1054: 818,1220,799,1526,200,231
1055: 776,1252,505,1555
1056: 29,159,2044,1134,1985,837
1057: 646,848,0,269,1126,1167
1058: 613,405,791,190,1153,838
1059: 688,1127,513,796,1851,170
1060: 688,513,145,1579,846,890
1061: 854,379,543,389,106,1286
1062: 1805,1649,1758,566,797,323,1047
1063: 316,60,872,335,1195,1302,1626
1064: 482,614,477,1708,1009,1224
1065: 1754,1915,529,344,1312,161
1066: 342,602,1835,1113,1175,17
1067: 1818,554,1751,619,126,998
1068: 613,908,77,791,1389,1557
1069: 224,535,45,1625,1358,1789,1820
1070: 588,236,1896,256,761,1396
1071: 928,225,1475,71,1718,1702
1072: 692,879,1199,333
1073: 328,1466,1114,22,368
1074: 1532,1917,1471,567,128,573
1075: 44,963,1686,1821,132,1189
1076: 1574,1619,71,1019,746,208
1077: 450,1967,1554,891,1450,1959
1078: 242,1139,881,839,507,1338
1079: 925,693,966,451,994,2041
1080: 889,441,297,1309,852,1676
1081: 368,710,1355,386,1114,713
1082: 2020,1865,1273,918,396,1884,1168
1083: 81,650,1029,1198,1858,1746
1084: 926,1679,1204,659,1764,953
1085: 458,102,1129,1212,206,1561,780
1086: 226,551,1311,275,1868,955
1087: 876,1699,56,1261,91,1456
1088: 227,58,1157,1446,1873,1551
1089: 2033,10,859,980
1090: 477,648,520,1145,1445,46
1091: 1196,737,739,1869,901,247
1092: 334,794,1491,1632,350,1378
1093: 1977,1369,188,1998,1122
1094: 171,38,209,1744,894,1984
1095: 694,870,2038,1530,1231,787
1096: 63,924,1205,494,2024,1929
1097: 1694,1853,76,1997,485,1342
1098: 270,658,1446,906,1726,875
1099: 317,377,530,1501,691,1962
1100: 738,228,1247,666,370,1314
1101: 468,1742,1019,1452,746,1051,1475
1102: 1291,445,524,1980,1184
1103: 892,1740,1804,359,527,1376
1104: 657,470,179,787,1385,1530
1105: 763,544,351,1148,1388,456
1106: 860,88,603,293,1664,1830
1107: 197,452,511,1808,1048,1327
1108: 2042,187,2043,530,26,662
1109: 878,235,1545,1871,728,308,1783
1110: 621,1334,983,1922,504
1111: 141,1333,384,747,1700,1386
1112: 806,952,855,1714,947,321
1113: 1175,1944,604,342,1066,17
1114: 386,962,328,1073,368,1081
1115: 317,377,555,964,669,1668
1116: 2013,569,3,1262,478,1696
1117: 336,570,107,741,1442,678
1118: 626,479,353,194,1361,1174
1119: 868,495,582,748,1146,137
1120: 312,768,1629,598,94,243
1121: 1474,1270,858,404,1889,1533
1122: 348,782,1998,1093,953
1123: 506,288,836,1994,1695,808
1124: 605,1936,129,1654,612,511
1125: 343,1539,652,1014,1920,622
1126: 0,269,1057,298,127,1788
1127: 796,1059,1575,501,605,170
1128: 731,841,271,1612,1451,1499
1129: 1085,206,1315,1561,780,971
1130: 656,1758,244,188,1233,823
1131: 722,72,1831,1847,443,990
1132: 245,949,2036,90,1024,39
1133: 135,272,1936,129,1970,866
1134: 29,1796,1056,1985,229,937,837
1135: 251,117,1308,1615,1549,805
1136: 484,1949,1878,230
1137: 1465,639,1560,1025,1151,352
1138: 232,431,833,1528,801,531,156
1139: 242,1078,375,507
1140: 104,933,48,1971,690,1794
1141: 403,564,638,574,1973,1521
1142: 217,912,1541,233,1799,1730
1143: 285,599,207,647,1648,1651
1144: 425,950,189,1406,1318,1433
1145: 2040,520,1552,1090,648
1146: 748,1404,720,137,1965,1119
1147: 560,773,1343,1750,919,1310
1148: 2030,763,544,1906,31,1105
1149: 393,558,1407,716,501,1575
1150: 186,1493,1800,153,1240,2040,893
1151: 639,1137,1161,1909,1546,352
1152: 221,331,273,1403,1837,1875,1626
1153: 190,1424,1249,1058,695,838
1154: 722,309,1831,608,857,12
1155: 191,1725,2010,134,907,481
1156: 459,948,1746,1029,557,1608
1157: 658,58,869,1088,1446,1819
1158: 315,1600,171,209,25,1774
1159: 320,159,2044,794,1298,649
1160: 659,75,994,172,299,2041,1204
1161: 800,639,1151,1909,622,1246
1162: 817,252,1164,1399,405,1437,1557
1163: 387,721,1717
1164: 867,252,1162,1399,413,1222
1165: 765,1928,1761,454,590,1519
1166: 2025,699,62,422,1534,1478
1167: 848,0,1845,1057,1336,517
1168: 665,396,19,903,1884,1082
1169: 898,17,112,1354,1944,286
1170: 1680,53,856,1814,438,1053
1171: 820,242,1332
1172: 552,862,996,1604,1843,192,1815
1173: 803,660,635,1527,597,1733
1174: 424,1361,7,1568,353,1118
1175: 1113,514,604,886,342,1066,1535
1176: 307,563,661,1326,835,1832
1177: 885,274,697,1495,1914,168
1178: 894,547,444,1984,1778,1895
1179: 435,706,1790,624,729,1477
1180: 1642,662,795,11,691
1181: 448,547,444,1416,1908,24
1182: 682,275,873,1747,475,1395
1183: 958,357,1748,388,82,1453
1184: 238,705,1937,1980,849,1291,1102
1185: 999,493,884,1300,1314,1903
1186: 630,375,1468
1187: 160,469,541,1269,1342,485
1188: 43,765,917,1002,1539,1761
1189: 1821,132,1578,550,932,1075
1190: 502,515,411,136,1449,1596
1191: 54,74,1479
1192: 703,1581,1352,1882,1022,1591
1193: 1295,193,1439,989,1675,1617
1194: 728,2022,847,474,109,308,1685
1195: 686,316,335,1771,345,1063
1196: 1091,739,290,247,467
1197: 1000,249,578,1587,184,1504
1198: 921,81,457,650,1083,1866
1199: 692,1072,287
1200: 774,1975,1045,512,834,18
1201: 988,1660,1705,481,595,134
1202: 775,91,365,1046,981,1236
1203: 577,1585,3,899,1791,1696
1204: 1084,1679,582,659,299,1160
1205: 372,871,63,575,1096,494
1206: 1005,194,904,1673,572,1476
1207: 180,395,1719,1044,845,1698
1208: 707,1636,1566,198,1932,644
1209: 934,625,821,992,86,1398
1210: 1668,754,1032,1962,317,1484
1211: 248,826,89,1497,1460,2027
1212: 675,810,458,102,758,1085,1279
1213: 898,120,1891,1354,738,528
1214: 395,909,1013
1215: 1670,606,549,717,1694,214
1216: 1577,822,1860,282,1335,278
1217: 300,1867,1042,1391,1933,802,1769
1218: 162,1381,358,1505,303,1410
1219: 152,1798,359,726,1957,1963
1220: 663,818,1054,394,200,1567
1221: 79,241,1966,166,1401,469
1222: 1893,1372,1418,954,252,1164,413
1223: 1630,1499,931,1558,641,1594
1224: 195,482,1009,1064,1484,1021
1225: 184,567,1912,865,1978,249
1226: 668,263,1948,1408,199,1322,1384
1227: 301,568,55,984,1260,20
1228: 664,87,1675,1421,1859,465
1229: 334,480,234,642,1842,1298
1230: 483,521,143,1775,1703,1979
1231: 23,1784,508,1530,694,1095
1232: 130,2031,643,1946,458,758,1792
1233: 1329,1026,823,656,1130
1234: 562,484,1017,1949,400,1901
1235: 653,414,253,114,1297,1451
1236: 423,1621,981,775,986,1202
1237: 75,816,172,125,1006,1562
1238: 53,514,856,1902,397,332
1239: 811,854,1564,178,1897,1416
1240: 153,1513,1828,195,186,1150
1241: 583,2039,1692,276,346,1789
1242: 812,1715,1894,523,46,614
1243: 957,1621,277,986,204,1427
1244: 98,65,585,1879,163,745
1245: 653,5,1441,1727,922,414
1246: 288,1014,622,808,800,1161
1247: 1100,2021,666,534,884,1314
1248: 763,1906,448,1564,178,1935,651
1249: 535,874,190,895,1424,1153
1250: 776,449,1252,1785,185
1251: 667,1274,151,1749,213,1682
1252: 776,449,1055,1250,505,1885
1253: 446,1964,756,1458,66,1482
1254: 88,944,1830,1321,202,6
1255: 237,944,1830,119,343,652
1256: 539,801,373,531,1537,1613
1257: 111,769,1657,1025,1636,516,644
1258: 42,93,510,1038,1323,1494
1259: 771,1961,625,1293,1618,447
1260: 439,805,568,55,1317,1227
1261: 1087,626,876,56,479,1671
1262: 2013,492,569,878,1116,1759
1263: 1316,827,230
1264: 410,910,1698,4,633
1265: 813,1913,1548,430,1674,39
1266: 1723,509,616,2008,1567,1969
1267: 2001,869,1819,516,644,1932
1268: 1739,383,1364,1035,945,581
1269: 1401,469,541,532,1187,551
1270: 1470,404,1121,1889,6,1861
1271: 177,378,354,1525,1572,1737
1272: 730,358,289,1755,1445,115
1273: 1082,84,1865,918,752,1397
1274: 667,1661,770,397,151,1251
1275: 305,916,809,1559,1619,123
1276: 1379,1716,668,1408,756,519
1277: 51,580,450,260,1554,110
1278: 863,369,18,1550,183,1880
1279: 1941,675,810,102,920,591,1212
1280: 570,1303,212,92,1736,1502
1281: 955,296,542,1027,1395
1282: 232,833,777,462,1362,1793
1283: 533,349,1856
1284: 1016,2034,1374,1295,783,416
1285: 466,1433,1693,189,814,1940,1469
1286: 854,13,389,1061,178,708
1287: 781,123,815,1452,751,1559
1288: 1526,164,200,997,930,2048
1289: 32,748,1404,991
1290: 265,201,495,1345,926,1679
1291: 1883,445,739,1102,1184,1937
1292: 498,1591,300,1391,1954,324
1293: 491,771,1961,1601,1259,790
1294: 879,333,1531,105,1563,1877
1295: 1193,1439,783,1016,989,1284
1296: 2031,624,729,1953,788,1490
1297: 731,1770,1451,653,1681,1235
1298: 334,642,794,1229,649,1159
1299: 1640,654,268,762,81,1866
1300: 999,534,24,884,1185,850,1908
1301: 145,1872,1579,90,627,1522
1302: 709,872,335,1049,1063,1602,1701,216,273
1303: 617,336,570,1280,1389,2000,1736
1304: 1512,381,589,1782,576,181
1305: 525,683,1341,1313,261,1409,1762
1306: 154,423,1050,1711,671,504
1307: 13,389,729,1490,628,1790
1308: 975,251,1135,1933,802,1615
1309: 473,1960,852,889,250,1080
1310: 173,1601,1809,1750,560,1147
1311: 541,1086,551,955,711,1027
1312: 344,1065,749,161,271,1729
1313: 174,2035,261,460,1762,525,1305
1314: 370,884,1185,1929,1903,1247,1100
1315: 149,1477,1129,206,556,971
1316: 1263,824,827,637
1317: 1549,805,55,919,1802,1260
1318: 950,189,965,1144,246,792,1433
1319: 645,406,1012,704,298,127
1320: 857,990,698,1344,1930,1831
1321: 296,202,542,2023,88,1254
1322: 1948,144,199,896,1226,1659,736
1323: 93,510,1258,1494,548,713,1518
1324: 1474,858,711,1414,160,2009
1325: 800,769,1657,33,1695,808
1326: 645,307,563,1609,1765,1176
1327: 716,1654,452,753,511,1107
1328: 586,692,333,1531,64,951
1329: 533,897,1856,1026,1233,823
1330: 537,62,970,1434,371,499
1331: 308,1783,1658,1685,122,1405
1332: 820,1171,242,881,1017,400
1333: 141,1111,1386
1334: 1699,56,621,1110,671,504
1335: 282,858,1533,1216,822
1336: 0,704,1167,1864,517,1981
1337: 1852,1652,306,699,665,19
1338: 839,2047,1422,1588,881,1078
1339: 461,1650,1784,912,1440,956
1340: 372,575,1001,764,1688,341
1341: 525,1305,683,1363,1637,526,1409
1342: 166,469,1187,1853,1097,485
1343: 415,560,773,740,1403,1837,1147
1344: 1641,174,698,2035,1320,1930
1345: 265,1290,926,985,1571,319
1346: 284,420,899,1595,972,497
1347: 1811,302,193,291,1888,760
1348: 770,332,607,1881
1349: 1467,825,623,690,1956,1911
1350: 385,1672,1001,1724,518,1360
1351: 1993,362,262,1873,227,579,875
1352: 703,459,1882,1192,175,965
1353: 487,750,1992,1478,1006,1562
1354: 898,17,1169,1213,528,1835
1355: 368,1489,2011,873,1081,710
1356: 165,1775,917,1002,325,1448
1357: 880,558,41,1407,842,1570
1358: 116,535,874,45,1069,345,1807
1359: 14,1939,254,752,1052,1710
1360: 14,1688,1350,1001,518,900
1361: 424,983,1174,621,479,1118
1362: 462,544,31,1793,1282,732,1635
1363: 571,1780,683,258,1341,1637
1364: 552,1268,383,1676,1035,297
1365: 348,1852,782,1652,816,125
1366: 1760,832,1508,28,1419,318
1367: 1051,831,928,1018,1757,440
1368: 1892,146,1924,1689,47,1592,608
1369: 985,74,1977,319,1093
1370: 210,490,599,207,1043,1905
1371: 889,789,2004,250,1723,354
1372: 1222,1418,1518,42,510,954,252
1373: 1034,684,183,142,257,1550
1374: 2034,1284,993,750,1992,416
1375: 617,1444,774,561,719,2000
1376: 527,326,550,1963,1103,359
1377: 1020,736,2017,1659,1473,341
1378: 350,755,1721,1092,1632,1471
1379: 1716,1033,1276,408,519
1380: 159,1985,751,649,305,1559
1381: 939,162,730,1218,358
1382: 327,112,1814,286,655,1420
1383: 466,355,251,117,1693,1809
1384: 263,199,101,732,1226,1635
1385: 1541,470,733,179,1104,1464
1386: 795,747,1333,1111,496
1387: 1010,766,1413,185,2028,428
1388: 544,351,1105,101,536,1635
1389: 613,77,791,1068,2000,1736,1303
1390: 23,155,192,2014,982,1843
1391: 498,1583,300,1867,1217,1292
1392: 1749,213,121,1951,1402,609
1393: 49,1988,1537,373,1480,660
1394: 2040,587,465,893,1552,664
1395: 955,542,475,1281,275,1182
1396: 548,588,256,1070,1489,710
1397: 1945,752,1710,239,1273,918
1398: 811,379,86,1618,625,1209
1399: 867,817,2016,1164,1162,1995
1400: 1991,680,935,380,1806,1498
1401: 469,640,532,1269,1966,1221
1402: 1435,1951,609,1392,67,347
1403: 740,273,1152,1343,1837,620
1404: 32,748,1146,1289,720
1405: 122,362,1597,1735,1331,1658
1406: 425,189,1438,1144,757,814,1774
1407: 880,558,1357,1149,716,753
1408: 668,263,1226,1863,1716,1276
1409: 526,426,261,1777,1305,1341
1410: 32,303,162,1218,1943,991
1411: 830,427,472,100,677,1645
1412: 486,1633,453,715
1413: 766,1982,1387,1622,942,428
1414: 711,793,1027,1474,1324
1415: 147,1972,983,1922
1416: 448,1897,547,1181,1564,1239
1417: 124,1593,1697,1870,911,670
1418: 588,236,1222,1893,1372,1518,413
1419: 318,1904,1366,28,429,2037
1420: 904,572,1611,1382,327,655
1421: 1493,390,664,87,553,1228
1422: 2047,30,1338,1588,646,848
1423: 322,49,196,1988,1597,1709
1424: 116,874,1153,1249,515,695,1449
1425: 203,460,1436,1938,174,1930
1426: 113,1818,554,133,1520,1721
1427: 349,1856,1026,1243,277,204
1428: 2002,337,712,377,555,1501
1429: 52,487,499,1653,1037,1534
1430: 2030,462,628,31,777,279
1431: 1034,684,1007,418,500,1432
1432: 430,684,1624,500,1431,1674
1433: 792,1285,1693,189,1144,1318
1434: 215,970,1656,537,1481,1330
1435: 1951,1402,67,1512,589,1697
1436: 203,1425,443,990,1930,984
1437: 908,356,1557,954,252,1162
1438: 425,1406,313,48,1971,757,610
1439: 302,966,1295,1193,193,783
1440: 217,1784,508,912,1339
1441: 1727,61,922,1868,1245,226
1442: 819,107,741,1117,678,229
1443: 374,606,549,864,1752
1444: 617,336,1763,107,1986,1375,561
1445: 1272,289,520,115,1090,46
1446: 658,227,1088,1098,1157,875
1447: 636,1561,826,89,780,1974
1448: 1787,339,1356,1002,325,1628
1449: 515,411,695,1190,1524,1424
1450: 927,68,1959,1967,1077
1451: 731,114,1128,1297,1612,1235
1452: 781,123,1742,1101,1019,1287,1559
1453: 1183,357,388,35,1751,1498
1454: 840,247,467,784,1955,1028
1455: 30,784,1955,968,1845,1565
1456: 540,1046,1015,1087,876,91
1457: 946,191,442,2010
1458: 85,446,1020,1253,66,736
1459: 449,428,220,1885,785,1982
1460: 431,407,1528,2027,1211,1497
1461: 259,1662,786,1472,205,1485
1462: 997,1714,1854,312,1629,947
1463: 1917,128,280,1921,1570,842
1464: 829,470,559,733,1385,1536
1465: 111,1560,1025,1137,433,21
1466: 828,328,1073,114,22,253
1467: 1349,1956,1911,1003,38,1744
1468: 685,737,1869,1186,630,375
1469: 491,1004,173,1940,466,1285
1470: 1270,404,255,674,1928,1861
1471: 1532,128,1074,1632,755,1378
1472: 977,50,786,1461,712,1485
1473: 360,764,341,538,1020,1377
1474: 858,1121,1889,1533,1324,793,1414
1475: 1071,1051,928,71,1101,746
1476: 1005,194,1704,1206,626,1671
1477: 624,149,1315,706,556,1179
1478: 422,487,1534,1353,1166,1562
1479: 985,74,1191,1571
1480: 373,1033,1393,803,660,408
1481: 537,903,1884,215,239,1434
1482: 9,967,519,1964,1253,756
1483: 993,52,1037,807,364,284,972
1484: 1009,1224,1021,1668,754,1210
1485: 205,995,1472,1461,337,712
1486: 2,650,1029,557,2019,108
1487: 543,106,447,779,1953,1573
1488: 471,1989,1810
1489: 873,1747,710,1355,256,1396
1490: 729,1953,1296,389,106,1307
1491: 913,334,1842,1092,350,1610
1492: 1881,409,168
1493: 390,1800,664,1421,153,893,1150
1494: 863,369,93,1038,1258,1323,940
1495: 274,697,1177,1568,7,593
1496: 1011,339,1544,1646,1628,1743
1497: 248,1211,431,1460,801,1613,131
1498: 1806,35,1400,380,357,1453
1499: 1630,841,1128,1612,931,1223
1500: 264,1705,1586
1501: 337,377,530,1099,1428,2043
1502: 791,1736,92,1280,503,281
1503: 1864,517,2019,338,399,1614,1565
1504: 184,1921,1728,673,1000,1197
1505: 1218,358,1755,303,73,760
1506: 914,634,376,15,725,602
1507: 1863,156,1793,833,263,732
1508: 57,1660,28,1366,832
1509: 310,124,1898,381,1593,1823
1510: 262,248,636,826,1873,631
1511: 1806,417,1836,1713,935,1665
1512: 1304,589,181,696,1435,67
1513: 1886,669,1240,1828,195,1021
1514: 329,574,852,1844,862,1676
1515: 914,1905,1008,1043,15,1934
1516: 1947,1684,877,1670,717,472
1517: 94,703,243,948,973,1581
1518: 548,588,1372,1418,510,1323
1519: 590,2005,1165,454,1707,392
1520: 554,133,391,1426,452,1808
1521: 176,584,1826,564,1973,1141
1522: 410,845,245,1301,90,627
1523: 502,1683,1584,1596,920,591
1524: 411,198,695,1449,488,1566
1525: 266,177,1271,1737,1578,743
1526: 1288,200,1054,724,930,231
1527: 959,803,635,1542,1753,1173
1528: 232,431,407,1138,1460,2006
1529: 97,1768,1707,902,392,1662
1530: 508,1231,1095,179,1104,787
1531: 333,1294,1328,105,951,915
1532: 1471,1074,573,1632,320,1841
1533: 1474,282,858,404,1121,1335,1987
1534: 487,499,1429,1478,1166,62
1535: 886,1923,223,1175,514,1902
1536: 913,234,1842,829,733,1464
1537: 49,676,1393,1613,373,1256
1538: 468,233,781,956,1742,912
1539: 43,917,1125,343,1188,1920
1540: 521,506,165,288,1014,1920
1541: 733,179,1385,217,1142,1730
1542: 967,803,1527,408,1753,519
1543: 859,958,294,1748,1848
1544: 1011,50,1496,1646,2002,283
1545: 714,1109,878,235,1759,728,2022
1546: 860,293,237,1909,352,1151
1547: 768,1629,476,1036,947,321
1548: 393,1265,558,813,41,1913
1549: 805,919,1317,117,1135,1750
1550: 142,1975,183,1373,18,1278
1551: 169,636,1873,1974,58,1088
1552: 936,1394,2040,587,520,1145
1553: 522,216,301,437,620,1049
1554: 2038,450,1077,1277,891,110
1555: 40,830,505,1055
1556: 921,1028,1866,654,290,467
1557: 613,908,405,1068,1437,1162
1558: 463,418,1663,641,1630,1223
1559: 305,1275,123,1287,1452,751,1380
1560: 1465,1137,594,21,2045,150,352
1561: 780,1447,1974,1580,102,1085,1129
1562: 816,1006,1237,422,1353,1478
1563: 1877,879,1294
1564: 1239,178,448,1416,651,1248
1565: 517,338,1503,1455,968,1845
1566: 707,2016,488,1208,198,1524
1567: 394,681,2008,1266,1969,663,1220
1568: 211,697,1495,353,7,1174
1569: 304,2007,846,890
1570: 280,1463,391,880,1357,842
1571: 985,1479,265,1345
1572: 177,378,1631,8,1271,59
1573: 1812,1953,788,366,779,1487
1574: 916,1076,426,1619,208,979
1575: 1127,796,1647,501,393,1149
1576: 419,95,1765,969,285,1651
1577: 723,1216,1860,929,677,278
1578: 132,743,1189,932,266,1525
1579: 145,1060,1301,627,1899,846
1580: 169,1561,1974,102,920,1683
1581: 94,703,1517,1850,1192,1022
1582: 473,69,1598,789,250
1583: 498,103,930,2048,1867,1391
1584: 502,1683,455,1523,843,2001
1585: 577,118,2029,1203,3,978
1586: 804,1776,595,1500,1705
1587: 1978,249,578,611,157,1197
1588: 1338,1422,881,400,1901,646
1589: 647,1767,382,1911,1744,546
1590: 853,1773,218,1979,714,1759
1591: 498,1022,1292,1954,1882,1192
1592: 592,1924,1368,608,434,12
1593: 310,124,1417,1509,923,1870
1594: 641,828,1950,1786,931,1223
1595: 284,1016,2034,420,1346,1741
1596: 502,1523,136,1190,1941,591
1597: 322,196,122,1423,1405,1735
1598: 326,743,932,69,1582
1599: 1996,267,600
1600: 171,209,1158,25,821,934,1620
1601: 491,173,1293,1310,790,560
1602: 709,335,1302,2039,1701,216
1603: 685,99,1734,630
1604: 2046,552,996,735,383,1172
1605: 701,1768,259,785,1982,942
1606: 432,419,95,825,623,1795
1607: 210,490,295,850,1925,80
1608: 175,844,1677,557,459,1156
1609: 645,1765,1326,1012,1795,419
1610: 113,1931,350,401,913,1491
1611: 518,904,1926,1420,327,1672
1612: 114,1128,1451,1499,931,828
1613: 943,676,1537,131,1497,801,1256
1614: 2019,399,108,933,1907,1503
1615: 439,805,629,802,1308,1135
1616: 1941,675,421,686,1807,136
1617: 291,587,465,1675,1193,193
1618: 379,543,1398,447,625,1259
1619: 916,1076,1275,1574,123,1019,746
1620: 934,1004,1961,1940,1600,25,821
1621: 957,423,1711,1236,1243,986
1622: 205,2042,766,1413,995,942
1623: 180,1719,412,344,749
1624: 430,684,1432,673,1000,257
1625: 224,1041,1069,1789,987,346,1820
1626: 60,872,1063,331,273,1152
1627: 767,231,309,1797,1689,799
1628: 34,325,1743,1448,339,1496
1629: 312,768,1120,947,1547,1462
1630: 841,1499,1223,633,463,1558
1631: 2008,378,1572,59,855,681
1632: 794,1092,1378,320,1532,1471
1633: 1412,453,1826,1839,715,1849
1634: 152,36,632,1957,403,1973
1635: 101,732,1384,544,1362,1388
1636: 707,433,1208,644,111,1257
1637: 1780,683,258,1341,1363,526,436
1638: 42,512,834,1038,356,1829
1639: 9,967,371,1023,1753,1653
1640: 268,762,1904,1299,429,1712
1641: 208,979,698,2035,1702,1344
1642: 1180,795,496
1643: 340,687,1018,225,592,1924
1644: 78,734,2007
1645: 472,1411,677,723,214,717
1646: 1496,1544,163,1743,1879,283
1647: 796,2036,1872,1575,393,1913
1648: 285,207,1043,1143,222,1008
1649: 960,1805,1062,775,656,1758
1650: 461,1339,735,1757,440,956
1651: 285,647,1143,382,95,1576
1652: 1852,1365,1337,699,422,816
1653: 52,499,1429,371,1023,1639
1654: 716,511,501,1327,1124,605
1655: 1848,861,1970,294
1656: 85,446,215,1887,970,1964,1434
1657: 1325,769,1257,33,367,516
1658: 579,778,1331,1685,362,1405
1659: 1948,144,1322,2017,1377,736
1660: 798,57,988,1201,1508,832
1661: 667,1274,770
1662: 1768,259,392,1461,1529,786
1663: 1024,418,500,949,463,1558
1664: 88,603,1106,761,700,2023
1665: 759,935,580,260,1511,1713
1666: 415,221,366,779,771,790
1667: 402,47,945,2026,340,581
1668: 1210,669,317,1115,1484,1021
1669: 798,1691,398,1952,679,8
1670: 1215,606,717,1516,877
1671: 626,876,1261,1704,1476,464
1672: 327,718,385,1350,518,1611
1673: 194,572,1206,211,545,353
1674: 430,1024,500,1432,39,1265
1675: 1228,1859,989,1193,465,1617
1676: 862,1364,852,1514,1080,297
1677: 425,175,950,844,313,1608
1678: 571,1780,212,987,92,1041
1679: 1084,495,1290,926,582,1204
1680: 1944,856,604,1814,1170,286
1681: 653,5,1770,1297,64,951
1682: 213,1717,667,1251
1683: 1523,1584,920,591,169,1580,843
1684: 1947,1516,40,830,472
1685: 474,308,778,1194,1331,1658
1686: 44,1776,1766,1075,1838,132
1687: 882,417,401,829,559
1688: 14,764,1052,1360,1001,1340
1689: 1892,1368,799,309,1627,608
1690: 2018,181,696,139,1825,772
1691: 961,1952,1669,8,59,952
1692: 16,672,583,1241,2039,1701
1693: 466,355,792,1285,1383,1433
1694: 1853,214,76,1097,1215,549
1695: 1123,1994,808,270,1325,33,906
1696: 219,478,1203,3,1116,1791
1697: 124,589,1417,1435,1951,670
1698: 410,845,4,1264,180,1207
1699: 1087,56,1334,91,981,671
1700: 747,754,1708,1009,1111,384
1701: 16,672,2039,1692,216,709,1302,1602
1702: 1641,434,208,698,1071,71,1718
1703: 853,34,325,1979,1230,1775
1704: 1005,1926,1476,900,464,254,1671
1705: 264,1500,481,1586,595,1201
1706: 473,1960,152,36,69,1798
1707: 97,392,1529,454,596,1519
1708: 614,1009,1064,1700,523,384
1709: 1857,1983,597,196,1988,1423
1710: 1945,360,752,1052,1359,1397
1711: 957,154,423,1306,1621
1712: 429,476,598,1640,268,883
1713: 417,1511,1665,559,742
1714: 806,164,1112,1462,997,947
1715: 812,1242,523
1716: 1863,1379,361,1033,1276,1408
1717: 213,121,1682,1163,721
1718: 1071,225,592,434,1702,12
1719: 180,395,1623,1207
1720: 1855,1900,167,615,1874,1824
1721: 113,350,755,133,1426,1378
1722: 96,1734,524,99,445
1723: 1266,2004,1371,509,616,354
1724: 63,575,1001,385,1350,1756
1725: 191,1760,1155,832,1918,134
1726: 474,778,1031,906,875,270,1098
1727: 5,915,1441,61,1245,640
1728: 813,41,673,842,1921,1504
1729: 841,271,4,749,1312
1730: 480,234,1142,1541,733,1799
1731: 914,634,1905,2021,666,490
1732: 211,885,438,697,545
1733: 1803,158,1983,597,635,1173
1734: 96,1722,99,1603
1735: 943,322,1993,362,1597,1405
1736: 791,1389,2000,1502,1280,1303
1737: 354,1271,1525,743,789
1738: 1822,974,390,1800,1862,618
1739: 2046,1268,383,687,831,581
1740: 892,1103,359,744,726
1741: 1016,1990,1859,989,420,1595
1742: 468,781,1101,1019,1452,1538
1743: 34,489,163,1628,1496,1646
1744: 38,1094,1467,1911,1589,894,546
1745: 311,1912,937,819,865,1986
1746: 948,973,1156,1029,1083,1858
1747: 1489,873,1182,700,256,475
1748: 958,294,1183,1543,1781,82
1749: 213,609,1392,223,151,1251
1750: 117,1809,1549,919,1310,1147
1751: 35,619,126,388,1453,1067,998
1752: 2012,79,1443,864
1753: 967,959,1023,1527,1542,1639
1754: 412,1915,344,1065
1755: 1272,358,1505,1888,115,760
1756: 120,385,1891,63,924,1724
1757: 2046,735,1650,831,1367,440
1758: 1062,656,1130,1649,244,323
1759: 714,492,878,1262,1545,218,1590
1760: 1366,832,1725,1918,849,318
1761: 674,43,765,1165,1188,1928
1762: 16,583,460,1938,1313,525,1305
1763: 865,1444,1986,1978,157,561
1764: 659,172,125,782,953,1084
1765: 307,1609,1326,419,1576,969
1766: 1776,1686,595,1838,398,988
1767: 1589,210,599,647,295,546
1768: 701,259,902,1529,1605,1662
1769: 767,629,802,72,1797,1217,1042
1770: 731,161,1297,529,1681,64
1771: 709,1820,335,345,1195,45
1772: 75,994,1006,1992,451,416
1773: 853,489,745,702,218,1590
1774: 757,315,1158,25,814,1406
1775: 521,165,1230,1356,1703,325
1776: 804,44,1766,1586,1686,595
1777: 526,916,426,809,1040,1409
1778: 1897,547,1984,1178,992,86
1779: 22,682,2011,922,414,253
1780: 571,212,258,1363,1637,1678,678
1781: 294,1748,82,861,612,1048
1782: 1304,1898,381,363,576,1832
1783: 308,1331,122,314,1109,1871
1784: 23,461,508,155,1231,1339,1440
1785: 1250,185,2028
1786: 641,1968,941,1950,1594,1007
1787: 590,292,1448,339,765,1002
1788: 269,1126,127,562,565,1874
1789: 1625,1069,1241,2039,987,346,709,1820
1790: 435,279,1179,1307,729,628
1791: 1990,420,899,1203,219,1696
1792: 1813,758,331,60,1946,1232
1793: 462,1362,833,1282,732,1507
1794: 432,623,690,104,1140,148
1795: 1609,1958,1012,432,419,1606
1796: 1134,229,436,837,1040,741
1797: 767,722,309,72,1627,1769,1042
1798: 152,69,1219,1706,1963
1799: 233,781,815,1142,480,1730
1800: 1493,390,1738,618,153,1150
1801: 135,866
1802: 55,919,437,1317,773,740
1803: 497,158,1733,635,364,972
1804: 83,892,1103,527
1805: 1062,775,1649,365,566,797
1806: 35,1511,1836,1498,1400,935
1807: 686,345,116,1358,1941,1616,136
1808: 197,452,1107,998,554,1520
1809: 466,117,1383,1750,173,1310
1810: 471,1989,1991,1488,759,1030
1811: 925,302,1347,1976,73,760
1812: 130,788,1946,1573,366,1875
1813: 810,421,758,1792,316,60
1814: 1680,1170,286,1382,438,655
1815: 329,976,192,552,862,1172
1816: 347,330,1817,772,696,67
1817: 347,886,330,1816,1910,1923
1818: 113,554,1931,1067,1426,126
1819: 658,367,869,1157,1267,516
1820: 709,1771,2039,45,1625,1069,1789
1821: 527,550,1189,83,963,1075
1822: 974,390,1738,553,478,2013
1823: 637,37,824,310,1898,1509
1824: 1720,615,1874,563,661,406
1825: 576,835,2018,1890,181,1690
1826: 453,176,1521,1633,1839,564
1827: 456,493,1903,351,601,2024
1828: 1886,98,618,153,1240,1513
1829: 908,77,719,356,834,1638
1830: 88,293,237,944,1106,1254,1255
1831: 722,1131,1154,857,990,1320
1832: 576,835,363,661,1176,1782
1833: 871,601,494,144,896,536
1834: 929,427,220,785,701,1876
1835: 376,528,1066,602,17,1354
1836: 882,1806,35,417,1511,619
1837: 415,221,740,1152,1343,1403
1838: 1766,1686,132,398,679,266
1839: 564,2003,1826,1633,1849
1840: 689,154,1050
1841: 29,311,320,2044,1532,573
1842: 913,334,234,1229,1491,1536
1843: 996,1172,192,155,1390
1844: 1960,852,36,403,574,1514
1845: 848,1167,30,1455,517,1565
1846: 715,938,182,2015,1849,27
1847: 629,72,1131,443,439,568
1848: 1655,294,1543
1849: 715,182,1846,1633,1839,2003
1850: 94,1581,312,1854,103,1022
1851: 272,734,170,78,688,1059
1852: 348,888,1652,1365,306,1337
1853: 1694,1097,166,1342,549,864
1854: 1462,997,312,1850,103,2048
1855: 167,1720,1874,1878,565
1856: 533,1283,349,1329,1427,1026
1857: 118,2029,1983,314,1709,196
1858: 81,1083,268,883,973,1746
1859: 1990,989,1741,87,1675,1228
1860: 723,1577,1216,76,1997,822
1861: 674,119,944,1270,1470,6
1862: 618,585,702,974,1738
1863: 361,156,1716,1507,263,1408
1864: 517,104,399,1981,1503,148,1336
1865: 1082,140,2020,540,84,1273,918
1866: 921,81,1198,1556,654,1299
1867: 724,1583,300,930,1217,1042,1391
1868: 1441,922,682,275,226,1086
1869: 737,1468,1091,375,507,901
1870: 923,1417,1593,911
1871: 1109,235,978,1783,2029,314
1872: 796,2036,145,1301,90,1647
1873: 262,636,1551,1510,227,1088,1351
1874: 1855,1720,1824,565,127,1788,406
1875: 221,366,331,1152,1812,1946
1876: 701,905,902,929,1834,278
1877: 1563,241,1966,1294,105
1878: 484,1136,565,1855,230,167
1879: 1244,65,163,1646,964,283
1880: 1968,941,940,183,863,1278
1881: 1492,168,1348,607,1914
1882: 1352,1192,1591,1954,965,246
1883: 685,737,99,1291,445,739
1884: 903,1481,1168,239,1082,918
1885: 505,100,220,449,1252,1459
1886: 98,669,65,1513,1828,964
1887: 85,215,538,239,1656,1945
1888: 936,291,115,1347,760,1755
1889: 1474,1270,1121,6,793,202
1890: 835,2018,222,1825,969,307
1891: 898,718,120,385,1213,1756
1892: 818,146,1689,47,1368,799
1893: 236,2045,1222,1418,594,413
1894: 812,1242,1942,46,289
1895: 894,444,1925,546,1178,295
1896: 236,2045,761,1070,603,150
1897: 547,1416,1778,811,86,1239
1898: 381,1509,1782,37,1823,363
1899: 304,846,1013,1579,627,1044
1900: 827,637,37,167,1720,615
1901: 562,1234,400,1588,646,269
1902: 514,1238,223,1535,397,151
1903: 493,884,1185,1929,1314,1827,2024
1904: 1419,318,1640,762,705,429
1905: 914,1515,1731,490,1043,1370
1906: 2030,763,708,1148,1248,178
1907: 108,933,1614,48,844,313
1908: 448,850,444,1925,1181,24,1300
1909: 237,1546,1151,1161,622,652
1910: 886,330,342,725,1817
1911: 382,1467,825,1349,38,1744,1589
1912: 311,1745,567,1225,573,865
1913: 393,1265,1548,2036,1647,39
1914: 885,1053,1177,607,1881,168
1915: 1754,529,1065,586,287
1916: 961,1952,57,28,2037,1036
1917: 184,567,128,1074,1921,1463
1918: 191,1760,442,1725,1980,849
1919: 887,147,424,7,593
1920: 165,1014,1540,917,1125,1539
1921: 1917,184,1463,1504,1728,842
1922: 689,1415,1110,1050,504
1923: 347,886,1535,1817,609,223
1924: 47,1368,340,592,1643,1592
1925: 850,444,1908,1895,1607,295
1926: 1005,518,904,1704,1611,900
1927: 887,1919,593
1928: 674,1165,1761,454,1470,255
1929: 370,1314,1903,924,1096,2024
1930: 990,174,1320,1344,1425,1436
1931: 113,1818,1610,882,401,126
1932: 198,455,1208,2001,1267,644
1933: 300,1217,324,802,975,1308
1934: 15,330,772,139,1008,1515
1935: 456,999,493,651,763,1248
1936: 1124,1133,129,861,1970,612
1937: 238,1184,290,1291,739
1938: 203,16,460,2032,1425,1762
1939: 254,752,1359,464,84,1015
1940: 1004,1469,1620,1285,25,814
1941: 675,591,1279,1616,1807,136,1596
1942: 812,1894,939,730,289
1943: 991,1410,162
1944: 1113,1680,604,286,17,1169
1945: 360,1710,1397,538,1887,239
1946: 130,1812,1232,331,1875,1792
1947: 1516,40,1684,877
1948: 668,199,1226,1322,1659,66,736
1949: 240,484,1017,1136,1234
1950: 828,962,328,941,1786,1594
1951: 1435,121,1402,670,1392,1697
1952: 798,1691,961,57,1669,1916
1953: 788,1296,1490,1573,106,1487
1954: 1591,1292,324,1882,246,851
1955: 921,457,1028,968,1454,784,1455
1956: 1467,1971,1349,690,1003,610
1957: 726,632,152,1219,1634
1958: 1012,1795,704,1981,148,432
1959: 938,2015,68,1450,1077,891
1960: 1309,473,852,36,1706,1844
1961: 934,491,1004,625,1259,1293,1620
1962: 11,691,1032,1210,317,1099
1963: 326,1376,359,69,1219,1798
1964: 446,970,1253,1656,9,1482
1965: 1976,1146,720,137,925,693
1966: 241,1877,1221,105,1401,640
1967: 138,450,1077,927,1450
1968: 1880,941,1786,1034,1007,183
1969: 663,402,1266,509,2026,1567
1970: 1655,861,866,1133,1936
1971: 690,1956,1140,48,1438,610
1972: 887,147,1415
1973: 403,1141,632,584,1521,1634
1974: 169,636,1561,1551,1447,1580
1975: 142,611,1045,1550,1200,18
1976: 720,73,1965,1811,925
1977: 54,74,1369,1093,188,823
1978: 249,157,1587,1225,1763,865
1979: 853,1703,1590,143,1230,714
1980: 442,1918,849,524,1102,1184
1981: 1864,104,148,704,1336,1958
1982: 1413,942,1605,785,428,1459
1983: 1857,118,158,1709,597,1733
1984: 894,1178,992,1778,209,1094
1985: 1380,159,1056,1134,305,837
1986: 819,1763,865,107,1444,1745
1987: 282,404,255,596,1533,905
1988: 49,1393,1423,660,1709,597
1989: 1488,1810,1030,727
1990: 1859,420,1791,1741,87,219
1991: 471,680,1810,759,1400,935
1992: 750,1353,1374,1006,1772,416
1993: 943,362,1735,1351,631,262
1994: 1123,836,1695,847,1031,906
1995: 867,707,2016,433,21,1399
1996: 1599,26,267
1997: 76,1097,485,822,1860,2009
1998: 348,888,244,188,1122,1093
1999: 868,201
2000: 77,719,1389,1736,617,1303,1375
2001: 843,869,1267,455,1584,1932
2002: 712,555,283,1428,50,1544
2003: 1839,976,638,182,982,1849
2004: 889,441,1723,1371,70,509
2005: 590,292,977,786,1519,392
2006: 232,435,407,706,777,1528
2007: 1569,890,1644,78
2008: 616,378,1631,1266,681,1567
2009: 1997,485,822,160,858,1324
2010: 191,1155,907,1457
2011: 22,368,682,1779,873,1355
2012: 1752,79,241
2013: 492,1116,1262,1822,974,478
2014: 694,182,982,27,23,1390
2015: 938,1846,1959,27,870,891
2016: 817,707,488,1399,1566,1995
2017: 372,871,144,1659,341,1377
2018: 1890,222,139,1825,1690,1008
2019: 338,108,1614,1503,1486,2
2020: 566,1082,140,797,1865,396
2021: 80,1247,1731,666,490,534
2022: 728,109,1194,143,714,1545
2023: 1321,542,475,700,88,1664
2024: 601,1096,494,1929,1827,1903
2025: 699,537,19,903,1166,62
2026: 945,70,509,1969,402,1667
2027: 407,556,1460,89,1211,971
2028: 1785,185,1010,1387,600
2029: 1857,118,314,1585,978,1871
2030: 708,1906,628,31,1148,1430,13
2031: 130,624,643,149,788,1232,1296
2032: 203,16,522,672,20,1938
2033: 10,1089
2034: 284,1016,1284,1374,1595,993
2035: 1641,979,174,1344,1313,261,460
2036: 1872,90,1647,1913,39,1132
2037: 429,476,1036,28,1916,1419
2038: 1554,891,110,1095,870,787
2039: 1241,1692,1701,709,1820,1602,1789
2040: 1394,1145,893,1552,186,648,1150
2041: 994,299,1160,693,451,1079
2042: 1108,766,187,995,1622,2043
2043: 2042,1108,995,337,530,1501
2044: 29,320,159,1056,1159,1841
2045: 236,1896,1893,594,1560,150
2046: 1739,735,383,1604,1757,831
2047: 839,30,840,784,1338,1422
2048: 103,1583,930,1288,997,1854