0: 30,104,148,108,240,127
2: 243,247,238,81,30,108
3: 219,87,118,235,218
4: 90,245,114,180
5: 105,64,226,22,61,253
6: 202,255,97,119,43
7: 168,147,211
8: 59,164,57,132,177,28
9: 66,85,158,215,62,52
10: 82,51,35,197
11: 195,65,26,205,141
12: 47,71,200,72,203,174
13: 178,106,232,86,206,31
14: 120,63,194,144,239,254
15: 210,139,181,223,228,17
16: 212,20,174,208,229
17: 228,112,120,15,53,223
18: 157,42,249,142,183,93
19: 215,84,62,140,244,172
20: 45,212,203,16,174,216
21: 236,198,252,111,150,256
22: 256,226,5,93,253,236
23: 155,225,192,182,27,233
24: 80,207,210,171,178,86
25: 189,117,173,48,171,209
26: 205,11
27: 179,110,182,23,234,217,233
28: 243,134,238,57,8,164
29: 123,159,128,208,107,229
30: 0,108,242,247,2,240
31: 156,199,101,178,232,13
32: 73,137,201,125
33: 198,111,58,227,237,109
34: 43,143,165,163,98,218
35: 234,113,51,10,197,126
36: 152,192,176,69,250,70
37: 124,67,230,167
38: 104,148,48,207,95,171
39: 90,142,245,184,145,41
40: 220,214,100
41: 129,145,126,133,39,184
42: 157,18,77,93,236,252
43: 119,34,165,6,163
44: 83,69,132,177
45: 212,224,60,20,216,136
46: 141,186,162
47: 155,12,71,70,146,200
48: 175,104,38,25,189,171
49: 196,158,131,248,156,66
50: 187,205,100,97,65,163
51: 138,179,10,234,35
52: 75,219,9,118,158,62
53: 151,168,223,112,17
54: 204,188
55: 221,72,117,251,203,216
56: 154,147,91,254,211,194
57: 191,132,134,28,8
58: 116,102,169,198,33,227
59: 103,146,8,164,177,250
60: 45,216,221,149,136,130
61: 105,226,5,241,166
62: 215,19,172,9,75,52
63: 228,14,120,80,144,101
64: 105,5,114,253,161
65: 11,195,163,98,205,50
66: 156,85,199,9,49,158
67: 124,37,121,181,222
68: 138,179,110
69: 83,44,177,250,152,36
70: 47,155,250,192,36,146
71: 47,155,12,225,208,174
72: 55,251,231,200,12,203
73: 32,162,193,137,115
74: 201,125,188,244
75: 193,137,52,219,62,172
76: 220,255,160,166,79,214
77: 157,42,92,224,190,252
78: 170,145,90,180
79: 214,241,76,166
80: 210,24,178,228,63,101
81: 243,2,94,175,108,246
82: 10,197,135
83: 44,69,152
84: 215,19,140,239,91,254
85: 144,66,199,239,9,215
86: 178,106,209,13,171,24
87: 3,193,219,115,153,218
88: 256,226,150,202,160
89: 130,102,169,232,206,248
90: 4,245,39,78,145,180
91: 154,204,56,254,84,140
92: 157,77,107,229,212
93: 183,253,42,18,236,22
94: 103,231,164,243,81,246
95: 207,222,139,167,148,38
96: 191,99,134
97: 6,220,255,50,100
98: 153,195,65,163,218,34
99: 134,247,238,96
100: 187,50,40,220,97
101: 144,199,31,80,178,63
102: 116,58,136,89,130,169
103: 146,59,231,200,164,94
104: 0,175,148,108,48,38
105: 64,61,5,161,241
106: 209,13,86,206,149,173
107: 157,92,249,229,29,128
108: 0,30,175,104,2,81
109: 143,237,165,33,227,122
110: 68,179,27,182
111: 21,198,33,150,237
112: 120,194,17,168,53,211
113: 234,35,217,133,159,126
114: 4,245,183,253,64
115: 193,87,153,186,162,73
116: 58,136,102,224,190,198
117: 25,221,189,55,173,251
118: 235,196,158,3,52,219
119: 43,237,165,150,202,6
120: 228,112,14,63,194,17
121: 213,67,181,151,223
122: 235,196,227,131,143,109
123: 29,217,159,233,225,208
124: 213,37,67
125: 201,74,244,172,137,32
126: 197,129,41,113,35,133
127: 230,167,240,0,148
128: 29,133,159,249,107,184
129: 197,135,170,145,41,126
130: 136,89,102,60,206,149
131: 49,196,227,122,248,169
132: 44,177,57,8
133: 113,159,128,41,126,184
134: 99,238,28,191,96,57
135: 197,170,129,82
136: 116,130,102,45,224,60
137: 193,75,172,125,32,73
138: 51,68
139: 15,207,222,210,95,181
140: 84,19,244,204,91,188
141: 46,11,195,186
142: 245,39,183,184,18,249
143: 109,34,165,235,122,218
144: 85,199,239,101,14,63
145: 78,170,129,41,90,39
146: 103,59,200,250,47,70
147: 154,56,211,7
148: 0,104,38,167,127,95
149: 106,206,221,173,60,130
150: 21,111,256,88,119,237,202
151: 53,223,121
152: 176,36,83,69
153: 195,186,98,218,115,87
154: 147,204,56,91
155: 47,225,71,23,70,192
156: 66,199,31,232,49,248
157: 42,18,92,77,249,107
158: 118,49,196,66,9,52
159: 29,123,113,217,133,128
160: 202,76,255,166,88,226
161: 105,64
162: 73,115,186,46
163: 65,98,43,34,50
164: 103,59,8,94,243,28
165: 119,43,143,237,109,34
166: 76,160,61,241,79
167: 230,127,148,37,222,95
168: 53,112,7,211
169: 58,89,102,227,131,248
170: 78,135,129,145
171: 207,24,48,38,25,209,86
172: 62,19,244,75,137,125
173: 25,221,117,106,209,149
174: 203,20,16,12,71,208
175: 104,108,48,81,189,246
176: 152,192,182,36
177: 44,69,132,250,59,8
178: 13,86,80,24,101,31
179: 51,68,27,110,234
180: 78,4,90
181: 121,67,15,222,139,223
182: 192,176,27,110,23
183: 142,245,114,93,253,18
184: 142,39,133,128,41,249
185: 187
186: 153,195,115,162,46,141
187: 185,205,50,100
188: 74,204,140,244,54
189: 25,246,117,251,175,48
190: 198,252,224,77,116
191: 96,57,134
192: 176,182,36,155,23,70
193: 75,137,219,115,87,73
194: 112,14,120,56,254,211
195: 11,153,65,186,98,141
196: 118,235,49,158,122,131
197: 135,129,126,82,10,35
198: 21,190,252,33,111,116,58
199: 144,156,66,85,101,31
200: 103,146,231,47,12,72
201: 74,125,32
202: 6,255,160,150,88,119
203: 20,174,216,12,72,55
204: 154,91,140,54,188
205: 26,187,50,11,65
206: 106,232,13,149,89,130
207: 210,95,139,171,24,38
208: 225,71,29,123,16,174,229
209: 106,86,25,173,171
210: 15,80,207,139,24,228
211: 147,56,168,112,194,7
212: 45,224,20,16,92,229
213: 124,121
214: 79,40,76,220
215: 84,62,19,85,239,9
216: 45,60,203,20,221,55
217: 123,234,113,159,233,27
218: 153,98,235,143,34,3,87
219: 3,193,75,52,87,118
220: 40,76,255,97,214,100
221: 55,117,173,60,216,149
222: 95,139,167,67,181
223: 151,53,121,181,15,17
224: 45,212,77,116,136,190
225: 155,71,23,208,123,233
226: 256,88,22,61,5,160
227: 122,131,58,169,33,109
228: 120,63,17,15,80,210
229: 92,107,208,29,212,16
230: 167,127,37
231: 103,200,94,72,246,251
232: 13,206,89,156,31,248
233: 123,217,27,225,23
234: 113,35,217,51,179,27
235: 118,196,122,143,3,218
236: 21,252,42,93,256,22
237: 119,109,165,33,111,150
238: 99,243,134,247,2,28
239: 144,85,14,254,215,84
240: 127,242,0,30
241: 105,61,166,79
242: 247,240,30
243: 238,2,28,81,164,94
244: 19,140,172,74,125,188
245: 4,90,142,114,39,183
246: 189,251,81,231,94,175
247: 99,238,2,242,30
248: 49,131,232,89,169,156
249: 157,18,107,128,142,184
250: 69,177,36,146,59,70
251: 189,72,246,55,117,231
252: 21,190,236,198,42,77
253: 114,183,93,64,22,5
254: 56,91,14,194,239,84
255: 202,76,6,220,97,160
256: 88,226,22,21,236,150