0: 298,406,148,269,338,104
2: 459,467,81,457,338,108
3: 314,118,219,478,492,235
4: 412,344,463,410,245,180
5: 64,275,105,414,333,61
6: 202,43,119,255,292,454
7: 409,353,424,147
8: 57,132,476,59,378,177
9: 364,446,371,499,66,361,408
10: 471,357,380,82
11: 26,496,384,377,337,317
12: 47,434,174,443,72,309
13: 178,106,389,86,279,448
14: 194,254,327,360,372,385
15: 285,330,139,207,210,490,376
16: 20,276,346,460,261,203
17: 112,376,342,286,228,120
18: 157,142,369,183,257,512
19: 215,62,396,348,306,422
20: 437,16,216,301,346,203
21: 198,252,352,433,413,111
22: 386,368,328,93,253,414
23: 192,155,461,182,27,508
24: 210,448,80,295,444,456
25: 425,48,315,491,466,209
26: 496,187,11,337,267
27: 179,508,182,110,486,23
28: 481,57,134,429,476,318
29: 229,436,311,320,159,305
30: 242,507,290,457,269,400
31: 101,263,462,178,279,351
32: 303,73,137,495
33: 270,111,506,288,367,433
34: 489,143,339,218,165,325
35: 388,126,357,380,417,401
36: 403,176,329,152,473,441
37: 310,381,230,167,363
38: 399,48,315,432,171,382
39: 41,393,430,90,245,500
40: 505,472
41: 184,280,39,391,393,430
42: 369,512,77,405,510,356
43: 6,119,483,343,165,292
44: 398,326,266,132
45: 345,276,346,335,212,224
46: 141,289,477
47: 434,12,146,402,340,383,309
48: 425,38,399,25,313,315
49: 196,131,322,408,373,158
50: 205,377,283,337,392,163
51: 471,138,450,260,380,417
52: 284,497,364,487,499,75
53: 397,438,286,332,168
54: 349,277,188,74
55: 415,117,439,251,437,301
56: 464,424,479,504,91,423
57: 481,8,132,28,476
58: 102,169,502,367,455,227
59: 378,394,321,8,476,164
60: 273,331,216,335,316,421
61: 275,105,226,5,485,469
62: 215,19,487,371,499,422
63: 370,120,494,372,385,144
64: 414,333,5,253,271,161
65: 489,98,377,163,195,317
66: 361,199,263,408,446,9
67: 124,213,381,347,181,121
68: 110,450,486
69: 359,326,152,266,473,354
70: 250,402,509,441,297,383
71: 434,225,174,460,208,426
72: 439,300,231,309,12,443
73: 137,358,291,302,303,32
74: 188,319,54
75: 416,451,487,52,284,172,422
76: 214,166,278,485,160,282,404
77: 503,336,281,512,42,405
78: 304,145,170,272
79: 374,166,469,241
80: 24,210,456,490,228,370,493
81: 459,243,94,2,467,268
82: 294,10,357
83: 359,326
84: 396,254,239,464,91,140
85: 215,446,371,360,239,341
86: 106,13,379,209,448,444
87: 193,420,478,390,153,465
88: 256,150,475,296,293
89: 102,169,407,458,206,248
90: 501,145,410,245,39,393
91: 365,423,140,84,56,464
92: 503,212,336,107,258,229
93: 328,369,183,510,386,22
94: 459,243,246,312,81,498
95: 285,222,419,307,432,207,382
96: 99,442
97: 454,259,392,255,282,220
98: 489,65,218,390,153,195
99: 96,445,375,247
100: 428,505,449,220,427,259
101: 199,31,263,494,144,351
102: 58,136,89,169,502,458
103: 498,300,231,200,164,312
104: 399,108,313,338,0,148
105: 333,61,5,241,469
106: 389,13,86,366,149,379,447
107: 92,336,229,311,249,157
108: 175,104,313,338,459,2
109: 483,474,325,506,308,143
110: 68,450,486,27,179,260
111: 33,288,21,352,433,237
112: 17,438,286,120,385,327
113: 126,401,234,334,133,350
114: 253,344,271,463,328,418
115: 289,477,186,465,358,291
116: 136,502,316,345,190,411
117: 415,355,55,173,466,251
118: 3,314,219,158,497,196
119: 202,43,6,237,293,343
120: 228,370,63,385,17,112
121: 151,213,67,347,223
122: 196,362,322,474,308,314
123: 159,305,468,480,233,208
124: 387,310,213,381,67
125: 201,348,172,244,299,319
126: 113,452,388,35,401,133
127: 167,298,406,230,484
128: 184,249,350,280,311,320
129: 135,294,197,511,501,170
130: 421,458,206,331,366,149
131: 262,248,49,431,322,373
132: 57,8,44,398,266,177
133: 350,280,391,113,452,126
134: 481,28,318,442,445,191
135: 294,272,129,170
136: 116,102,502,316,421,458
137: 73,495,302,451,299,32
138: 471,51,450
139: 285,15,347,181,222,330
140: 91,365,323,84,396,306
141: 477,482,384,46
142: 18,500,183,257,418,430
143: 492,34,218,235,325,109,308
144: 63,494,372,199,101,341
145: 78,90,304,501,170,410
146: 394,402,509,200,309,47
147: 504,7,424
148: 419,0,406,104,399,432
149: 106,389,435,366,130,206
150: 256,88,236,413,352,293
151: 121,397
152: 359,69,473,403,36
153: 195,186,465,98,390,87
154: 504,204,423
155: 192,440,23,297,461,383
156: 232,361,263,462,373,431
157: 18,257,512,249,336,107
158: 118,497,408,49,196,364
159: 29,123,334,320,305,480
160: 76,485,226,404,296
161: 271,64,333,287
162: 358,289,303
163: 50,377,283,489,65,339
164: 103,200,321,59,394,312
165: 34,339,483,325,43,292
166: 79,214,374,76,485,469
167: 127,307,406,230,37,363
168: 409,274,332,53,438
169: 58,89,102,262,248,227
170: 78,501,145,135,272,129
171: 209,382,295,444,38,315
172: 348,125,299,422,75,451
173: 415,221,447,491,117,466
174: 434,12,71,460,203,443
175: 425,108,313,189,459,246
176: 403,453,36,329
177: 378,354,266,8,132
178: 13,279,448,456,351,31
179: 27,470,217,508,260,110
180: 304,410,395,4,412
181: 363,347,222,139,381,67
182: 453,486,192,23,27
183: 18,142,328,369,93,418
184: 249,280,41,430,128,257
185: 267,428,449,187
186: 153,195,477,482,115,465
187: 26,205,337,428,185,267
188: 277,323,244,319,54,74
189: 425,175,246,324,355,466
190: 411,488,345,224,281,116
191: 442,264,481,134
192: 155,23,297,182,329
193: 416,291,302,87,420,465
194: 14,254,327,464,211,479
195: 153,482,186,317,65,98
196: 49,122,322,314,118,158
197: 452,388,294,129,511
198: 21,411,252,455,433,488
199: 66,101,263,144,341,446
200: 103,231,164,309,394,146
201: 125,299,319,495,265
202: 404,6,119,255,296,293
203: 174,460,443,20,16,301
204: 349,277,365,423,154
205: 50,259,337,392,428,187
206: 89,130,407,458,435,149
207: 210,382,295,285,95,15
208: 225,71,426,468,123,305
209: 171,444,25,315,491,86,379
210: 207,24,80,295,490,15
211: 353,274,479,438,194,327
212: 503,224,92,258,45,276
213: 387,124,67,121
214: 374,472,166,76,278,427
215: 62,19,371,85,396,239
216: 437,273,60,20,346,335
217: 480,470,179,234,508,233
218: 489,492,34,143,98,390
219: 3,420,118,284,478,497
220: 100,427,278,282,259,97
221: 415,447,173,273,331,366
222: 363,285,95,181,139,307
223: 342,397,347,330,121
224: 503,212,281,45,345,190
225: 434,71,208,468,440,340
226: 275,61,475,296,485,160
227: 262,362,58,169,367,270
228: 370,493,120,80,490,17,376
229: 29,436,311,92,107,258
230: 167,127,37
231: 103,300,200,72,309
232: 156,462,435,279,407,431
233: 480,217,508,468,461,123
234: 480,470,217,113,401,334
235: 492,143,308,3,314
236: 256,510,150,386,356,413
237: 119,293,352,111,288,343
238: 290,247,445,318,467,268
239: 84,396,254,360,215,85
240: 242,400,484
241: 105,79,469
242: 507,30,400,240
243: 94,312,81,268,321,429
244: 348,125,306,319,188,323
245: 90,410,39,500,4,463
246: 459,94,498,324,175,189
247: 375,507,290,238,99,445
248: 262,431,131,89,169,407
249: 184,128,311,107,157,257
250: 378,70,509,354,473,441
251: 439,300,324,355,55,117
252: 21,198,405,488,356,413
253: 271,114,328,22,64,414
254: 14,84,194,360,239,464
255: 404,202,6,282,454,97
256: 150,88,386,236,475,368
257: 18,157,142,184,249,430
258: 212,92,261,229,436,276
259: 205,392,97,428,100,220
260: 470,179,110,450,51,417
261: 460,426,436,16,276,258
262: 248,227,131,362,322,169
263: 156,66,361,199,31,101,462
264: 398,191,481
265: 201,495
266: 326,69,44,132,177,354
267: 185,26,187
268: 243,467,81,429,318,238
269: 30,457,400,338,0,298
270: 474,33,506,367,227,362
271: 253,344,161,114,64
272: 135,78,170
273: 437,60,331,216,415,221
274: 409,353,168,211,438
275: 414,226,61,5,475,368
276: 45,16,346,261,212,258
277: 349,204,188,365,323,54
278: 214,76,282,220,427
279: 178,389,435,13,232,31,462
280: 184,133,350,41,391,128
281: 503,224,77,190,405,488
282: 76,278,404,255,97,220
283: 292,50,454,392,163,339
284: 420,52,219,497,75,416
285: 95,15,222,139,207
286: 17,112,53,342,438
287: 161,333
288: 483,33,111,506,343,237
289: 477,115,358,162,46
290: 507,30,247,238,457,467
291: 73,193,358,302,115,465
292: 454,283,43,6,339,165
293: 202,119,296,237,352,150,88
294: 135,129,82,197
295: 171,207,24,210,382,444
296: 404,202,293,88,475,226,160
297: 441,192,155,383,329,70
298: 0,127,406,269,400,484
299: 201,125,172,137,495,451
300: 103,439,498,231,72,324,251
301: 437,20,439,203,443,55
302: 416,73,137,193,291,451
303: 32,73,358,162
304: 78,145,410,180,395
305: 29,123,436,159,208,426
306: 348,244,396,19,323,140
307: 419,167,406,363,95,222
308: 474,109,122,314,143,235
309: 231,200,72,146,47,12
310: 124,37,381
311: 29,229,320,249,128,107
312: 243,94,321,103,498,164
313: 425,175,104,399,108,48
314: 3,118,196,122,308,235
315: 38,48,25,209,171
316: 116,136,421,60,345,335
317: 195,482,65,377,11,384
318: 134,429,28,445,238,268
319: 201,125,244,188,74
320: 29,334,311,159,350,128
321: 429,476,59,243,312,164
322: 262,49,196,122,131,362
323: 277,188,365,140,306,244
324: 498,300,251,246,189,355
325: 483,109,34,143,165
326: 83,359,69,266,44
327: 14,194,112,438,385,211
328: 183,93,418,253,114,22
329: 176,36,441,192,297
330: 15,347,139,223,376,342
331: 273,60,221,366,130,421
332: 53,397,168
333: 64,105,5,161,287
334: 320,159,480,234,113,350
335: 45,60,216,345,346,316
336: 503,92,77,107,157,512
337: 50,205,377,26,187,11
338: 457,269,2,0,104,108
339: 489,34,165,292,283,163
340: 440,383,402,47,434,225
341: 360,372,144,199,446,85
342: 17,223,376,397,286,330
343: 483,288,43,119,237
344: 4,412,271,463,114
345: 45,335,224,116,316,190
346: 45,20,16,216,276,335
347: 181,330,139,67,121,223
348: 125,172,306,244,422,19
349: 204,277,54
350: 133,280,128,113,334,320
351: 493,494,456,178,31,101
352: 21,150,413,111,237,293
353: 7,274,424,211,479
354: 378,177,250,69,266,473
355: 117,466,324,251,189
356: 510,236,413,42,252,405
357: 388,35,380,10,82
358: 73,291,289,115,303,162
359: 83,326,152,69
360: 14,254,239,341,372,85
361: 156,66,263,408,373,9
362: 262,227,122,322,270,474
363: 181,222,167,307,37,381
364: 499,9,408,52,158,497
365: 91,204,277,423,323,140
366: 106,149,221,447,331,130
367: 455,433,58,227,270,33
368: 256,386,22,475,275,414
369: 18,183,93,512,42,510
370: 228,493,120,63,494,80
371: 215,62,446,499,9,85
372: 63,385,144,14,360,341
373: 156,361,408,49,431,131
374: 79,214,472,166
375: 507,247,99
376: 17,342,15,330,490,228
377: 50,337,163,65,317,11
378: 59,394,177,250,509,354,8
379: 106,86,447,491,209
380: 35,357,417,471,10,51
381: 310,124,37,67,363,181
382: 171,207,295,38,432,95
383: 155,440,297,340,402,70,47
384: 496,11,141,482,317
385: 120,63,372,112,14,327
386: 256,510,22,236,368,93
387: 124,213
388: 452,197,35,126,357
389: 106,435,13,149,279
390: 492,98,218,478,87,153
391: 133,511,280,41,393,452
392: 50,454,205,259,283,97
393: 511,41,39,391,90,501
394: 59,378,146,509,200,164
395: 304,180
396: 84,239,215,19,140,306
397: 53,223,342,151,332
398: 44,264,132
399: 38,104,48,313,432,148
400: 242,30,269,240,484,298
401: 113,35,126,417,470,234
402: 146,70,509,340,383,47
403: 176,36,152
404: 202,255,296,76,160,282
405: 252,488,77,281,42,356
406: 419,167,0,127,298,307,148
407: 89,206,435,232,248,431
408: 66,361,373,49,364,9,158
409: 7,274,168
410: 90,304,145,245,180,4
411: 190,198,455,488,116,502
412: 4,344,180
413: 150,236,356,21,252,352
414: 64,275,5,253,22,368
415: 221,55,117,173,437,273
416: 75,193,302,451,420,284
417: 35,380,401,51,470,260
418: 142,328,500,183,463,114
419: 307,406,148,432,95
420: 219,284,478,416,193,87
421: 136,130,316,458,60,331
422: 348,172,62,19,487,75
423: 91,204,365,56,504,154
424: 7,353,479,56,504,147
425: 175,48,25,313,189
426: 71,460,208,261,436,305
427: 505,100,220,214,472,278
428: 449,100,205,259,187,185
429: 321,28,476,318,243,268
430: 184,41,39,142,500,257
431: 248,131,407,232,156,373
432: 38,399,419,148,95,382
433: 21,198,367,455,33,111
434: 47,12,225,71,174,340
435: 389,149,279,407,206,232
436: 29,229,305,261,426,258
437: 273,20,216,301,415,55
438: 112,53,286,274,168,211,327
439: 300,72,251,443,55,301
440: 155,468,340,461,383,225
441: 297,473,36,329,250,70
442: 96,445,191,134
443: 12,174,203,439,72,301
444: 209,171,24,448,295,86
445: 99,442,134,318,247,238
446: 371,9,85,66,199,341
447: 221,491,173,106,366,379
448: 24,444,456,178,13,86
449: 428,505,100,185
450: 68,110,51,138,260
451: 75,416,137,302,172,299
452: 197,388,126,133,511,391
453: 176,182,486
454: 292,283,392,97,6,255
455: 411,198,367,433,58,502
456: 24,448,80,178,493,351
457: 30,290,269,338,2,467
458: 136,89,130,102,421,206
459: 246,94,2,81,175,108
460: 71,174,261,203,426,16
461: 155,468,440,23,508,233
462: 232,156,31,263,279
463: 4,344,114,245,500,418
464: 84,194,56,254,479,91
465: 153,115,186,193,291,87
466: 491,355,117,173,25,189
467: 2,81,268,290,238,457
468: 440,461,233,225,208,123
469: 79,166,485,105,61,241
470: 179,217,234,260,417,401
471: 10,51,138,380
472: 214,374,40,427
473: 152,69,36,250,354,441
474: 270,109,506,308,122,362
475: 256,88,368,275,226,296
476: 321,57,429,8,28,59
477: 141,289,482,115,186,46
478: 3,420,219,492,390,87
479: 353,424,211,194,56,464
480: 217,234,233,123,334,159
481: 57,134,28,264,191
482: 141,195,477,186,317,384
483: 325,109,506,288,343,43,165
484: 240,400,127,298
485: 166,76,160,469,226,61
486: 68,110,453,182,27
487: 62,499,52,422,75
488: 190,411,198,252,405,281
489: 34,65,339,98,218,163
490: 210,80,15,376,228
491: 447,173,466,25,209,379
492: 143,218,235,390,3,478
493: 228,370,494,351,80,456
494: 370,493,63,144,351,101
495: 137,201,299,265,32
496: 26,11,384
497: 118,52,219,158,284,364
498: 103,300,324,246,94,312
499: 364,62,487,371,9,52
500: 142,418,39,430,245,463
501: 90,145,170,129,511,393
502: 116,58,136,102,411,455
503: 212,224,92,77,336,281
504: 147,154,424,56,423
505: 40,449,100,427
506: 270,483,474,109,33,288
507: 242,375,30,290,247
508: 27,179,217,233,23,461
509: 378,394,146,250,402,70
510: 386,236,356,369,93,42
511: 391,393,452,197,129,501
512: 18,157,369,42,77,336