0: 104,406,704,517,968,269,298
2: 338,457,108,557,650,921
3: 978,569,577,899,492,478,219
4: 180,845,410,910,633,749
5: 414,653,922,951,64,915
6: 202,119,674,944,255,404,793
7: 147,887,593,983,424,353
8: 177,679,798,59,961,952
9: 1023,970,371,756,959,967
10: 471,380,680,980
11: 317,377,662,691,795,754,747
12: 857,608,434,592,309,722
13: 389,543,628,708,178,811,854
14: 360,254,372,764,900,1001,904,1005,518
15: 1008,139,490,772,914,330
16: 460,20,203,525,276,346,583,672
17: 738,898,528,602,604,286,112
18: 142,512,183,561,611,774,863
19: 62,422,537,699,816,903,665
20: 301,16,203,984,522,583,672
21: 433,707,352,594,867,111
22: 368,414,682,386,253,828,962
23: 27,508,982,155,912,461
24: 999,444,448,547,651,850,894,295,80
25: 315,209,610,757,814,934,1004
26: 267,187,530,662,795
27: 23,508,938,694,982
28: 429,476,961,832,57,318
29: 159,229,937,320,837,311
30: 848,784,840,901,646,839,881
31: 279,462,544,178,708,351,763
32: 991,720,748
33: 270,367,111,506,769,808,516,433
34: 853,325,143,745,339,1002,489
35: 380,357,417,935,882,619
36: 152,441,473,632,852,862,574
37: 363,381,827,167,637,615,824
38: 1003,690,825,382,171,546
39: 393,90,949,245,813,1024,673,500
40: 472,505,830,877
41: 280,880,842,1000,813,558,673
42: 908,512,369,834,863,510,356
43: 119,343,674,165,765,917
44: 398,132,963,804
45: 346,335,345,709,224,535,987
46: 477,520,812,523
47: 146,402,608,663,340,581,592
48: 425,313,610,950,1003,399,690
49: 322,373,676,943,196,597,660
50: 163,283,977,786,555,712
51: 580,935,742,759,450,260
52: 75,284,993,807,972,487,750
53: 168,332,607,856,274,438,885
54: 74,823,897
55: 919,437,773,568,805,301,522
56: 424,479,621,626,671,876
57: 988,798,832,28,961
58: 227,636,169,920,843,869,658
59: 855,952,177,8,378,806
60: 316,872,335,273,331,421,758
61: 275,922,226,640,915,532,541
62: 19,422,487,537,371,499
63: 370,494,924,871,120,575,385
64: 586,253,731,161,5,653
65: 964,669,489,1021,98,585
66: 446,668,756,263,199,736
67: 589,721,670,696,121,347
68: 927,891
69: 932,152,473,789,359,726,326
70: 441,889,297,509,383,945
71: 426,698,979,208,434,225,746,928
72: 439,309,629,722,724,767,443
73: 303,358,720,760,925
74: 54,188,823,319,985
75: 416,451,993,52,750,994,1006
76: 160,485,723,822,214,549
77: 503,336,613,617,791,719,774,834
78: 272,688,734,846,890
79: 469,166,864,241
80: 210,999,24,850,666,534,884
81: 948,973,268,654,243,883,650,921
82: 958,294,197,612,861,859
83: 527,892
84: 91,140,396,1015,540,752,918,254
85: 239,1020,538,215,446,970
86: 379,448,547,811,821,854,992
87: 420,193,553,989,465,664
88: 293,202,944,700,603,761,542
89: 971,458,780,556,206,826,407
90: 393,39,145,245,410,796
91: 365,84,540,797,671,876,981
92: 503,212,336,570,617,678,741
93: 369,863,940,941,962,510,713,386
94: 246,703,948,973,1022,312,243
95: 419,432,825,382,647,969
96: 946,524
97: 259,596,701,902,905,392
98: 153,1021,195,585,618,65
99: 442,445,524,739,685
100: 427,220,929,701,785,830,449
101: 144,351,536,896,199,732,544
102: 971,136,458,920,591,675,780
103: 498,1022,312,997,947,930
104: 0,399,148,623,704,933,517,313
105: 241,333,640,879,951,915
106: 389,779,149,788,543,625,729,379
107: 249,865,157,819,336,570,561,719
108: 2,338,557,459,844,933
109: 325,143,521,728,847,483,836
110: 450,260,694,787,870
111: 33,769,21,433,352,639
112: 438,327,718,655,17,898,286
113: 401,126,133,350,554,755,913
114: 253,328,271,641,828,841,931,731
115: 289,520,730,936,358,760
116: 136,686,316,345,535,874,515
117: 919,173,466,560,251,355,792
118: 497,196,158,978,577,597
119: 43,6,343,652,674,944
120: 738,898,370,63,718,385
121: 213,609,347,67,721,696
122: 314,196,362,322,778,308
123: 649,751,781,815,1019,305,159
124: 381,589,670,310,911
125: 348,172,659,699,816,782,888,953
126: 113,401,998,554,882,619,388
127: 562,563,565,298,406,645
128: 184,280,567,573,842,311,755
129: 170,605,612,861,866,501
130: 366,149,788,206,331,643,758
131: 248,373,631,676,801,943,431
132: 44,398,963,550,679,798
133: 113,350,391,554,755,280
134: 191,481,907,832,442,318,849
135: 272,866
136: 116,102,591,675,686,515,502
137: 693,720,748,925,966,495,299
138: 727
139: 285,15,1008,222,181,772,330
140: 396,84,566,797,918
141: 384,523,614
142: 18,183,611,430,257,1007,684
143: 853,34,325,109,521,714,728,847
144: 101,494,536,896,871
145: 90,410,513,796,627,890
146: 402,818,608,47,663,799,309
147: 7,983,689
148: 104,432,399,623,704,825,1012
149: 130,106,389,788,624,729,206,643
150: 413,352,236,548,594,603,761,860
151: 397,223,609,667
152: 69,473,632,852,36,726
153: 1021,195,98,390,186,587,618,893
154: 957,504,423
155: 982,192,552,996,23,735,461
156: 361,833,263,531,539,732
157: 249,578,865,107,561,611
158: 497,118,196,577,597,635,660,364
159: 29,305,320,837,123,649,751,1019
160: 76,485,541,711,822,858
161: 529,271,731,586,64
162: 730,939,303
163: 339,283,1011,50,489,964,555
164: 200,394,806,321,997,855
165: 917,1002,483,43,343,1014,325,521
166: 79,469,214,549,864,485
167: 827,661,563,565,615,37
168: 409,53,607,274,885
169: 227,636,826,58,920,780
170: 129,605,866,501,688,513,890
171: 546,894,992,38,315,209,1003
172: 422,659,816,125,994,1006
173: 447,790,117,466,491,560,814,1004
174: 460,203,698,857,979,984,990
175: 459,246,703,844,965,950
176: 403,453,638
177: 8,679,378,743,59,952
178: 448,651,811,854,13,708,763,31
179: 508,657,694,787,217,733
180: 395,4,845,412,749
181: 835,772,576,589,696,139,222
182: 976,982,192,564,938,715
183: 18,142,863,1007,940,941
184: 128,249,567,578,842,1000
185: 428,1010,600,776
186: 153,195,482,587,893,648,936
187: 267,1010,26,530,600,766,995,662
188: 74,244,823,319,782,888
189: 425,757,792,814,851,965
190: 874,488,695,838,281,895
191: 481,907,946,134,442
192: 976,982,182,329,155,552,996
193: 302,783,989,87,291,465
194: 904,1005,211,572,464,479,626
195: 153,1021,98,482,186
196: 314,118,158,978,597,122,49,322
197: 958,82,511,612,861,452,388,998
198: 433,411,455,488,644,695,707,817
199: 263,732,101,896,736,66,668
200: 930,394,164,818,799,231,997
201: 265,495,582,868,926
202: 6,88,944,296,542,793
203: 16,174,460,20,984,990
204: 957,986,349,277
205: 259,942,786,712,766,995
206: 130,149,556,624,971,89,458,643
207: 210,285,599,647,295,1008
208: 426,71,979,746,928,781,1019,916
209: 25,315,934,171,821,992
210: 207,599,295,1008,80,490,850,666
211: 194,545,572,697,479,626,353
212: 503,224,92,571,617,678,987
213: 121,721
214: 166,549,606,76,723,717,677
215: 85,239,970,396,903,918,537
216: 872,335,522,583,620,672,709
217: 233,480,912,733,179,508
218: 853,492,714,745,878,618,702
219: 284,420,478,553,1016,3,577,899
220: 427,278,100,929,701,902
221: 415,331,740,771,273,366
222: 285,307,969,139,181,835
223: 151,397,609,886,342,347,514
224: 503,212,281,895,535,987,45
225: 434,440,1018,340,592,928,71
226: 955,275,61,922,532,541,551
227: 262,636,579,169,58,658
228: 738,528,634,666,370,884
229: 29,436,937,258,741,819,837
230: 484,827,565
231: 200,930,818,799,309,724,767
232: 431,833,531,706,777,435,407
233: 480,912,217,956,815
234: 480,642,733,334,829,913,470
235: 308,714,728,878,314,978,569
236: 150,413,548,588,761,954
237: 293,622,639,652,860,800
238: 290,247,654,705,739,762,467,921
239: 360,85,254,538,215,752,918
240: 1017,820
241: 105,640,879,79,469
242: 820,839,881,507
243: 598,768,947,883,94,81,948,312
244: 188,823,960,323,306,348,782,888
245: 90,39,949,410,910
246: 459,94,175,324,703,851,965,1022
247: 238,290,705,739,737,901
248: 131,631,801,826,407,431
249: 184,567,578,865,107,157
250: 354,441,473,789,852,889,616
251: 802,805,975,355,919,117
252: 413,356,867,954,405,707,817
253: 114,271,828,731,414,22,653,64
254: 14,360,239,900,1005,464,84,1015,752
255: 282,404,6,674,454,596,905
256: 548,700,761,368,475,873,710
257: 430,578,1000,142,611,684
258: 229,436,526,683,741,571,678
259: 97,205,701,942,902,392,786
260: 110,450,657,787,51,580,742
261: 426,460,525,979,526,683,809
262: 362,322,227,631,636,579,943
263: 156,361,199,732,66,668
264: 481,907,595,804
265: 201,868
266: 354,932,743,789,550,679
267: 187,26,600
268: 654,762,429,598,883,81
269: 968,848,400,646,298,0
270: 367,33,506,808,658,875,906
271: 253,114,841,931,731,161,344
272: 688,734,78,135
273: 60,872,620,221,331,740,758
274: 168,409,53,593,697,885
275: 955,368,475,61,682,873,922,226
276: 346,583,16,525,683,571,987
277: 349,656,775,897,960,204,986
278: 220,929,282,723,822,677
279: 31,462,777,435,628,708
280: 128,41,880,842,133,391,755,753
281: 503,224,895,613,791,190,838
282: 255,404,822,858,278,905
283: 292,163,339,977,1011,50,555
284: 993,1016,52,219,497,972,899
285: 207,647,969,1008,139,222
286: 17,604,514,856,112,438,655
287: 692,529
288: 483,506,769,800,808,836,1014,622
289: 115,520,730,812,939
290: 238,247,737,467,840,901
291: 302,193,465,760
292: 283,590,765,917,977,1002,1011
293: 88,237,652,860,944,603
294: 82,861,866
295: 210,207,599,24,444,546,850,894
296: 542,551,711,793,955,202
297: 862,329,552,441,70,383,945
298: 127,562,400,269,0,406
299: 495,582,953,659,994,451,137,693
300: 629,724,802,975,498,324
301: 20,984,568,55,437,522,672
302: 193,783,989,291,966,760,925
303: 358,73,991,162,730
304: 846,909,1013
305: 159,809,837,916,123,1019
306: 323,566,665,348,699,244,888
307: 969,222,661,419,363,835
308: 235,728,847,474,778,314,122
309: 72,722,767,146,608,799,231,12
310: 824,124,381
311: 128,567,573,865,29,937,320
312: 103,94,498,948,1022,243,997,947
313: 425,48,950,844,104,399,933
314: 196,978,122,778,235,308
315: 25,209,610,1003,171,992
316: 60,872,335,345,116,421,686
317: 377,11,669,754,1021
318: 705,849,762,134,832,28,429
319: 985,782,926,188,74
320: 29,159,937,649,794,573,311
321: 997,476,768,855,947,952,164
322: 262,49,362,676,943,196,597,122
323: 306,566,797,244,960
324: 246,498,851,1022,300,975
325: 853,34,143,109,521,165,339,1002
326: 359,892,527,963,550,932,69
327: 112,904,718,518,572,655,385
328: 114,641,828,940,941,962
329: 297,976,862,192,552,574,638
330: 914,725,772,15,139,886,347
331: 221,771,60,273,130,366,643,758
332: 53,607,770,856,397,514
333: 105,586,692,951
334: 794,350,913,234,642,649
335: 45,316,60,872,216,345,709
336: 92,77,570,617,107,719
337: 377,555,662,691,712,530,995
338: 2,457,968,108,848,557,933,517
339: 163,283,1002,1011,489,34,325
340: 434,225,1018,581,592,687,47
341: 372,1020,538,736,764,896,871
342: 397,223,886,514,725,602,604
343: 43,119,1014,622,652,165,917
344: 412,749,271,633,841
345: 45,316,335,535,116,874
346: 45,276,583,709,16,525,571,987
347: 121,223,609,886,67,772,696,330
348: 699,816,125,306,665,244,888
349: 277,533,897,204
350: 113,334,794,133,755,913,573
351: 101,536,456,601,763,31,544
352: 150,594,603,867,21,111,769,639,860
353: 983,424,479,593,211,697,7
354: 250,378,743,789,266,616
355: 251,802,975,851,792,117,466
356: 510,252,588,954,908,42,405
357: 35,380,859,980,619,958
358: 303,73,760,115,730
359: 726,744,892,326,932,69
360: 14,239,254,538,764,900,752
361: 156,263,531,539,408,519,668
362: 262,322,579,943,778,875,122
363: 37,381,835,576,615,307
364: 497,972,158,635,803,807,959
365: 91,797,981,986,775,960
366: 130,779,788,221,331,771
367: 270,33,658,516,644,869
368: 275,414,22,682,873,386,710,962,256
369: 512,42,93,863,510,713
370: 63,494,924,884,228,738,120
371: 9,1023,970,499,756,62,537
372: 14,341,575,764,1001,871
373: 49,131,676,801,539,408,660
374: 606,864
375: 630,685,737,507
376: 914,725,528,602,634
377: 317,11,964,337,555,669,691
378: 354,743,616,177,59,681,806
379: 86,821,854,934,491,106,543,625
380: 10,35,357,935,680,980
381: 124,363,37,576,589,615,310,824
382: 599,647,825,95,38,546
383: 945,687,831,70,297,552,996
384: 141,496,614,1009,747,754
385: 575,1001,120,63,327,718,518
386: 368,22,710,93,940,962,713
387: 923,911,721
388: 958,197,452,998,126,619
389: 106,13,149,543,628,729,854
390: 153,618,664,702,893,974
391: 133,554,755,452,753,280,880
392: 590,977,786,97,259,596
393: 90,39,813,558,796,716,501
394: 200,164,818,663,681,806
395: 180,845,909,1013
396: 140,84,566,903,918,665,215
397: 151,223,667,342,514,332,856
398: 44,132,988,595,798
399: 104,148,623,690,933,313,48
400: 1017,646,881,269,484,562,298
401: 113,126,559,829,882,913
402: 146,509,47,663,945,581,687
403: 584,176,632,574,638
404: 282,255,793,858,6
405: 488,817,838,613,908,252,356,954
406: 0,645,704,1012,127,562,298
407: 248,826,556,89,232,431,706
408: 519,803,967,361,539,373,635,660
409: 168,274,593
410: 90,145,245,910,4,627
411: 198,455,488,515,644,695,502
412: 344,749,180
413: 150,252,236,588,594,867,954
414: 368,5,22,653,682,922,253,828
415: 221,790,560,740,771,773
416: 75,420,451,783,989,993,1016
417: 35,580,935,742,559,882
418: 1007,463,641,684,931,500,949
419: 432,645,1012,95,661,307,969
420: 416,478,553,989,1016,87,219
421: 675,686,758,810,316,60
422: 19,62,172,487,750,816,1006
423: 504,621,671,981,154,957,986
424: 983,56,479,621,353,7
425: 313,48,610,757,950,189,965
426: 71,460,261,979,208,526,809,916
427: 100,220,929,830,677
428: 185,449,1010,766,785,942
429: 28,476,598,768,268,318,762
430: 257,578,1000,1024,673,142,684
431: 232,531,706,248,131,801,407
432: 419,148,623,825,1012,95
433: 21,198,644,707,33,111,769,516
434: 225,340,592,928,12,71,698,857
435: 556,624,628,729,232,279,706,777
436: 229,258,526,741,809,837
437: 919,55,740,773,301,522,620
438: 112,545,655,885,286,53,856
439: 72,568,629,802,805,443
440: 468,225,1018,735,831,928,956,461
441: 250,70,852,889,36,297,862
442: 99,445,524,849,191,946,134
443: 72,439,568,722,984,990
444: 24,448,547,850,894,992,295
445: 99,442,705,849,739
446: 970,66,756,85,1020,736
447: 790,173,491,771,779,625
448: 999,24,444,178,86,547,651,811
449: 428,100,785,505,776
450: 110,260,870,51
451: 75,416,783,966,994,299,693
452: 197,511,753,388,998,391,554
453: 176,564
454: 590,765,674,255,596
455: 411,198,644,502,843,869
456: 493,351,601,763,999,651
457: 2,338,467,848,650,784,840,921
458: 971,89,102,643,675,810,206
459: 246,175,703,844,973,108,557
460: 16,426,174,261,203,525,979
461: 912,956,155,23,440,735
462: 279,31,833,777,732,544
463: 418,633,841,931,500,949,910
464: 626,876,194,1005,254,900,1015,540
465: 587,193,87,291,760,936
466: 117,173,560,355,792,814,1004
467: 457,784,840,921,238,290,654
468: 440,746,928,956,781,815
469: 79,166,241,640,485,532
470: 559,829,657,742,234,733
471: 10,680,727,759
472: 40,717,830,877
473: 250,152,69,789,852,36
474: 778,836,875,906,308,847
475: 955,275,873,256,700,542,551
476: 321,28,429,961,598,768,952
477: 46,520,648,482,614
478: 420,553,219,3,569,492,974
479: 56,424,626,353,194,211,697
480: 233,217,234,642,733,751,815
481: 191,264,907,134,832,988,595
482: 195,186,477,648,614,1009
483: 288,506,836,1014,109,521,165
484: 230,562,565,400,1017
485: 160,76,532,541,469,166,549
486: 938,891,715,870
487: 62,422,750,1006,499,807,52
488: 411,198,405,190,695,707,817,838
489: 163,339,34,745,585,65,964
490: 210,15,1008,914,634,666
491: 447,790,173,934,1004,379,625
492: 218,714,878,3,569,478,702,974
493: 924,534,456,601,884,999,651
494: 144,370,63,924,536,601,871,575
495: 201,299,582,868,137,748
496: 384,747,795
497: 118,972,158,577,635,899,364,284
498: 103,324,1022,312,930,300,724
499: 1023,371,807,62,487,537
500: 1007,418,463,684,39,949,1024
501: 129,170,605,716,393,513,796
502: 411,455,515,843,136,920,591
503: 212,224,92,77,281,895,617,791
504: 423,621,671,689,154,957
505: 40,830,449,776
506: 270,483,288,33,808,836,906
507: 375,737,242,839,901
508: 23,27,179,694,912,217
509: 402,663,681,70,889,616,945
510: 356,588,713,954,908,369,42,93
511: 197,605,612,716,452,753
512: 18,369,42,561,774,834,863
513: 145,796,170,501,890
514: 397,223,342,604,286,332,856
515: 411,874,695,502,116,136,591
516: 367,33,433,644,869
517: 104,0,704,933,338,968
518: 904,327,718,14,575,385,1001
519: 408,668,803,967,361,539
520: 46,289,477,115,648,812,936
521: 325,143,109,483,1014,165,1002
522: 216,620,672,301,20,55,437,740
523: 141,614,46
524: 99,442,96,946,685
525: 16,460,261,526,683,276,346
526: 436,258,683,809,916,426,261,525
527: 83,892,326,963
528: 17,228,738,376,898,602,634
529: 161,287,586,692
530: 187,26,766,995,337,662,691,712
531: 232,156,431,361,833,539,801
532: 485,541,61,226,640,469
533: 349,897
534: 493,924,884,80,999,850,666
535: 224,895,45,345,116,874
536: 144,101,494,351,924,601,896,544
537: 19,62,215,970,371,499,903
538: 360,85,341,239,1020,764
539: 156,361,531,373,801,408,519
540: 91,84,1015,464,876
541: 160,485,532,551,711,61,226
542: 296,551,700,955,475,202,88
543: 106,389,13,625,379,854
544: 31,462,732,101,351,536
545: 438,211,572,655,697,885
546: 171,894,38,1003,382,599,295
547: 24,444,448,86,811,854,894,992
548: 256,150,236,588,713,761,710
549: 166,214,76,485,723
550: 132,963,679,326,932,266
551: 296,541,542,711,955,475,226
552: 297,862,329,192,155,996,383
553: 420,478,87,219,664,974
554: 113,998,126,133,391,452
555: 377,964,337,669,712,163,283,50
556: 435,624,206,89,706,407
557: 2,338,108,650,459,844,973
558: 393,813,716,753,41,880
559: 401,829,882,470,657,417,580,742
560: 415,919,790,117,173,466,773
561: 18,512,611,719,774,578,107,157
562: 484,127,565,298,400,1017,406
563: 167,127,661,565,645
564: 182,453,938,715
565: 230,484,827,167,127,562,563
566: 140,323,396,306,797,665
567: 184,128,249,573,842,865,311,937
568: 439,805,443,301,984,55
569: 3,978,577,492,235,878,478
570: 92,336,617,678,741,819,107
571: 212,678,987,258,683,276,346
572: 194,904,1005,327,211,545,655
573: 128,567,311,794,350,755,320
574: 862,329,638,403,632,36
575: 372,385,1001,63,494,871,518
576: 363,181,381,835,589
577: 3,497,118,158,978,569,899,219
578: 184,430,249,257,1000,157,561,611
579: 262,362,227,778,658,875
580: 51,417,935,742,759,260,559
581: 945,1018,340,687,402,47
582: 201,495,299,926,953,659
583: 276,346,216,672,709,16,20
584: 403,632
585: 98,618,745,489,65
586: 333,692,64,161,529
587: 153,465,186,664,893,936
588: 510,413,236,356,548,713,954
589: 124,181,67,381,576,670,696
590: 292,454,392,765,977,596
591: 136,102,920,675,515,502,843
592: 434,225,340,608,47,12,857
593: 409,274,697,7,887,353
594: 150,413,352,603,867,21,860
595: 398,988,804,264,481
596: 97,902,905,255,454,392,590
597: 118,196,158,635,660,49,322
598: 243,429,476,768,883,268
599: 210,382,207,647,295,546,894
600: 185,267,187,1010
601: 493,494,351,924,536,456
602: 17,376,725,528,604,342
603: 150,352,594,700,761,293,88,860
604: 17,602,286,342,514
605: 129,511,170,612,716,501
606: 374,214,717
607: 168,53,332,770
608: 146,47,799,592,309,722,12
609: 151,121,223,886,347
610: 425,48,25,315,757,1003,690
611: 18,142,561,257,578,157
612: 197,129,82,511,605,861
613: 77,281,791,908,834,405,838
614: 141,384,523,1009,482,477
615: 167,661,363,37,381
616: 354,250,378,889,509,681
617: 503,212,92,77,336,570,791,719
618: 153,98,390,585,702,218,745
619: 998,126,882,35,357,958,388
620: 872,216,522,672,273,437,740
621: 504,983,56,424,423,671,689
622: 343,237,1014,639,652,288,800
623: 104,432,399,148,690,825
624: 435,149,556,729,206,706
625: 106,779,543,447,491,379
626: 464,56,479,876,194,1005,211
627: 845,1013,145,410
628: 389,435,13,729,708,279
629: 72,439,300,724,767,802,805,975
630: 375,685
631: 262,248,131,636,826,943
632: 152,36,726,403,584,574
633: 463,841,949,910,4,344,749
634: 914,228,376,528,666,490
635: 497,158,597,660,364,408,803,959
636: 262,227,631,826,169,58,780
637: 827,824,37
638: 976,329,574,403,176
639: 237,622,860,352,111,769,800
640: 241,105,951,915,61,532,469
641: 114,328,1007,418,828,931,941
642: 480,234,649,751,334,794,913
643: 458,758,810,331,130,149,206
644: 433,411,198,455,843,869,367,516
645: 419,406,1012,127,661,563
646: 400,839,881,30,269,848
647: 285,382,207,599,969,95
648: 477,520,936,482,186
649: 123,642,751,334,794,159,320
650: 2,457,557,921,81,973
651: 999,24,448,178,811,493,456,763
652: 293,119,343,237,622,860,944
653: 414,5,922,253,731,64
654: 268,238,705,762,883,467,921,81
655: 112,438,327,545,572,885,286
656: 277,775,823,897,960
657: 260,179,787,742,733,559,470
658: 270,367,869,227,579,58
659: 172,125,994,299,582,953
660: 158,597,635,49,373,676,408,803
661: 167,563,615,419,645,307
662: 11,337,691,795,187,26,530
663: 394,146,509,402,818,47,681
664: 390,587,893,974,553,87
665: 396,306,566,903,19,348,699
666: 228,634,210,80,490,534,884
667: 151,397,770
668: 66,519,756,967,361,263,199
669: 317,65,377,964,555,1021
670: 124,67,589,721,911
671: 504,56,423,621,876,981,91
672: 216,522,583,620,301,16,20
673: 39,813,1024,430,41,1000
674: 43,6,119,255,454,765
675: 971,136,458,102,421,591,686,810
676: 49,322,373,131,801,943,660
677: 717,723,214,427,278,929
678: 212,92,570,571,258,683,741
679: 132,177,8,550,798,743,266
680: 471,10,380,935,727,759
681: 394,509,663,806,378,889,616
682: 275,368,414,22,873,922
683: 258,526,261,525,276,571,678
684: 1007,418,500,430,257,1024,142
685: 375,630,99,524
686: 116,136,421,675,810,316
687: 383,945,1018,340,581,831,996,402
688: 272,78,170,890
689: 504,983,621,147
690: 399,623,825,38,48,610,1003
691: 377,11,337,662,530
692: 287,333,586,529
693: 137,925,994,451,966,299
694: 110,27,179,508,787,870
695: 411,198,874,488,515,190
696: 181,67,772,589,121,347
697: 211,545,885,274,593,479,353
698: 71,174,857,979,434
699: 19,348,816,125,306,665
700: 256,603,761,475,88,542
701: 97,259,100,220,785,942,902
702: 390,618,974,492,218,745
703: 459,246,94,175,948,973,1022
704: 104,0,148,406,1012,517
705: 445,238,318,247,654,849,739,762
706: 232,431,777,435,556,624,407
707: 21,433,198,488,817,252,867
708: 13,628,178,763,279,31
709: 45,346,872,335,216,583,987
710: 368,873,386,256,548,713
711: 160,296,541,551,793,858
712: 337,555,50,786,205,530,995
713: 510,548,588,369,93,386,710
714: 853,492,143,235,218,728,878
715: 486,938,182,564
716: 511,605,501,753,393,558,796
717: 472,677,723,214,606
718: 112,327,518,120,898,385
719: 561,774,834,107,77,336,617
720: 32,73,137,991,748,925
721: 67,670,387,911,121,213
722: 72,309,767,443,608,12,857,990
723: 76,822,214,549,278,929,717,677
724: 72,300,629,767,930,231,498
725: 914,376,330,602,886,342
726: 359,744,152,69,632
727: 471,680,759,138
728: 143,235,308,109,714,878,847
729: 106,389,435,149,624,628
730: 162,289,115,939,303,358,760
731: 253,114,271,161,653,64
732: 156,833,263,462,199,544,101
733: 480,217,234,179,657,829,470
734: 272,78
735: 440,831,155,996,956,461
736: 341,1020,896,199,446,66
737: 375,507,290,247,739,901
738: 17,228,120,898,528,370,884
739: 99,445,238,247,705,737
740: 415,221,437,773,522,620,273
741: 229,436,258,819,92,570,678
742: 51,417,580,260,657,787,559,470
743: 354,378,789,266,177,679
744: 359,726,892
745: 853,34,218,489,585,618,702
746: 468,928,781,1019,71,208
747: 496,384,1009,11,795,754
748: 32,137,720,495,868
749: 412,344,4,180,633,841
750: 422,487,1006,807,75,993,52
751: 480,123,642,649,815,159
752: 84,1015,918,360,239,254
753: 511,716,452,391,280,880,558
754: 317,11,384,1009,747
755: 113,133,350,391,128,280,573,842
756: 9,446,970,66,371,668,967
757: 425,25,610,814,1004,189
758: 421,643,810,331,60,273,130
759: 471,51,580,935,680,727
760: 358,73,302,291,465,115,730
761: 256,150,236,548,700,603,88
762: 268,238,318,654,705,429
763: 351,456,178,651,708,31
764: 14,360,341,372,1020,538,1001
765: 292,454,590,917,43,674
766: 187,428,1010,530,995,205,942
767: 72,309,629,722,724,799,231
768: 321,243,429,476,598,947
769: 288,33,111,800,808,433,352,639
770: 332,607,667
771: 415,221,447,790,331,779,366
772: 181,696,15,139,347,330
773: 415,919,55,437,560,740
774: 18,512,561,719,834,77
775: 277,656,960,981,365,797,986
776: 505,185,449
777: 232,279,833,462,706,435
778: 474,875,362,579,314,122,308,847
779: 106,366,788,625,447,771
780: 971,89,102,920,636,826,169
781: 123,956,815,1019,468,746,208
782: 319,888,926,953,125,188,244
783: 416,302,193,451,989,966
784: 457,30,467,848,840
785: 100,701,942,449,428
786: 392,977,50,259,205,712
787: 110,260,179,657,694,742
788: 130,106,779,366,149
789: 354,250,932,69,473,743,266
790: 415,447,173,491,560,771
791: 503,77,281,613,617,834,838
792: 814,189,851,355,117,466
793: 404,296,711,858,202,6
794: 334,350,642,649,320,573
795: 11,662,26,496,747
796: 393,90,145,513,716,501
797: 91,140,323,365,566,775,960
798: 398,57,132,988,8,679,961
799: 200,146,818,608,231,309,767
800: 288,769,808,237,1014,622,639
801: 248,373,131,676,431,531,539
802: 439,251,300,629,805,975,355
803: 408,519,959,967,635,660,364
804: 44,595,264
805: 439,251,568,629,802,919,55
806: 394,164,681,378,59,855
807: 1023,499,959,972,364,487,750,52
808: 270,288,33,506,769,800
809: 305,436,526,837,916,426,261
810: 971,458,421,643,675,686,758
811: 448,178,86,547,651,854,13
812: 46,289,520,939
813: 393,39,1024,558,673,41,880
814: 25,757,792,1004,189,173,466
815: 233,480,123,956,751,781,468
816: 19,348,172,422,699,125
817: 198,405,488,707,838,252,867
818: 200,394,146,663,799,231
819: 229,937,741,865,107,570
820: 240,242,1017,881
821: 379,86,854,992,209,934
822: 282,160,76,723,858,278
823: 54,188,74,244,656,897,960
824: 310,637,37,381
825: 432,148,623,690,95,38,382
826: 248,631,636,407,169,89,780
827: 230,167,637,565,37
828: 253,114,328,641,962,414,22
829: 401,559,913,470,234,733
830: 40,472,505,427,100
831: 383,440,1018,687,735,996
832: 481,134,57,988,318,28,961
833: 232,156,462,531,777,732
834: 908,512,42,719,774,77,613,791
835: 363,181,576,307,222
836: 483,474,288,506,906,109,847
837: 29,305,159,229,436,937,809
838: 405,488,190,817,281,613,791
839: 242,646,881,507,30,840,901
840: 457,30,467,784,901,290,839
841: 114,271,463,633,931,344,749
842: 184,128,280,41,567,880,1000,755
843: 455,644,502,869,920,591,58
844: 459,175,108,557,933,313,950
845: 395,4,180,627,1013
846: 304,890,78
847: 143,308,109,728,474,778,836,906
848: 338,457,30,968,269,784,646
849: 442,445,318,705,134
850: 999,24,444,210,295,80,534
851: 246,324,965,975,355,792,189
852: 250,152,441,473,889,36,862
853: 34,325,143,218,714,745
854: 379,178,86,547,811,821,389,13,543
855: 321,59,997,952,164,806
856: 53,332,397,514,286,438
857: 12,174,698,990,434,592,722
858: 282,404,160,711,793,822
859: 980,357,958,82
860: 293,237,639,652,150,352,594,603
861: 294,197,129,82,612,866
862: 297,329,552,574,441,852,36
863: 18,512,369,42,183,93,941
864: 79,374,166
865: 249,567,107,311,157,937,819
866: 294,129,170,861,135
867: 413,252,352,594,954,21,707,817
868: 265,201,495,748
869: 455,644,843,58,367,658,516
870: 110,450,486,891,694
871: 144,63,494,896,341,372,575
872: 316,60,335,216,620,709,273
873: 955,275,368,475,682,710,256
874: 515,190,695,345,895,535,116
875: 270,474,778,906,362,579
876: 464,56,626,671,91,1015,540
877: 40,472
878: 492,235,218,714,728,569
879: 241,105
880: 280,41,842,391,753,813,558
881: 242,400,1017,646,820,839,30
882: 401,126,559,619,35,417
883: 243,598,268,654,81,948
884: 370,493,924,534,80,228,738,666
885: 438,545,655,697,168,53,274
886: 223,609,342,347,330,725
887: 7,593
888: 782,306,348,125,188,244
889: 250,441,70,852,616,509,681
890: 846,170,688,78,145,513
891: 486,870,68,927
892: 359,744,326,83,527
893: 153,390,186,587,664
894: 171,24,444,546,547,992,599,295
895: 503,224,281,535,874,190
896: 144,101,536,871,199,341,736
897: 54,349,277,533,656,823
898: 17,738,120,528,112,718
899: 3,497,972,577,284,1016,219
900: 14,360,254,904,1005,464,1015
901: 30,840,737,507,290,247,839
902: 97,259,220,596,701,905
903: 396,918,665,215,19,537
904: 194,1005,327,518,572,14,900,1001
905: 97,596,902,282,255
906: 270,474,506,836,875,847
907: 191,264,481,134
908: 42,834,613,405,510,356
909: 395,304,1013
910: 949,245,410,4,463,633
911: 387,124,721,670
912: 233,217,956,461,23,508
913: 113,334,401,350,829,234,642
914: 376,330,725,634,15,490
915: 105,640,951,5,61,922
916: 305,526,809,1019,426,208
917: 292,165,765,1002,43,343
918: 140,396,84,903,752,239,215
919: 55,117,437,560,773,251,805
920: 102,591,780,502,843,169,58
921: 2,457,467,650,238,654,81
922: 275,414,5,61,653,682,226,915
923: 387
924: 370,493,63,494,534,536,601,884
925: 73,137,693,720,302,966
926: 319,201,582,782,953
927: 68,138,450,891
928: 434,468,440,225,1018,746,71,208
929: 427,278,100,220,723,677
930: 200,231,997,103,498,724
931: 114,271,418,463,641,841
932: 69,789,266,359,326,550
933: 104,399,517,338,108,844,313
934: 25,209,1004,491,379,821
935: 51,35,380,417,580,680,759
936: 115,520,648,465,186,587
937: 29,229,320,819,837,567,865,311
938: 486,27,715,982,182,564
939: 162,289,730,812
940: 328,941,962,183,93,386
941: 328,1007,641,940,183,93,863
942: 259,205,701,785,428,766
943: 262,49,362,322,131,631,676
944: 293,202,6,119,88,652
945: 383,581,687,70,297,509,402
946: 191,96,442,524
947: 321,243,997,768,103,312
948: 94,81,703,973,312,243,883
949: 39,245,1024,910,418,463,633,500
950: 425,313,48,175,844,965
951: 333,105,640,915,5
952: 321,59,476,961,855,177,8
953: 299,582,782,926,659,125
954: 510,413,252,236,356,588,867,405
955: 275,475,873,226,296,542,551
956: 233,912,781,461,815,468,440,735
957: 154,204,986,504,423
958: 197,82,388,357,859,619
959: 9,1023,803,807,967,635,364
960: 277,244,656,775,823,323,365,797
961: 28,476,952,832,57,8,798
962: 328,828,940,93,368,22,386
963: 44,132,550,527,326
964: 65,377,555,669,163,489
965: 246,175,851,425,950,189
966: 302,451,783,137,693,925
967: 9,1023,408,519,668,756,803,959
968: 338,269,848,0,517
969: 285,307,647,222,419,95
970: 9,446,371,756,85,1020,215,537
971: 89,458,102,675,780,810,206
972: 497,899,364,807,284,52
973: 459,94,81,703,948,557,650
974: 390,664,702,492,478,553
975: 251,300,629,802,355,324,851
976: 982,182,329,192,638
977: 292,392,283,590,1011,50,786
978: 3,314,118,196,569,577,235
979: 426,71,174,460,261,698,208
980: 859,10,380,357
981: 423,671,91,365,986,775
982: 976,182,192,155,23,27,938
983: 424,621,689,353,7,147
984: 301,174,20,203,990,568,443
985: 319,74
986: 204,957,423,981,365,277,775
987: 212,224,571,45,276,346,709
988: 398,57,595,798,481,832
989: 416,302,420,193,783,1016,87
990: 174,203,857,984,722,443
991: 303,32,720
992: 171,444,86,547,821,894,315,209
993: 75,416,284,1016,52,750
994: 172,659,1006,75,451,299,693
995: 187,530,766,205,337,712
996: 192,155,552,383,687,735,831
997: 321,855,947,200,930,164,103,312
998: 126,554,619,197,452,388
999: 24,448,651,850,80,493,534,456
1000: 184,430,257,41,578,842,673
1001: 14,372,575,764,385,904,518
1002: 292,165,339,917,1011,34,325,521
1003: 38,48,315,610,690,171,546
1004: 25,757,814,934,173,466,491
1005: 194,904,572,14,254,900,464,626
1006: 172,422,487,750,994,75
1007: 418,641,684,941,500,142,183
1008: 210,285,15,207,139,490
1009: 384,614,747,482,754
1010: 185,187,428,600,766
1011: 292,163,339,283,977,1002
1012: 419,432,148,406,645,704
1013: 395,304,627,845,909
1014: 343,622,483,288,800,521,165
1015: 84,540,752,254,900,464,876
1016: 416,284,420,989,993,219,899
1017: 240,400,820,881,484,562
1018: 440,225,340,581,687,831,928
1019: 123,781,746,208,305,159,916
1020: 85,341,538,736,764,446,970
1021: 153,195,98,317,65,669
1022: 103,246,94,498,324,703,312
1023: 9,371,499,807,959,967
1024: 39,949,813,673,430,684,500