0: 30,127,104,108
2: 108,81,99,28,94,30
3: 118,34,109,52,122,87
4: 90,39,114,64
5: 93,61,22,114,105,64
6: 119,43,50,97,76,88
7: 112,56
8: 57,44,59,28,69,94
9: 118,52,66,85,62,84
10: 51,35,126,82
11: 46,115,65,98
12: 47,71,72,20,16
13: 31,106,86,101,49,89
14: 63,91,85,120,84,56
15: 17,121,67,95,80,24
16: 71,12,92,123,29,107
17: 121,15,80,112,53,120
18: 128,39,42,107,114,93
19: 74,54,125,91,62,84
20: 45,12,72,55,60
21: 93,22,111,42,116,77
22: 21,93,61,5,88,111
23: 36,27,123,110,70,71
24: 80,86,38,101,95,15
25: 48,55,117,106,86,38
26: 65,100
27: 123,110,23,68,35
28: 57,8,94,99,96,2
29: 128,107,123,113,16
30: 0,99,108,2
31: 13,101,49,63,85,66
32: 73,75,125
33: 116,58,111,109,122,119
34: 3,109,87,43,98,115
35: 10,68,113,126,27
36: 83,110,23,70,69
37: 124,67,127
38: 24,86,104,25,48,95
39: 128,18,41,114,4,90
40: 97,100
41: 128,39,113,126,78,90
42: 18,107,92,77,21,93
43: 119,50,6,98,34,109
44: 57,8,69,83
45: 20,92,60,77,102
46: 11,115,73
47: 71,12,72,59,70,103
48: 25,108,117,81,104,38
49: 58,89,31,13,122,66
50: 43,6,65,97,98,100
51: 10,68
52: 118,9,3,87,62,75
53: 112,17,121
54: 74,19,91
55: 25,117,72,20,106,60
56: 7,112,91,14,120
57: 44,8,28,96
58: 116,49,89,33,102,122
59: 8,69,94,70,103,47
60: 89,102,55,45,20,106
61: 22,5,88,79,105,76
62: 84,9,52,125,19,75
63: 14,85,120,31,80,101
64: 105,114,4,5
65: 50,98,100,11,26
66: 118,9,31,49,85
67: 124,37,121,95,15,127
68: 51,35,27,110
69: 44,59,8,36,83,70
70: 36,23,59,69,47,71
71: 47,12,16,123,23,70
72: 47,12,20,103,55,117
73: 32,75,87,46,115
74: 54,125,19
75: 73,32,62,52,87,125
76: 6,97,61,88,79
77: 116,102,45,92,42,21
78: 82,126,41,90
79: 105,61,76
80: 24,101,17,15,63,120
81: 103,48,108,2,117,94
82: 78,10,126
83: 36,44,69
84: 91,14,85,62,9,19
85: 63,14,84,31,9,66
86: 106,24,13,38,101,25
87: 3,34,52,73,75,115
88: 61,22,111,119,6,76
89: 58,49,60,102,106,13
90: 4,78,41,39
91: 14,84,56,54,19
92: 45,16,42,107,77
93: 21,22,5,18,42,114
94: 59,8,28,103,2,81
95: 67,15,127,104,24,38
96: 99,57,28
97: 50,6,100,76,40
98: 43,50,65,34,11,115
99: 96,28,30,2
100: 50,65,97,40,26
101: 31,80,24,13,86,63
102: 116,58,89,60,77,45
103: 117,81,59,94,47,72
104: 0,127,48,108,95,38
105: 79,64,61,5
106: 13,86,25,55,89,60
107: 128,29,18,42,16,92
108: 48,2,81,0,30,104
109: 3,34,122,33,119,43
110: 36,27,23,68
111: 21,22,88,116,33,119
112: 7,53,56,17,120
113: 35,126,128,29,41
114: 18,39,4,93,5,64
115: 11,46,34,87,98,73
116: 58,77,33,102,21,111
117: 25,103,48,55,81,72
118: 9,3,52,122,66
119: 43,6,33,88,111,109
120: 63,14,17,80,112,56
121: 17,124,67,15,53
122: 118,3,109,58,49,33
123: 27,23,71,16,29
124: 37,121,67
125: 74,19,62,32,75
126: 10,113,35,78,82,41
127: 0,104,37,67,95
128: 29,18,41,39,107,113