0: 968,269,298,406,517,704
2: 338,457,108,557,650
3: 978,577,569,219,899,478
4: 845,410,180,910,749,633
5: 915,653,951,61,414,922
6: 404,793,202,674,944,119
7: 147,887,593,983,353,424
8: 59,57,798,177,679,961,952
9: 446,1023,970,967,756,371
10: 980,380,680
11: 384,747,754,662,317,691
12: 434,592,608,309,722,857
13: 854,178,811,708,389,628
14: 360,764,1001,904,900,518
15: 139,772,1008,914,330,376
16: 460,20,203,525,583,672
17: 738,898,528,602,604,112,286
18: 142,512,611,774,863,183
19: 62,422,537,699,665,903
20: 984,16,203,301,522,672
21: 867,352,594,433,707,111
22: 368,414,253,682,828,962
23: 27,508,461,912,982,155
24: 444,448,651,850,999,534
25: 1004,315,209,757,814,934
26: 187,530,662,267
27: 23,870,508,938,694,982,182
28: 476,961,832,57,318,429
29: 159,229,937,320,837,311
30: 840,646,839,848,784
31: 351,763,708,279,462,544
32: 991,720,748
33: 270,367,906,506,769,516,808
34: 163,325,339,853,745,489
35: 619,417,935,882,357,380
36: 632,152,403,852,574
37: 824,637,615,363,381
38: 690,825,171,1003,382,546
39: 393,90,245,813,1024,796
40: 472,830,877
41: 813,673,558,880,1000,842
42: 908,512,369,356,834,510,954
43: 119,343,652,674,765,917
44: 963,804,398,132
45: 346,335,345,709,224,535,987
46: 289,477,520,523,614,812
47: 146,402,608,340,581,592
48: 399,690,933,313,425,610
49: 196,597,660,322,373,676
50: 283,977,786,555,712
51: 260,759,580,450,138,727
52: 487,750,499,807,972,993
53: 168,332,607,856,885,438
54: 74,823,897
55: 919,773,437,568,805,301
56: 424,479,621,626,671,876
57: 988,798,8,832,28,961
58: 169,227,636,843,920,869,658
59: 177,8,378,855,952,806
60: 316,872,273,331,421,758
61: 915,640,5,922,226,532
62: 19,422,487,537,499,371
63: 575,494,924,370,120,385
64: 653,586,951,161,529,731
65: 489,964,1021,669,98,585
66: 446,668,756,199,1020,736
67: 696,589,670,121,609,347
68: 927,486,891
69: 359,326,152,932,473,789
70: 889,441,297,945,509
71: 434,225,928,746,208,698
72: 439,309,629,722,767,443
73: 303,302,358,720,760,925
74: 54,188,823,319,985
75: 416,451,993,1006,750,994
76: 214,549,485,160,822,723
77: 908,719,834,613,617,791
78: 272,688,734,890
79: 166,864,241
80: 210,490,850,666,634,534
81: 268,654,883,973,921,650
82: 197,612,861,958,388
83: 527,892
84: 140,396,1015,540,752,918
85: 239,1020,538,446,970,215
86: 992,854,379,547,811,821
87: 420,193,989,465,664,553
88: 293,944,603,700,202,542
89: 248,826,556,971,780,407
90: 39,245,796,627,145,410
91: 981,671,876,365,540
92: 503,212,570,617,678,791
93: 369,863,940,510,713,386
94: 1022,703,948,243,312,103
95: 419,432,825,382,647,969
96: 524,946
97: 902,259,905,596,701,392
98: 153,195,585,618,65,1021
99: 685,737,524,739,445
100: 427,830,220,785,505,449
101: 263,732,544,536,896,199
102: 971,458,920,591,675,780,810
103: 312,997,930,94,1022,498
104: 399,148,623,517,704,933
105: 915,333,640,879,241
106: 389,729,779,149,788,543
107: 157,865,937,819,561,336
108: 2,338,313,557,844,933
109: 847,143,521,714,728,483,836
110: 870,787,694,891,450,260
111: 769,516,433,352,21,639
112: 327,718,655,286,17,898
113: 401,913,126,133,350,554
114: 828,931,841,731,271,253
115: 289,520,730,936,358,760
116: 136,686,345,874,535,515
117: 919,173,560,355,251,466
118: 314,196,158,978,577,597
119: 293,944,43,652,6,674
120: 738,370,898,63,718,385
121: 151,609,670,67,721,213
122: 314,196,362,322,778,308
123: 815,1019,781,751,305,916
124: 310,911,670,381,589
125: 953,348,659,172,816
126: 113,401,554,619,882,998
127: 298,406,167,562,563,565
128: 184,567,573,842,755,280
129: 605,612,861,866,170
130: 366,149,788,331,643,758
131: 248,631,676,943,431,801
132: 398,798,550,266,679,963,44
133: 113,350,391,554,755,280
134: 191,481,907,832,442,849
135: 272,866
136: 116,591,675,686,502,515
137: 966,693,720,748,925,495,299
138: 727,927,450,51
139: 181,772,222,15,285,1008
140: 396,365,84,540,566,797
141: 384,523,614
142: 18,611,257,578,684,183
143: 853,109,521,714,325
144: 575,494,536,601,896,871
145: 627,846,890,513,90,796
146: 402,818,608,47,663,799
147: 7,887,689,983
148: 104,432,623,704,1012
149: 130,106,729,788,206,624,643
150: 352,236,761,594,603,860
151: 121,397,223,609,667,213
152: 726,632,69,36,473
153: 195,98,893,390,186,618
154: 957,504
155: 982,192,996,735,23,461
156: 833,263,531,539,732,361
157: 249,107,578,865,561,611
158: 497,118,364,577,597,635
159: 29,320,837,649,751,305
160: 858,822,541,711,485,76
161: 529,344,731,271,64
162: 991,303,730
163: 339,283,1011,34,489,964
164: 997,855,947,200,394,806
165: 325,917,1002,343,1014,521
166: 79,469,549,864,241
167: 827,127,661,563,565,615
168: 409,53,607,274,885
169: 227,636,58,826,843,920,780
170: 688,513,129,605,501
171: 315,209,1003,38,546,992,894
172: 1006,816,994,125,659
173: 790,117,491,560,1004,466
174: 990,979,460,203,698,857
175: 459,246,703,844,965,950
176: 403,453,564,638
177: 59,8,266,679,378,743,952
178: 448,651,811,708,13,763
179: 733,787,508,694,657,217
180: 395,4,845,412,749
181: 696,139,835,772,576,222
182: 976,982,564,715,27,938
183: 1007,941,684,18,142,863
184: 128,249,567,578,1000,842
185: 1010,600,776
186: 153,195,893,648,587,482
187: 1010,26,530,600,766,995
188: 74,244,823,888,319,782
189: 425,757,792,814,965,950
190: 874,281,895,488,838,695
191: 907,946,134,442
192: 976,982,329,155,552,996
193: 87,783,989,465,302,291
194: 1005,211,572,479,626
195: 153,98,186,1021,482
196: 314,118,49,597,122,322
197: 998,82,511,452,612,388
198: 433,411,455,488,644,707
199: 66,668,896,101,263,736
200: 231,394,930,818,164,997
201: 495,582,926,265,868
202: 296,793,542,6,944,88
203: 984,16,990,174,460,20
204: 957,986,349,277
205: 942,766,995,712,259,786
206: 149,624,556,971,458,643
207: 210,285,490,599,647,1008
208: 979,698,71,746,426,916
209: 171,25,315,934,992,821
210: 490,850,207,599,80,295
211: 194,545,572,697,353,479
212: 503,224,92,571,678,987
213: 721,151,121
214: 549,606,76,717,677,723
215: 903,918,85,239,970,537
216: 872,335,522,620,672,709
217: 733,179,508,912,233,480
218: 853,492,714,745,878,702
219: 420,1016,899,3,478,553
220: 902,701,785,427,100,929
221: 415,331,740,771,273,366
222: 139,181,835,307,285,969
223: 151,397,609,886,342,514
224: 503,212,895,535,987,45,346
225: 71,434,1018,340,592,928
226: 955,275,922,61,551,532
227: 262,169,636,579,58,875,658
228: 666,738,370,634,528,884
229: 29,436,937,741,819,837
230: 484,827,565
231: 200,930,818,799,724,767
232: 431,833,407,531,706,777
233: 480,815,956,781,912,217
234: 480,642,733,470,334,913,829
235: 569,308,728,878,314,978
236: 150,413,761,548,588,594
237: 293,800,622,639,652,860
238: 739,290,762,654,705
239: 360,85,538,215,752,918
240: 1017,820,484
241: 79,469,166,105,640,879
242: 820,839,881,507
243: 312,598,768,883,94,948
244: 960,188,323,656,823,888
245: 90,39,949,1024,910,410
246: 1022,175,324,703,851,965
247: 737,901,739,290,840
248: 131,631,826,89,431,407
249: 184,157,567,578,865
250: 354,889,441,473,852,789
251: 802,805,975,355,919,117
252: 867,413,954,356,405,817
253: 414,22,114,828,731,653
254: 360,900,464,1015,752
255: 905,596,454,282,404,674
256: 475,710,873,761,548,700
257: 578,1000,430,673,142,684
258: 436,526,683,741,571,678
259: 97,786,701,392,205,942
260: 742,51,580,450,110,787,657
261: 979,460,525,426,526,683
262: 362,227,631,636,579,943
263: 156,101,732,361,668,199
264: 907,595,804
265: 868,201
266: 132,177,550,679,932,743
267: 26,600
268: 81,762,654,429,598,883
269: 400,646,848,968,0,298
270: 367,33,906,875,658
271: 161,344,841,731,114
272: 688,734,78,135
273: 60,872,620,221,331,740
274: 168,409,885,697,593
275: 955,475,682,873,922,226
276: 346,583,525,683,571,987
277: 960,656,775,204,986,349
278: 902,905,282,822,723,929
279: 462,777,708,435,628,31
280: 133,391,755,128,842,880
281: 503,190,895,613,791,838
282: 858,404,822,278,905,255
283: 163,50,977,1011,964,555
284: 972,993,1016,899,497
285: 207,647,969,1008,139,222
286: 112,655,604,17,898,856,438
287: 529,692
288: 483,506,808,800,1014,622
289: 46,115,520,730,939,812
290: 739,238,654,247,840,467,921
291: 587,936,193,465,302,760
292: 590,765,917,977,1002,1011
293: 944,119,88,237,652,603,860
294: 861,866
295: 210,850,599,546,444,894
296: 793,202,542,551,711,955
297: 862,552,383,945,441,70
298: 406,127,562,400,269,0
299: 495,582,659,137,693
300: 629,724,802,975,498,324
301: 568,984,20,55,437,522
302: 73,966,760,925,193,783,291
303: 358,73,720,162,991
304: 1013,846,909
305: 123,1019,751,159,809,837,916
306: 665,566,699,323,888,348
307: 835,222,645,661,419,969
308: 847,235,728,474,778,314,122
309: 72,722,767,608,799,12
310: 824,911,124
311: 567,573,865,29,937,320
312: 243,997,768,947,103,94
313: 108,844,950,48,399,933,425
314: 118,196,978,122,235,308
315: 171,25,209,610,757,1003
316: 60,872,335,345,421,686
317: 377,1021,669,691,11,754
318: 849,762,705,429,832,28
319: 782,926,188,74,985
320: 29,159,649,794,311,573
321: 476,961,768,855,947,952
322: 362,676,943,196,49,122
323: 960,244,888,306,566,797
324: 246,1022,498,851,300,975
325: 165,339,1002,34,853,143,521
326: 359,892,69,527,550,932
327: 112,904,718,518,572,655
328: 940,941,641,828,962,931
329: 976,862,192,552,574,638
330: 886,347,725,772,15
331: 221,60,273,130,366,758
332: 53,607,770,856,397,514
333: 105,586,692,879,951
334: 794,913,350,234,642,649
335: 45,316,346,872,216,345,709
336: 561,719,819,107,570,617
337: 377,555,691,530,995,712
338: 2,968,108,517,933
339: 163,325,1002,1011,34
340: 225,1018,581,592,687,47
341: 372,1020,538,871,736,764
342: 223,886,514,725,604,602
343: 43,1014,622,652,165,917
344: 412,161,749,271
345: 45,316,335,535,116,686
346: 45,276,335,583,709,224,987
347: 330,609,886,696,67,772
348: 782,125,306,699,816,888
349: 204,277,897,533
350: 113,334,794,913,133,755
351: 536,456,601,763,31,544
352: 150,594,21,111,639,860
353: 424,479,697,211,7,593
354: 250,616,889,378,743,789
355: 851,251,975,792,466,117
356: 908,42,405,510,252,954
357: 980,958,388,380,35,619
358: 303,73,760,115,730
359: 726,744,892,326,69
360: 14,239,254,538,764,900,752
361: 408,519,668,156,263,539
362: 262,322,579,943,778,122
363: 381,835,576,661,615,37
364: 497,158,635,807,959,972
365: 140,540,797,91,981,775
366: 130,779,788,221,331,771
367: 270,33,516,658,869,644
368: 22,710,682,873,386,962
369: 512,42,93,863,940,510
370: 228,738,120,884,63,924
371: 62,537,499,9,1023,970
372: 341,871,764,1001,575
373: 676,801,539,408,49,660
374: 606,864
375: 630,685,737,507,901
376: 634,528,602,15,914,725
377: 317,964,337,555,669,691
378: 354,616,743,59,177,681,806
379: 854,86,821,625,543
380: 980,357,10,35,935,680
381: 363,576,589,124,37
382: 599,647,546,38,825,95
383: 297,552,996,945,687,831
384: 141,614,1009,747,11,754
385: 718,518,120,575,63,1001
386: 368,710,93,940,962,713
387: 923,911,721
388: 357,958,619,998,197,82
389: 106,729,543,628,854,13
390: 153,974,893,618,664,702
391: 133,554,280,753,452,880
392: 97,259,786,596,590,977
393: 39,813,558,796,716,501
394: 200,818,663,681,806,164
395: 1013,845,909,180
396: 665,140,84,566,903,918
397: 151,223,667,514,332,770
398: 132,988,798,804,44,595
399: 104,48,623,690,933,313
400: 1017,646,269,298,562
401: 113,913,126,829,559,882
402: 146,509,47,663,945,581
403: 584,176,638,632,36,574
404: 282,858,793,6,674,255
405: 838,817,613,908,356,252
406: 298,127,645,563,0,704,1012
407: 232,431,706,556,248,89
408: 361,519,803,539,373,660
409: 168,274
410: 4,627,845,90,245,910
411: 502,198,455,488,515,695
412: 344,749,180
413: 867,252,236,588,594,954
414: 253,22,682,922,653,5
415: 221,790,773,560,740,771
416: 75,451,783,989,993,1016
417: 742,35,580,935,559,882
418: 1007,500,463,641,931,949
419: 432,1012,95,645,307,969
420: 219,87,989,1016,553
421: 675,686,758,810,316,60
422: 19,62,487,1006,699,816
423: 957,986,504,981,621,671
424: 353,56,479,621,7,983
425: 189,610,757,313,950,48
426: 526,809,916,979,208,261
427: 472,830,677,100,929,220
428: 942,1010,766,785,449
429: 268,318,762,28,476,598
430: 1024,673,257,500,684
431: 232,801,407,531,248,131
432: 419,148,623,825,1012,95
433: 198,644,707,21,516,111
434: 71,12,225,592,698,857
435: 729,624,628,279,706,777
436: 229,258,526,741,809,837
437: 55,773,740,301,522,620
438: 53,856,885,545,655,286
439: 72,568,629,802,805,443
440: 468,1018,928,831,735,956
441: 250,889,70,852,297,862
442: 191,946,134,524,849,445
443: 72,439,568,722,984,990
444: 24,448,894,547,850,295
445: 849,739,705,524,442,99
446: 9,970,66,756,85,1020
447: 790,491,771,625,779,543
448: 24,444,178,547,651,811
449: 776,505,785,100,428
450: 927,891,138,110,260,51
451: 75,416,783,994,966,693
452: 998,753,197,511,391,554
453: 176,564,715
454: 596,255,674,590,765
455: 502,411,198,869,644,843
456: 493,999,351,601,763,651
457: 2,467,921,650,784
458: 971,102,643,780,810,206
459: 175,703,844,948,973,557
460: 16,979,174,261,203,525
461: 23,912,155,735,956
462: 279,833,777,732,544,31
463: 418,931,949,910,841,633
464: 626,876,1005,900,254,1015
465: 893,664,193,87,291,587
466: 1004,792,814,355,117,173
467: 457,921,784,290,840
468: 440,928,746,1019,956,781
469: 166,532,485,241,640
470: 742,559,733,657,234,829
471: 727,759,680
472: 40,427,717,830,877,677
473: 250,852,789,152,69
474: 906,875,836,778,847,308
475: 955,275,256,873,700,542
476: 321,28,961,598,768,429
477: 46,520,648,482,614,1009
478: 974,553,3,492,569,219
479: 353,56,424,626,194,211
480: 233,815,234,642,733,217
481: 907,134,832,595,988
482: 477,648,195,186,1009
483: 288,506,836,1014,109,521
484: 1017,240,230,562,565
485: 469,549,532,76,160,541
486: 68,715,891,870,938
487: 52,62,422,1006,750,499
488: 411,198,838,695,707,817,190
489: 65,964,745,163,34,585
490: 210,207,1008,80,914,634
491: 447,790,173,1004,934,625
492: 569,218,878,974,478,702
493: 999,494,924,456,601,884
494: 144,575,493,63,924,601
495: 201,299,582,137,748,868
496: 747,795
497: 364,158,577,284,972,899
498: 1022,324,103,930,300,724
499: 52,62,487,371,1023,807
500: 1007,418,684,949,430,1024
501: 605,716,513,170,393,796
502: 411,455,515,136,843,591
503: 212,224,92,281,895,791
504: 621,689,983,154,423
505: 776,449,830,100
506: 483,288,33,906,808,836
507: 375,901,242,839
508: 23,27,179,694,912,217
509: 402,663,681,616,889,70
510: 588,954,713,369,42,356,93
511: 753,197,452,605,612,716
512: 18,369,42,774,834,863
513: 890,170,501,796,145
514: 397,223,342,604,332,856
515: 502,411,695,874,116,136
516: 367,33,769,111,433,644
517: 104,704,933,338,968,0
518: 904,327,718,385,14,1001
519: 408,361,967,668,756,803
520: 46,289,477,115,648,936
521: 143,109,483,1014,325,165
522: 216,620,672,301,20,437
523: 141,614,46
524: 96,946,442,99,445
525: 16,460,261,683,276,583
526: 426,436,258,683,809,261
527: 83,963,892,326,550
528: 17,228,738,376,634,602
529: 161,287,586,64
530: 187,26,995,337,691,662
531: 232,156,431,801,833,539
532: 469,485,226,640,61,541,551
533: 349,897
534: 999,850,80,24,666,884
535: 224,874,895,45,345,116
536: 144,351,601,896,101,544
537: 19,62,371,970,215,903
538: 360,85,341,239,1020,764
539: 156,801,531,373,408,361
540: 140,365,84,1015,91,876
541: 160,551,711,532,485
542: 296,202,700,955,475,88
543: 106,389,779,625,447,854,379
544: 101,462,732,351,536,31
545: 211,572,655,885,697,438
546: 382,599,295,38,171,894
547: 992,444,448,86,894,811
548: 236,761,588,713,256,710
549: 166,214,606,485,76
550: 132,266,527,963,326,932
551: 296,541,711,955,226,532
552: 297,862,329,192,996,383
553: 974,478,664,219,420,87
554: 113,126,133,391,998,452
555: 377,964,337,50,283,712
556: 206,624,971,407,706,89
557: 2,973,108,650,459,844
558: 393,41,813,880,753,716
559: 742,417,882,470,401,829
560: 415,919,790,117,173,773
561: 611,719,774,336,157,107
562: 298,127,565,400,1017,484
563: 406,167,127,645,661,1012
564: 176,453,638,715,976,182
565: 827,167,127,562,484,230
566: 665,140,396,306,797,323
567: 184,128,249,311,573,865
568: 439,805,443,301,984,55
569: 492,235,878,3,978,478
570: 92,617,678,741,819,336
571: 212,678,987,258,683,276
572: 194,904,1005,327,211,545,655
573: 128,311,567,794,755,320
574: 862,329,36,403,638,852
575: 144,63,494,385,372,871,1001
576: 696,363,181,381,835,589
577: 3,497,118,158,978,899
578: 184,157,249,257,1000,142,611
579: 262,362,227,875,778
580: 742,260,51,759,417,935
581: 340,687,945,402,47
582: 953,201,495,299,659,926
583: 276,346,672,709,16,525
584: 403,632
585: 98,618,702,745,65,489
586: 333,692,951,64,529
587: 291,648,936,465,893,186
588: 510,413,236,548,954,713
589: 696,67,381,576,124,670
590: 292,765,977,596,454,392
591: 136,843,102,920,675,502
592: 434,12,225,340,608,47
593: 7,887,274,697,353
594: 867,150,413,352,236,21
595: 264,481,907,804,398,988
596: 97,905,454,392,255,590
597: 118,196,158,49,635,660
598: 243,476,768,883,268,429
599: 210,382,207,647,546,295
600: 185,187,1010,267
601: 144,493,494,351,536,456
602: 17,376,528,342,725,604
603: 293,88,860,150,761,700
604: 342,514,17,602,856,286
605: 129,511,612,716,501,170
606: 374,214,549,864,717
607: 168,53,332,770
608: 146,47,799,12,592,309
609: 151,121,223,886,347,67
610: 425,315,757,1003,48,690
611: 18,142,561,774,157,578
612: 197,129,82,511,605,861
613: 281,791,908,77,405,838
614: 141,384,523,1009,46,477
615: 827,167,661,637,37,363
616: 354,889,378,509,681
617: 92,570,791,719,336,77
618: 153,98,390,585,702,745
619: 35,882,357,388,126,998
620: 872,216,522,273,437,740
621: 504,56,424,671,983,423
622: 800,343,237,1014,652,288
623: 104,432,399,148,690,825
624: 435,729,149,206,556,706
625: 934,447,491,379,821,543
626: 56,479,464,876,194,1005
627: 1013,845,846,145,410,90
628: 389,435,729,708,13,279
629: 72,439,300,724,767,802
630: 375,685
631: 262,248,131,636,826,943
632: 726,152,36,403,584
633: 749,841,910,4,463
634: 666,228,376,528,490,80,914
635: 364,158,597,660,803,959
636: 262,169,227,631,58,826
637: 827,615,824,37
638: 403,176,564,976,329,574
639: 800,237,860,352,769,111
640: 915,105,61,469,532,241
641: 328,1007,418,941,828,931
642: 480,815,234,649,751,334
643: 458,758,810,130,149,206
644: 433,198,869,455,367,516
645: 406,661,563,419,1012,307
646: 400,881,30,269,848
647: 285,382,207,599,969,95
648: 477,520,587,936,482,186
649: 642,751,334,794,159,320
650: 2,457,973,921,557,81
651: 24,448,178,999,456,763
652: 293,944,43,119,343,237,622
653: 951,64,5,731,414,253
654: 268,238,290,81,762,921
655: 112,327,545,572,286,438
656: 960,277,244,823,897
657: 733,787,179,742,260,470
658: 270,367,875,869,227,58
659: 953,299,582,125,172,994,693
660: 49,597,635,373,408,803
661: 167,645,563,615,363,835,307
662: 747,795,11,691,26,530
663: 394,146,509,402,818,681
664: 974,465,893,390,553,87
665: 396,306,566,903,19,699
666: 228,634,884,80,534
667: 151,397,770
668: 66,361,519,756,199,263
669: 317,65,377,964,1021
670: 911,124,67,589,721,121
671: 91,56,981,621,423
672: 216,522,583,709,16,20
673: 430,41,813,1024,257,1000
674: 404,6,43,119,765,454,255
675: 136,102,421,591,686,810
676: 322,373,131,943,801,49
677: 472,427,717,723,929,214
678: 212,92,570,571,258,741
679: 132,798,177,8,266
680: 759,935,471,10,380
681: 394,509,663,806,616,378
682: 275,368,414,22,873,922
683: 258,526,261,525,276,571
684: 1007,500,183,257,430,142
685: 375,630,737,99
686: 116,136,421,675,316,345
687: 1018,340,581,831,383,945
688: 272,78,890,170
689: 147,983,504
690: 48,399,38,623,825,610,1003
691: 317,377,337,530,11,662
692: 333,586,287
693: 137,966,994,451,299,659
694: 110,870,787,27,179,508
695: 411,488,515,838,874,190
696: 181,67,772,576,589,347
697: 274,885,211,545,593,353
698: 979,208,174,857,71,434
699: 19,422,816,665,306,348
700: 761,475,256,88,603,542
701: 902,97,259,220,785,942
702: 974,390,585,618,492,218,745
703: 459,246,94,1022,175,948
704: 104,148,517,1012,0,406
705: 849,739,445,238,318,762
706: 232,407,777,435,624,556
707: 433,198,488,817,867,21
708: 178,13,628,763,31,279
709: 45,346,335,216,583,672
710: 368,256,873,386,548,713
711: 858,160,296,793,541,551
712: 205,995,50,786,337,555
713: 510,548,588,93,710,386
714: 853,847,143,218,109,728,878
715: 486,453,564,182,938
716: 753,511,605,501,393,558
717: 472,677,214,606
718: 112,327,518,385,120,898
719: 561,774,834,336,77,617
720: 303,73,137,748,925,32
721: 213,387,670,121
722: 72,309,443,12,990,857
723: 677,929,822,214,76,278
724: 300,629,767,231,930,498
725: 330,886,342,376,602
726: 359,744,632,152
727: 138,471,51,759
728: 847,235,308,109,714,878
729: 106,389,435,149,788,624,628
730: 289,115,358,162,939
731: 161,271,114,253,653,64
732: 156,101,833,263,462,544
733: 179,657,217,470,480,234,829
734: 272,78
735: 155,996,461,440,831,956
736: 341,1020,871,896,66,199
737: 375,685,901,99,247,739
738: 17,228,370,120,898,528
739: 445,238,290,705,737,99,247
740: 415,221,773,437,620,273
741: 229,436,258,819,570,678
742: 260,417,580,559,470,657
743: 354,932,378,789,177,266
744: 359,726,892
745: 853,218,34,585,618,702,489
746: 71,468,928,1019,208,916
747: 496,384,795,11,662
748: 137,720,495,868,32
749: 412,344,633,4,180
750: 52,487,1006,75,993
751: 123,815,642,649,305,159
752: 84,1015,918,360,239,254
753: 511,452,716,391,558,880
754: 384,1009,11,317,1021
755: 794,133,350,280,128,573
756: 9,446,66,967,519,668
757: 425,189,25,315,610,814
758: 421,643,810,331,60,130
759: 51,580,935,680,471,727
760: 302,358,73,291,115,936
761: 150,236,548,700,256,603
762: 268,238,318,654,705,429
763: 351,456,31,178,651,708
764: 14,360,341,372,538,1001
765: 292,590,917,43,674,454
766: 205,187,942,428,1010,995
767: 72,309,629,724,231,799
768: 321,243,312,476,598,947
769: 33,516,808,111,800,639
770: 332,607,397,667
771: 415,221,447,790,779,366
772: 696,139,181,15,330,347
773: 415,919,55,437,560,740
774: 18,512,561,611,719,834
775: 960,277,981,365,797,986
776: 505,449,185
777: 232,279,833,462,706,435
778: 474,875,362,579,122,308
779: 106,366,788,543,447,771
780: 971,458,102,920,169,826,89
781: 233,123,815,1019,956,468
782: 953,319,348,926,188,888
783: 416,193,451,989,302,966
784: 457,467,840,30,848
785: 220,701,100,942,428,449
786: 259,392,50,977,205,712
787: 110,179,694,657,260
788: 130,106,729,779,366,149
789: 354,250,932,473,743,69
790: 415,447,173,491,560,771
791: 503,92,281,613,617,77
792: 189,814,466,355,851,965
793: 858,404,296,202,711,6
794: 334,350,755,649,320,573
795: 496,747,662
796: 393,90,39,501,513,145
797: 140,365,566,960,323,775
798: 398,57,132,988,8,679
799: 231,146,818,608,309,767
800: 237,622,639,288,769,808
801: 431,531,539,373,131,676
802: 439,251,300,629,805,975
803: 408,967,519,959,635,660
804: 44,264,595,398
805: 439,251,568,802,919,55
806: 394,681,59,378,164,855
807: 1023,959,364,52,499,972
808: 288,33,906,506,769,800
809: 426,436,526,837,916,305
810: 458,102,421,643,675,758
811: 854,448,178,86,547,13
812: 939,46,289
813: 393,39,41,1024,673,558
814: 189,1004,25,757,792,466
815: 233,480,123,642,781,751
816: 172,422,1006,699,348,125
817: 405,488,838,707,867,252
818: 200,231,394,146,663,799
819: 229,937,741,107,865,570,336
820: 242,1017,881,240
821: 992,379,86,209,934,625
822: 282,858,160,76,278,723
823: 54,188,74,244,656,897
824: 310,37,637
825: 432,38,623,690,95,382
826: 248,169,631,636,89,780
827: 167,565,615,637,230
828: 114,328,641,962,931,253,22
829: 401,913,733,559,470,234
830: 40,472,427,100,505
831: 440,1018,687,996,383,735
832: 481,134,57,988,849,318,28
833: 232,156,462,531,777,732
834: 908,512,42,719,774,77
835: 363,181,576,307,222,661
836: 483,474,906,506,847,109
837: 29,159,229,436,809,305
838: 405,488,695,817,190,281,613
839: 840,242,881,30,507,901
840: 839,30,901,247,290,467,784
841: 633,271,114,463,931
842: 184,128,1000,280,41,880
843: 920,591,502,869,455,169,58
844: 459,175,950,108,313,557
845: 395,4,1013,627,410,180
846: 304,1013,627,145,890
847: 308,109,714,728,474,836
848: 646,30,269,968,784
849: 445,318,705,134,832,442
850: 210,80,295,24,444,534
851: 355,246,324,965,975,792
852: 250,441,473,36,862,574
853: 143,218,714,745,325,34
854: 379,86,811,13,389,543
855: 321,164,947,952,59,806
856: 53,332,438,514,604,286
857: 990,174,698,434,12,722
858: 282,404,160,793,822,711
859: 980,958
860: 293,237,639,603,150,352
861: 129,82,612,294,866
862: 297,329,552,574,441,852
863: 18,512,369,93,940,941,183
864: 79,374,166,606
865: 157,249,311,107,567,937,819
866: 135,294,129,861
867: 413,252,594,21,707,817
868: 265,201,495,748
869: 455,644,843,58,367,658
870: 110,27,938,694,486,891
871: 341,372,736,144,575,896
872: 316,60,335,216,620,273
873: 275,368,475,256,710,682
874: 190,895,535,116,515,695
875: 270,474,906,658,778,227,579
876: 91,56,626,464,1015,540
877: 40,472
878: 492,569,235,218,714,728
879: 333,105,241
880: 41,558,391,280,753,842
881: 242,1017,646,820,839
882: 35,619,417,559,401,126
883: 243,598,268,81,973,948
884: 666,228,370,493,999,924,534
885: 168,53,274,697,438,545
886: 223,330,609,342,347,725
887: 7,147,593
888: 188,244,323,306,348,782
889: 354,250,616,441,70,509
890: 688,78,513,846,145
891: 68,927,486,450,110,870
892: 359,744,326,83,527
893: 153,465,390,186,664,587
894: 992,444,547,171,546,295
895: 503,224,874,190,281,535
896: 144,536,101,871,736,199
897: 54,656,823,349,533
898: 17,738,120,112,718,286
899: 219,284,1016,3,497,577
900: 904,1005,14,360,254,464
901: 375,737,507,247,840,839
902: 97,278,220,905,701,929
903: 665,215,396,918,19,537
904: 1005,900,327,518,572,14
905: 902,97,278,596,255,282
906: 270,474,33,506,875,808,836
907: 191,264,481,134,595
908: 42,356,834,77,613,405
909: 395,304,1013
910: 949,245,4,410,463,633
911: 387,310,923,124,670
912: 23,508,461,217,233,956
913: 113,334,401,350,829,234
914: 490,1008,15,376,634
915: 105,640,951,5,61
916: 426,809,746,123,1019,305,208
917: 292,165,765,1002,43,343
918: 215,396,84,903,752,239
919: 55,117,773,560,251,805
920: 843,102,591,780,169,58
921: 457,467,650,290,81,654
922: 275,414,682,226,5,61
923: 387,911
924: 493,63,494,370,884
925: 302,73,137,966,720
926: 953,319,201,582,782
927: 68,891,450,138
928: 71,468,440,225,1018,746
929: 427,677,723,902,278,220
930: 200,231,997,103,498,724
931: 114,328,418,463,641,828,841
932: 743,789,326,69,550,266
933: 104,48,399,517,338,108,313
934: 1004,25,209,625,491,821
935: 35,759,417,580,680,380
936: 291,115,520,648,587,760
937: 29,229,819,311,107,865
938: 870,27,715,486,182
939: 812,289,730
940: 328,941,962,369,93,863,386
941: 940,328,1007,641,183,863
942: 205,428,766,259,701,785
943: 262,362,322,131,631,676
944: 293,119,88,652,202,6
945: 297,383,70,402,581,687
946: 191,442,96,524
947: 321,164,312,997,768,855
948: 459,94,703,243,883,973
949: 245,1024,910,500,418,463
950: 175,844,965,313,425,189
951: 915,653,333,586,64,5
952: 321,961,855,59,177,8
953: 582,782,125,659,926
954: 510,413,252,588,42,356
955: 275,475,226,296,542,551
956: 233,781,735,461,912,468,440
957: 154,204,986,423
958: 859,980,357,388,82
959: 1023,967,803,807,364,635
960: 277,244,323,656,775,797
961: 321,28,476,952,57,8
962: 940,328,828,368,22,386
963: 527,44,132,550
964: 65,377,489,555,669,163,283
965: 246,175,851,950,189,792
966: 302,137,693,925,451,783
967: 9,1023,519,756,803,959
968: 338,0,269,848,517
969: 285,647,419,95,307,222
970: 9,446,85,215,537,371
971: 458,102,780,206,556,89
972: 284,993,807,497,364,52
973: 557,650,81,883,459,948
974: 390,478,664,702,553,492
975: 251,300,802,355,324,851
976: 982,182,329,192,564,638
977: 292,50,283,590,1011,786,392
978: 3,314,118,577,569,235
979: 208,174,460,261,698,426
980: 859,357,958,10,380
981: 91,671,365,986,423,775
982: 976,182,192,155,23,27
983: 7,147,689,504,424,621
984: 990,20,203,568,443,301
985: 74,319
986: 204,957,423,981,277,775
987: 212,224,571,45,276,346
988: 398,57,798,481,832,595
989: 416,420,193,87,783,1016
990: 984,174,203,857,722,443
991: 162,32,303
992: 86,894,547,821,171,209
993: 75,416,284,972,1016,52,750
994: 172,1006,75,451,659,693
995: 205,187,530,766,712,337
996: 192,155,552,383,735,831
997: 164,312,947,103,200,930
998: 197,452,619,388,126,554
999: 493,534,456,24,651,884
1000: 184,257,578,842,41,673
1001: 14,372,764,575,518,385
1002: 292,325,165,339,917,1011
1003: 171,315,610,38,690
1004: 25,814,934,466,173,491
1005: 194,904,900,572,626,464
1006: 172,422,487,750,816,994,75
1007: 500,418,941,641,684,183
1008: 285,490,207,914,139,15
1009: 384,614,754,477,482
1010: 185,187,428,600,766
1011: 292,163,339,283,977,1002
1012: 419,432,148,704,406,645,563
1013: 395,304,627,845,846,909
1014: 343,622,483,288,521,165
1015: 84,540,752,254,464,876
1016: 416,219,284,420,989,993,899
1017: 400,820,881,484,240,562
1018: 440,225,340,687,928,831
1019: 123,781,305,468,746,916
1020: 85,341,538,736,446,66
1021: 317,65,669,195,98,754
1022: 246,94,498,324,703,103
1023: 9,967,807,959,499,371
1024: 39,949,430,245,813,673,500