0: 104,148,108,30,240,127
2: 243,30,247,238,81,108
3: 219,87,118,235,218
4: 180,90,245,114
5: 64,226,22,61,253,105
6: 202,255,97,119,43
7: 168,147,211
8: 132,177,57,28,59,164
9: 215,62,66,85,158,52
10: 82,197,51,35
11: 195,65,205,141,26
12: 47,71,174,200,72,203
13: 178,106,232,86,206,31
14: 120,63,194,144,239,254
15: 210,139,181,223,228,17
16: 212,20,174,208,229
17: 228,112,120,15,53,223
18: 142,183,93,157,42,249
19: 215,84,62,140,244,172
20: 45,212,203,16,216,174
21: 236,252,111,150,256
22: 256,5,226,253,93,236
23: 192,182,27,155,225,233
24: 80,207,210,171,178,86
25: 189,117,173,48,171,209
26: 11,205
27: 179,110,182,23,233
28: 243,238,57,134,8,164
29: 123,128,159,208,229,107
30: 247,2,242,240,0,108
31: 156,199,101,178,232,13
32: 73,137,201,125
33: 198,111,58,227,237,109
34: 43,143,165,163,98,218
35: 51,234,10,197,113,126
36: 152,192,176,69,250,70
37: 124,67,222,230,167
38: 104,148,48,207,95,171
39: 184,145,41,90,142,245
40: 220,214,100,185
41: 184,126,39,129,145,133
42: 157,77,18,93,236,252
43: 119,34,165,6,163
44: 83,69,132,177
45: 212,224,60,20,216,136
46: 141,186,162
47: 155,12,71,70,146,200
48: 38,175,104,25,189,171
49: 248,196,158,131,156,66
50: 205,97,65,163
51: 138,179,234,35,10
52: 75,219,118,158,62,9
53: 151,168,223,112,17
54: 204,188
55: 221,72,117,251,203,216
56: 154,147,91,254,211,194
57: 191,134,132,8,28
58: 116,102,169,198,33,227
59: 103,146,164,177,250,8
60: 45,216,221,149,136,130
61: 5,226,241,105,166
62: 215,19,172,9,75,52
63: 228,14,120,80,144,101
64: 5,114,253,161,105
65: 11,195,163,98,205,50
66: 156,85,199,49,158,9
67: 213,124,37,121,181,222
68: 138,179,110
69: 83,44,177,250,152,36
70: 47,155,250,192,36,146
71: 47,155,12,225,174,208
72: 55,251,231,200,12,203
73: 32,162,193,137,115
74: 201,125,188,244
75: 193,137,52,219,62,172
76: 166,220,255,160,214
77: 157,42,92,190,252
78: 170,145,90,180
79: 241,166
80: 24,210,178,228,63,101
81: 243,2,94,175,108,246
82: 10,197,135
83: 44,69,152
84: 215,19,140,239,91,254
85: 144,66,199,239,215,9
86: 178,106,209,13,24,171
87: 3,193,219,115,153
88: 256,226,150,202,160
89: 130,102,169,232,206,248
90: 245,39,145,78,180,4
91: 154,204,56,254,84,140
92: 157,229,77,107,212
93: 18,253,183,42,236,22
94: 103,231,164,243,81,246
95: 207,139,167,38,148,222
96: 191,134,99
97: 6,220,255,100,50
98: 153,195,65,163,218,34
99: 247,238,96,134
100: 185,187,220,97,40
101: 144,199,31,80,178,63
102: 116,58,136,89,130,169
103: 146,59,94,231,200,164
104: 0,38,175,148,108,48
105: 161,241,5,64,61
106: 209,13,86,206,149,173
107: 157,229,92,249,29,128
108: 0,175,104,30,2,81
109: 143,237,165,33,227,122
110: 68,179,27,182
111: 21,198,33,150,237
112: 120,194,17,168,53,211
113: 217,133,159,234,35,126
114: 245,253,183,4,64
115: 193,87,186,162,73
116: 58,136,102,224,190,198
117: 25,221,189,55,173,251
118: 3,52,219,235,196,158
119: 43,237,165,150,202,6
120: 228,112,14,63,194,17
121: 213,67,181,151,223
122: 235,196,227,131,143,109
123: 29,233,217,159,225,208
124: 213,37,67
125: 201,74,244,172,137,32
126: 129,41,35,197,113,133
127: 230,167,240,0,148
128: 29,133,159,184,249,107
129: 126,170,145,41,197,135
130: 136,89,102,60,206,149
131: 248,49,196,227,122,169
132: 44,177,8,57
133: 128,113,159,184,126,41
134: 191,96,57,99,238,28
135: 82,197,170,129
136: 116,130,102,45,224,60
137: 193,75,172,125,32,73
138: 51,68,179
139: 15,207,210,95,181,222
140: 84,19,244,204,91,188
141: 46,11,195,186
142: 18,245,183,184,39,249
143: 109,34,165,235,122,218
144: 85,199,239,101,14,63
145: 39,170,129,41,78,90
146: 103,59,200,250,47,70
147: 154,56,211,7
148: 0,38,104,167,127,95
149: 106,206,221,173,60,130
150: 21,111,256,88,119,237,202
151: 53,223,121
152: 176,36,83,69
153: 195,186,98,218,87
154: 147,204,56,91
155: 47,225,71,70,192,23
156: 66,199,31,232,248,49
157: 42,92,77,249,107,18
158: 49,196,66,9,52,118
159: 29,123,128,113,217,133
160: 166,202,76,255,88,226
161: 105,64
162: 73,115,186,46
163: 65,98,43,34,50
164: 103,59,94,8,243,28
165: 119,43,143,237,109,34
166: 76,160,61,241,79
167: 230,127,148,37,222,95
168: 53,112,7,211
169: 58,89,102,248,227,131
170: 129,145,135,78
171: 207,24,38,48,25,209,86
172: 62,19,244,75,137,125
173: 25,221,117,106,209,149
174: 12,71,208,203,20,16
175: 104,108,48,81,189,246
176: 152,192,182,36
177: 44,69,132,250,8,59
178: 13,86,80,24,101,31
179: 138,51,68,27,110,234
180: 4,78,90
181: 121,67,222,15,139,223
182: 192,176,23,27,110
183: 18,142,245,114,253,93
184: 39,41,128,133,249,142
185: 100,187,40
186: 153,195,115,162,46,141
187: 100,185,205
188: 74,204,140,244,54
189: 25,246,117,251,175,48
190: 198,252,224,77,116
191: 96,57,134
192: 176,182,36,23,155,70
193: 75,137,219,115,87,73
194: 112,14,120,56,254,211
195: 11,153,65,186,98,141
196: 235,49,158,122,131,118
197: 82,10,135,35,126,129
198: 190,252,33,111,116,58
199: 144,156,66,85,101,31
200: 103,146,231,47,12,72
201: 74,125,32
202: 6,255,160,150,88,119
203: 20,216,12,174,72,55
204: 154,91,140,54,188
205: 187,50,11,65
206: 106,232,13,149,89,130
207: 24,210,95,139,171,38
208: 225,71,174,29,123,16
209: 106,86,25,173,171
210: 15,80,207,24,139,228
211: 147,56,168,112,194,7
212: 45,224,20,16,229,92
213: 124,121,67
214: 76,220,40
215: 84,62,19,9,85,239
216: 45,60,203,20,221,55
217: 123,113,233,159,234
218: 153,98,235,143,34,3
219: 3,193,75,52,87,118
220: 76,255,97,214,100,40
221: 55,117,173,60,216,149
222: 37,67,181,167,95,139
223: 151,53,121,181,15,17
224: 45,212,116,136,190
225: 155,71,208,23,123,233
226: 256,5,88,22,61,160
227: 122,131,58,169,33,109
228: 120,63,17,15,80,210
229: 92,107,29,212,16
230: 167,127,37
231: 103,94,200,72,246,251
232: 13,206,89,156,31,248
233: 123,217,23,27,225
234: 51,179,35,113,217
235: 196,122,143,3,118,218
236: 21,252,42,93,256,22
237: 119,109,165,33,111,150
238: 99,243,247,2,28,134
239: 144,85,14,254,215,84
240: 127,242,30,0
241: 105,61,166,79
242: 30,247,240
243: 238,2,28,81,94,164
244: 19,140,172,74,125,188
245: 90,142,114,183,39,4
246: 189,251,81,94,231,175
247: 99,30,238,2,242
248: 49,131,232,89,169,156
249: 157,107,128,184,18,142
250: 69,177,36,146,59,70
251: 189,72,246,55,117,231
252: 21,190,236,198,42,77
253: 114,183,93,5,64,22
254: 56,91,14,194,239,84
255: 202,76,6,220,97,160
256: 88,226,22,21,236,150