0: 704,1336,1057,1167,298,1126
2: 968,457,2019,650,338,1486
3: 978,1116,1585,569,1696,1203
4: 749,180,1698,1729,1264,1312
5: 653,1727,1245,951,915,1681
6: 944,1861,202,1254,1889,1270
7: 1568,593,1174,1495,1919,424
8: 679,59,1669,1691,177,1572
9: 1964,371,970,1482,1639,967
10: 1089,2033,980,380,680
11: 1962,1642,795,691,1180,1032
12: 857,592,434,1154,608,1592
13: 2030,708,628,1307,1286,389
14: 254,900,1359,1052,1688,1360
15: 1515,1506,914,1934,330,725
16: 672,1692,1762,460,1938,583
17: 1169,1835,1354,1113,1066,1944
18: 1278,1550,1975,1200,369,512
19: 903,2025,1337,699,1168,665
20: 1227,301,55,984,203,522,2032
21: 867,594,413,1995,433,1465,1560
22: 1779,2011,368,1073,253,922
23: 1784,155,1231,2014,694,1390
24: 1300,850,1908,1181,999,448
25: 1620,1600,1158,1774,1940,814
26: 1599,1996,267,1108,187,662
27: 182,2014,694,1846,2015,870
28: 1419,1916,2037,57,1366,1508
29: 311,1745,1056,2044,1841,937
30: 1455,1422,848,2047,784,1845
31: 2030,462,1430,1148,1105,1635,544,1362
32: 303,1146,720,991,1404,1410
33: 1695,1325,906,270,367,1657
34: 1743,489,1628,1703,325,853
35: 1836,1453,1751,1806,1498,619
36: 152,1634,1973,1844,1706,403
37: 615,363,1823,1900,637,1898
38: 1467,1003,1744,1094,1956,171
39: 1913,1024,1265,1674,1132,2036
40: 1555,1684,1947
41: 813,1548,842,558,1357,1728
42: 356,954,1638,510,1038,1258
43: 674,119,1539,343,1188,1761
44: 1686,1075,963,804,1776
45: 1358,1069,345,1820,709,1771
46: 614,1894,1242,1445,477,1090
47: 1667,402,146,1892,1924,1368
48: 1971,1438,313,1907,933,1140
49: 1423,1988,1537,322,676,1393
50: 977,1472,1544,1011,2002,712
51: 1030,727,580,1277,138,450
52: 1483,807,1653,1023,487,1429,1037
53: 1170,856,1053,607,332,1914
54: 897,1329,823,1977,74,1191
55: 1227,1802,301,20,919,437,1317,1260
56: 1261,1087,1334,479,621,1699
57: 1660,1508,798,1952,1916,28
58: 1551,843,869,1088,169,1157
59: 1691,8,1572,855,952,1631
60: 316,1813,1063,331,1626,1792
61: 640,532,226,1727,1441
62: 1166,2025,1534,537,499,1330
63: 1756,1096,924,494,1205,1724
64: 951,586,1328,1681,1770,529
65: 964,283,1886,98,1879,1244
66: 1253,1948,1458,756,668,736
67: 1402,1435,347,1512,1816,696
68: 1450,1959,486,938
69: 326,1598,1582,1963,1798,473
70: 1035,441,2004,509,1723,2026
71: 1071,1718,208,1702,1076,746
72: 1769,629,1847,1131,722,1797
73: 303,720,1976,1811,760,1505
74: 54,1977,985,1369,1191,1479
75: 994,1237,1772,1160,172,1006
76: 1097,1997,1694,723,214,1860
77: 356,908,1829,1389,719,2000,834,1068
78: 2007,1644,890,734,688,1851
79: 2012,241,1221,1752,864,166
80: 534,850,2021,1607,210,490
81: 1083,883,268,1858,1198,1866,1299
82: 1183,1748,388,1781,197,1048
83: 1804,963,527,1821
84: 540,1015,1939,752,1865,1273
85: 1887,215,538,1020,1458,446,1656
86: 1897,811,1398,1778,992,1209
87: 1859,1228,553,1990,219,1421
88: 2023,293,1321,1106,1664,1830,1254
89: 971,1561,826,1447,780,1211,2027
90: 245,1132,1872,1301,145,2036
91: 1456,1046,1087,1699,981,1202
92: 1280,212,1502,1678,1041,503
93: 863,1494,940,1323,713,386
94: 312,1581,1850,1120,243,1517
95: 382,1651,419,825,1576,1606
96: 946,1734,1722
97: 596,1987,902,905,1707,1529
98: 65,1886,585,1244,618,1828
99: 445,685,1883,1734,1722,1603
100: 505,220,1885,427,1411,830
101: 536,896,1388,1384,1635,199,1322
102: 1129,1580,1561,780,1279,920,1085
103: 1850,1854,1022,2048,1583,498
104: 1864,148,933,399,1140,1794
105: 1877,1966,915,1294,1531,640
106: 1490,543,1487,389,1953,1061
107: 819,1442,1986,336,1117,1444
108: 844,557,2019,1486,1614,1907
109: 143,2022,483,847,836,1194,728
110: 1554,2038,260,1277,787,657
111: 1636,1025,769,1257,433,1465,1137
112: 1382,327,718,286,898,1169
113: 350,1610,1931,1818,1426,1721
114: 931,1451,1612,1235,828,1466
115: 1755,1272,1888,936,520,1445
116: 1807,874,1358,345,515,136
117: 1809,1383,251,1750,1135,1549
118: 158,577,1857,1983,2029,1585
119: 674,944,1861,43,1255,343
120: 1756,370,924,1213,738,1891
121: 1392,1951,721,1717,670,213
122: 1783,1331,314,1405,196,1597
123: 1275,1619,1019,1452,1559,1287
124: 589,381,1509,1593,1417,1697
125: 816,782,1365,1237,1764,172
126: 1818,1067,882,619,1931,401
127: 298,1126,1319,1874,1788,406
128: 280,1917,1463,755,1471,1074
129: 1936,1133,272,1124,170,605
130: 2031,1812,643,788,1946,1232
131: 943,248,1613,676,631,801,1497
132: 1838,1189,1686,1075,1578,266
133: 280,391,755,1426,1520,1721
134: 1660,832,1201,1508,481,1155
135: 866,1133,272,1801,734
136: 515,1596,1190,1807,116,1941
137: 1119,299,582,1146,1965
138: 1967,450,727,51
139: 2018,1690,1008,772,1934,330
140: 540,365,1046,2020,797,1865
141: 1111,384,1333
142: 578,611,1550,1975,257,1373
143: 2022,109,714,1230,1979,483
144: 1659,1322,2017,871,1833,896
145: 90,1872,1301,1060,513,1579
146: 402,47,1892,1969,663,818
147: 887,1972,983,1415,1919,424
148: 1864,1981,104,1958,1794,432
149: 2031,624,206,643,1477,1315
150: 860,1560,352,2045,594,1896,603
151: 223,1251,1274,1749,397,1902
152: 1634,1957,1219,36,1798,1706
153: 1800,618,1240,1150,1828
154: 1711,1050,1306,1840
155: 23,996,1784,461,1390,1843
156: 539,1138,531,361,833,1507,1863
157: 1045,561,1978,1763,1587,611
158: 1733,1803,497,577,118,1983
159: 1985,649,1380,1056,2044,1159
160: 485,2009,1187,711,541,1324
161: 1770,1312,1065,529,271,731
162: 1381,1218,1943,1410
163: 1879,1244,1646,1743,489,745
164: 394,200,1714,806,997,1288
165: 917,1775,1356,1920,1540,521
166: 864,1853,469,79,1221,1342
167: 1720,1900,230,1878,1855,827
168: 409,1492,1177,1881,1914,885
169: 1683,1551,58,843,1580,1561,1974
170: 1059,1127,1851,605,129,272
171: 38,1003,1094,1600,209,1158
172: 659,1237,1160,1764,75,125
173: 466,1809,1310,1469,491,1601
174: 1425,1930,1313,1344,2035,460
175: 1677,1608,459,950,965,1352
176: 584,1826,1521,453
177: 679,8,266,1572,1271,1525
178: 1564,1239,854,1286,1248,708
179: 1104,1530,217,1385,1541,508
180: 1719,749,1623,1207,4,1698
181: 1690,1825,576,1304,1512,696
182: 27,2003,982,2014,1849,1846
183: 1278,1550,1373,1034,1968,1880
184: 1504,1921,249,1197,1917,567,1225
185: 1785,1250,428,2028,449,1387
186: 648,482,195,2040,1240,1150
187: 1108,1010,766,2042,26,267
188: 823,1977,1130,244,1998,1093
189: 792,1774,1433,1406,814,1318,1144
190: 1153,1058,281,503,1249,895
191: 2010,1725,1918,442,1457
192: 976,1815,982,1390,1172,1843
193: 1439,302,1193,1617,291,1347
194: 1206,1118,1476,1673,626,353
195: 482,186,1240,1513,1224,1021
196: 1709,1423,1857,1597,122,314
197: 1107,1048,388,82,998,1808
198: 1566,1208,1524,411,455,1932
199: 1384,263,896,101,1322,1948,1226
200: 1220,394,164,1288,1526,1054
201: 1999,868,1290,495,265
202: 6,1254,1321,296,793,1889
203: 1425,1436,1938,984,20,2032
204: 349,1427,1243,957
205: 259,942,1461,1485,995,1622
206: 643,149,458,1085,1315,1129
207: 1648,1043,599,1143,647,1370
208: 71,1641,1702,1076,1574,979
209: 992,1600,821,1094,171,1984
210: 295,1607,1925,599,1370,490,80
211: 1568,697,353,1732,545,1673
212: 1280,570,678,92,1780,1678
213: 1251,1749,1717,1392,121,1682
214: 723,1645,76,1694,1215,717
215: 1481,85,1887,239,1434,1656
216: 1302,522,672,1049,1701,2032,1553
217: 179,1541,1440,508,912,1142
218: 492,1773,1590,702,1759,1262
219: 87,553,1990,478,1791,1696
220: 1459,1834,1885,100,427,785
221: 415,366,1875,1837,1152,1666
222: 2018,1890,969,1648,1008,285
223: 1749,151,1902,609,1923,1535
224: 535,895,1069,1041,987,1625
225: 1018,928,1643,1071,1718,592
226: 532,551,61,1086,1441,1868
227: 579,875,1873,1351,1446,1088,262
228: 376,666,634,1100,528,738
229: 1796,819,1442,937,741,1134
230: 1136,1878,1263,827,167
231: 1526,724,767,1054,1627,799
232: 1138,833,431,1528,777,2006,1282
233: 1742,781,912,1538,1799,1142
234: 1730,733,480,1229,1842,1536
235: 1871,1109,1545,978,878,569
236: 1070,588,1896,1418,2045,1893
237: 652,1909,1546,293,1830,1255
238: 1184,1937,762,705,654,290
239: 1481,1887,215,1397,1945,1884,918
240: 820,1017,1949
241: 1563,2012,1877,79,1966,1221
242: 1078,1139,1171,1332,881
243: 598,883,973,1517,94,1120
244: 1130,1758,323,1998,888,188
245: 1522,90,1132,1301,949,910
246: 1954,965,851,1882,792,1318
247: 1196,840,1454,1091,901,467
248: 1510,631,131,826,1211,1497
249: 184,1587,1197,567,1978,1225
250: 889,2004,789,1582,1309,1371
251: 355,1383,117,1135,1549,1308,975
252: 1372,1164,1222,1162,356,954,1437
253: 414,922,1073,1466,1235,22
254: 1939,900,1359,1704,14,464
255: 1928,454,1470,404,596,1987
256: 1070,1489,1396,1747,700,761
257: 578,142,1373,1624,1000,684
258: 741,436,1637,1363,678,1780
259: 205,942,1768,1605,1662,1461
260: 580,1277,110,657,742,1665
261: 1409,1305,426,979,1313,2035
262: 1993,1510,631,636,227,1873,1351
263: 1384,199,1507,732,1863,1408,1226
264: 907,1500,1705,481
265: 1571,985,1345,1290,201
266: 679,177,1838,132,1578,1525
267: 1599,26,1010,187,600
268: 598,883,81,1858,1712,1640,1299
269: 562,1788,1901,646,1057,1126
270: 1695,906,33,658,1819,367,1726,1098,1446
271: 161,1312,1729,731,1128
272: 135,1133,129,734,170,1851
273: 1626,1403,620,1049,872,1063
274: 409,1177,593,1495
275: 1395,1182,955,1779,682,1868,1086
276: 583,571,346,1789,683,1241,1363,525
277: 960,1243,986,656,1427,1026
278: 1876,282,905,1216,1577,929
279: 462,1790,1430,628,777,435,1282
280: 133,1463,391,128,1570,880,755
281: 613,190,791,1058,503,1502
282: 1987,278,905,1335,1533,1216
283: 555,65,964,1544,1879,2002
284: 1595,2034,1483,1346,972,993
285: 1648,1143,1651,1576,222,969
286: 1382,112,1944,1169,1680,1814
287: 1754,1915,692,586,1199
288: 1014,1246,1540,506,1123,808
289: 1942,1894,1445,730,1272
290: 1556,654,1937,238,1196,467
291: 1888,1617,936,587,1347,193
292: 977,2005,1787,590,1011,1496,339
293: 88,1106,860,1546,237,1830
294: 1543,1748,1655,1848,1781,861
295: 1607,210,1895,1925,1767,599
296: 542,1281,1321,202,793
297: 1364,889,441,1080,1676,552
298: 704,127,0,1126,1319
299: 582,137,1204,2041,1965,693
300: 324,1391,1217,1933,975,1292
301: 1227,1553,1802,20,55,437,522
302: 1439,193,925,966,1347,1811
303: 73,720,32,1218,1505,1410
304: 1013,1899,846,1569,909
305: 1985,1380,1559,1275,809,837
306: 323,1047,665,1337,1852,888
307: 1176,1765,1326,835,1890,969
308: 1783,1109,1194,728,1331,1685
309: 722,1627,1154,608,1797,1689
310: 923,1593,824,1823,1509
311: 29,1745,865,1912,1841,573,937
312: 94,1629,1462,1850,1854,1120
313: 1438,425,757,1907,48,844,1677
314: 122,1871,1783,2029,1857,196
315: 757,610,1774,1406,1003,1158
316: 686,60,1195,421,1813,1063,1626
317: 1099,377,1115,1210,1668,1962
318: 849,705,1760,1366,1419,1904
319: 1093,1345,953,1369,926,1122
320: 794,1841,1532,1632,2044,1159
321: 1112,961,1547,952,947,1036
322: 943,676,1735,1423,49,1597
323: 1758,244,1062,306,1047,888
324: 300,975,1292,1954,851,355
325: 1775,1356,1448,1703,34,1628
326: 550,932,1598,69,1376,1963
327: 1382,112,1420,718,1611,1672
328: 1073,1114,828,1466,1950,962
329: 976,574,638,1514,1815,1141
330: 772,1910,1816,1934,725,139,15
331: 1875,1626,1152,60,1792,1946
332: 607,770,397,1238,53,856
333: 692,1294,1328,1531,1072,879
334: 1842,1491,1229,1298,794,1092
335: 709,1195,872,1771,1063,1302,1602
336: 570,1117,1303,1442,107,1444,617
337: 2043,1428,1501,995,712,1485
338: 968,2019,2,1565,1503
339: 1011,1496,1628,1787,1448,292
340: 581,1018,687,1643,1667,1924
341: 1473,1377,372,764,2017,1340
342: 1910,886,725,602,1175,1066
343: 1539,652,1125,43,119,1255
344: 1915,1065,749,1623,412,1754
345: 1807,116,1358,45,686,1771
346: 276,571,1789,987,1241,1625
347: 1402,609,67,1817,1816,1923
348: 782,1998,1852,888,1122,1365
349: 1283,1856,204,1427
350: 1610,113,1491,1721,1092,1378
351: 536,1827,1388,456,1105,544
352: 860,1151,150,1137,1560,1546
353: 1568,1174,211,1118,194,1673
354: 1271,1737,1723,378,616,1371
355: 1383,251,851,324,975,792,1693
356: 42,77,954,1437,908,1829,1638,252
357: 1183,958,380,980,1453,1498
358: 1755,1218,730,1505,1272,1381
359: 1740,1103,1376,726,1963,1219
360: 1710,1945,538,1473,764,1052
361: 539,531,156,1863,1716,1379,373,1033
362: 1658,579,1405,1351,1993,1735
363: 615,661,37,1782,1898,1832
364: 1483,635,959,807,1803,972
365: 1046,140,797,775,1805,1202
366: 221,1875,1666,779,1573,1812
367: 516,1657,658,1819,270,33
368: 22,1355,2011,1081,1073,1114
369: 863,1494,1038,512,1278,18
370: 1929,120,924,1314,1100,738
371: 499,1330,9,970,1639,1653
372: 2017,341,871,575,1205,1340
373: 1393,1480,1033,539,1537,1256,361
374: 1443,606
375: 1139,507,1468,1186,1869
376: 602,228,1506,634,528,1835
377: 1428,1099,1501,317,555,1115
378: 1271,354,616,1572,2008,1631
379: 543,1618,1061,811,1398,854
380: 680,1400,10,980,1498,357
381: 589,1782,1304,1509,124,1898
382: 1651,825,95,1589,1911,647
383: 2046,552,1604,1739,1364,1268
384: 141,1111,523,1708,1700
385: 1350,1724,1891,1756,718,1672
386: 1114,962,940,713,93,1081
387: 1163,911,721
388: 1453,1751,1183,82,998,197
389: 1286,1490,106,1061,13,1307
390: 1493,1800,1738,553,1822,1421
391: 133,280,1570,880,1520,452,753
392: 2005,786,1519,1707,1529,1662
393: 1575,1149,558,1647,1913,1548
394: 1220,200,681,1567,164,806
395: 1013,1044,1214,1719,1207
396: 1082,1168,665,2020,566,1047
397: 1274,151,1902,1238,770,332
398: 679,1669,1838,1766,988,798
399: 1864,104,933,1503,1614
400: 1234,1017,1901,1332,1588,881
401: 913,1610,1931,1687,882,829,126
402: 945,1667,2026,146,47,1969
403: 574,1141,36,1973,1844
404: 1121,1533,1270,1470,255,1987
405: 613,1162,838,1058,1557,817
406: 645,563,1874,127,1319,1824
407: 2006,706,556,1460,2027,1528
408: 1379,1480,803,1033,1542,519
409: 274,1492,168,1177
410: 1264,910,633,1522,1698,845
411: 502,1449,455,1190,1524,198
412: 1623,344,1754
413: 21,2045,867,594,1222,1893
414: 653,253,922,1245,1235
415: 221,1837,1343,1666,790,560
416: 1284,1992,1374,1772,783,451
417: 1687,1511,882,1713,1836
418: 1431,641,1663,500,1007,1558
419: 1795,1576,95,1606,1765,1609
420: 1595,1741,899,1346,1791,1990
421: 686,316,1195,1813,1807,810,1616
422: 1166,699,1478,1562,816,1652
423: 671,1711,1306,981,1236,1621
424: 147,983,1919,1174,7,1361
425: 1438,757,313,1677,950,1406,1144
426: 1409,1777,261,1574,979,916
427: 1834,220,100,1411,677,929
428: 185,1982,1459,449,1387,1413
429: 1712,1419,2037,476,1904,1640
430: 813,1265,1674,1624,673,1432
431: 801,1138,531,232,1497,1528,1460
432: 148,1958,1794,1795,623,1606
433: 707,1995,21,1636,111,1465
434: 12,1718,698,857,592,1702
435: 1179,2006,706,279,1790,777
436: 258,1796,741,1637,526,1040
437: 1553,620,1802,301,55,773,522,740
438: 1170,545,1814,1053,655,1732
439: 568,629,1260,1847,805,1615
440: 1051,1367,831,1757,1650,956
441: 1035,1364,297,70,889,2004
442: 191,1918,946,1457,524,1980
443: 568,990,1847,984,1131,1436
444: 1895,1908,1178,1925,547,1181
445: 524,99,1102,1883,1291,1722
446: 1964,970,1656,1253,1458,85
447: 771,779,1259,543,1487,1618
448: 999,651,1564,1416,1181,24
449: 1459,1252,1885,1250,185,428
450: 1554,1077,1967,138,51,1277
451: 783,1079,966,416,994,1772
452: 1520,1808,1107,1327,391,753
453: 1412,1633,176,1826
454: 1928,1519,1707,1165,255,596
455: 502,411,1584,198,2001,1932
456: 1935,493,763,1105,351,1827
457: 968,1955,2,650,1028,1198,921
458: 1212,758,1085,206,643,1232
459: 1156,1608,175,948,703,1352
460: 1425,1762,1313,174,1938,16
461: 1440,1650,996,1784,155,1339
462: 279,1430,31,777,1362,1282,1793
463: 1558,1630,910,633,949,1663
464: 254,1939,1704,1671,876,1015
465: 1617,1394,587,1228,664,1675
466: 1809,1383,173,1285,1693,1469
467: 1196,247,1454,1028,1556,290
468: 1475,1742,1101,956,1538,1051
469: 1401,1269,1221,1342,1187,166
470: 1104,657,1385,1464,742,559
471: 1991,680
472: 1516,717,1411,1645,1684,830
473: 1798,1960,1706,1309,69,1582
474: 1726,778,1031,847,1194,1685
475: 1395,1182,542,1747,2023,700
476: 1712,2037,429,1036,768,1547
477: 1090,648,482,1064,614,46
478: 1116,2013,1696,553,1822,219
479: 56,1361,1261,621,1118,626
480: 815,642,1730,1799,234,1229
481: 1705,264,907,1155,134,1201
482: 477,648,195,186,1224,1064
483: 143,521,109,1230,506,836
484: 562,1878,565,1234,1136,1949
485: 1342,1097,2009,1997,160,1187
486: 1412,715,938,68
487: 1478,750,1353,1429,1037,52,1534
488: 817,2016,1566,695,1524,838
489: 163,1743,34,1773,745,853
490: 1731,1905,1370,210,80,2021
491: 1293,1961,1601,1469,173,1004
492: 218,974,702,1759,1262,2013
493: 1935,456,1185,1903,2024,1827
494: 1833,601,63,1096,1205,871
495: 1679,1119,582,1290,868,201
496: 1386,1642,795
497: 899,1803,158,577,1346,972
498: 1292,1591,103,1022,1583,1391
499: 1330,371,1653,62,1534,1429
500: 1431,1432,418,1663,1024,1674
501: 1575,1149,716,1654,1127,605
502: 411,1584,1596,455,1523,1190
503: 190,281,1041,92,1502,895
504: 671,1050,1306,1334,1110,1922
505: 1252,1885,100,1555,1055,830
506: 1123,836,1540,288,521,483
507: 1078,1139,375,1869,839,901
508: 1440,1784,1231,179,1530,217
509: 70,1723,616,1266,2026,1969
510: 42,954,1258,1372,1518,1418
511: 1654,1107,1124,1048,612,1327
512: 369,1038,1200,834,18,1638
513: 1060,1059,688,796,1872,145
514: 1238,1535,1113,1175,604,1902
515: 1449,136,1190,116,874,1424
516: 1636,367,1257,644,1657,1267,1819
517: 1565,1503,1845,1336,1167,1864
518: 1360,1926,1350,1001,1611,1672
519: 1482,1276,756,1379,408,1542,967
520: 936,1552,1090,1145,115,1445
521: 1230,483,506,1540,1775,165
522: 672,1049,216,2032,1553,301,20,437
523: 384,1715,1708,614,1242
524: 445,1102,946,1722,442,1980
525: 1305,1341,1762,276,583,683
526: 1637,1409,1040,1341,1777,436
527: 1103,1376,83,1804,1821,550
528: 1835,1213,1354,738,376,228
529: 1770,161,1915,1065,64,586
530: 2043,1099,1501,1108,691,662
531: 539,801,1138,1256,361,156,431
532: 640,1401,1269,226,551,61
533: 897,1329,1283,1856
534: 80,1300,884,850,2021,1247
535: 224,874,1249,1358,895,1069
536: 1833,896,351,601,101,1827,1388
537: 62,903,2025,1481,1434,1330
538: 85,1887,360,1945,1473,1020
539: 1256,531,361,156,373,1033
540: 1015,1456,1046,84,140,1865
541: 1269,551,1311,711,160,1187
542: 1395,475,1281,296,2023,1321
543: 379,1487,106,1618,1061,447
544: 1635,1362,1105,31,1148,351,1388
545: 438,655,572,211,1732,1673
546: 1895,1767,1589,1744,894
547: 1897,1416,1778,1181,444,1178
548: 588,1396,710,1518,1323,713
549: 1694,1443,606,864,1853,1215
550: 326,932,527,1376,1189,1821
551: 532,1269,541,226,1311,1086
552: 383,1604,862,1676,1364,297
553: 87,1822,219,1421,478,390
554: 998,1818,1426,1067,1520,1808
555: 1115,964,283,1428,377,2002
556: 407,706,1477,1315,2027,971
557: 844,1156,1608,1029,108,1486
558: 1149,393,1407,1357,1548,41
559: 742,1687,1713,829,470,1464
560: 790,1601,1147,1310,415,1343
561: 1045,1375,774,1444,157,617,1763
562: 269,484,1788,565,1234,1901
563: 1176,1326,406,645,1824,661
564: 1826,1521,1839,638,1141
565: 562,1878,484,1788,1855
566: 2020,797,396,1805,1062,1047
567: 1912,1225,1074,573,1917,184,249
568: 439,443,1260,1847,984,1227
569: 978,3,1262,1116,878,235
570: 1280,336,678,1117,212,1303
571: 276,1678,346,683,987,1363,1780
572: 904,655,1420,545,1206,1673
573: 1841,1074,1532,311,567,1912
574: 329,403,1514,1141,1844,852
575: 1205,1350,1001,1340,1724,372
576: 181,1825,835,1782,1304,1832
577: 899,497,158,118,1585,1203
578: 611,142,257,1587,1000,1197
579: 1658,875,227,778,1351,362
580: 1030,51,260,759,1277,1665
581: 340,687,1268,1739,945,1667
582: 1679,1119,299,495,137,1204
583: 276,1241,1762,525,16,1692
584: 176,1521,1973,1039,632
585: 1862,745,702,1244,618,98
586: 64,692,1328,1915,529,287
587: 1617,1394,936,291,1552,465
588: 1070,1396,548,1518,236,1418
589: 381,1304,1512,124,1435,1697
590: 1519,1165,765,1787,292,2005
591: 1941,675,1279,920,1596,1523
592: 12,1718,434,225,1643,1592
593: 1495,7,274,1927,1919
594: 21,2045,413,150,1465,1560
595: 1586,1776,1705,1766,988,1201
596: 1987,905,97,1707,255,454
597: 1709,1988,1983,1173,660,1733
598: 243,883,268,1712,768,1120
599: 1143,647,207,1370,295,210,1767
600: 1010,2028,267
601: 536,1833,494,1827,1096,2024
602: 376,1506,342,725,1066,1835
603: 1106,761,1664,1896,860,150
604: 1238,514,1113,1944,856,1680
605: 170,1127,1654,1124,129,501
606: 1443,549,374,1670,1215
607: 1348,1881,770,332,1914,53
608: 309,1154,1689,1592,1368,12
609: 1392,1402,347,1923,223,1749
610: 1971,1438,315,757,1003,1956
611: 578,142,1975,1587,1045,157
612: 1781,511,1124,1048,1936,861
613: 405,791,1068,1058,281,1557
614: 1242,46,477,1064,523,1708
615: 1720,363,1824,661,1900,37
616: 1723,378,354,509,1266,2008
617: 1375,561,1444,2000,336,1303
618: 1800,1828,153,1738,1862,585,98
619: 1836,35,1751,882,1067,126
620: 1553,437,1049,273,740,1403
621: 56,1361,1334,479,1110,983
622: 1014,1246,652,1125,1161,1909
623: 825,1606,1794,690,432,1349
624: 2031,149,1296,729,1179,1477
625: 1209,934,1961,1259,1398,1618
626: 1671,1118,194,1476,1261,479
627: 1579,1044,1899,1522,1301,845
628: 2030,279,13,1790,1430,1307
629: 439,1769,72,1847,1615,802
630: 1603,1468,1186,685
631: 943,1993,248,1510,262,131
632: 1634,1039,584,1973
633: 841,463,1264,1630,410,910
634: 376,228,1731,666,1506,914
635: 364,959,1527,1173,1733,1803
636: 826,1447,1974,1551,1510,262,1873
637: 1316,824,827,1823,1900,37
638: 976,329,1141,1839,564,2003
639: 1151,1137,1025,769,1161,800
640: 1401,532,61,1727,915,105,1966
641: 418,1007,1786,1558,1223,1594
642: 815,480,1229,1298,649,751
643: 130,2031,206,149,1232,458
644: 1636,516,1257,1267,1932,1208
645: 1326,1609,406,563,1012,1319
646: 1422,848,1901,1588,269,1057
647: 599,1143,207,382,1651,1589,1767
648: 477,1090,482,1145,186,2040
649: 1298,1380,751,159,1159,642
650: 457,2,1486,1198,1083,1029
651: 1935,999,763,1248,448,1564
652: 1125,343,622,237,1909,1255
653: 414,5,1245,1297,1451,1235,1681
654: 1556,1866,290,1299,238,762
655: 1382,1420,572,438,545,1814
656: 1130,1758,1649,277,960,1026,1233
657: 1104,787,470,110,260,742
658: 1819,869,1157,367,1098,1446,270
659: 1160,2041,1764,172,1084,1204
660: 1393,1173,1480,803,597,1988
661: 615,363,1824,1176,563,1832
662: 691,1180,530,1108,1996,26
663: 1220,1266,1567,818,146,1969
664: 1228,1421,1493,1394,465,893
665: 1168,396,19,1337,306,1047
666: 228,1731,634,2021,1247,1100
667: 1251,1274,1682,1661
668: 1408,1253,1948,66,1276,756,1226
669: 1513,1115,964,1886,1668,1021
670: 911,721,1417,1951,121,1697
671: 1306,423,504,981,1334,1699
672: 16,522,1701,216,1692,2032,1938
673: 1624,1504,1728,1000,813,430
674: 1861,1470,43,119,1928,1761
675: 1941,1212,810,1616,1279,591
676: 943,322,1613,131,1537,49
677: 1411,723,1645,1577,929,427
678: 570,1117,212,1780,258,1442,741,1363
679: 1669,398,177,8,266,1838
680: 471,380,1991,1400,10
681: 2008,394,1631,1567,855,806
682: 873,1779,2011,1868,1182,275
683: 276,571,1363,1637,1341,525
684: 1431,1432,1034,1624,257,1373
685: 99,1883,737,630,1603,1468
686: 316,1195,1771,421,1807,345,1616
687: 581,1018,1367,340,831,1739
688: 1060,1059,1851,513,890,78
689: 1922,1840,1050
690: 1140,1794,1971,623,1349,1956
691: 1962,11,1180,662,1099,530
692: 333,586,1328,287,1199,1072
693: 1976,1965,2041,925,1079,299
694: 27,2014,870,1095,23,1231
695: 488,1524,1424,838,1153,1449
696: 772,1816,1512,181,1690,67
697: 1568,1495,885,211,1732,1177
698: 857,1641,434,1702,1344,1320
699: 1166,19,2025,1337,422,1652
700: 2023,761,1664,256,1747,475
701: 1768,1605,785,1876,902,1834
702: 218,492,1862,1773,974,745,585
703: 1192,1352,1517,1581,459,948
704: 1336,0,298,1319,1981,1958,1012
705: 1184,849,238,762,318,1904
706: 1179,435,2006,407,556,1477
707: 2016,1566,1995,433,1208,1636
708: 2030,13,178,1286,1906,1248
709: 1195,335,1771,1602,2039,1820,45,1069
710: 1489,1396,548,713,1355,1081
711: 1027,541,1311,1324,1414,160
712: 337,1428,2002,50,1472,1485
713: 1323,93,386,548,710,1081
714: 143,2022,1979,1545,1590,1759
715: 1412,486,1633,938,1849,1846
716: 1149,501,1407,753,1654,1327
717: 1670,1516,1215,472,214,1645
718: 112,327,1672,898,1891,385
719: 1375,774,2000,834,77,1829,1389
720: 303,73,1146,1976,32,1965
721: 387,1163,911,1717,670,121
722: 309,1831,1154,1797,72,1131
723: 214,677,1645,1860,1577,76
724: 1526,231,767,930,1042,1867
725: 1910,342,330,602,15,1506
726: 744,1740,359,1957,1219
727: 1030,1989,51,138
728: 1109,308,1194,1545,2022,109
729: 1790,1307,1490,624,1296,1179
730: 358,1272,1942,289,939,1381
731: 1297,1128,1451,1612,1770,161,271
732: 1384,263,1635,1362,1507,1793
733: 1730,234,1385,1464,1541,1536
734: 135,272,1851,1644,78
735: 2046,1172,1843,1604,1757,996
736: 1020,1659,1377,1948,1458,66
737: 739,685,1883,1468,1091,1869
738: 528,1213,228,1100,370,120
739: 1883,1291,737,1196,1091
740: 1837,1343,1403,620,773,437
741: 258,1796,229,1442,436,678,1117
742: 1665,559,1713,260,657,470
743: 789,932,1598,1578,1525,1737
744: 1740,726
745: 1862,1773,702,585,1244,163,489
746: 1076,1019,1475,1101,1071,71
747: 754,795,1032,1111,1700,1386
748: 868,1119,1289,1404
749: 1623,180,4,1312,344,1065
750: 1992,487,993,1353,1374,1037
751: 649,1380,1559,1287,815,642
752: 1939,1359,1710,1397,84,1273
753: 1407,716,452,1327,391,880
754: 1009,1484,1210,747,1032,1700
755: 133,280,128,1721,1471,1378
756: 1253,1482,66,1276,668,519
757: 1438,315,425,313,610,1406,1144
758: 1212,810,458,1813,1792,1232
759: 1030,1810,580,935,1665,1511
760: 1755,1505,1888,1347,73,1811
761: 700,1106,603,1664,256,1070,1896
762: 238,705,1904,1640,654,1299
763: 1935,456,1105,1906,1248,651
764: 1473,341,1688,1340,1052,360
765: 590,1165,1761,1787,1002,1188
766: 1010,1622,2042,187,1387,1413
767: 724,231,1042,1627,1797,1769
768: 1712,476,1547,598,1629,1120
769: 111,1025,1257,1657,639,1325,800
770: 1348,1661,607,332,1274,397
771: 1666,1293,779,447,790,1259
772: 1816,1934,696,330,139,1690
773: 1802,919,437,1147,740,1343
774: 719,1045,1375,561,1200,834
775: 960,1236,986,1805,1202,365
776: 1252,1055,1250
777: 462,279,1790,435,2006,1282,232
778: 1658,1726,579,474,875,1031,1685
779: 1666,771,447,366,1487,1573
780: 971,1129,1561,89,1447,102
781: 1742,233,1452,815,1799,1287
782: 348,1122,1365,125,1764,953
783: 1439,451,966,416,1295,1284
784: 1455,2047,30,840,1454,1955
785: 1982,701,1605,1459,1834,220
786: 977,2005,392,1461,1472,1662
787: 1104,657,1530,2038,110,1095
788: 130,2031,1812,1296,1953,1573
789: 1598,743,1582,1737,1371,250
790: 1666,771,1293,1601,560,415
791: 613,1068,281,1736,1502,1389
792: 1433,189,1318,1693,246,851,355
793: 1474,1889,1414,1027,1281,296,202
794: 320,1092,1632,334,1298,1159
795: 1642,11,1032,747,1386,496
796: 1059,1127,513,1647,1575,1872
797: 2020,566,365,140,1805,1062
798: 1660,57,988,1669,398,1952
799: 1627,1689,818,1892,231,1054
800: 1246,1161,769,639,1325,808
801: 1138,1256,531,431,1497,1460,1613,131
802: 1615,1217,1933,1042,1769,629
803: 1173,408,1480,660,1542,1527
804: 1586,1776,44
805: 439,1260,1615,1308,1135,1549,1317
806: 1112,855,1714,394,681,164
807: 1483,52,364,959,1023,1037
808: 1695,1325,1123,1246,288,800
809: 1275,916,305,1040,1777,837
810: 1212,675,1616,758,421,1813
811: 86,1897,1398,1239,854,379
812: 1942,1894,1242,1715
813: 1548,41,430,1265,1728,673
814: 1774,1940,1433,189,1285,25
815: 642,1799,480,781,751,1287
816: 1365,125,1652,422,1562,1237
817: 1399,2016,488,405,1162,838
818: 1220,663,146,1892,1054,799
819: 229,1442,937,107,1745,1986
820: 240,1171,1017,1332
821: 992,1620,1209,1600,209,934
822: 2009,1997,1335,858,1216,1860
823: 188,54,1329,1977,1233,1130
824: 1316,637,1823,310
825: 382,95,623,1606,1349,1911
826: 636,89,1447,1211,248,1510
827: 1263,1316,637,230,167,1900
828: 1594,328,1466,1950,931,114
829: 1687,559,1464,913,1536,401
830: 1555,1684,1411,472,505,100
831: 440,1367,687,2046,1757,1739
832: 134,1366,1508,1760,1725,1155
833: 1138,156,232,1282,1507,1793
834: 719,1200,774,77,1829,1638,512
835: 1825,576,1890,1176,307,1832
836: 1994,1031,506,847,1123,109,483
837: 1796,1134,809,1985,305,1040
838: 405,1153,1058,817,695,488
839: 840,901,1078,507,1338,2047
840: 247,1454,839,901,2047,784
841: 1264,1630,633,1729,1499,1128
842: 1463,1570,1357,1921,1728,41
843: 1683,58,2001,869,169,1584
844: 1677,1608,557,108,313,1907
845: 1207,1698,1522,627,1044,410
846: 1579,304,1899,1060,1569,890
847: 1994,1031,836,474,1194,109
848: 1422,646,30,1845,1057,1167
849: 1184,1980,318,705,1760,1918
850: 534,80,1300,24,1607,1908
851: 246,1954,324,792,1693,355
852: 1080,1844,1960,1676,574,1514
853: 1773,1590,1703,1979,34,489
854: 811,1239,178,1286,379,1061
855: 1112,952,806,59,1631,681
856: 53,1170,1680,1238,604,332
857: 12,698,434,1831,1154,1320
858: 1121,1324,1335,1533,1474,822,2009
859: 1543,958,1089,980
860: 150,1560,352,1546,293,1106,603
861: 1936,1970,294,1655,1781,612
862: 1172,552,1604,1676,1514,1815
863: 369,1494,1880,940,93,1278
864: 1752,1443,549,166,1853,79
865: 311,1745,1978,1912,1986,1763,1225
866: 135,1133,1970,1801
867: 21,1164,413,1222,1399,1995
868: 1999,748,201,1119,495
869: 658,1819,58,843,2001,1157,1267
870: 2038,891,2015,1095,27,694
871: 372,2017,144,1833,494,1205
872: 1195,335,1063,1302,1049,1602,273
873: 1355,682,2011,1489,1747,1182
874: 116,535,1249,1358,1424,515
875: 1726,1098,579,227,778,1446
876: 1015,1456,1671,464,1261,1087
877: 1947,1670,1516
878: 1262,569,1109,235,1545,1759
879: 1072,333,1294,1563
880: 280,391,1570,1407,753,1357
881: 1332,1588,400,1338,1078,242
882: 1687,417,1836,619,1931,401,126
883: 243,598,268,973,81,1858,1712
884: 534,1314,1300,1247,1185,1903
885: 697,1732,1914,1053,168,1177
886: 1910,1817,342,1923,1535,1175
887: 1972,147,1919,1927
888: 1998,1852,348,244,323,306
889: 297,441,2004,250,1080,1309
890: 1569,2007,78,1060,688,846
891: 1554,2038,2015,1077,870,1959
892: 1740,1103,1804
893: 2040,664,1493,1150,1394
894: 1744,1094,1984,1895,546,1178
895: 224,535,1249,1041,190,503
896: 536,1833,101,1388,199,1322,144
897: 533,54,1329,1191
898: 1169,1213,1354,1891,112,718
899: 497,577,1346,1791,1203,420
900: 254,1704,14,1360,1926,1005
901: 247,840,1091,1869,839,507
902: 1876,905,97,701,1768,1529
903: 19,2025,537,1481,1168,1884
904: 1420,572,1611,1926,1005,1206
905: 596,1876,282,1987,278,902,97
906: 1994,1031,1695,270,33,1726,1098
907: 264,481,2010,1155
908: 356,77,954,1437,1829,1068,1557
909: 1214,1013,304
910: 463,410,633,1522,245,949
911: 387,721,670,1870,1417
912: 1339,233,1538,1440,217,1142
913: 1842,1536,1610,401,1491,829
914: 15,1731,1905,1515,1506,634
915: 951,1531,5,1727,640,105
916: 1275,809,1574,1619,426,1777
917: 1356,1002,165,1188,1920,1539
918: 1082,1884,1273,1397,239
919: 1802,55,773,1317,1750,1147,1549
920: 1279,591,1523,1580,1561,102,1683
921: 1028,1556,1198,1866,457
922: 414,253,1441,1245,1868,22,1779
923: 1870,310,1593
924: 63,1929,1756,370,1096,120
925: 302,1079,966,1976,693,1811
926: 319,1345,953,1290,1679,1084
927: 1450,1967
928: 1051,225,1018,1367,1475,1071
929: 677,1577,1876,278,1834,427
930: 1288,1526,724,1583,1867,2048
931: 1499,114,1612,1223,1594,828
932: 550,326,1598,1578,743,1189
933: 104,399,1140,1614,1907,48
934: 625,1620,1209,1004,821,1961
935: 1991,1400,1810,759,1511,1806
936: 1888,520,587,291,1552,115
937: 819,229,1442,1134,1056,311,29,1745
938: 486,715,68,1959,1846,2015
939: 1381,730,1942
940: 863,1880,93,941,386,962
941: 1950,962,1968,1786,1880,940
942: 1982,205,259,1605,1622,1413
943: 322,1993,1613,676,631,131,1735
944: 1830,6,1861,119,1255,1254
945: 1667,402,2026,1035,1268,581
946: 96,1457,1722,442,524
947: 1112,1547,1714,321,1629,1462
948: 1156,459,973,1517,1746,703
949: 245,1132,1024,1663,463,910
950: 1677,175,965,425,1318,1144
951: 64,915,1328,1531,1681,5
952: 1112,855,961,321,59,1691
953: 319,926,782,1122,1764,1084
954: 42,356,1437,908,510,252,1372
955: 1395,1027,1281,275,1311,1086
956: 1339,468,1538,1650,1051,440
957: 1711,1243,1621,204
958: 859,1543,1183,1748,357,980
959: 635,364,807,1753,1023,1527
960: 775,277,986,1805,1649,656
961: 952,321,1691,1952,1916,1036
962: 328,941,1114,1950,386,940
963: 83,44,1075,1821
964: 555,65,1115,669,283,1886
965: 246,1352,1882,175,950,1318,1144
966: 1439,925,302,783,1079,451
967: 1639,1753,1482,519,1542,9
968: 457,1955,2,338,1565,1455
969: 222,1890,1765,307,1576,285
970: 1434,446,1964,1330,371,9,1656
971: 1129,89,780,556,1315,2027
972: 1803,497,1346,1483,364,284
973: 243,883,1858,1517,1746,948
974: 492,1862,702,2013,1822,1738
975: 1308,324,1933,300,355,251
976: 638,329,192,1815,2003,982
977: 292,2005,786,50,1472,1011
978: 3,1585,569,1871,2029,235
979: 1574,208,1641,2035,426,261
980: 1089,10,380,859,958,357
981: 671,423,1699,91,1236,1202
982: 182,2003,2014,1390,976,192
983: 147,1415,424,1361,1110,621
984: 568,443,203,1436,1227,20
985: 1345,1369,74,1571,1479,265
986: 775,277,960,1243,1236,1621
987: 571,1678,346,1789,1041,1625,224
988: 1660,1201,798,595,1766,398
989: 1016,1741,1295,1859,1675,1193
990: 443,1131,1831,1436,1930,1320
991: 1289,1943,1404,1410,32
992: 1209,821,209,1984,86,1778
993: 750,1374,1037,1483,2034,284
994: 1772,1160,2041,75,1079,451
995: 337,2043,1485,205,1622,2042
996: 1650,155,461,735,1843,1757
997: 1462,1854,2048,1714,164,1288
998: 1067,1808,554,1751,388,197
999: 1935,651,448,1300,24,1185
1000: 1624,1504,673,1197,578,257
1001: 1688,1360,518,575,1350,1340
1002: 917,1787,1356,1448,1188,765
1003: 1467,38,1956,171,315,610,1158
1004: 1620,934,1940,1469,491,1961
1005: 1206,1476,904,1926,900,1704
1006: 1237,1772,75,1992,1353,1562
1007: 1431,641,1034,418,1968,1786
1008: 1648,1043,2018,222,139,1934,1515
1009: 754,1484,1224,1064,1708,1700
1010: 766,187,1387,2028,267,600
1011: 1544,1496,1646,339,292,977,50
1012: 1609,645,704,1319,1958,1795
1013: 304,1044,1899,395,1214,909
1014: 1246,1920,1125,622,1540,288
1015: 876,540,1456,84,1939,464
1016: 989,1595,1741,1295,1284,2034
1017: 1234,1332,400,240,820,1949
1018: 225,1367,340,928,687,1643
1019: 1076,123,746,1619,1101,1452
1020: 1473,736,1377,1458,85,538
1021: 1484,1224,1668,1513,669,195
1022: 1581,103,1850,498,1192,1591
1023: 52,959,807,1639,1653,1753
1024: 1674,39,1132,949,1663,500
1025: 111,769,1257,639,1465,1137
1026: 1856,1427,277,656,1233
1027: 711,1281,955,1311,793,1414
1028: 1556,921,1454,467,457,1955
1029: 1156,557,1083,1746,650,1486
1030: 727,1989,51,1810,580,759
1031: 1994,847,906,836,1726,1098,474,778
1032: 1962,795,11,754,1210,747
1033: 1379,373,408,1480,539,361,1716
1034: 1431,684,1007,1968,183,1373
1035: 1364,70,1268,441,945,2026
1036: 1916,2037,476,961,1547,321
1037: 487,993,750,1429,1483,52,807
1038: 369,1494,1258,512,42,1638
1039: 632,584
1040: 526,1777,809,837,1796,436
1041: 1678,987,92,224,895,503
1042: 724,767,1867,1217,802,1769
1043: 1648,1008,207,1370,1905,1515
1044: 627,1013,1899,395,1207,845
1045: 1375,561,1200,774,157,611,1975
1046: 91,540,365,1456,140,1202
1047: 323,1062,306,665,566,396
1048: 1781,197,511,1107,612,82
1049: 1302,522,216,1553,620,273,872
1050: 154,1306,504,689,1922,1840
1051: 440,1367,928,1475,468,956
1052: 1359,14,1688,764,1710,360
1053: 53,438,1170,1914,885,1732
1054: 1526,231,1220,200,818,799
1055: 1555,505,1252,776
1056: 1985,2044,159,937,1134,29
1057: 1167,0,1126,848,646,269
1058: 613,190,405,838,1153,281
1059: 170,1127,688,796,1851,513
1060: 688,513,890,145,1579,846
1061: 1286,379,543,389,106,854
1062: 1758,323,1649,1047,797,566,1805
1063: 316,60,1195,872,335,273,1626
1064: 1009,1224,477,482,614,1708
1065: 161,1312,1915,344,529,749
1066: 1113,1175,342,602,17,1835
1067: 998,1818,554,126,1751,619
1068: 613,791,1557,77,908,1389
1069: 224,535,1358,45,1789,1625,1820,709
1070: 256,588,1396,1896,236,761
1071: 1718,71,225,928,1475,746
1072: 1199,879,692,333
1073: 328,1114,1466,22,368,253
1074: 1471,1532,573,1917,128,567
1075: 1189,1686,44,1821,132,963
1076: 1574,746,1619,1019,71,208
1077: 1554,891,450,1450,1967,1959
1078: 1139,507,242,839,881,1338
1079: 925,451,966,994,1160,2041,693
1080: 1960,852,1309,1676,297,889
1081: 1355,368,713,1114,386,710
1082: 1168,2020,1884,1865,396,1273,918
1083: 81,1858,1746,1198,650,1029
1084: 1679,1204,659,1764,953,926
1085: 1212,458,1279,206,1129,102
1086: 226,551,1311,1868,275,955
1087: 56,1261,1699,876,91,1456
1088: 1551,58,1157,227,1873,1446
1089: 2033,10,980,859
1090: 477,648,1145,520,46,1445
1091: 247,1869,901,739,737
1092: 794,1378,1632,350,1491,334
1093: 319,1369,1998,1122,188,1977
1094: 38,1744,894,171,1984,209
1095: 2038,870,694,1231,787,1530
1096: 63,1929,924,2024,601,494
1097: 1342,76,485,1997,1694,1853
1098: 1726,875,1446,658,1031,906,270
1099: 1501,377,530,317,1962,691
1100: 1314,1247,228,666,738,370
1101: 1475,1742,468,1452,746,1019
1102: 524,445,1291,1184,1937,1980
1103: 892,1740,527,359,1376,1804
1104: 787,179,657,1530,470,1385
1105: 456,763,1906,31,1148,351,544
1106: 88,293,761,603,1664,860,1830
1107: 197,511,1048,1327,1808,452
1108: 2042,187,2043,530,662,26
1109: 1871,1783,308,235,728,1545,878
1110: 1334,621,983,1415,1922,504
1111: 141,384,1700,747,1386,1333
1112: 855,1714,952,947,321,806
1113: 514,1175,604,1066,1944,17
1114: 1073,328,386,962,1081,368
1115: 555,669,964,377,317,1668
1116: 478,3,1262,2013,569,1696
1117: 336,570,678,1442,741,107
1118: 194,626,1174,353,1361,479
1119: 495,582,137,748,868
1120: 312,94,1629,768,243,598
1121: 1533,404,858,1474,1889,1270
1122: 782,1998,348,319,1093,953
1123: 1994,506,1695,836,808,288
1124: 1654,511,612,1936,129,605
1125: 1014,1920,1539,652,343,622
1126: 1057,127,0,298,269,1788
1127: 170,1059,796,605,1575,501
1128: 731,1499,1612,841,1729,271
1129: 971,1561,780,102,206,1085,1315
1130: 1758,244,656,188,823,1233
1131: 443,990,72,1847,722,1831
1132: 90,245,2036,949,1024,39
1133: 1936,866,135,1970,129,272
1134: 837,1796,229,937,1985,1056
1135: 251,117,1549,1308,805,1317
1136: 230,1949,1878,484
1137: 1151,639,1465,1560,352,111,1025
1138: 801,531,156,833,431,232,1528,1282
1139: 1078,375,507,242
1140: 104,933,1794,690,1971,48
1141: 574,638,329,403,564
1142: 1730,1799,217,1541,233,912
1143: 1648,599,285,647,207,1651
1144: 189,1406,1318,950,965,425,757
1145: 1090,648,2040,520,1552
1146: 720,32,1965,137,1404
1147: 1750,1310,1549,919,773,560,1343
1148: 2030,1430,31,1105,1906,544
1149: 1575,501,393,1407,716,558
1150: 1493,1800,1240,153,186,2040,893
1151: 639,1137,352,1546,1161,1909
1152: 221,1875,331,1837,1626,1403
1153: 190,838,1058,1249,1424,695
1154: 722,309,1831,608,12,857
1155: 1725,907,481,134,832
1156: 1608,557,459,1029,948,1746
1157: 658,1819,58,869,1088,1446
1158: 1600,25,315,1774,1003,171
1159: 1298,649,2044,159,320,794
1160: 994,659,2041,75,172,1079
1161: 1246,622,1909,800,1151,639
1162: 405,1557,1437,1399,817,252,1164
1163: 387,721,1717
1164: 252,867,1222,1162,1437,1399
1165: 1928,1519,590,1761,765,454
1166: 62,2025,699,1534,422,1478
1167: 1336,1057,0,848,1845,517
1168: 1082,665,1884,396,19,903
1169: 17,898,1354,1944,112,286
1170: 53,438,856,1680,1814,1053
1171: 1332,242,820
1172: 735,1843,1604,862,192,1815
1173: 803,660,597,635,1527,1733
1174: 1568,7,353,1118,424,1361
1175: 1535,514,1113,1066,886,342
1176: 307,1326,563,661,1832,835
1177: 409,274,168,697,1495,885
1178: 1895,444,1925,894,1984,547,1778
1179: 435,706,1477,624,1790,729
1180: 1642,11,691,662,1996
1181: 547,1416,1908,444,24,448
1182: 1395,475,275,1747,873,682
1183: 958,1748,357,82,1453,388
1184: 1937,849,238,1980,705,1102
1185: 1300,884,1903,1935,999,493
1186: 630,1468,375
1187: 1342,485,160,469,1269,541
1188: 917,1002,1539,43,1761,765
1189: 1075,1821,132,550,932,1578
1190: 502,515,411,1449,1596,136
1191: 897,54,74,1479
1192: 703,1352,1882,1591,1581,1022
1193: 1439,193,989,1295,1675,1617
1194: 308,728,1685,474,847,2022,109
1195: 686,709,316,872,335,1771,421,1063
1196: 247,467,739,1291,1937,290
1197: 1504,184,249,1587,1000,578
1198: 1866,921,1083,81,457,650
1199: 1072,287,692
1200: 1045,774,834,18,1975,512
1201: 134,1660,988,1705,595,481
1202: 775,1236,91,365,1046,981
1203: 3,1791,1585,1696,899,577
1204: 1679,1084,299,582,659,2041
1205: 575,1724,63,494,372,871
1206: 1005,194,1476,1673,904,572
1207: 1719,180,1698,845,1044,395
1208: 707,1566,198,1636,644,1932
1209: 992,625,821,934,86,1398
1210: 754,1484,1668,317,1962,1032
1211: 826,89,1460,2027,1497,248,1510
1212: 675,810,458,1279,758,1085
1213: 898,528,1354,738,1891,120
1214: 909,1013,395
1215: 1670,717,1694,606,549,214
1216: 1860,1577,1335,822,282,278
1217: 1391,1933,300,802,1042,1867
1218: 358,1505,303,1410,162,1381
1219: 152,1957,359,726,1963,1798
1220: 663,394,200,1567,818,1054
1221: 241,79,1966,469,1401,166
1222: 252,1372,1164,867,413,1893
1223: 1558,1630,641,1594,931,1499
1224: 1009,1484,1064,1021,482,195
1225: 865,567,1978,1912,184,249
1226: 1408,1948,668,1384,263,199
1227: 301,20,55,568,1260,984
1228: 1859,87,664,1675,1421,465
1229: 642,234,480,1842,334,1298
1230: 143,521,1703,1979,483,1775
1231: 23,1784,508,694,1095,1530
1232: 130,1792,643,1946,458,758
1233: 1329,823,1130,656,1026
1234: 1017,1901,400,1949,562,484
1235: 1297,1451,114,1466,653,414,253
1236: 775,986,1621,1202,423,981
1237: 75,172,1006,1562,816,125
1238: 514,604,397,1902,332,856
1239: 1897,811,1564,1416,178,854
1240: 1150,1828,153,1513,195,186
1241: 276,583,346,1789,1692,2039
1242: 812,614,1894,46,523,1715
1243: 277,986,1621,957,204,1427
1244: 1879,163,745,585,65,98
1245: 653,414,5,922,1727,1441
1246: 1014,622,1161,288,800,808
1247: 534,1314,884,2021,1100,666
1248: 763,1906,651,1564,178,708
1249: 535,874,895,1424,190,1153
1250: 1785,185,1252,449,776
1251: 667,213,1274,1749,151,1682
1252: 505,449,1885,1055,1250,776
1253: 1482,1458,66,756,668,446,1964
1254: 1830,944,6,202,88,1321
1255: 1830,944,119,652,343,237
1256: 539,1537,801,531,1613,373
1257: 1636,111,516,1025,769,644,1657
1258: 1494,1038,1323,42,510,1518
1259: 771,1293,1961,447,625,1618
1260: 439,568,805,1227,55,1317
1261: 56,1087,479,1671,626,876
1262: 1116,2013,878,569,218,492,1759
1263: 1316,827,230
1264: 841,410,633,4,1698,1729
1265: 1913,813,1548,430,1674,39
1266: 663,2008,1567,616,509,1969
1267: 516,644,1932,1819,2001,869
1268: 1035,1364,383,1739,945,581
1269: 469,1401,532,541,551,1187
1270: 1121,404,1889,6,1861,1470
1271: 1525,1737,378,354,177,1572
1272: 1755,115,730,358,289,1445
1273: 1082,1865,918,752,1397,84
1274: 667,1251,151,397,1661,770
1275: 809,123,1619,916,305,1559
1276: 1408,756,668,519,1716,1379
1277: 51,260,580,1554,110,450
1278: 18,1550,183,369,863,1880
1279: 1212,675,920,591,1085,102
1280: 1736,570,92,212,1303,1502
1281: 1395,542,1027,955,296,793,1414
1282: 1362,1507,1793,462,279,777,2006,1138,833,232
1283: 349,1856,533
1284: 1016,416,1295,2034,1374,783
1285: 1940,1433,814,1693,1469,466
1286: 389,1061,178,854,708,13
1287: 751,1559,781,1452,815,123
1288: 1526,930,200,164,997,2048
1289: 991,1404,748
1290: 1345,926,1679,495,265,201
1291: 739,445,1102,1883,1937,1196
1292: 498,1954,1591,324,1391,300
1293: 491,771,1961,790,1601,1259
1294: 333,1531,879,1563,1877,105
1295: 1016,989,1284,1439,783,1193
1296: 2031,624,788,1490,1953,729
1297: 731,1451,1235,1770,653,1681
1298: 649,1159,642,1229,334,794
1299: 654,1866,762,1640,268,81
1300: 534,884,850,24,1185,999
1301: 1522,90,245,145,627,1579
1302: 1049,1602,1701,216,872,335
1303: 1280,1736,336,570,2000,617,1389
1304: 589,381,1782,1512,181,576
1305: 1409,1341,525,261,1762,1313
1306: 671,154,1711,1050,423,504
1307: 13,1790,628,729,1490,389
1308: 1615,1933,975,805,251,1135
1309: 1080,1960,473,1582,889,250
1310: 1809,173,1750,1147,1601,560
1311: 541,551,1086,711,1027,955
1312: 161,1065,271,749,4,1729
1313: 1762,174,2035,460,1305,261
1314: 884,1247,1100,1903,1929,370
1315: 556,1477,206,149,971,1129
1316: 1263,824,827,637
1317: 1802,55,919,1260,805,1135,1549
1318: 792,1433,189,1144,950,246,965
1319: 704,127,298,406,645,1012
1320: 1930,1344,1831,698,857,990
1321: 88,2023,542,296,202,1254
1322: 1659,144,896,101,199,1948
1323: 1494,1258,713,93,548,1518
1324: 858,1474,1414,711,2009,160
1325: 1695,808,33,769,1657,800
1326: 1176,1765,307,1609,645,563
1327: 1654,511,1107,452,716,753
1328: 64,951,692,333,586,1531
1329: 897,533,54,823,1233,1856
1330: 499,1434,371,970,62,537
1331: 122,1783,308,1685,1658,1405
1332: 1171,1017,400,881,242,820
1333: 1386,141,1111
1334: 56,1110,621,1699,671,504
1335: 1533,858,822,282,1216
1336: 704,1167,0,517,1864,1981
1337: 19,699,665,306,1852,1652
1338: 1588,881,1078,839,1422,2047
1339: 956,912,1538,1440,1650,461
1340: 1688,575,1001,372,764,341
1341: 1637,526,1409,1305,525,683
1342: 485,1097,1187,469,166,1853
1343: 415,740,1837,1147,773,560
1344: 1930,174,2035,1320,698,1641
1345: 319,985,1290,1369,926,265
1346: 899,497,972,1595,420,284
1347: 1888,291,193,302,1811,760
1348: 1661,1881,607,770
1349: 1911,1467,1956,690,825,623
1350: 518,575,1001,385,1724,1672
1351: 579,227,1873,362,1993,262
1352: 703,1192,965,1882,175,459
1353: 1992,487,1478,750,1562,1006
1354: 17,898,528,1169,1835,1213
1355: 873,2011,1081,368,1489,710
1356: 917,1775,325,1002,165,1448
1357: 1407,558,1570,880,842,41
1358: 116,535,874,45,1069,345
1359: 254,1939,752,1052,14,1710
1360: 1688,518,1926,1001,900,14
1361: 479,621,1174,1118,983,424
1362: 1635,544,1282,1793,732,462,31
1363: 276,571,1678,683,1637,258,678,1780
1364: 1035,297,1268,441,383,552
1365: 816,782,1852,348,125,1652
1366: 832,1508,1760,318,1419,28
1367: 1051,440,1018,928,831,687
1368: 47,1892,1924,608,1689,1592
1369: 319,1093,985,1345,1977,74
1370: 1043,599,207,210,1905,490
1371: 1737,1723,354,789,2004,250
1372: 252,1222,1893,954,510,1418
1373: 142,1550,257,183,1034,684
1374: 1992,993,750,416,1284,2034
1375: 719,1045,561,774,1444,2000,617
1376: 527,1103,359,1963,550,326
1377: 1473,1020,1659,736,2017,341
1378: 1471,1092,1632,350,1721,755
1379: 408,1033,1542,361,1276,519,1716
1380: 1985,649,751,159,305,1559
1381: 162,939,1218,730,358
1382: 655,112,327,1420,286,1814
1383: 466,355,1809,251,117,1693
1384: 263,1635,199,732,101,1226
1385: 1104,179,470,1464,1541,733
1386: 496,1333,747,795,1111
1387: 1010,766,1413,185,428,2028
1388: 536,896,351,101,1635,544
1389: 77,1736,1303,719,2000,791,1068
1390: 982,2014,192,1843,23,155
1391: 1217,300,1583,1867,1292,498
1392: 1951,1402,609,121,213,1749
1393: 373,1480,660,1537,49,1988
1394: 587,1552,465,664,2040,893
1395: 1182,542,475,1281,275,955
1396: 256,1070,1489,588,548,710
1397: 1710,1945,239,752,1273,918
1398: 86,811,625,1209,379,1618
1399: 817,2016,1995,1162,1164,867
1400: 935,380,1991,680,1806,1498
1401: 640,469,532,1269,1966,1221
1402: 1392,1951,609,1435,67,347
1403: 273,740,1837,1626,1152,620
1404: 1289,991,1146,32,748
1405: 1658,362,1735,1597,122,1331
1406: 1774,189,1144,315,425,757
1407: 1149,716,753,558,1357,880
1408: 1276,668,1226,1716,263,1863
1409: 526,1305,426,1341,1777,261
1410: 1943,991,303,32,1218,162
1411: 677,1645,472,100,427,830
1412: 453,486,1633,715
1413: 1622,766,1387,1982,942,428
1414: 1324,793,1474,711,1027,1281
1415: 1972,147,983,1110,1922
1416: 1897,1564,547,1239,1181,448
1417: 1870,1593,124,911,670,1697
1418: 588,1518,236,510,1372,1893
1419: 2037,28,429,1904,1366,318
1420: 904,1382,655,327,572,1611
1421: 87,1228,553,664,1493,390
1422: 848,646,2047,30,1588,1338
1423: 1709,49,1988,196,1597,322
1424: 874,1249,1153,515,1449,695
1425: 203,1436,1930,174,460,1938
1426: 1818,1520,554,1721,113,133
1427: 349,1856,204,1026,277,1243
1428: 337,1501,377,2002,712,555
1429: 487,1037,499,52,1653,1534
1430: 2030,462,279,628,31,1148
1431: 1432,1034,418,684,500,1007
1432: 1431,684,500,1624,430,1674
1433: 792,189,814,1318,1285,1693
1434: 1330,970,1656,1481,215,537
1435: 1951,1402,67,1697,589,1512
1436: 203,1425,1930,443,990,984
1437: 356,954,908,1162,1557,252,1164
1438: 1971,425,757,313,610,48
1439: 193,302,783,1193,966,1295
1440: 1784,461,508,217,1339,912
1441: 922,1727,1245,1868,226,61
1442: 819,229,937,741,107,336,678,1117
1443: 1752,606,864,549,374
1444: 1375,561,617,107,1986,1763,336
1445: 289,46,520,1090,115,1272
1446: 1098,875,227,658,1088,1157,270
1447: 636,1561,826,89,780,1974,1510
1448: 1787,1356,325,1002,339,1628
1449: 515,411,1190,1424,695,1524
1450: 927,68,1967,1959,1077
1451: 731,1297,114,1612,1235,653
1452: 1742,781,1101,123,1019,1287
1453: 35,1751,388,1498,1183,357
1454: 247,840,467,1028,784,1955
1455: 30,784,1845,968,1955,1565
1456: 876,91,540,1015,1046,1087
1457: 946,191,442
1458: 1253,66,1020,736,85,446
1459: 220,449,1885,1982,785,428
1460: 407,2027,1211,801,431,1497,1528
1461: 786,1472,1485,205,259,1662
1462: 312,1629,1854,997,1714,947
1463: 280,1917,128,1570,842,1921
1464: 470,1385,559,829,733,1536
1465: 1137,1560,433,21,594,111,1025
1466: 1073,328,828,114,1235,253
1467: 1349,1911,38,1003,1744,1956
1468: 630,1186,685,737,375,1869
1469: 1940,1285,466,173,1004,491
1470: 674,1861,404,1270,1928,255
1471: 1074,1532,1378,1632,128,755
1472: 977,786,1461,50,1485,712
1473: 1020,1377,764,341,360,538
1474: 1121,1324,858,793,1889,1414
1475: 1101,468,1051,928,1071,746
1476: 1005,1671,1206,194,626,1704
1477: 1179,706,556,1315,624,149
1478: 487,1353,1562,1166,1534,422
1479: 1571,74,985,1191
1480: 1393,373,408,803,660,1033
1481: 215,239,1434,1884,903,537
1482: 1253,756,519,1964,9,967
1483: 52,364,807,972,993,1037,284
1484: 1009,754,1224,1210,1668,1021
1485: 1461,1472,205,337,995,712
1486: 2019,2,650,557,1029,108
1487: 543,106,1953,1573,779,447
1488: 1989,471
1489: 256,1396,710,1747,873,1355
1490: 389,106,1953,1296,1307,729
1491: 1842,913,350,1610,334,1092
1492: 409,168,1881
1493: 1800,1150,390,664,1421,893
1494: 369,863,1038,1323,1258,93
1495: 1568,593,697,7,274,1177
1496: 1544,1011,1646,1743,339,1628,292
1497: 801,431,1460,1211,248,1613,131
1498: 1453,35,1806,380,1400,357
1499: 931,1128,1612,841,1630,1223
1500: 1586,1705,264
1501: 337,2043,1428,1099,377,530
1502: 1280,1736,92,791,281,503
1503: 2019,338,1565,1614,517,1864,399
1504: 184,1921,1728,673,1000,1197
1505: 1755,760,1218,358,303,73
1506: 602,376,15,914,634,725
1507: 263,1282,1793,732,1863,156,833
1508: 134,1660,832,57,1366,28
1509: 381,124,1898,1823,310,1593
1510: 1993,248,262,631,636,826,1447,1211,1873
1511: 417,1665,1713,759,935,1836,1806
1512: 589,1304,181,1435,67,696
1513: 669,1886,1240,1828,195,1021
1514: 574,329,1815,852,1676,862
1515: 15,1905,914,1043,1008,1934
1516: 877,1947,1670,717,472,1684
1517: 243,973,94,1581,948,703
1518: 588,548,1418,510,1323,1258
1519: 590,1707,1165,454,2005,392
1520: 1426,1808,452,554,133,391
1521: 176,584,1826,1973,564
1522: 245,1301,627,410,910,845
1523: 502,1584,1596,920,591,1683
1524: 1566,695,488,198,411,1449
1525: 1271,1737,1578,743,177,266
1526: 1288,724,231,930,1054,200
1527: 635,959,1753,1173,803,1542
1528: 1138,431,232,2006,407,1460
1529: 1768,1662,1707,902,97,392
1530: 1104,787,179,1095,508,1231
1531: 951,915,333,1294,1328,105
1532: 320,1471,1841,1074,1632,573
1533: 1121,1335,404,858,282,1987
1534: 62,1166,499,487,1478,1429
1535: 514,1175,886,1923,223,1902
1536: 1842,913,1464,829,234,733
1537: 1256,1613,676,1393,373,49
1538: 1742,1339,468,233,956,912
1539: 1920,1125,343,43,917,1188
1540: 1014,1920,288,506,521,165
1541: 179,217,1385,1730,1142,733
1542: 1379,408,803,519,1753,967,1527
1543: 859,294,958,1748,1848
1544: 1879,1011,1496,1646,50,283,2002
1545: 1109,235,728,2022,714,878,1759
1546: 860,1151,352,293,237,1909
1547: 947,321,476,1036,768,1629
1548: 1913,813,41,1265,393,558
1549: 251,117,1750,1147,1135,805,919,1317
1550: 1278,18,142,1975,183,1373
1551: 58,1088,169,636,1974,1873
1552: 1394,936,520,587,1145,2040
1553: 620,301,437,522,1049,216
1554: 2038,110,891,1077,450,1277
1555: 40,1055,1684,830,505
1556: 1028,654,1866,290,921,467
1557: 613,405,1162,1068,1437,908
1558: 463,1630,1223,641,418,1663
1559: 1380,751,305,1287,1275,123
1560: 860,150,1465,1137,352,21,2045,594
1561: 1129,1580,89,1447,780,1974,102,920,169
1562: 1478,1353,422,816,1237,1006
1563: 2012,1877,241,1294,879
1564: 1239,1416,178,1248,651,448
1565: 968,338,1503,517,1455,1845
1566: 707,2016,1208,488,1524,198
1567: 1220,663,1266,2008,394,681
1568: 1174,697,1495,7,211,353
1569: 2007,890,304,846
1570: 280,1463,391,880,842,1357
1571: 1479,265,985
1572: 59,177,8,1271,378,1631
1573: 1487,1953,779,366,1812,788
1574: 1076,979,1619,916,208,426
1575: 1149,501,393,1127,796,1647
1576: 1651,419,95,1765,969,285
1577: 1216,723,677,1860,929,278
1578: 932,743,1189,132,266,1525
1579: 627,1899,846,1060,1301,145
1580: 1561,1974,102,920,1683,169
1581: 94,1850,1022,1517,703,1192
1582: 789,1598,69,473,1309,250
1583: 930,1867,103,2048,498,1391
1584: 502,455,1523,1683,843,2001
1585: 978,3,1203,2029,577,118
1586: 1500,804,1776,1705,595
1587: 249,1197,1978,157,578,611
1588: 1901,400,881,1338,1422,646
1589: 1911,1744,382,647,546,1767
1590: 218,1773,1759,853,714,1979
1591: 1292,498,1954,1192,1882,1022
1592: 608,1924,1368,1643,12,592
1593: 923,1870,310,1417,1509,124
1594: 828,1950,641,1786,1223,931
1595: 1016,1741,420,2034,284,1346
1596: 502,1523,136,1190,1941,591
1597: 1423,196,322,1735,1405,122
1598: 326,789,932,69,743,1582
1599: 1996,26,267
1600: 1620,821,209,1158,25,171
1601: 491,1293,790,560,173,1310
1602: 1302,1701,2039,1820,709,872,335
1603: 630,1734,99,685
1604: 735,383,2046,1172,552,862
1605: 1982,259,942,701,1768,785
1606: 419,825,1795,95,623,432
1607: 295,210,1908,1925,80,850
1608: 844,1677,1156,557,175,459
1609: 1765,1326,645,1012,419,1795
1610: 913,350,1931,401,113,1491
1611: 904,327,1420,1672,518,1926
1612: 731,931,1499,1128,1451,114
1613: 943,676,131,1537,801,1256,1497
1614: 2019,1503,108,933,399,1907
1615: 1308,1933,802,439,629,805
1616: 1941,675,810,686,421,1807
1617: 587,291,465,1675,193,1193
1618: 379,543,625,447,1259,1398
1619: 1076,1275,1574,123,1019,916
1620: 1600,1004,821,934,25,1940
1621: 1243,1236,986,1711,423,957
1622: 766,2042,1413,205,942,995
1623: 1719,749,180,412,344
1624: 673,1000,430,257,1432,684
1625: 346,1789,987,1820,224,1069
1626: 331,273,1152,1403,316,60,1063
1627: 309,1797,1689,799,231,767
1628: 1496,1743,339,34,325,1448
1629: 312,1462,1120,768,1547,947
1630: 841,463,1558,1223,633,1499
1631: 2008,681,59,1572,378,855
1632: 320,794,1471,1092,1532,1378
1633: 453,1412,715,1826,1839,1849
1634: 152,632,1957,36,1973
1635: 1384,544,1362,732,31,101,1388
1636: 111,516,1257,644,707,433,1208
1637: 526,1341,258,436,683,1363
1638: 42,356,1829,834,1038,512
1639: 1653,1753,967,1023,371,9
1640: 1712,429,1904,762,1299,268
1641: 698,208,1702,979,1344,2035
1642: 795,11,1180,496
1643: 225,1018,340,1924,1592,592
1644: 2007,78,734
1645: 1411,723,214,677,717,472
1646: 1544,1879,1011,1496,163,1743
1647: 796,1575,393,1913,1872,2036
1648: 1043,1008,1143,285,207,222
1649: 1758,1062,656,960,1805
1650: 996,461,1757,440,1339,956
1651: 382,1576,95,1143,285,647
1652: 816,1852,1365,1337,699,422
1653: 52,1639,1023,499,371,1429
1654: 511,1124,1327,501,716,605
1655: 1848,294,1970,861
1656: 1434,446,1964,970,85,1887,215
1657: 516,367,769,1257,1325,33
1658: 579,778,1405,362,1331,1685
1659: 736,1322,1377,2017,144,1948
1660: 134,57,988,1201,1508,798
1661: 1348,770,667,1274
1662: 259,1768,1529,392,786,1461
1663: 418,500,1024,949,463,1558
1664: 88,2023,700,1106,761,603
1665: 742,1511,1713,260,580,759
1666: 771,779,790,415,221,366
1667: 945,402,47,1924,581,340
1668: 1484,1210,1021,1115,669,317
1669: 679,1691,398,8,1952,798
1670: 877,1516,1215,717,606
1671: 1476,626,1704,464,1261,876
1672: 327,718,1611,518,1350,385
1673: 1206,194,545,572,211,353
1674: 1024,430,1265,39,1432,500
1675: 1859,1228,989,1193,1617,465
1676: 1080,852,1514,297,552,862
1677: 844,1608,175,950,425,313
1678: 571,1041,987,1363,92,212,1780
1679: 1084,495,582,1204,1290,926
1680: 1170,856,1814,604,1944,286
1681: 64,951,1297,1770,653,5
1682: 1717,667,213,1251
1683: 843,169,920,1584,1523,1580
1684: 40,1555,830,1947,1516,472
1685: 308,1194,1331,1658,474,778
1686: 1838,44,1075,1766,132,1776
1687: 417,882,559,1713,829,401
1688: 1360,1001,1340,764,1052,14
1689: 309,1627,608,799,1892,1368
1690: 2018,139,181,1825,772,696
1691: 59,1669,8,1952,961,952
1692: 16,672,1701,2039,583,1789,1241
1693: 792,1433,1285,851,466,355,1383
1694: 549,1853,76,1097,214,1215
1695: 1994,1325,906,1123,808,270,33
1696: 478,3,1116,1791,1203,219
1697: 1951,1435,1417,589,124,670
1698: 180,1207,4,845,1264,410
1699: 56,1087,1334,91,671,981
1700: 1111,384,1708,1009,754,747
1701: 1302,672,1602,216,1692,2039
1702: 1718,698,71,208,1641,434
1703: 1230,1979,1775,325,853,34
1704: 254,900,464,1005,1671,1476
1705: 1500,1586,595,481,264,1201
1706: 1798,1844,1960,473,152,36
1707: 1519,454,596,97,392,1529
1708: 523,384,1700,1009,1064,614
1709: 1423,1857,597,1988,196,1983
1710: 1397,360,1945,752,1359,1052
1711: 154,1306,423,1621,957
1712: 476,429,1640,768,598,883,268
1713: 742,1687,417,1665,1511,559
1714: 1112,947,806,164,1462,997
1715: 523,812,1242
1716: 1408,1276,1863,361,1379,1033
1717: 1163,721,121,1682,213
1718: 1071,71,592,434,1702,225
1719: 1623,180,1207,395
1720: 615,1824,167,1900,1874,1855
1721: 1426,350,113,1378,133,755
1722: 96,946,1734,524,99,445
1723: 354,616,1371,70,2004,509
1724: 575,1205,1350,385,63,1756
1725: 1760,191,1918,1155,832
1726: 1098,474,875,778,1031,906,270
1727: 5,1441,1245,915,640,61
1728: 1504,1921,673,842,813,41
1729: 4,841,1264,1128,1312,271
1730: 1799,1142,234,733,480,1541
1731: 666,1905,490,914,634,2021
1732: 697,885,211,438,545,1053
1733: 1803,158,1173,597,1983,635
1734: 96,1722,1603,99
1735: 943,322,1993,1405,362,1597
1736: 1280,1303,1502,2000,791,1389
1737: 1271,1525,354,1371,789,743
1738: 1800,618,390,1862,974,1822
1739: 383,2046,1268,581,831,687
1740: 892,744,1103,359,726
1741: 1016,989,1595,420,1859,1990
1742: 781,1101,468,233,1538,1452
1743: 1496,1646,163,34,489,1628
1744: 1589,1911,1467,38,1094,894,546
1745: 311,29,865,1912,1986,819,937
1746: 1083,973,1858,1156,1029,948
1747: 256,1489,873,700,1182,475
1748: 1543,1183,294,958,82,1781
1749: 223,213,1251,151,1392,609
1750: 1809,117,1147,1310,1549,919
1751: 1453,35,388,619,998,1067
1752: 1443,864,2012,79
1753: 959,1639,967,1023,1527,1542
1754: 287,412,1915,344
1755: 115,760,358,1505,1272,1888
1756: 63,120,924,1891,385,1724
1757: 735,2046,1650,996,440,831
1758: 1130,244,323,1649,1062,656
1759: 218,492,1590,1545,714,1262,878
1760: 1725,1918,832,1366,849,318
1761: 1928,1165,765,674,43,1188
1762: 1313,460,1305,525,16,583
1763: 865,1978,1986,561,1444,157
1764: 659,172,782,125,953,1084
1765: 307,1326,1609,419,1576,969
1766: 1838,1686,1776,595,988,398
1767: 295,1895,546,1925,1589,599,647
1768: 259,701,1605,1529,1662,902
1769: 629,72,767,1042,1797,802
1770: 161,529,731,1297,64,1681
1771: 686,709,1195,335,45,345
1772: 994,75,1006,1992,416,451
1773: 218,745,1590,702,853,489
1774: 189,1406,814,315,1158,25
1775: 1356,325,165,521,1703,1230
1776: 1586,804,595,1686,44,1766
1777: 526,1409,1040,426,809,916
1778: 86,1897,547,1984,992,1178
1779: 22,682,2011,922,1868,275
1780: 678,212,258,571,1678,1363
1781: 1048,612,294,1748,82,861
1782: 381,1304,1898,1832,363,576
1783: 122,1871,1109,308,1331,314
1784: 1440,23,155,461,508,1231
1785: 1250,185,2028
1786: 641,1007,1968,1594,941,1950
1787: 1002,1448,590,765,339,292
1788: 1874,562,269,1855,565,127,1126
1789: 276,346,987,1241,1625,1820,1692,2039,1069
1790: 279,628,1307,777,729,1179,435
1791: 1696,1203,899,420,1990,219
1792: 1946,1232,331,60,1813,758
1793: 1362,1282,1507,732,462,833
1794: 104,148,1140,690,432,623
1795: 419,1606,1958,432,1609,1012
1796: 837,229,741,436,1134,1040
1797: 722,309,1627,767,1769,72
1798: 473,1706,1963,152,1219,69
1799: 815,1730,1142,480,781,233
1800: 1493,618,1150,390,153,1738
1801: 866,135
1802: 301,55,919,773,437,1317
1803: 1733,497,158,972,635,364
1804: 83,892,527,1103
1805: 775,960,365,797,566,1649,1062
1806: 1836,35,1498,935,1400,1511
1807: 116,345,686,421,1941,1616,136
1808: 998,1520,452,554,197,1107
1809: 466,1383,117,173,1750,1310
1810: 1030,1989,759,935,1991
1811: 73,1976,925,302,1347,760
1812: 130,788,1946,366,1875,1573
1813: 316,60,421,1792,810,758
1814: 438,1170,1680,1382,655,286
1815: 976,329,1514,192,1172,862
1816: 772,1910,1817,696,330,67,347
1817: 1910,1816,886,1923,347
1818: 1426,1067,554,126,1931,113
1819: 658,869,1157,516,367,1267,270
1820: 1789,1625,1602,2039,709,45,1069
1821: 1189,1075,83,963,527,550
1822: 553,478,2013,974,390,1738
1823: 37,824,637,310,1509,1898
1824: 615,1720,661,1874,406,563
1825: 2018,181,1690,835,576,1890
1826: 176,1521,1839,564,453,1633
1827: 536,351,601,456,493,2024
1828: 618,1240,153,1513,1886,98
1829: 356,77,908,1638,719,834
1830: 944,1255,1254,88,293,1106,237
1831: 722,1154,857,990,1131,1320
1832: 1782,363,661,1176,835,576
1833: 536,896,601,494,144,871
1834: 220,427,1876,929,701,785
1835: 17,528,1354,602,376,1066
1836: 35,1806,619,417,1511,882
1837: 415,221,740,1152,1343,1403
1838: 1686,1766,132,679,398,266
1839: 1826,564,1633,638,2003,1849
1840: 689,154,1050
1841: 320,1532,573,2044,311,29
1842: 913,1536,1491,334,234,1229
1843: 735,1172,192,1390,996,155
1844: 1960,852,1706,36,574,403
1845: 1455,848,30,1565,517,1167
1846: 182,27,1849,715,938,2015
1847: 439,568,629,443,72,1131
1848: 1655,1543,294
1849: 182,2003,1846,1839,1633,715
1850: 312,94,1581,103,1854,1022
1851: 170,1059,688,272,734,78
1852: 888,348,1365,1652,1337,306
1853: 1694,864,549,166,1342,1097
1854: 312,1462,103,1850,997,2048
1855: 1874,1878,1788,565,1720,167
1856: 1283,349,1427,1026,533,1329
1857: 1709,196,1983,2029,314,118
1858: 1083,883,268,973,81,1746
1859: 87,1228,1990,1675,989,1741
1860: 1216,723,1577,76,822,1997
1861: 674,944,6,1470,119,1270
1862: 974,745,702,585,618,1738
1863: 263,1507,361,156,1408,1716
1864: 1981,104,148,399,1503,517,1336
1865: 1082,2020,1273,540,84,140
1866: 1556,1198,654,921,1299,81
1867: 724,1583,930,1042,1391,1217
1868: 922,1441,1779,682,275,226,1086
1869: 1091,901,1468,737,375,507
1870: 923,1593,1417,911
1871: 1783,1109,2029,235,314,978
1872: 90,145,2036,796,513,1647
1873: 227,1351,636,1551,1088,1510,262
1874: 1788,1855,127,1720,1824,406
1875: 221,366,331,1152,1812,1946
1876: 278,902,905,929,701,1834
1877: 1563,241,105,1966,1294
1878: 484,1855,565,230,1136,167
1879: 1544,1244,1646,163,65,283
1880: 863,940,1278,183,1968,941
1881: 1348,607,1914,1492,168
1882: 246,1954,1192,965,1352,1591
1883: 739,99,445,685,1291,737
1884: 1082,1168,918,1481,239,903
1885: 1459,505,220,1252,449,100
1886: 1513,65,669,964,98,1828
1887: 85,215,1945,239,538,1656
1888: 936,291,1347,1755,115,760
1889: 1121,793,1474,1270,6,202
1890: 2018,222,1825,835,969,307
1891: 898,1213,1756,120,718,385
1892: 146,47,1368,818,1689,799
1893: 1372,2045,413,1222,236,1418
1894: 1942,812,289,1242,46
1895: 295,546,444,1178,1925,1767,894
1896: 1070,236,2045,150,761,603
1897: 86,811,547,1239,1416,1778
1898: 381,1782,1509,363,1823,37
1899: 627,1579,1013,304,1044,846
1900: 615,1720,167,37,827,637
1901: 1234,1588,400,646,562,269
1902: 223,151,397,1238,1535,514
1903: 1314,884,1185,493,1929,2024
1904: 1419,429,1640,762,318,705
1905: 1731,490,1515,914,1043,1370
1906: 763,1105,1248,2030,708,1148
1907: 313,48,1614,844,108,933
1908: 1607,444,1925,1181,850,24
1909: 652,622,237,1161,1151,1546
1910: 1817,1816,886,342,330,725
1911: 1589,1349,1467,1744,382,825
1912: 311,1745,865,567,1225,573
1913: 1548,1265,39,393,1647,2036
1914: 1881,607,53,1053,168,885
1915: 344,1065,529,1754,287,586
1916: 2037,28,1036,57,1952,961
1917: 1463,128,1074,567,184,1921
1918: 1760,191,1725,442,849,1980
1919: 887,147,424,593,7,1927
1920: 1014,1539,1125,1540,917,165
1921: 1504,184,1728,1917,1463,842
1922: 689,1415,1110,1050,504
1923: 1817,886,609,347,223,1535
1924: 1667,47,1368,340,1643,1592
1925: 295,1607,210,1895,1908,444,1178,1767
1926: 1360,518,904,1611,1005,900
1927: 593,887,1919
1928: 1165,255,1761,454,674,1470
1929: 370,1096,924,2024,1314,1903
1930: 1425,1436,174,1344,1320,990
1931: 1610,401,113,882,1818,126
1932: 644,1267,455,1208,198,2001
1933: 1615,1308,1217,300,802,975
1934: 772,330,139,1008,15,1515
1935: 456,999,493,763,651,1185
1936: 1133,1970,129,861,1124,612
1937: 1184,238,1102,1291,1196,290
1938: 203,1425,460,16,672,2032
1939: 254,752,1359,464,1015,84
1940: 814,1285,1469,1620,1004,25
1941: 675,1616,591,1807,1596,136
1942: 812,1894,289,730,939
1943: 991,1410,162
1944: 1113,604,17,1169,1680,286
1945: 1887,1710,1397,360,239,538
1946: 130,1812,1792,1232,1875,331
1947: 877,1516,40,1684
1948: 66,668,1226,199,1659,736,1322
1949: 1136,240,1234,1017,484
1950: 1594,328,941,828,962,1786
1951: 1392,1402,1435,121,1697,670
1952: 1669,1691,57,798,1916,961
1953: 1490,1487,106,1573,788,1296
1954: 1292,246,851,1882,1591,324
1955: 968,457,1454,1028,1455,784
1956: 1349,1467,38,1003,690,1971,610
1957: 152,1634,1219,726
1958: 1981,148,432,704,1012,1795
1959: 68,1450,938,891,2015,1077
1960: 1080,1844,473,852,1706,1309
1961: 491,1293,1259,625,1004,934
1962: 11,691,1032,1099,317,1210
1963: 359,1376,1219,326,69,1798
1964: 446,9,970,1656,1253,1482
1965: 1146,720,1976,693,299,137
1966: 1877,241,105,1221,640,1401
1967: 927,1450,138,1077,450
1968: 1034,1007,1786,183,1880,941
1969: 402,2026,146,509,663,1266
1970: 1936,866,1133,861,1655
1971: 1438,610,48,1140,690,1956
1972: 887,147,1415
1973: 584,1521,1634,632,36,403
1974: 1580,636,1561,1447,1551,169
1975: 611,18,142,1550,1045,1200
1976: 73,720,1965,693,1811,925
1977: 188,54,823,74,1093,1369
1978: 865,1763,1225,249,1587,157
1979: 143,1703,714,1230,1590,853
1980: 1184,849,1918,442,524,1102
1981: 1864,148,1958,704,1336
1982: 942,1605,785,1459,1413,428
1983: 1709,1857,597,1733,158,118
1984: 1094,894,992,209,1178,1778
1985: 1380,1056,159,305,837,1134
1986: 1745,865,1763,819,107,1444
1987: 596,282,905,97,1533,404,255
1988: 1709,1423,49,597,1393,660
1989: 1030,727,1810,1488
1990: 1859,87,219,1791,1741,420
1991: 471,935,680,1400,1810
1992: 750,1353,1374,416,1772,1006
1993: 943,1510,262,631,1735,1351,362
1994: 1031,847,1695,906,1123,836
1995: 1399,707,2016,433,21,867
1996: 1599,26,1180,662
1997: 76,485,1097,822,2009,1860
1998: 888,348,1122,244,188,1093
1999: 868,201
2000: 719,1375,617,1736,1303,77,1389
2001: 843,869,1584,455,1267,1932
2002: 1428,712,1544,50,555,283
2003: 182,982,1849,1839,976,638
2004: 70,889,441,250,1723,1371
2005: 292,977,392,786,1519,590
2006: 435,407,706,777,1282,232,1528
2007: 1569,1644,890,78
2008: 1266,1631,681,1567,378,616
2009: 485,822,1997,160,1324,858
2010: 191,907
2011: 873,22,1779,1355,682,368
2012: 1563,241,79,1752
2013: 478,1262,1116,492,974,1822
2014: 182,27,982,694,1390,23
2015: 891,870,938,1959,27,1846
2016: 1399,817,707,1566,1995,488
2017: 1659,1377,372,341,144,871
2018: 222,139,1690,1825,1890,1008
2019: 2,338,1486,1503,1614,108
2020: 1082,797,1865,566,396,140
2021: 534,80,1247,1731,666,490
2022: 143,109,714,1194,728,1545
2023: 88,700,1321,1664,542,475
2024: 1929,1096,1903,493,601,1827
2025: 62,1166,19,903,699,537
2026: 945,402,1969,1035,70,509
2027: 407,556,1460,971,89,1211
2028: 1785,185,1010,1387,600
2029: 1871,314,1857,118,978,1585
2030: 708,13,1430,628,31,1148,1906
2031: 130,624,643,149,788,1296
2032: 522,672,216,203,1938,20
2033: 1089,10
2034: 1016,1595,1284,284,993,1374
2035: 1313,174,1344,1641,979,261
2036: 90,1132,1872,1647,1913,39
2037: 1419,1916,28,476,429,1036
2038: 1554,110,891,870,1095,787
2039: 1602,1701,1692,1789,1241,1820,709
2040: 648,1145,186,893,1150,1394,1552
2041: 994,659,1160,1079,299,1204,693
2042: 1108,1622,766,187,2043,995
2043: 337,1501,995,530,1108,2042
2044: 1056,159,1159,320,1841,29
2045: 594,413,1893,1896,236,150,1560
2046: 735,383,1604,1757,1739,831
2047: 1422,30,784,840,839,1338
2048: 103,1854,997,1288,1583,930