0: 848,517,269,298,704
2: 338,457,968,108,557,650
3: 577,219,899,978,478,569
4: 845,410,910,180,749,633
5: 915,653,922,414,61,951
6: 119,404,793,944,202,674
7: 147,887,593,353,424
8: 59,952,798,177,679
9: 756,967,446,970,371,1023
10: 680,980,380
11: 317,747,754,691,795,662
12: 434,857,592,309,608,722
13: 854,178,811,389,628,708
14: 900,1001,518,764,360,254
15: 139,772,1008,725,914,330
16: 583,460,20,203,525,672
17: 602,604,898,528,286,112
18: 512,774,611,142,863,183
19: 62,422,537,665,903,699
20: 984,16,203,301,522,672
21: 867,352,594,433,707,111
22: 368,682,962,828,414,253
23: 694,461,508,27,982,155
24: 444,448,850,534,651,999
25: 934,1004,315,209,757,814
26: 267,662,187,530
27: 938,870,182,982,23,694
28: 318,832,57,961,429,476
29: 937,311,159,320,229,837
30: 848,784,646,881,840,839
31: 544,351,763,708,279,462
32: 720,991,303,748
33: 270,367,808,906,516,769
34: 325,339,853,745,489,163
35: 357,619,380,882,417,935
36: 852,473,632,152,403,574
37: 310,381,637,615,824,363
38: 825,690,1003,171,382,546
39: 796,245,90,393,813,1024
40: 877,472,830
41: 1000,813,673,558,880,842
42: 908,512,369,356,834,510,954
43: 765,917,343,119,674,454
44: 963,132,804,595,398
45: 709,346,335,345,224,535,987
46: 812,289,477,520,523
47: 146,608,402,581,340,592
48: 425,399,690,610,933,313
49: 660,322,196,597,676,373
50: 712,786,1011,977,283,555
51: 138,727,450,759,260,580
52: 487,499,750,807,993,972
53: 168,332,438,856,885,607
54: 74,897,823
55: 301,568,805,919,773,437
56: 91,876,479,621,626,671
57: 988,832,28,961,798
58: 658,869,227,920,843,169,636
59: 952,177,8,806,855,378
60: 316,872,273,331,421,758
61: 915,922,226,5,532,640
62: 19,371,422,487,499,537
63: 924,120,494,385,575
64: 653,951,161,731,529,586
65: 489,964,669,98,585
66: 199,1020,736,446,756,668
67: 589,670,696,121,609,347
68: 927,486,891,938
69: 359,789,473,152,326,932
70: 889,441,509,402,297,945,581
71: 434,208,225,698,928,746
72: 439,629,722,443,309,767
73: 302,925,760,720,303,358
74: 54,823,188,985,319
75: 1006,172,994,750,451,416
76: 549,160,485,822,214,723
77: 908,834,719,617,791,613
78: 272,688,890,734
79: 864,241,166
80: 210,490,850,666,534,634
81: 268,921,883,654,973,650
82: 958,388,197,861,612
83: 527,892
84: 140,396,918,752,1015,540
85: 1020,538,446,215,239,970
86: 992,379,448,811,547,821
87: 420,553,664,193,989,465
88: 944,202,542,700,293,603
89: 248,826,556,780,971,407
90: 796,245,39,627,145,410
91: 876,56,540,981,671,365
92: 503,212,791,678,570,617
93: 940,863,369,510,386,713
94: 103,243,312,948,1022,703
95: 825,432,419,969,382,647
96: 524,946
97: 392,905,596,701,902,259
98: 153,585,618,65,195,1021
99: 685,737,739,524,445
100: 505,449,785,830,427,220
101: 544,536,732,199,896,263
102: 780,971,810,458,920,591,675
103: 312,997,930,94,1022,498
104: 338,933,517,704,399,148
105: 915,879,333,241,640
106: 389,729,779,788,543,854
107: 157,336,937,865,561,819
108: 2,338,933,313,557,844
109: 483,847,836,143,714,728
110: 891,870,450,260,787,657
111: 639,769,433,352,21,516
112: 327,718,17,898,655,286
113: 913,133,350,126,401,554
114: 931,841,731,828,253
115: 730,289,358,520,936,760
116: 874,535,345,136,686,515
117: 560,355,251,919,466,173
118: 314,196,158,978,597,577
119: 944,6,652,343,43,674
120: 924,738,370,898,63,385,718
121: 721,213,151,67,670,609
122: 322,314,196,362,308,778
123: 305,815,1019,916,781,751
124: 310,589,911,670,381
125: 953,172,348,782,659,816
126: 882,401,619,998,113,554
127: 298,406,563,562,565,167
128: 280,755,573,842,184,567
129: 170,605,866,861,612
130: 149,788,366,331,643,758
131: 248,943,631,431,801,676
132: 963,44,550,266,398,679
133: 113,280,350,755,391,554
134: 191,481,907,832,849
135: 866,272
136: 591,675,686,116,502,515
137: 693,925,299,495,720,748
138: 727,450,51,927
139: 181,285,15,772,222,1008
140: 396,84,540,365,797,566
141: 384,614,747,523
142: 257,684,611,578,18,183
143: 853,483,109,714,521,325
144: 494,536,601,575,871,896
145: 796,627,846,90,890,513
146: 799,818,608,47,663,402
147: 7,887,424,983
148: 432,399,623,104,1012,704
149: 130,729,788,206,624,643
150: 352,236,594,761,603,860
151: 213,667,121,397,223,609
152: 359,726,473,632,69,36
153: 98,390,618,893,195,186
154: 957,423,504,689
155: 982,192,735,996,23,461
156: 732,833,531,263,361,539
157: 249,107,611,578,865,561
158: 118,635,597,577,364,497
159: 305,751,649,320,837,29
160: 76,541,485,858,711,822
161: 731,271,529,344,64
162: 730,358,991,303
163: 283,489,964,339,1011,34
164: 997,947,806,855,200,394
165: 521,325,339,1002,917,1014
166: 241,469,549,485,79,864
167: 827,615,565,127,563
168: 53,885,607,409,274
169: 826,636,780,920,843,58
170: 688,501,129,513,605
171: 38,1003,315,209,546,894,992
172: 1006,994,125,659,816,75
173: 491,466,1004,560,790,117
174: 990,979,460,203,857,698
175: 965,246,950,703,459,844
176: 403,584,453,564,638
177: 59,743,8,679,378,266
178: 448,811,13,651,763,708
179: 733,787,508,217,657,470
180: 395,4,845,749,412
181: 696,139,835,772,576,222
182: 564,976,715,938,27,982
183: 863,1007,941,142,684,18
184: 249,567,128,842,1000
185: 776,428,1010,600
186: 893,195,648,587,482,153
187: 1010,995,530,766,26
188: 888,244,782,74,823,319
189: 965,950,792,425,757,814
190: 874,281,895,613,838,695
191: 907,134,849,946,442
192: 982,155,552,996,976,329
193: 302,783,966,989,87,291,465
194: 479,626,1005,353,211
195: 186,482,153,98,1009,1021
196: 322,314,118,122,49,597
197: 388,82,998,511,452,612
198: 433,411,707,455,488,644
199: 736,896,66,101,263,668
200: 231,394,818,164,997,930
201: 265,868,926,495,582
202: 296,793,944,6,542,88
203: 984,16,990,174,460,20
204: 957,986,277,349
205: 712,942,259,995,786,766
206: 149,624,556,971,458,643
207: 210,490,599,647,285,1008
208: 71,698,746,916,979,426
209: 934,25,315,821,171,992
210: 80,490,850,207,599,295
211: 353,697,545,572,194
212: 503,224,92,987,571,678
213: 721,667,121,151
214: 717,677,723,76,549,606
215: 918,239,903,970,85,537
216: 709,872,335,522,672,620
217: 733,912,179,508,233,480
218: 853,878,714,492,702,745
219: 3,420,899,553,478
220: 427,929,902,701,785,100
221: 415,771,273,331,740,366
222: 139,181,285,835,969,307
223: 609,886,342,514,151,397
224: 503,212,895,535,987,45,346
225: 71,434,1018,340,592,928
226: 922,61,275,955,532,551
227: 658,875,579,58,262,636
228: 666,738,370,634,528,376
229: 436,837,741,937,819,29
230: 827,565,240,484
231: 200,799,724,818,767,930
232: 431,833,777,407,531,706
233: 912,217,956,480,815,781
234: 334,913,733,829,480,642
235: 308,878,728,314,978,569
236: 150,413,588,594,548,761
237: 293,652,800,639,860,622
238: 654,762,445,705,739,290
239: 215,918,752,360,85,538
240: 484,1017,230
241: 469,166,640,105,79
242: 820,507,839,881
243: 312,768,948,94,598,883
244: 888,960,188,323,656,823
245: 39,90,410,949,910,1024
246: 965,1022,175,324,703,851
247: 467,737,901,840,739,290
248: 826,89,131,631,431,407
249: 184,157,567,578,865,1000
250: 354,889,441,852,789,473
251: 802,805,919,355,975,117
252: 867,817,413,954,405,356
253: 653,414,828,114,731,22
254: 464,1015,900,14,360,752
255: 674,905,596,454,282,404
256: 700,475,710,873,548,761
257: 142,1000,684,430,673,578
258: 571,436,678,526,683,741
259: 205,942,786,97,392,701
260: 450,51,580,110,742,657
261: 979,460,525,426,526,683
262: 362,943,631,636,579,227
263: 361,668,101,156,732,199
264: 804,595,481,907
265: 985,201,926
266: 550,132,932,743,177,679
267: 26,600
268: 429,598,883,654,81,762
269: 848,400,646,0,562,298
270: 658,367,33,906,875
271: 161,749,841,731,633,344
272: 688,78,135,734
273: 221,331,740,60,872,620
274: 593,697,168,885,409
275: 475,682,873,922,226,955
276: 571,683,583,525,346,987
277: 204,986,775,960,656,349
278: 822,723,929,902,905,282
279: 777,462,435,628,31,708
280: 133,128,755,880,391,842
281: 503,190,895,791,613,838
282: 255,905,858,404,822,278
283: 964,163,555,1011,50
284: 420,993,1016,972,899,497
285: 139,222,969,1008,207,647
286: 655,438,856,604,17,112
287: 692,586,529
288: 800,622,808,506,483,521,1014
289: 939,812,730,46,115,520
290: 467,247,739,921,238,654
291: 465,587,936,760,193,302
292: 1011,1002,765,977,590
293: 652,603,237,860,944,88
294: 866,861
295: 210,850,599,546,894,444
296: 955,793,202,542,711,551
297: 945,862,552,383,441,70
298: 406,127,704,0,562,269
299: 994,582,659,137,693,495
300: 629,802,724,498,324,975
301: 568,55,984,20,437,522
302: 193,73,966,925,291,760
303: 720,991,32,73,358,162
304: 909,1013,846
305: 123,159,916,751,837,809
306: 888,566,323,665,348,699
307: 419,645,661,835,222,969
308: 847,235,728,778,314,122
309: 799,608,767,12,72,722
310: 911,124,37,824
311: 937,567,865,29,320,573
312: 103,243,997,947,768,94
313: 933,108,844,950,425,48
314: 118,196,122,978,235,308
315: 25,209,757,1003,610,171
316: 60,872,335,345,421,686
317: 11,754,1021,691,377,669
318: 832,849,28,705,429,762
319: 985,926,188,953,782,74
320: 794,649,573,159,311,29
321: 476,947,768,961,952,855
322: 196,122,49,676,362,943
323: 888,960,797,566,244,306
324: 246,1022,498,851,975,300
325: 521,165,339,34,853,143
326: 527,550,892,932,359,69
327: 112,904,572,718,518,655
328: 940,941,641,962,828,931
329: 638,574,976,862,192,552
330: 725,886,347,15,772
331: 221,273,60,130,366,758
332: 53,856,397,514,770,607
333: 692,879,586,915,105,951
334: 794,913,649,350,234,642
335: 45,709,316,872,216,345
336: 107,561,819,570,719,617
337: 712,995,530,377,555,691
338: 2,968,933,108,104,517
339: 325,165,1011,34,1002,163
340: 225,1018,592,581,687,47
341: 764,372,1020,538,871,736
342: 725,602,223,604,886,514
343: 652,622,119,917,43,1014
344: 412,529,161,749,271
345: 45,316,335,535,116,686
346: 45,709,583,276,224,987
347: 330,609,886,67,696,772
348: 782,125,816,699,888,306
349: 533,204,277,656,897
350: 113,334,794,913,133,755
351: 544,31,536,456,601,763
352: 150,21,594,111,639,860
353: 7,593,424,697,211,194,479
354: 250,616,889,789,743,378
355: 851,792,975,251,466,117
356: 908,405,42,510,252,954
357: 980,958,619,380,388,35
358: 730,162,115,73,760,303
359: 726,152,69,744,892,326
360: 764,538,14,254,239,752
361: 263,408,519,668,539,156
362: 262,943,579,322,122,778
363: 835,576,615,661,37,381
364: 972,497,959,158,635,807
365: 981,775,91,540,140,797
366: 130,779,788,221,771,331
367: 270,658,33,516,869,644
368: 386,22,710,682,873,962
369: 512,42,510,863,93
370: 924,666,228,738,120,884
371: 62,499,537,1023,9,970
372: 764,341,575,871,385,1001
373: 408,539,801,660,49,676
374: 864,606
375: 685,737,507,901,630
376: 725,602,914,228,634,528
377: 964,555,669,337,317,691
378: 59,743,177,806,354,681,616
379: 854,86,811,821,625,543
380: 980,357,35,680,10,935
381: 589,124,37,363,576
382: 599,647,546,825,38,95
383: 297,945,831,552,996,687
384: 141,614,1009,747,754
385: 1001,718,518,120,63,575,372
386: 368,713,710,940,93,962
387: 911,670,923,721
388: 357,958,619,82,998,197
389: 106,435,729,628,854,13
390: 153,974,553,618,664,893
391: 753,880,452,554,280,133
392: 97,977,590,596,259,786
393: 558,716,501,813,796,39
394: 200,818,663,806,681,164
395: 909,1013,180,845
396: 665,140,918,84,903,566
397: 667,151,223,514,770,332
398: 798,679,595,44,132,988
399: 48,148,623,690,933,104
400: 646,562,881,269,484,1017
401: 126,882,829,559,113,913
402: 509,70,581,146,47,663
403: 584,176,638,574,632,36
404: 858,793,6,674,255,282
405: 908,356,613,838,817,252
406: 298,1012,127,645,563,704
407: 232,431,706,556,248,89
408: 803,361,519,373,539,660
409: 168,274
410: 245,4,627,845,90,910
411: 502,198,455,488,515,695
412: 344,180,749
413: 867,252,236,954,588,594
414: 653,922,5,253,22,682
415: 221,560,790,771,773,740
416: 783,451,989,750,993,1016,75
417: 742,882,559,935,580,35
418: 1007,641,500,949,463,931
419: 1012,645,307,432,95,969
420: 219,284,1016,87,899,989
421: 810,675,686,758,316,60
422: 19,62,487,1006,816,699
423: 154,957,986,981,504,671
424: 7,147,353,479,621,983
425: 48,610,313,950,189,757
426: 526,809,208,916,979,261
427: 472,677,220,929,100,830
428: 449,185,785,942,1010,766
429: 268,598,762,318,28,476
430: 257,684,500,1024,673
431: 232,801,407,531,248,131
432: 825,148,623,95,419,1012
433: 198,707,644,21,516,111
434: 71,12,225,857,592,698
435: 389,729,628,624,279,777,706
436: 229,837,258,526,741,809
437: 773,740,301,55,522,620
438: 655,53,286,856,545,885
439: 72,568,629,443,802,805
440: 1018,928,831,735,956,468
441: 250,889,70,852,297,862
442: 524,946,445,191,849,705
443: 72,439,568,722,984,990
444: 24,448,547,850,295,894
445: 524,442,705,99,739,238
446: 85,1020,66,9,756,970
447: 790,771,491,625,779,543
448: 24,444,178,86,811,547,651
449: 776,505,785,100,428
450: 138,51,260,927,891,110
451: 783,966,693,416,994,75
452: 753,391,511,554,998,197
453: 176,564,715
454: 674,590,255,596,765,43
455: 502,411,198,843,644,869
456: 651,493,999,351,601,763
457: 2,968,650,467,921,784
458: 780,971,810,102,643,206
459: 973,557,844,948,175,703
460: 16,979,174,261,203,525
461: 23,912,508,956,155,735
462: 732,279,833,777,544,31
463: 931,841,633,949,910,418
464: 876,1015,626,254,1005,900
465: 291,893,587,87,664,193
466: 1004,814,173,355,792,117
467: 247,840,290,921,784,457
468: 1019,781,956,440,928,746
469: 241,166,541,485,532,640
470: 742,657,829,559,733,179
471: 727,759,680
472: 427,717,677,877,40,830
473: 852,789,152,69,36,250
474: 906,875,579,847,836,778
475: 700,275,256,873,955,542
476: 321,768,28,961,429,598
477: 520,648,482,614,46
478: 974,492,553,569,3,219
479: 56,194,621,626,353,424
480: 815,642,733,217,233,234
481: 988,907,134,264,595
482: 477,195,648,186,614,1009
483: 836,143,109,506,288,521
484: 240,1017,400,562,230,565
485: 76,469,166,541,549,160
486: 68,715,938
487: 52,62,422,499,750,1006
488: 411,198,707,838,695,817
489: 65,964,163,34,745,585
490: 210,80,207,1008,914,634
491: 934,1004,625,173,447,790
492: 974,702,478,569,218,878
493: 999,494,456,601,924,884
494: 144,493,601,924,63,575
495: 868,201,299,582,137,748
496: 795,747
497: 577,284,972,899,364,158
498: 1022,324,103,930,724,300
499: 52,62,371,487,1023,807
500: 684,430,1024,949,1007,418
501: 170,513,605,393,716,796
502: 411,843,455,515,136,591
503: 212,224,92,281,895,791
504: 154,423,671,621,689,983
505: 776,449,100,830
506: 808,906,288,483,836
507: 375,901,839,242
508: 23,694,461,787,912,179,217
509: 681,616,889,70,402,663
510: 369,42,356,93,954,588,713
511: 753,452,612,716,197,605
512: 18,369,42,774,834,863
513: 688,501,170,890,796,145
514: 223,604,342,397,332,856
515: 502,411,695,874,116,136
516: 367,33,433,644,111,769
517: 848,0,338,968,104
518: 385,904,900,327,1001,718,14
519: 803,408,756,361,967,668
520: 477,648,936,289,46,115
521: 325,165,1014,288,483,143
522: 216,672,620,301,20,437
523: 141,614,46
524: 96,946,445,442,99
525: 16,583,460,261,276,683
526: 426,436,258,683,809,261
527: 83,963,550,892,326
528: 228,738,898,602,17,376
529: 344,161,64,287,586
530: 187,995,337,691,26,662
531: 232,156,431,801,833,539
532: 469,541,551,640,226,61
533: 349,897
534: 666,884,80,850,24,999
535: 224,874,895,116,45,345
536: 144,544,351,101,601,896
537: 19,62,371,215,903,970
538: 764,360,85,341,1020,239
539: 408,361,373,156,801,531
540: 91,876,1015,140,84,365
541: 469,160,485,532,551,711
542: 955,296,202,88,700,475
543: 106,779,625,447,854,379
544: 351,101,31,536,732,462
545: 655,438,885,572,697,211
546: 382,599,295,894,38,171
547: 992,444,448,86,811,894
548: 713,256,710,761,236,588
549: 76,166,485,864,214,606
550: 527,963,132,326,932,266
551: 541,532,226,955,296,711
552: 297,862,192,996,383,329
553: 974,390,478,664,219,87
554: 391,452,126,998,113,133
555: 283,377,964,712,337,50
556: 206,624,971,407,706,89
557: 2,973,459,108,650,844
558: 393,753,880,716,41,813
559: 742,470,882,829,417,401
560: 415,790,117,773,919,173
561: 157,336,107,611,774,719
562: 400,269,484,565,298,127
563: 406,127,645,661,615,167
564: 176,453,638,182,976,715
565: 230,827,167,484,562,127
566: 797,323,306,665,140,396
567: 184,249,311,865,128,573
568: 439,301,443,55,805,984
569: 492,478,978,235,878,3
570: 678,741,336,819,92,617
571: 276,678,258,683,212,987
572: 904,327,655,545,211,1005
573: 794,128,755,320,311,567
574: 403,638,329,852,36,862
575: 372,871,63,144,494,385
576: 696,363,181,835,589,381
577: 3,899,497,118,158,978
578: 157,249,611,142,1000,257
579: 474,875,227,262,362,778
580: 51,759,260,742,417,935
581: 945,687,70,402,47,340
582: 953,299,659,201,926,495
583: 16,525,276,709,346,672
584: 403,176,632
585: 98,702,745,618,65,489
586: 692,287,333,529,951,64
587: 291,893,465,648,186,936
588: 413,236,954,510,713,548
589: 67,124,670,381,696,576
590: 977,392,596,454,292,765
591: 136,102,920,675,502,843
592: 434,12,225,340,608,47
593: 7,887,353,274,697
594: 867,150,413,352,236,21
595: 804,264,44,988,481,398
596: 97,392,590,255,905,454
597: 660,118,196,158,49,635
598: 268,429,883,243,476,768
599: 210,382,207,647,546,295
600: 1010,185,267
601: 144,493,494,351,536,456
602: 725,604,342,17,376,528
603: 293,860,150,700,761,88
604: 602,342,514,17,286,856
605: 501,170,129,511,612,716
606: 549,374,864,717,214
607: 770,168,53,332
608: 146,799,309,47,12,592
609: 223,886,347,67,121,151
610: 425,48,690,1003,315,757
611: 157,578,561,142,18,774
612: 511,82,197,861,129,605
613: 190,281,791,908,405,77,838
614: 141,384,1009,477,482,523
615: 637,167,661,563,37,363
616: 354,681,889,509,378
617: 77,719,570,336,92,791
618: 153,974,98,702,390,585
619: 357,388,998,35,126,882
620: 872,216,522,273,437,740
621: 56,479,424,983,504,671
622: 652,800,288,237,343,1014
623: 825,432,399,148,690
624: 435,729,149,206,556,706
625: 934,491,821,447,379,543
626: 464,876,56,194,479,1005
627: 845,846,90,145,410,1013
628: 389,435,729,13,708,279
629: 72,439,300,802,724,767
630: 375,685
631: 262,248,943,826,131,636
632: 726,152,36,403,584
633: 463,749,841,271,4,910
634: 666,228,80,490,914,376
635: 660,158,597,803,959,364
636: 262,169,826,631,227,58
637: 827,615,824,37
638: 403,176,564,574,976,329
639: 111,800,237,860,769,352
640: 241,469,532,915,105,61
641: 328,1007,418,941,931
642: 480,815,751,334,649,234
643: 810,458,758,130,149,206
644: 433,198,455,367,516,869
645: 406,419,1012,661,307,563
646: 848,400,881,30,269
647: 382,207,599,95,285,969
648: 477,520,186,587,936,482
649: 334,794,320,159,642,751
650: 2,457,973,557,921,81
651: 999,456,763,24,448,178
652: 293,237,622,343,119,944
653: 414,5,951,64,253,731
654: 268,921,238,81,762,290
655: 438,286,545,112,572,327
656: 960,244,277,349,897,823
657: 742,470,110,260,787,179
658: 270,367,875,869,227,58
659: 953,172,994,299,582,125
660: 49,635,597,803,408,373
661: 645,307,563,615,363,835
662: 795,26,530,11,691
663: 394,146,818,681,509,402
664: 553,390,87,893,465
665: 396,903,19,566,306,699
666: 228,534,370,634,884,80
667: 213,151,397,770
668: 263,756,361,519,199,66
669: 65,377,964,317,1021
670: 387,589,67,911,124,721,121
671: 981,423,504,91,56,621
672: 709,216,522,16,583,20
673: 1000,257,430,41,813,1024
674: 255,454,119,404,6,43
675: 136,810,102,421,591,686
676: 322,49,801,943,131,373
677: 472,427,717,214,723,929
678: 571,258,741,570,212,92
679: 398,798,177,8,132,266
680: 10,471,759,935,380
681: 616,509,806,378,394,663
682: 275,368,22,873,922,414
683: 276,571,258,526,261,525
684: 142,257,430,500,1007,183
685: 375,737,99,630
686: 136,421,675,316,345,116
687: 945,831,581,383,1018,340
688: 272,78,170,890,513
689: 983,154,504
690: 825,48,399,38,623,1003,610
691: 317,11,377,530,337,662
692: 879,287,586,333
693: 137,966,451,925,994,299
694: 23,787,508,870,27
695: 411,488,515,838,874,190
696: 181,772,576,589,67,347
697: 593,353,274,211,545,885
698: 71,434,208,857,979,174
699: 348,816,665,19,422,306
700: 475,256,761,603,542,88
701: 97,220,902,942,259,785
702: 974,492,745,585,618,218
703: 246,1022,175,948,94,459
704: 298,406,1012,0,104,148
705: 318,849,445,442,238,762
706: 232,777,407,435,624,556
707: 433,198,488,867,817,21
708: 31,763,178,13,628,279
709: 45,346,335,216,672,583
710: 368,386,713,256,873,548
711: 858,296,793,541,160,551
712: 205,995,786,337,50,555
713: 386,710,548,510,93,588
714: 853,143,218,109,878,728
715: 486,938,453,564,182
716: 393,753,558,511,501,605
717: 472,214,677,877,606
718: 112,385,327,518,120,898
719: 77,774,834,617,336,561
720: 32,303,748,73,137,925
721: 213,121,387,670
722: 72,443,309,12,857,990
723: 822,278,214,677,929,76
724: 231,767,930,498,300,629
725: 602,914,330,886,342,376,15
726: 359,632,152,744
727: 138,471,51,759
728: 847,235,308,109,878,714
729: 106,389,435,628,149,788,624
730: 939,289,358,162,115
731: 161,114,271,653,64,253
732: 156,833,462,544,101,263
733: 179,217,470,829,480,234
734: 272,78
735: 831,155,996,461,956,440
736: 341,199,1020,871,896,66
737: 375,685,901,99,247,739
738: 924,228,370,120,898,528
739: 737,99,247,290,445,238
740: 415,221,273,773,437,620
741: 229,436,678,258,570,819
742: 657,470,417,559,260,580
743: 177,378,932,266,789,354
744: 892,359,726
745: 702,585,853,218,34,489
746: 71,208,928,1019,468,916
747: 141,384,11,754,795,496
748: 720,32,137,868,495
749: 633,271,4,180,412,344
750: 52,487,993,1006,75,416
751: 305,123,815,159,642,649
752: 918,239,84,360,1015,254
753: 558,880,391,511,452,716
754: 317,384,11,1009,747,1021
755: 280,794,133,350,128,573
756: 9,967,519,668,66,446
757: 25,315,814,189,425,610
758: 810,421,643,331,60,130
759: 471,727,51,580,680,935
760: 291,936,302,73,358,115
761: 700,256,548,150,236,603
762: 268,429,238,654,318,705
763: 651,351,31,456,708,178
764: 360,341,372,538,1001,14
765: 292,1002,917,43,590,454
766: 205,187,942,1010,995,428
767: 231,799,309,724,72,629
768: 321,243,312,476,947,598
769: 111,800,639,808,33,516
770: 607,667,397,332
771: 415,221,447,790,779,366
772: 696,139,181,15,330,347
773: 415,560,437,740,55,919
774: 18,512,834,719,611,561
775: 986,981,277,365,960,797
776: 505,449,185
777: 232,279,833,462,706,435
778: 847,308,362,474,579,122
779: 106,788,543,366,447,771
780: 971,458,102,920,169,826,89
781: 123,815,1019,468,956,233
782: 953,348,125,888,188,319
783: 193,966,451,416,989,1016
784: 848,30,467,840,457,968
785: 449,100,428,701,220,942
786: 712,205,259,50,977,392
787: 694,179,508,870,110,657
788: 130,106,729,779,149,366
789: 473,69,932,743,354,250
790: 415,447,560,771,491,173
791: 503,92,281,613,77,617
792: 965,355,851,189,466,814
793: 858,404,296,202,6,711
794: 334,649,350,755,320,573
795: 662,496,11,747
796: 39,90,145,393,501,513
797: 960,566,323,140,775,365
798: 398,961,952,8,679,988,57
799: 231,146,309,818,608,767
800: 639,288,237,622,769,808
801: 431,531,131,373,539,676
802: 439,251,300,629,805,975
803: 408,959,967,519,660,635
804: 264,595,44
805: 439,251,568,55,802,919
806: 59,855,378,681,164,394
807: 52,499,1023,959,972,364
808: 33,906,506,800,288,769
809: 426,436,837,526,305,916
810: 458,102,421,643,675,758
811: 854,379,448,178,86,547,13
812: 939,289,46
813: 41,1024,673,393,558,39
814: 466,1004,25,757,792,189
815: 480,123,642,781,751,233
816: 1006,172,348,125,699,422
817: 867,252,405,707,488,838
818: 200,231,394,146,799,663
819: 336,937,107,229,741,570
820: 1017,242,881
821: 934,209,625,992,379,86
822: 278,723,858,76,160,282
823: 74,54,897,188,244,656
824: 637,310,37
825: 432,38,623,95,690,1003,382
826: 248,169,89,631,636,780
827: 637,230,565,167
828: 328,962,114,931,22,253
829: 470,559,401,733,913,234
830: 505,100,472,427,40
831: 735,996,383,687,440,1018
832: 318,134,57,849,28
833: 232,156,732,777,462,531
834: 908,512,42,77,774,719
835: 363,181,576,222,661,307
836: 483,847,109,474,906,506
837: 229,436,809,305,159,29
838: 488,695,190,281,613,405,817
839: 507,901,840,242,881,30
840: 467,901,247,839,784,30
841: 463,114,931,633,271
842: 880,280,128,184,1000,41
843: 502,455,920,591,169,869,58
844: 459,108,313,557,950,175
845: 4,627,410,395,1013,180
846: 627,145,890,304,1013
847: 836,308,109,728,778,474
848: 517,784,646,0,30,269,968
849: 191,318,134,832,705,442
850: 210,80,295,24,444,534
851: 965,355,246,324,792,975
852: 473,36,574,250,441,862
853: 143,218,714,325,34,745
854: 379,811,13,106,389,543
855: 59,952,806,321,164,947
856: 53,332,438,286,604,514
857: 434,12,698,722,990,174
858: 404,793,711,160,282,822
859: 980,958
860: 293,639,603,237,150,352
861: 294,866,82,612,129
862: 297,552,852,574,329,441
863: 940,183,93,941,18,512,369
864: 374,79,166,549,606
865: 157,249,937,311,107,567
866: 294,861,135,129
867: 817,413,252,21,594,707
868: 201,495,748
869: 658,367,58,843,455,644
870: 891,938,27,110,694,787
871: 341,575,372,736,896,144
872: 316,60,335,216,620,273
873: 275,368,475,256,710,682
874: 190,895,535,116,515,695
875: 270,658,474,906,579,227
876: 464,91,56,1015,626,540
877: 40,472,717
878: 235,218,714,728,492,569
879: 692,333,105
880: 753,558,391,842,280,41
881: 400,646,30,839,820,1017,242
882: 126,417,559,401,619,35
883: 268,598,81,243,948,973
884: 924,666,534,370,493,999
885: 168,53,438,545,274,697
886: 725,223,330,609,342,347
887: 7,147,593
888: 188,244,323,306,348,782
889: 354,250,616,441,509,70
890: 688,78,513,846,145
891: 68,927,870,110,450
892: 83,527,326,744,359
893: 465,186,587,153,390,664
894: 546,295,171,992,444,547
895: 503,224,874,190,281,535
896: 199,871,736,144,101,536
897: 54,823,656,533,349
898: 738,120,528,17,112,718
899: 3,577,219,284,420,497
900: 904,518,14,464,254,1005
901: 375,737,507,247,840,839
902: 278,220,929,97,905,701
903: 665,215,396,918,19,537
904: 572,900,327,518,1005
905: 97,255,596,282,278,902
906: 270,474,808,33,506,875,836
907: 191,481,134,264
908: 405,42,356,77,834,613
909: 304,395,1013
910: 245,4,410,949,463,633
911: 387,310,124,670,923
912: 461,508,217,956,233
913: 113,334,350,234,829,401
914: 725,376,15,1008,490,634
915: 105,61,5,951,333,640
916: 305,123,1019,208,746,426,809
917: 165,1002,765,43,1014,343
918: 215,396,239,84,752,903
919: 251,55,805,560,117,773
920: 780,102,591,843,169,58
921: 654,81,467,290,457,650
922: 226,414,61,5,275,682
923: 387,911
924: 738,370,120,63,884,493,494
925: 302,73,137,966,693,720
926: 265,985,201,319,953,582
927: 68,891,138,450
928: 71,440,225,1018,746,468
929: 427,278,677,220,723,902
930: 103,997,200,231,724,498
931: 463,114,841,328,418,641,828
932: 550,326,266,789,69,743
933: 338,108,313,104,48,399
934: 491,1004,25,209,821,625
935: 417,759,580,680,380,35
936: 291,520,648,587,760,115
937: 311,107,865,819,29,229
938: 68,715,486,870,27,182
939: 812,730,289
940: 863,328,93,941,962,386
941: 940,863,328,1007,183,641
942: 205,259,766,701,785,428
943: 262,362,131,631,322,676
944: 119,202,6,88,293,652
945: 297,581,383,687,70
946: 96,524,442,191
947: 321,164,312,997,768,855
948: 243,94,883,973,459,703
949: 245,910,500,1024,418,463
950: 965,175,189,313,844,425
951: 915,653,5,64,586,333
952: 59,961,798,8,855,321
953: 582,782,125,659,926,319
954: 413,252,588,42,356,510
955: 296,542,275,475,226,551
956: 461,912,233,735,440,468,781
957: 154,204,986,423
958: 859,980,357,388,82
959: 803,967,635,1023,807,364
960: 797,244,323,656,775,277
961: 952,798,57,28,321,476
962: 940,328,828,368,386,22
963: 527,44,550,132
964: 283,65,377,489,163,555,669
965: 246,950,175,851,792,189
966: 193,302,783,693,451,925
967: 9,803,959,756,519,1023
968: 2,338,457,848,517,784
969: 285,222,419,307,95,647
970: 215,85,446,9,371,537
971: 780,458,102,206,556,89
972: 284,993,364,497,52,807
973: 459,557,650,883,81,948
974: 492,553,702,390,478,618
975: 355,324,851,251,300,802
976: 564,638,182,329,982,192
977: 392,590,292,1011,786,50
978: 314,118,235,3,577,569
979: 174,460,261,208,698,426
980: 859,357,958,380,10
981: 986,423,775,671,365,91
982: 192,155,182,976,27,23
983: 689,147,424,621,504
984: 990,20,203,301,568,443
985: 265,926,319,74
986: 204,957,981,423,775,277
987: 212,224,276,571,45,346
988: 481,57,595,398,798
989: 193,783,416,420,1016,87
990: 984,174,203,857,722,443
991: 32,303,162
992: 86,547,171,209,821,894
993: 284,1016,972,52,750,416
994: 172,299,659,75,693,451
995: 712,205,187,530,766,337
996: 831,192,155,552,735,383
997: 103,164,312,947,930,200
998: 619,388,197,126,452,554
999: 651,493,456,24,534,884
1000: 257,41,673,842,184,249,578
1001: 385,518,14,764,372
1002: 292,165,339,1011,765,917
1003: 825,38,690,610,171,315
1004: 934,491,466,25,814,173
1005: 464,194,626,904,572,900
1006: 172,816,75,422,487,750
1007: 183,418,941,641,684,500
1008: 139,285,15,490,207,914
1009: 384,614,754,1021,195,482
1010: 187,766,185,428,600
1011: 292,339,1002,977,283,163,50
1012: 406,419,645,704,432,148
1013: 909,304,395,627,845,846
1014: 521,165,917,288,622,343
1015: 464,876,254,540,84,752
1016: 284,420,993,783,416,989
1017: 240,820,484,400,881
1018: 440,225,340,928,831,687
1019: 123,468,916,781,746
1020: 85,341,538,736,66,446
1021: 317,1009,754,98,669,195
1022: 246,498,324,703,103,94
1023: 371,499,807,9,959,967
1024: 430,500,813,673,245,39,949