0: 1981,1336,704,1167,1057,1126,298
2: 2019,1486,650,968,457,338
3: 1116,1696,1585,569,978,1203
4: 180,749,1264,1698,1729
5: 653,1681,915,1727,951,1245
6: 1270,944,1889,1861,202,1254
7: 593,1919,1495,424,1174,1568
8: 1691,1669,679,177,59,1572
9: 1482,1964,967,371,970,1639
10: 1089,380,980,680,2033
11: 1180,691,1032,1962,1642,795
12: 592,434,1154,608,1592,857
13: 2030,708,1430,628,389,1307,1286
14: 1360,900,1688,1052,254,1359
15: 330,1934,725,1515,1506,914
16: 672,583,1762,1692,2032,1938,460
17: 1113,1944,1835,1354,1169,1066
18: 1200,1975,1550,369,512,1278
19: 1337,699,665,2025,903,1168
20: 301,55,984,1227,203,522,2032
21: 867,1995,433,594,413,1465,111,1560
22: 414,1779,2011,922,253,1073,368
23: 2014,694,1390,155,1231,1784
24: 999,448,1300,1181,1908,850
25: 1620,1600,1158,1940,814,1774
26: 1996,187,662,1108,267,1599
27: 2014,694,870,182,2015,1846
28: 1366,1419,1508,2037,57,1916
29: 1745,2044,1056,937,311,1841
30: 1455,784,1845,848,2047,1422
31: 2030,462,544,1430,1148,1362
32: 991,1410,1404,1146,303,720
33: 1325,1657,367,270,906,808,1695
34: 853,1703,489,325,1628,1743
35: 1453,1751,1806,1498,619,1836
36: 1634,152,1706,403,1960,1844
37: 1823,637,1900,615,363,1898
38: 1467,1744,1956,1003,171,1094
39: 1913,1132,2036,1265,1024,1674
40: 1555,1684,1947
41: 842,558,813,1728,1357,1548
42: 356,1638,510,1038,954,1258
43: 1761,119,343,1188,1539,674
44: 963,804,1075,1776,1686
45: 1820,1358,345,1069,709,1771
46: 477,1090,1242,1894,614,289,1445
47: 1892,1924,1368,1667,402,146
48: 1971,1438,1140,933,1907,313
49: 322,1613,676,1537,1393,1423,1988
50: 2002,1544,1011,977,712,1472
51: 727,138,450,1277,1030,580
52: 1483,487,807,1653,1037,1023,1429
53: 607,1914,1053,332,856,1170
54: 897,1191,823,1329,1977,74
55: 301,20,437,1317,1802,1227,1260
56: 1087,1261,479,1334,621,1699
57: 798,1952,1916,1660,28,1508
58: 1551,843,869,1088,169,1157
59: 1631,855,1572,1691,8,952
60: 316,1063,331,1626,1792,1813
61: 915,1727,1441,226,640,532
62: 2025,537,1330,499,1534,1166
63: 1756,1724,924,494,1096,1205
64: 1681,1328,951,1770,529,586
65: 1879,283,964,1244,98,1886
66: 668,1253,756,736,1458,1948
67: 1435,1816,1402,347,1512,696
68: 1450,1959,486,938
69: 1798,1706,326,1963,1598,1582,473
70: 1035,2026,2004,945,509,441
71: 1071,1718,1702,208,1076,746
72: 1769,722,629,1847,1797,1131
73: 1976,1811,720,760,1505,303
74: 1479,985,1977,1369,1191,54
75: 994,1006,1772,1237,1160,172
76: 1097,1694,214,1860,1997,723
77: 908,791,1068,1389,2000,356,834,719,1829
78: 1644,2007,734,688,1851,890
79: 241,1221,166,2012,864,1752
80: 534,850,2021,490,1607,210
81: 1866,268,1858,1299,1198,1083
82: 388,1183,1048,197,1748,1781
83: 963,1821,1804,527
84: 1273,752,1865,1939,1015,540
85: 446,1887,1458,1020,538,1656
86: 1897,811,1778,992,1209,1398
87: 219,1990,553,1859,1228,1421
88: 2023,1321,1664,1254,293,1106,1830
89: 971,1561,826,780,1211,1447,2027
90: 1132,2036,1872,1522,145,1301,245
91: 1202,1699,1046,981,1087,1456
92: 212,1280,1678,1041,1502,503
93: 863,1494,386,1323,713,940
94: 312,243,1120,1850,1581,1517
95: 419,1576,1606,382,825,1651
96: 1734,946,1722
97: 1707,596,1529,1987,902,905
98: 1244,618,585,65,1828,1886
99: 1603,1734,1722,445,685,1883
100: 830,1411,427,1885,220,505
101: 1384,1388,199,1635,536,896
102: 920,1085,1279,1580,1561,780,1129
103: 2048,1854,1850,1022,498,1583
104: 1794,399,1140,933,1864,148
105: 915,1294,1531,640,1877,1966
106: 543,1487,389,1061,1490,1953
107: 617,336,1444,1117,819,1442,1986
108: 2019,1486,557,844,1907,1614
109: 483,847,836,1194,728,143,2022
110: 2038,787,657,260,1554,1277
111: 1465,769,1257,1025,1636,433,21,1137
112: 1169,286,898,718,1382,327
113: 350,1721,1426,1818,1931,1610
114: 931,828,1466,1612,1451,1235,253
115: 1888,936,520,1272,1755,1445
116: 874,1358,345,1807,515,136
117: 1809,251,1750,1135,1383,1549
118: 1585,1857,2029,158,1983,577
119: 43,343,1255,674,944,1861
120: 1756,924,1891,738,370,1213
121: 721,1717,670,213,1951,1392
122: 1783,1597,1331,1405,314,196
123: 1452,1559,1619,1019,1287,1275
124: 1593,1417,1509,1697,381,589
125: 1237,816,1365,782,1764,172
126: 882,1818,1931,401,619,1067
127: 1788,1126,298,1874,406,1319
128: 1471,755,280,1917,1074,1463
129: 1124,605,170,1936,1133,272
130: 2031,1812,643,788,1946,1232
131: 943,1497,1613,676,631,248,801
132: 1686,266,1838,1075,1578,1189
133: 1520,280,391,755,1721,1426
134: 1660,481,1201,1155,832,1508
135: 1801,866,1133,734,272
136: 515,1190,1596,1807,116,1941
137: 299,582,1965,1119,1146
138: 1967,450,727,51
139: 2018,1008,1690,330,1934,772
140: 2020,797,365,540,1865,1046
141: 1333,1111,384
142: 578,1550,257,1373,611,1975
143: 714,1230,1979,2022,483,109
144: 1833,871,896,1322,1659,2017
145: 513,1060,1579,1301,1872,90
146: 402,663,1969,1892,818,47
147: 1415,983,1919,424,887,1972
148: 1864,1981,104,1794,1958,432
149: 2031,624,643,206,1477,1315
150: 860,603,1560,352,2045,1896,594
151: 1274,397,223,1902,1749,1251
152: 1798,36,1957,1219,1634,1706
153: 1240,1828,1150,1800,618
154: 1840,1050,1306,1711
155: 1390,23,1784,1843,461,996
156: 539,1863,1138,531,361,833,1507
157: 1587,1763,1978,611,1045,561
158: 118,1983,1733,1803,497,577
159: 1159,649,1380,1985,2044,1056
160: 1324,2009,485,711,541,1187
161: 731,1770,529,1065,271,1312
162: 1381,1218,1410,1943
163: 1244,745,489,1743,1879,1646
164: 1288,394,200,1714,997,806
165: 1920,917,521,1540,1775,1356
166: 469,79,1221,1342,864,1853
167: 827,1900,230,1878,1855,1720
168: 1492,1881,1177,1914,885,409
169: 1551,58,843,1683,1580,1561,1974
170: 605,1127,129,1059,272,1851
171: 315,1600,209,1094,1158,38,1003
172: 659,1160,1764,75,125,1237
173: 1469,491,1601,466,1809,1310
174: 1425,1930,1313,2035,460,1344
175: 459,965,1352,1608,1677,950
176: 584,1826,1521,453
177: 1271,1525,679,266,8,1572
178: 854,1286,1564,1239,1248,708
179: 1541,1385,1530,1104,217,508
180: 4,749,1207,1698,1719,1623
181: 1304,1512,576,696,1825,1690
182: 2014,982,27,2003,1849,1846
183: 1034,1550,1373,1968,1880,1278
184: 1917,567,1225,1197,249,1504,1921
185: 449,1387,428,1250,2028,1785
186: 195,482,2040,1240,648,1150
187: 26,1108,2042,1010,267,766
188: 1998,1093,1977,1130,244,823
189: 1433,1406,814,1285,1144,1318,1774
190: 1058,503,281,1249,895,1153
191: 1918,442,2010,1457,1725
192: 976,1172,1843,1815,1390,982
193: 1439,1193,1617,302,1347,291
194: 353,1118,626,1206,1673,1476
195: 482,1240,1513,1224,186,1021
196: 1423,1857,314,1709,1597,122
197: 82,388,1048,998,1808,1107
198: 411,455,1524,1932,1566,1208
199: 1384,1948,101,1226,1322,896
200: 1288,1526,394,1220,164,1054
201: 1999,868,495,1290,265
202: 296,793,1321,1254,6,1889
203: 2032,1938,1425,1436,20,984,1227
204: 349,957,1243,1427
205: 259,1622,1461,995,1485,942
206: 458,1085,643,149,1315,1129
207: 599,647,1370,1648,1043,1143
208: 71,1702,1076,1641,979,1574
209: 992,1600,171,821,1094,1984
210: 295,1607,599,1925,1370,80,490
211: 1673,545,1732,697,353,1568
212: 570,678,92,1280,1780,1678
213: 1717,121,1749,1392,1682,1251
214: 76,1215,1694,723,1645,717
215: 1434,1481,1656,1887,239
216: 522,672,1701,2032,1553,1049,1302
217: 1440,508,912,1142,1541,179
218: 1773,1590,1759,1262,492,702
219: 478,87,1990,553,1696,1791
220: 1459,1885,785,427,1834,100
221: 415,366,1875,1837,1152,1666
222: 1648,2018,1008,1890,285,969
223: 1535,151,1902,1749,609,1923
224: 535,895,1041,1069,987,1625
225: 1071,1718,1643,928,1018,592
226: 551,1086,1441,1868,61,532
227: 579,875,1351,1088,1446,1873,262
228: 634,1100,666,376,528,738
229: 1796,819,1134,937,1442,741
230: 1136,1878,1263,827,167
231: 1627,799,1526,724,1054,767
232: 777,1282,2006,1528,1138,833,431
233: 912,1538,1142,1799,781,1742
234: 1730,733,1536,1842,480,1229
235: 1871,1109,569,878,978,1545
236: 588,2045,1896,1418,1893,1070
237: 293,1909,1546,1830,1255,652
238: 654,290,1937,1184,705,762
239: 918,1397,1884,1945,1887,215,1481
240: 820,1017,1949
241: 79,1877,1966,1221,1563,2012
242: 881,1078,1139,1171,1332
243: 94,598,1120,883,973,1517
244: 1130,1758,323,888,1998,188
245: 910,949,1132,90,1522,1301,410
246: 965,1882,1954,1318,792,851
247: 1196,467,901,1091,1454,840
248: 826,1510,1211,1497,631,131
249: 184,567,1225,1197,1587,1978
250: 1309,473,1371,889,789,1582
251: 355,975,117,1135,1383,1308
252: 1222,1372,1162,954,1437,1164
253: 414,22,1073,114,1466,1235
254: 1939,1704,464,900,14,1359
255: 1928,1470,404,1987,596,454
256: 1489,1396,761,1747,1070,700
257: 578,684,142,1624,1373,1000
258: 1780,1363,1637,436,741,678
259: 205,1461,1768,1662,942,1605
260: 742,657,110,1277,1665,580
261: 1305,426,1409,979,1313,2035
262: 1993,631,636,1510,1873,227,1351
263: 1384,1408,1507,732,1226,1863
264: 907,1705,481,1500
265: 1571,1345,201,1290
266: 679,132,1838,1525,177,1578
267: 600,1010,1599,26,187
268: 1712,1640,883,81,1858,1299
269: 1788,562,1057,1901,646,1126
270: 658,1819,1446,1657,33,367,1726,1098,906,1695
271: 731,841,1128,1312,161,1729
272: 734,1851,1133,135,129,170
273: 872,1049,1063,620,1626,1403
274: 593,1495,409,1177
275: 1086,955,1182,1779,682,1868,1395
276: 525,571,346,1789,683,1241,1363,583
277: 1243,1427,986,960,656,1026
278: 929,1876,1577,905,1216,282
279: 462,1430,628,435,1790,777,1282
280: 391,1570,133,128,755,1463
281: 613,791,1502,1058,503,190
282: 1335,1216,1533,1987,278,905
283: 2002,1879,1646,555,964,1544,65
284: 1346,972,1595,1483,993,2034
285: 1648,222,1651,969,1143,1576
286: 1680,1944,112,1169,1814,1382
287: 1915,1199,692,586
288: 506,1123,1246,808,1540,1014
289: 1272,1445,1894,46,730,1942
290: 1196,238,654,467,1937,1556
291: 1888,936,193,587,1617,1347
292: 590,1787,339,2005,1011,977
293: 860,237,1546,1106,1830,88
294: 1655,1748,861,1781,1543,1848
295: 1607,210,1895,546,599,1925,1767
296: 793,1321,202,542,1281,1889
297: 1080,441,1676,552,1035,1364
298: 127,1126,0,704,1319
299: 137,1204,2041,582,1965,693
300: 324,1391,1933,802,1867,1217,1292,975
301: 1553,20,55,437,1802,1227,522
302: 925,1347,1811,1439,966,193
303: 1410,32,720,73,1505,1218
304: 909,1013,1569,1899,846
305: 809,1559,1275,1380,837,1985
306: 888,1852,1337,665,1047,323
307: 1765,1326,1176,835,1890,969
308: 1783,1109,728,474,1685,1331,1194
309: 1154,608,1689,1627,722,1797
310: 923,1593,1509,824,1823
311: 865,1841,1912,573,29,1745,2044,937
312: 94,1629,1462,1120,1854,1850
313: 1438,844,48,1907,425,1677
314: 1857,2029,196,122,1871,1783
315: 171,1158,1438,610,1406,757,1774,1003
316: 686,60,872,421,1063,1195,1626,1792,1813
317: 1668,377,1115,1099,1962,1210
318: 1366,1419,1760,849,705,1904
319: 953,1093,1122,1369,926,1345
320: 794,1159,1632,1532,2044,1841
321: 961,1112,952,1036,1547,947
322: 943,49,676,1735,1597,1423
323: 1062,1047,888,306,1758,244
324: 1308,1933,300,1954,1292,975,851
325: 1356,1628,1448,34,1703,1775
326: 550,1376,1963,69,932,1598
327: 1611,1672,112,718,1420,1382
328: 828,1466,1950,962,1114,1073
329: 976,1815,862,1514,638,574
330: 15,1934,1910,725,772,139,1816
331: 1875,1626,1152,60,1946,1792
332: 1238,770,397,856,607,53
333: 1072,879,692,1294,1328,1531
334: 794,1229,1298,1842,1491,1092
335: 709,1602,872,1771,1063,1195,1302
336: 617,570,107,1444,1117,1303,1442
337: 712,995,1485,1428,2043,1501
338: 968,1565,2019,2,1503
339: 292,1787,1628,1448,1011,1496
340: 581,687,1667,1924,1643,1018
341: 1473,1340,1377,764,2017,372
342: 602,1910,725,886,1175,1066
343: 43,119,1125,1255,652,1539
344: 412,1754,749,1623,1065,1312
345: 116,1358,45,686,709,1771,1807
346: 276,571,1789,987,1241,1625
347: 1817,1816,1402,609,67,1923
348: 782,1998,1122,888,1852,1365
349: 204,1427,1856,1283
350: 113,1491,1721,1378,1092,1610
351: 536,601,1827,456,1105,1388
352: 860,1151,150,1560,1546,1137
353: 1118,194,1174,1568,211,1673
354: 616,378,1271,1737,1371,1723
355: 975,251,851,1693,1383,792
356: 42,1829,1638,954,1437,908,77
357: 380,980,1498,958,1453,1183
358: 1272,1505,1755,1381,1218,730
359: 1740,1103,1376,1963,1798,726,1219
360: 1473,764,1052,538,1710,1945
361: 539,1863,373,531,156,1716,1033,1408,1379
362: 1658,579,1351,1405,1993,1735
363: 615,661,37,1782,1898,1832
364: 1483,959,807,635,1803,972
365: 1805,797,140,1202,775,1046
366: 221,1875,1666,779,1812,1573
367: 1657,33,516,270,658,1819
368: 1355,1081,1114,22,2011,1073
369: 512,1038,18,863,1494,1278
370: 120,924,738,1929,1314,1100
371: 970,1330,9,499,1653,1639
372: 1340,341,2017,575,871,1205
373: 539,361,1033,1256,1537,1480,1393
374: 1443,606
375: 1186,1468,1869,507,1139
376: 602,1506,228,634,1835,528
377: 1115,1099,317,1428,555,1501
378: 616,2008,354,1631,1572,1271
379: 1398,854,543,1061,1618,811
380: 357,10,980,1400,680,1498
381: 1304,1782,1898,589,1509,124
382: 1589,1911,825,95,1651,647
383: 2046,1739,1268,1364,552,1604
384: 141,1111,1700,1708,523
385: 1756,1724,718,1891,1350,1672
386: 962,713,93,940,1114,1081
387: 1163,911,721
388: 82,1453,1183,197,1751,998
389: 106,1307,1061,1490,1286,13
390: 1822,553,1738,1493,1421,1800
391: 1520,280,452,753,1570,880,133
392: 1519,1707,2005,786,1529,1662
393: 1913,1647,1149,1575,558,1548
394: 1220,164,200,681,1567,806
395: 1719,1044,1214,1013,1207
396: 2020,1047,566,1082,1168,665
397: 1238,1274,770,332,151,1902
398: 679,988,1766,1838,798,1669
399: 104,933,1614,2019,1864,1503
400: 881,1588,1017,1332,1901,1234
401: 882,913,829,1931,126,1687,1610
402: 1667,2026,1969,945,146,47
403: 1973,1141,574,36,1634,1844
404: 1270,1470,255,1121,1987,1533
405: 613,838,1058,1557,1162,817
406: 1824,1874,563,127,645,1319
407: 706,556,2027,1460,2006,1528
408: 1379,1480,803,519,1542,1033
409: 274,1492,168,1177
410: 1264,845,1698,1522,910,245
411: 502,198,455,1190,1449,1524
412: 1754,344,1623
413: 2045,594,1222,1893,867,21
414: 22,922,1245,253,1235,653
415: 221,1837,1343,1666,790,560
416: 783,451,1284,1992,1374,1772
417: 882,1836,1687,1511,1713
418: 1663,1558,641,500,1007,1431
419: 1609,1795,1576,1765,1606,95
420: 1791,1346,899,1741,1595,1990
421: 686,316,1195,1807,1813,810,1616
422: 816,699,1652,1166,1478,1562
423: 1236,981,671,1306,1711,1621
424: 1361,1174,1919,7,147,983
425: 1677,950,1406,757,1144,1438,313
426: 916,1777,261,1574,1409,979
427: 929,677,1834,100,1411,220
428: 1982,449,1459,1413,185,1387
429: 1712,1640,1904,1419,2037,476
430: 813,673,1265,1624,1432,1674
431: 801,1138,531,232,1460,1528,1497
432: 1795,1958,1606,148,1794,623
433: 867,707,1995,21,1465,111,1636
434: 12,1718,592,1702,857,698
435: 1790,706,777,1179,2006,279
436: 526,1040,1796,741,258,1637
437: 1553,301,55,1802,773,620,740
438: 1170,655,545,1732,1814,1053
439: 629,1847,568,1615,805,1260
440: 1367,831,1051,1757,1650,956
441: 1080,297,889,1035,2004,70
442: 946,524,1918,191,1980,1457
443: 990,1847,1131,568,1436,984
444: 547,1178,1181,1908,1895,1925
445: 1102,524,1722,99,1883,1291
446: 85,1887,1964,1253,1458,1656
447: 543,1487,1618,771,1259,779
448: 999,24,651,1564,1181,1416
449: 1459,1885,185,428,1252,1250
450: 1967,138,1077,51,1554,1277
451: 783,416,966,994,1772,1079
452: 1520,391,753,880,1327,1107,1808
453: 1412,1633,176,1826
454: 1519,1707,1165,596,1928,255
455: 502,411,198,1584,1932,2001
456: 1935,493,763,1105,351,1827
457: 968,1955,1028,921,2,650,1198
458: 206,758,1085,1212,643,1232
459: 703,175,948,1352,1156,1608
460: 1425,1313,174,16,1762,1938
461: 1440,1650,996,1339,155,1784
462: 279,1430,31,1362,777,1282,1793
463: 1630,910,1663,1558,949,633
464: 1939,876,1015,1671,1704,254
465: 1394,1228,664,587,1675,1617
466: 1809,1693,1383,1285,1469,173
467: 1196,247,290,1556,1454,1028
468: 1742,1101,1475,1051,956,1538
469: 1401,1221,166,1269,1187,1342
470: 1464,559,1385,742,657,1104
471: 1488,1991,680
472: 1516,1684,1645,830,717,1411
473: 1309,1960,250,1706,69,1582
474: 1726,778,1685,1031,1194,847,308
475: 2023,542,1395,700,1747,1182
476: 768,1547,598,2037,1036,1712,429
477: 1090,1064,46,614,482,648
478: 1822,1116,2013,219,553,1696
479: 1118,1361,626,56,1261,621
480: 815,642,1229,1730,234,1799
481: 264,907,1705,1201,1155,134
482: 195,648,1224,186,477,1064
483: 521,506,109,836,1230,143
484: 1136,1949,1878,562,1234,565
485: 2009,1997,160,1187,1342,1097
486: 1412,715,938,68
487: 52,1037,1534,1429,1478,750,1353
488: 817,2016,1566,838,695,1524
489: 853,34,1773,1743,745,163
490: 80,2021,1731,1905,1607,210,1370
491: 1469,1004,1961,173,1601,1293
492: 702,974,218,1759,2013,1262
493: 1935,456,1903,1185,2024,1827
494: 1833,871,601,2024,1096,1205,63
495: 1119,201,868,1290,1679,582
496: 1642,795,1386
497: 1803,577,1346,972,899,158
498: 1391,1583,1292,103,1022,1591
499: 1653,1534,1429,62,371,1330
500: 1024,418,1663,1674,1431,1432
501: 1654,1149,605,1127,716,1575
502: 411,455,1523,1190,1584,1596
503: 1502,281,190,92,895,1041
504: 1922,1050,1334,1110,1306,671
505: 1055,1555,1252,100,830,1885
506: 483,521,288,1123,836,1540,1994
507: 375,1869,901,1139,839,1078
508: 1440,217,1231,1784,1530,179
509: 2026,2004,70,1723,1969,616,1266
510: 42,954,1258,1518,1418,1372
511: 1654,1124,1048,612,1327,1107
512: 369,834,1638,1038,1200,18
513: 1060,145,1059,688,796,1872
514: 1238,1535,1902,1113,1175,604
515: 136,1190,1449,116,874,1424
516: 1257,644,1657,1636,367,1819,1267
517: 1864,1336,1503,1167,1565,1845
518: 1360,1926,1001,1611,1350,1672
519: 1379,967,408,1542,1482,1276,756
520: 115,936,1445,1552,1090,1145
521: 483,506,1540,165,1230,1775
522: 672,216,2032,1553,301,20,1049
523: 1242,614,384,1708,1715
524: 946,1102,1722,442,445,1980
525: 276,683,1241,1305,1341,583,1762
526: 436,1341,1777,1040,1409,1637
527: 550,1804,1103,1376,83,1821
528: 738,1213,376,228,1835,1354
529: 1770,1065,161,1915,64,586
530: 2043,691,662,1108,1501,1099
531: 539,801,1138,361,156,431,1256
532: 640,1401,1269,61,226,551
533: 897,1856,1329,1283
534: 80,850,2021,1247,884,1300
535: 224,874,1249,1358,895,1069
536: 1833,351,601,896,1827,1388,101
537: 2025,1434,62,903,1481,1330
538: 1473,1020,360,85,1887,1945
539: 373,531,361,156,1033,1256
540: 1015,1456,84,1865,1046,140
541: 711,551,1311,1187,1269,160
542: 2023,296,1321,475,1281,1395
543: 379,1487,106,447,1061,1618
544: 31,1105,1148,1362,1388,1635
545: 211,655,438,1673,572,1732
546: 295,1895,1767,894,1589,1744,1094
547: 1897,444,1778,1178,1181,1416
548: 1396,710,1323,713,588,1518
549: 1215,1694,864,1853,1443,606
550: 326,527,1376,1821,932,1189
551: 226,1311,541,1086,532,1269
552: 1676,1172,1604,862,297,383,1364
553: 1822,478,390,87,219,1421
554: 998,1067,1808,1818,1426,1520
555: 2002,283,1428,964,377,1115
556: 407,706,1477,1315,2027,971
557: 1486,1156,1029,1608,108,844
558: 41,1357,1548,1407,1149,393
559: 1464,470,742,1713,829,1687
560: 790,1601,1310,1147,415,1343
561: 1763,1375,774,157,1045,617,1444
562: 1788,1901,1234,565,269,484
563: 1176,1824,661,406,645,1326
564: 1826,1521,1839,1141,638
565: 1788,562,1855,1878,484
566: 1805,1062,2020,1047,797,396
567: 1917,184,1912,1074,573,1225,249
568: 443,1847,439,984,1227,1260
569: 878,235,978,3,1116,1262
570: 336,678,212,1117,1280,1303
571: 276,1780,346,683,987,1363,1678
572: 655,1206,1420,1673,545,904
573: 311,567,1841,1912,1074,1225,1532
574: 1141,403,638,1844,329,1514
575: 1340,372,1724,1205,1001,1350
576: 1304,1782,181,1832,835,1825
577: 497,1203,899,1585,118,158
578: 142,257,1197,1000,1587,611
579: 1658,875,227,778,1351,362
580: 1665,759,1030,51,260,1277
581: 1739,1268,687,340,1667,945
582: 137,1204,299,1679,1119,495
583: 16,1762,1692,276,525,1241
584: 176,1521,1973,1039,632
585: 1244,1862,98,745,618,702
586: 692,529,287,1915,1328,64
587: 1394,1552,465,1617,936,291
588: 236,1518,1418,1070,1396,548
589: 1304,1512,381,124,1697,1435
590: 292,1787,765,1519,1165,2005
591: 1941,675,920,1279,1523,1596
592: 12,1718,1643,225,434,1592
593: 1927,274,1919,1495,7
594: 2045,413,21,1465,150,1560
595: 988,1776,1766,1705,1586,1201
596: 97,1707,454,255,1987,905
597: 1988,1983,1709,1733,1173,660
598: 768,476,243,1120,1712,883
599: 295,210,207,647,1767,1370,1143
600: 1010,2028,267
601: 536,1833,351,494,2024,1096,1827
602: 376,342,725,1506,1835,1066
603: 860,150,1106,1896,761,1664
604: 1113,1680,1944,1238,514,856
605: 1654,501,1124,1127,129,170
606: 374,1443,1215,549,1670
607: 1881,1914,53,770,332
608: 309,1154,1689,1592,1368,12
609: 1749,1402,1923,347,1392,223
610: 1971,1438,757,1956,1003,315
611: 1587,157,1975,1045,578,142
612: 861,1936,1781,1048,1124,511
613: 405,791,1068,1058,1557,281
614: 477,1242,523,1064,46,1708
615: 1824,661,363,1720,1900,37
616: 1266,2008,378,354,1723,509
617: 2000,336,107,1444,1303,1375,561
618: 1862,98,1738,585,1828,153,1800
619: 882,1836,126,35,1751,1067
620: 740,1403,1553,437,1049,273
621: 1334,1110,983,479,1361,56
622: 1125,652,1014,1909,1161,1246
623: 825,1349,690,1794,432,1606
624: 2031,729,149,1296,1477,1179
625: 1961,1259,1209,934,1398,1618
626: 479,1118,194,1671,1261,1476
627: 1522,1899,1579,1301,1044,845
628: 2030,279,1430,13,1307,1790
629: 1769,72,1847,1615,439,802
630: 1186,1468,685,1603
631: 943,1993,262,131,248,1510
632: 1957,1634,1039,584,1973
633: 1264,1630,910,463,841
634: 228,666,1731,376,1506,914
635: 1173,1527,1733,959,364,1803
636: 826,1510,1974,1447,1551,1873,262
637: 1316,824,1823,827,1900,37
638: 2003,564,1141,574,329,976
639: 800,769,1025,1151,1161,1137
640: 1401,1966,532,105,915,1727,61
641: 418,1558,1007,1786,1594,1223
642: 815,480,751,1229,1298,649
643: 130,2031,149,1232,458,206
644: 1257,516,1636,1932,1208,1267
645: 1609,1319,1326,1012,406,563
646: 1057,1901,269,1588,1422,848
647: 599,207,1767,1589,382,1651,1143
648: 482,2040,186,477,1090,1145
649: 642,751,159,1159,1298,1380
650: 1486,2,1029,1198,1083,457
651: 1935,999,763,1248,448,1564,1906
652: 1125,343,622,1255,237,1909
653: 5,1681,1235,1297,414,1245
654: 238,290,1556,1866,762,1299
655: 438,1420,572,545,1814,1382
656: 1130,1758,1026,1233,960,1649,277
657: 787,742,110,260,1104,470
658: 270,1819,869,1157,1446,367,1098
659: 1204,1084,1160,1764,172
660: 1173,1480,803,1393,1988,597
661: 1176,1824,615,363,563,1832
662: 1996,26,1180,691,530,1108
663: 1969,146,1266,1567,1220,818
664: 1394,1228,1493,465,1421,893
665: 19,1337,306,1168,1047,396
666: 228,634,2021,1247,1100,1731
667: 1682,1661,1251,1274
668: 66,1276,756,1948,1408,1226
669: 1668,1115,1021,964,1513,1886
670: 911,721,121,1951,1417,1697
671: 423,1699,981,504,1334,1306
672: 16,522,1701,216,1692,2032,1938
673: 430,813,1728,1504,1000,1624
674: 1928,1470,1861,1761,43,119
675: 1941,810,591,1616,1212,1279
676: 943,322,49,1613,131,1537
677: 929,1577,427,723,1645,1411
678: 570,212,1117,1442,741,1780,258,1363
679: 398,266,1838,177,8,1669
680: 10,380,1400,471,1991
681: 2008,1631,1567,855,806,394
682: 1779,2011,1868,873,1182,275
683: 276,525,571,1363,1637,1341
684: 1034,1624,257,1373,1431,1432
685: 630,1468,737,1883,1603,99
686: 316,1771,421,1195,1807,345,1616
687: 1739,581,1367,831,340,1018
688: 78,1851,890,1059,513,1060
689: 1922,1050,1840
690: 623,1956,1349,1971,1794,1140
691: 1180,662,530,11,1099,1962
692: 1199,1072,333,586,287,1328
693: 1976,1965,925,1079,2041,299
694: 2014,870,27,1231,23,1095
695: 1449,1524,1424,1153,838,488
696: 1512,181,1690,1816,67,772
697: 1177,885,211,1732,1495,1568
698: 1641,857,1320,1344,434,1702
699: 19,1337,422,1652,1166,2025
700: 2023,475,1664,256,761,1747
701: 1876,902,1834,1768,1605,785
702: 492,1862,745,585,974,1773,218
703: 459,948,1192,1581,1352,1517
704: 1981,0,1336,298,1958,1319,1012
705: 849,318,1184,238,762,1904
706: 435,407,556,1477,1179,2006
707: 2016,1566,1995,433,1208,1636
708: 2030,1906,13,1286,178,1248
709: 1602,335,1771,1195,1302,2039,1820,45,345,1069
710: 1489,1355,1396,548,1081,713
711: 1414,1027,1311,541,1324,160
712: 337,1472,1485,2002,50,1428
713: 386,1323,93,548,1081,710
714: 1979,1590,143,2022,1759,878,1545
715: 1412,486,1633,938,1849,1846
716: 1654,1149,501,1407,753,1327
717: 1516,1670,1645,472,1215,214
718: 898,385,1891,112,1672,327
719: 834,1829,2000,1375,774,77,1389
720: 1976,1965,73,32,1146,303
721: 387,1163,911,1717,670,121
722: 72,1831,1797,1131,309,1154
723: 1645,1860,76,214,1577,677
724: 1526,930,231,1867,1042,767
725: 602,15,330,342,1910,1506
726: 1219,744,1740,359
727: 1989,51,138,1030
728: 1109,308,1545,1194,109,2022
729: 624,1296,1307,1490,1790,1179
730: 1381,939,1272,358,289,1942
731: 1770,1128,271,161,1297,1451
732: 1384,263,1507,1793,1635,1362
733: 1464,1541,1730,234,1385,1536
734: 1644,78,272,1851,135
735: 2046,1757,1172,1843,1604,996
736: 66,1458,1948,1322,1020,1659,1377
737: 1468,685,1869,1883,1091,739
738: 528,120,370,1213,228,1100
739: 1196,1291,737,1883,1091
740: 620,1837,1343,1403,437,1802,773
741: 1796,229,1442,436,258,678,1117
742: 657,260,1665,1713,470,559
743: 1525,1737,1578,932,1598,789
744: 1740,726
745: 1244,1862,702,585,163,489,1773
746: 1076,1101,1019,1475,1071,71
747: 1111,1386,1700,754,1032,795
748: 1289,1404,1146,1119,868
749: 180,4,1623,1312,1729,344
750: 1992,1374,1353,993,487,1037
751: 815,642,649,1380,1559,1287
752: 1273,1710,1397,84,1359,1939
753: 1407,452,391,880,1327,716
754: 1700,747,1009,1484,1032,1210
755: 1471,128,1721,1378,280,133
756: 1482,66,1276,668,1253,519
757: 425,1406,1774,1438,610,315
758: 1813,810,458,1212,1232,1792
759: 935,1665,1511,1810,1030,580
760: 1888,1505,1755,1347,1811,73
761: 256,1896,1070,603,1106,1664,700
762: 1640,1904,1299,705,238,654
763: 1935,456,1248,651,1906,1105,1148
764: 1473,360,1340,1688,1052,341
765: 590,1787,1002,1761,1188,1165
766: 1010,1622,1413,1387,187,2042
767: 1769,1797,724,231,1627,1042
768: 1629,476,1547,598,1120,1036,1712
769: 111,1325,800,639,1257,1657,1025
770: 1274,397,332,1661,1348,607
771: 790,1259,1293,779,1666,447
772: 330,1934,696,1690,139,1816
773: 1147,919,437,1802,740,1837,1343
774: 1375,1200,1045,561,834,719
775: 1202,1236,960,1805,365,986
776: 1055,1252,1250
777: 232,435,1282,2006,462,279
778: 1658,1726,579,474,875,1685,1031
779: 771,366,1666,1487,447,1573
780: 971,1561,89,1447,1129,102
781: 1452,1742,1287,233,1799,815
782: 953,1122,348,1365,125,1764
783: 1439,416,966,1295,451,1284
784: 1955,1454,30,840,1455,2047
785: 1982,1459,1605,220,701,1834
786: 2005,392,1662,977,1461,1472
787: 2038,657,1530,110,1095,1104
788: 130,2031,1812,1953,1296,1573
789: 1737,743,1598,1582,1371,250
790: 771,1601,560,1293,415,1666
791: 613,77,1502,1068,1389,281,1736
792: 1433,1318,246,355,851,1693
793: 296,202,1281,1414,1027,1889,1474
794: 334,320,1159,1298,1632,1092
795: 496,1642,1032,11,1386,747
796: 1647,1872,1127,1059,1575,513
797: 1805,1062,2020,365,566,140
798: 1952,57,1669,1660,988,398
799: 231,1892,818,1689,1627,1054
800: 1325,639,769,1161,1246,808
801: 1138,531,431,1256,1460,1497,1613,131
802: 1308,1933,300,1217,1042,1769,629,1615
803: 1173,408,1480,660,1527,1542
804: 44,1586,1776
805: 1549,1317,1260,1308,1615,439,1135
806: 681,855,1112,394,164,1714
807: 1483,52,959,1037,1023,364
808: 288,1123,1246,1695,1325,800,33
809: 305,916,1777,1040,1275,837
810: 1813,675,758,1616,1212,421
811: 86,1897,1239,1398,854,379
812: 1942,1715,1242,1894
813: 430,1728,41,673,1548,1265
814: 1433,189,1406,1285,1774,1620,25,1940,1469
815: 480,642,751,1799,781,1287
816: 1365,422,1652,125,1562,1237
817: 2016,1164,488,1399,405,838,1162
818: 1892,799,663,146,1220,1054
819: 229,1745,937,1442,1986,107
820: 1171,1017,240,1332
821: 992,1620,1209,1600,209,934
822: 1860,1335,1216,2009,858,1997
823: 1130,1329,1233,188,1977,54
824: 1316,1823,637,310
825: 382,1911,623,1349,1606,95
826: 248,636,89,1510,1211,1447
827: 1263,1316,637,167,1900,230
828: 1594,931,328,114,1466,1950,1612
829: 913,401,1687,1464,559,1536
830: 100,1684,472,1411,505,1555
831: 2046,440,1739,1367,687,1757
832: 1366,1760,1725,1508,1155,134
833: 1863,1138,156,232,1282,1507,1793
834: 512,719,1829,1638,1200,774,77
835: 576,1832,1825,1176,307,1890
836: 483,506,847,109,1123,1994,1031
837: 1796,1985,1134,305,809,1040
838: 405,1058,1153,695,817,488
839: 1338,2047,1078,901,507,840
840: 1454,784,901,247,839,2047
841: 1128,271,1729,1630,633,1499
842: 1463,1728,41,1357,1921,1570
843: 58,2001,869,169,1683,1584
844: 1907,313,557,1608,108,1677
845: 410,1207,1698,1522,627,1044
846: 1569,1060,1899,1579,890,304
847: 109,836,1994,474,1031,1194
848: 30,1845,1422,1057,646,1167
849: 1760,705,318,1184,1918,1980
850: 534,80,1607,1908,24,1300
851: 355,975,246,324,1954,792
852: 1309,1960,1080,1844,1676,1514
853: 34,1703,489,1773,1979,1590
854: 379,1061,1286,178,811,1239
855: 59,1631,681,806,1112,952
856: 1238,332,1680,604,53,1170
857: 698,1320,1154,12,434,1831
858: 1324,1335,2009,822,1474,1533,1121
859: 1543,1089,980,958
860: 603,150,293,1560,1546,1106,352
861: 1655,1970,1936,294,612,1781
862: 329,1676,1172,552,1815,1514
863: 1494,1880,93,940,1278,369
864: 549,1853,79,166,1752,1443
865: 311,1912,1225,1745,1986,1763,1978
866: 1801,135,1970,1133
867: 1995,433,21,1164,1399,1222,413
868: 1999,1119,201,495,748
869: 658,1819,58,843,2001,1157,1267
870: 694,27,2015,891,2038,1095
871: 1833,494,144,1205,2017,372
872: 316,335,1049,1063,1195,1302,273
873: 1489,1355,1747,1182,682,2011
874: 116,535,1249,1358,1424,515
875: 1726,1098,579,227,778,1351,1446
876: 1087,1015,1671,1261,464,1456
877: 1947,1516,1670
878: 1109,569,235,1545,714,1759,1262
879: 1072,333,1294,1563
880: 1407,452,391,753,1570,1357
881: 1338,242,400,1078,1588,1332
882: 417,1931,401,619,1836,126,1687
883: 1712,268,1858,598,243,973
884: 534,1314,1247,1903,1185,1300
885: 697,168,1177,1914,1053,1732
886: 1817,1923,342,1910,1535,1175
887: 1972,1927,1919,147
888: 1852,306,323,244,1998,348
889: 1309,1080,1371,441,250,2004
890: 78,2007,688,1569,1060,846
891: 1959,1077,2015,870,2038,1554
892: 1740,1804,1103
893: 1394,1552,664,1493,2040,1150
894: 1895,546,1744,1094,1984,1178
895: 224,535,1249,1041,503,190
896: 536,1833,144,199,101,1322
897: 533,1191,54,1329
898: 718,1891,1213,112,1354,1169
899: 1791,497,1203,577,420,1346
900: 1005,1360,1926,14,1704,254
901: 1869,507,1091,247,839,840
902: 1876,905,701,97,1768,1529
903: 2025,537,1481,1168,1884,19
904: 1005,1926,1611,1206,1420,572
905: 1876,278,902,1987,282,97,596
906: 1994,1695,270,33,1726,1098,1031
907: 264,481,1155,2010
908: 77,1068,1557,356,1829,1437
909: 1214,1013,304
910: 245,949,463,1264,410,633
911: 387,721,670,1870,1417
912: 1440,217,233,1538,1339,1142
913: 829,401,1610,1536,1842,1491
914: 15,1515,1506,634,1731,1905
915: 105,5,1727,1531,951,61,640
916: 426,809,1777,1574,1619,1275
917: 1920,1188,1539,165,1356,1002
918: 1273,1082,1397,1884,239,1481
919: 1147,1549,1317,1802,773,1750
920: 102,591,1279,1683,1523,1580,1561
921: 457,1955,1028,1556,1866,1198
922: 414,22,1779,1441,1868,1245
923: 1870,310,1593
924: 1756,120,370,63,1929,1096
925: 1976,302,1079,693,1811,966
926: 953,319,1084,1679,1345,1290
927: 1450,1967
928: 1071,1018,225,1367,1051,1475
929: 1876,1577,427,278,677,1834
930: 1288,1526,724,2048,1583,1867
931: 1594,114,1223,828,1499,1612
932: 1578,743,1598,1189,550,326
933: 104,399,1140,48,1907,1614
934: 1620,1209,821,1004,1961,625
935: 1806,1991,1511,1810,759,1400
936: 1888,115,520,291,1552,587
937: 29,819,229,1745,1056,1134,1442,311
938: 486,2015,715,1846,1959,68
939: 1381,730,1942
940: 863,1880,386,962,941,93
941: 1786,1880,962,940,1968,1950
942: 1982,1413,1605,205,259,1622
943: 322,1993,1613,676,631,131,1735
944: 6,1861,1830,1254,119,1255
945: 1035,1667,402,2026,70,581,1268
946: 524,1722,442,1457,96
947: 1629,1462,1547,321,1112,1714
948: 703,459,1517,1156,1746,973
949: 1024,910,245,1663,463,1132
950: 425,1677,1406,1144,1318,175,965
951: 5,1681,915,1328,1531,64
952: 1691,961,321,1112,59,855
953: 782,1122,319,926,1084,1764
954: 42,356,510,1437,252,1372
955: 1027,1311,275,1086,1281,1395
956: 1650,1538,1339,440,1051,468
957: 204,1243,1711,1621
958: 357,980,859,1543,1183,1748
959: 807,1023,364,1753,635,1527
960: 1805,1649,775,986,277,656
961: 1691,1952,1916,321,952,1036
962: 386,941,940,1114,328,1950
963: 83,44,1075,1821
964: 1879,283,555,65,1886,1115,669
965: 175,1352,1882,246,950,1144,1318
966: 783,1439,451,925,302,1079
967: 1753,519,1542,1482,9,1639
968: 457,1955,1565,1455,338,2
969: 1890,285,222,307,1576,1765
970: 1434,371,1330,1656,9,1964
971: 89,780,1129,556,1315,2027
972: 284,1803,497,1346,1483,364
973: 1746,883,1858,243,948,1517
974: 492,1862,1738,702,1822,2013
975: 355,251,851,1135,1308,324,1933,300
976: 329,1815,192,2003,638,982
977: 50,1011,292,2005,786,1472
978: 1871,569,235,1585,2029,3
979: 1641,2035,208,426,261,1574
980: 357,10,1089,380,958,859
981: 1202,91,423,1699,1236,671
982: 2014,1390,182,2003,976,192
983: 1415,1110,147,621,424,1361
984: 20,1227,443,568,1436,203
985: 1571,1479,1345,74,1369
986: 1243,1621,277,775,1236,960
987: 571,346,1789,1678,1625,224,1041
988: 1766,398,595,1660,1201,798
989: 1295,1193,1016,1741,1859,1675
990: 443,1831,1131,1930,1320,1436
991: 1410,1404,32,1943
992: 1209,821,209,86,1984,1778
993: 1483,1037,284,750,1374,2034
994: 75,1772,451,1160,2041,1079
995: 205,1622,337,1485,2043,2042
996: 461,1650,1843,155,735,1757
997: 1288,164,2048,1714,1462,1854
998: 388,197,554,1751,1067,1808
999: 1935,24,651,1185,448,1300
1000: 673,1504,1197,578,1624,257
1001: 1360,518,1350,1340,1688,575
1002: 1787,1356,1448,765,917,1188
1003: 1467,38,1956,610,315,171,1158
1004: 1469,491,1961,1620,1940,934
1005: 904,1926,900,1206,1704,1476
1006: 1992,75,1562,1772,1353,1237
1007: 1034,1431,1968,418,641,1786
1008: 1648,1043,2018,222,139,1934,1515
1009: 1700,1708,754,1224,1484,1064
1010: 600,2028,267,766,1387,187
1011: 50,1544,977,1496,292,339
1012: 645,1609,1795,1958,1319,704
1013: 1214,909,304,1899,1044,395
1014: 1920,1125,622,288,1246,1540
1015: 1939,876,464,1456,540,84
1016: 989,1295,1284,2034,1741,1595
1017: 820,240,1332,400,1949,1234
1018: 1643,928,225,1367,687,340
1019: 1076,1452,123,746,1619,1101
1020: 1473,1659,1377,538,85,736,1458
1021: 1668,1484,669,195,1513,1224
1022: 1192,1581,1591,1850,103,498
1023: 52,959,807,1653,1639,1753
1024: 1663,1674,949,500,1132,39
1025: 1465,111,639,769,1257,1137
1026: 1856,656,1233,1427,277
1027: 711,1414,1311,955,793,1281
1028: 457,1955,1454,921,467,1556
1029: 1486,1156,557,1746,650,1083
1030: 1810,759,580,727,1989,51
1031: 1726,1098,474,778,847,906,836,1994,1695
1032: 1962,1210,11,747,754,795
1033: 539,373,361,1716,1379,408,1480
1034: 684,1007,183,1373,1431,1968
1035: 2026,70,945,441,297,1268,1364
1036: 961,1916,321,2037,768,476,1547
1037: 1483,993,52,487,807,1429,750
1038: 42,369,512,1638,1258,1494
1039: 632,584
1040: 526,436,809,1777,837,1796
1041: 224,895,987,1678,1625,92,503
1042: 802,1867,1217,724,767,1769,1797
1043: 1648,1008,207,1370,1515,1905
1044: 1899,627,1013,845,1207,395
1045: 1375,1200,774,611,157,1975,561
1046: 1202,91,1456,540,365,140
1047: 1062,566,396,323,306,665
1048: 82,197,612,1781,1107,511
1049: 872,1302,273,1553,522,216,620
1050: 689,504,1922,1306,1840,154
1051: 440,1367,956,928,468,1475
1052: 360,1688,764,14,1710,1359
1053: 1914,885,53,1170,438,1732
1054: 1526,1220,200,231,818,799
1055: 776,505,1555,1252
1056: 29,1985,2044,1134,937,159
1057: 646,1126,269,848,0,1167
1058: 613,405,838,281,190,1153
1059: 1127,170,688,1851,796,513
1060: 513,846,145,1579,688,890
1061: 854,379,543,389,106,1286
1062: 1805,1047,797,566,1649,323,1758
1063: 316,60,872,335,1195,273,1626
1064: 477,614,482,1224,1708,1009
1065: 529,1312,161,1754,1915,344
1066: 1113,1175,1835,17,602,342
1067: 554,1751,998,1818,619,126
1068: 613,908,77,791,1389,1557
1069: 1820,224,535,1358,45,1789,1625,709
1070: 588,236,1896,256,1396,761
1071: 1718,71,928,225,746,1475
1072: 1199,879,692,333
1073: 22,2011,253,1114,328,1466,368
1074: 1917,567,573,1471,128,1532
1075: 963,44,1821,132,1686,1189
1076: 746,1619,1019,71,208,1574
1077: 1450,1967,1959,450,891,1554
1078: 1338,839,242,881,507,1139
1079: 925,693,994,966,451,2041
1080: 1309,852,441,297,889,1676
1081: 368,1355,710,386,713,1114
1082: 1273,918,1884,1865,1168,2020,396
1083: 1746,650,1029,1198,81,1858
1084: 659,1204,1764,1679,953,926
1085: 458,102,206,1212,1279,1129
1086: 226,551,1311,275,955,1868
1087: 876,56,1261,1456,91,1699
1088: 1551,58,1157,1446,1873,227
1089: 10,980,2033,859
1090: 477,46,1145,648,520,1445
1091: 1869,737,901,739,1196,247
1092: 1491,350,1378,1632,334,794
1093: 1998,188,1977,1122,319,1369
1094: 171,209,38,1744,546,894,1984
1095: 2038,787,1530,694,870,1231
1096: 601,494,2024,1205,924,63,1929
1097: 1342,76,1694,1853,1997,485
1098: 1726,875,1031,270,658,1446,906
1099: 377,1962,317,691,530,1501
1100: 1314,228,1247,666,738,370
1101: 468,1452,746,1742,1019,1475
1102: 1184,524,445,1980,1291,1937
1103: 1740,1804,359,527,1376,892
1104: 787,657,1530,470,179,1385
1105: 544,1906,1148,456,763,351,1388
1106: 860,603,293,1546,1830,761,88,2023,1664
1107: 452,1327,1048,197,1808,511
1108: 2043,26,187,662,530,2042
1109: 1871,1783,308,878,235,728,1545
1110: 504,1922,1334,1415,983,621
1111: 141,1333,1386,384,1700,747
1112: 321,952,855,806,947,1714
1113: 1175,1944,604,17,1066,514
1114: 386,962,328,368,1081,1073
1115: 1668,377,669,317,555,964
1116: 478,3,2013,1696,1262,569
1117: 336,570,678,107,1442,741
1118: 479,353,194,1361,1174,626
1119: 868,495,137,582,748,1146
1120: 312,94,768,1629,598,243
1121: 1270,404,1889,858,1474,1533
1122: 953,782,1998,1093,319,348
1123: 506,288,836,808,1994,1695
1124: 1654,605,511,129,1936,612
1125: 1920,343,622,652,1539,1014
1126: 1788,1057,127,269,298,0
1127: 501,605,1059,170,1575,796
1128: 731,841,271,1499,1612,1451
1129: 971,1561,780,102,206,1085,1315
1130: 1758,244,823,656,1233,188
1131: 722,443,990,72,1831,1847
1132: 2036,90,39,1024,245,949
1133: 1970,1936,866,135,129,272
1134: 837,1796,229,1985,1056,937
1135: 975,251,117,1308,1615,1549,805,1317
1136: 230,1949,1878,484
1137: 1151,1560,352,1465,111,639,1025
1138: 801,531,156,833,431,232,1282,1528
1139: 375,507,242,1078
1140: 1971,104,1794,48,933,690
1141: 1521,1973,564,403,638,574
1142: 217,233,912,1541,1730,1799
1143: 1648,285,1651,599,207,647
1144: 425,950,1433,189,1406,1318,965
1145: 1090,1552,2040,648,520
1146: 748,1404,32,137,1965,720,1119
1147: 919,773,1750,1310,560,1343
1148: 2030,544,1906,1430,31,1105,763
1149: 501,716,1575,1407,558,393
1150: 2040,1240,153,186,1800,1493,893
1151: 1909,1546,352,1161,1137,639
1152: 221,1875,331,1837,1626,1403
1153: 1249,1424,838,1058,190,695
1154: 309,608,12,722,1831,857
1155: 907,481,134,2010,832,1725
1156: 557,1746,1029,1608,459,948
1157: 658,1819,58,869,1088,1446
1158: 315,1600,171,25,1774,1003
1159: 320,794,159,1298,649,2044
1160: 659,1204,2041,172,75,994
1161: 1151,1909,800,639,1246,622
1162: 405,1557,1437,817,1164,1399,252
1163: 387,721,1717
1164: 867,817,1995,1399,1162,1437,252,1222
1165: 1519,454,1761,1928,590,765
1166: 699,422,2025,62,1534,1478
1167: 0,1336,517,1845,848,1057
1168: 903,1082,1884,396,19,665
1169: 1944,112,1354,286,17,898
1170: 438,1814,856,1680,1053,53
1171: 820,1332,242
1172: 1843,552,1604,1815,862,192,735
1173: 803,660,635,1527,597,1733
1174: 353,424,1118,1361,1568,7
1175: 1113,1066,886,342,1535,514
1176: 661,563,307,1326,1832,835
1177: 697,168,885,274,1495,409
1178: 547,444,1984,1778,1895,1925,894
1179: 435,1790,706,1477,624,729
1180: 1996,691,662,11,1642
1181: 547,444,1416,1908,24,448
1182: 873,1747,682,475,1395,275
1183: 82,388,1453,357,958,1748
1184: 1102,1980,849,705,238,1937
1185: 1935,999,493,1903,1300,884
1186: 630,375,1468
1187: 541,469,1269,485,160,1342
1188: 1761,43,917,1539,1002,765
1189: 1578,932,1075,1821,550,132
1190: 502,515,411,136,1449,1596
1191: 897,54,1479,74
1192: 1022,703,1581,1352,1882,1591
1193: 989,1439,1295,193,1675,1617
1194: 474,1685,847,109,308,728,2022
1195: 686,709,316,872,335,1771,421,1063
1196: 739,247,290,1291,467,1937,1091
1197: 184,249,1504,1000,1587,578
1198: 650,1083,1866,81,457,921
1199: 1072,692,287
1200: 774,18,1975,1045,512,834
1201: 1660,1705,481,134,988,595
1202: 91,775,1236,1046,981,365
1203: 1791,577,899,1585,3,1696
1204: 659,1084,1160,2041,299,1679,582
1205: 871,494,1096,1724,63,575,372
1206: 1673,572,1005,904,194,1476
1207: 180,845,1698,1044,1719,395
1208: 707,1566,198,1932,644,1636
1209: 992,821,934,625,86,1398
1210: 1668,1484,1032,1962,317,754
1211: 248,826,89,1510,2027,1460,1497
1212: 675,810,458,758,1085,1279
1213: 898,528,120,1891,738,1354
1214: 909,1013,395
1215: 1694,549,214,606,1670,717
1216: 1860,1335,822,282,1577,278
1217: 1391,1933,300,802,1867,1042,1769
1218: 162,1381,358,1505,1410,303
1219: 1798,726,1957,152,359
1220: 394,200,1054,1567,663,818
1221: 469,1401,79,241,1966,166
1222: 252,1893,1372,413,867,1164
1223: 1594,931,1499,1630,1558,641
1224: 195,482,1484,1021,1064,1009
1225: 184,865,567,1912,573,249,1587,1978
1226: 1384,263,1948,1408,199,668
1227: 301,20,55,984,1260,568,203
1228: 1859,664,1675,465,1421,87
1229: 334,480,642,1298,234,1842
1230: 1703,1979,1775,143,483,521
1231: 694,23,1784,1530,1095,508
1232: 130,643,1946,1792,1813,458,758
1233: 1130,823,1329,656,1026
1234: 562,1901,1017,400,1949,484
1235: 114,1451,1297,414,253,653
1236: 1202,423,775,981,1621,986
1237: 75,125,1562,1006,816,172
1238: 514,397,332,1902,856,604
1239: 1897,811,1564,1416,854,178
1240: 195,1828,1513,153,186,1150
1241: 276,525,346,1789,583,1692,2039
1242: 1894,523,46,614,812,1715
1243: 204,957,1427,1621,986,277
1244: 98,745,585,163,1879,65
1245: 414,1441,922,653,5,1727
1246: 288,808,800,1161,622,1014
1247: 534,1314,2021,1100,666,884
1248: 763,651,1564,178,708,1906
1249: 535,874,895,1424,1153,190
1250: 776,1252,449,185,1785
1251: 1682,667,213,1749,1274,151
1252: 1055,776,505,1250,449,1885
1253: 446,1482,66,1964,756,1458
1254: 88,1321,202,1830,944,6
1255: 119,343,652,237,1830,944
1256: 539,801,373,531,1613,1537
1257: 111,769,644,1657,1025,516,1636
1258: 42,510,1038,1494,1323,1518
1259: 771,1961,625,1293,447,1618
1260: 805,55,1317,1227,568,439
1261: 1087,876,56,1671,479,626
1262: 1116,2013,569,878,218,1759,492
1263: 1316,827,230
1264: 4,410,1698,633,910,1729
1265: 1913,39,430,813,1548,1674
1266: 616,2008,1567,663,1969,509
1267: 1819,2001,869,1932,644,516
1268: 1739,581,383,1364,1035,945
1269: 469,1401,532,551,541,1187
1270: 6,1470,404,1121,1889,1861
1271: 1525,1737,177,378,354,1572
1272: 115,358,289,1755,1445,730
1273: 918,1082,752,1397,84,1865
1274: 770,397,151,667,1661,1251
1275: 1559,123,1619,305,916,809
1276: 668,756,1408,1716,1379,519
1277: 110,260,1554,450,51,580
1278: 863,1880,18,1550,183,369
1279: 675,102,920,591,1085,1212
1280: 570,92,212,1736,1303,1502
1281: 296,793,542,1395,1414,1027,955
1282: 232,777,2006,462,279,1362,1507,1793,1138,833
1283: 349,1856,533
1284: 783,416,1295,1016,2034,1374
1285: 1433,189,814,466,1693,1940,1469
1286: 854,389,1061,178,708,13
1287: 1452,781,1559,123,815,751
1288: 1526,164,930,200,2048,997
1289: 748,1404
1290: 201,495,926,1679,1345,265
1291: 739,1196,1937,1102,445,1883
1292: 498,324,1391,300,1954,1591
1293: 491,771,1961,790,1601,1259
1294: 105,1531,879,333,1877,1563
1295: 783,989,1439,1193,1016,1284
1296: 2031,624,729,1953,788,1490
1297: 731,1770,1451,1235,653,1681
1298: 334,642,794,1159,1229,649
1299: 1866,1640,268,762,81,654
1300: 999,24,1185,534,850,884
1301: 1522,145,627,1579,90,245
1302: 709,1602,872,335,1049,1701,216
1303: 2000,617,336,570,1736,1280,1389
1304: 1512,1782,181,381,589,576
1305: 1341,261,1409,1313,1762,525
1306: 504,1050,423,671,154,1711
1307: 389,1490,729,628,13,1790
1308: 324,1933,802,1615,975,251,1135,805
1309: 473,1960,852,1080,250,889
1310: 1809,1750,1147,173,1601,560
1311: 711,551,1027,541,1086,955
1312: 1065,271,161,1729,749,344
1313: 174,2035,460,1305,261,1762
1314: 1247,1100,884,1903,370,1929
1315: 556,1477,149,206,971,1129
1316: 1263,824,827,637
1317: 1549,805,55,919,1802,1260,1135
1318: 950,1433,189,1144,792,965,246
1319: 645,1012,127,298,704,406
1320: 857,1930,698,1344,990,1831
1321: 88,2023,296,202,542,1254
1322: 1948,199,144,896,1659,736
1323: 1494,713,93,1258,1518,548
1324: 2009,858,1474,160,711,1414
1325: 800,769,1657,33,808,1695
1326: 645,307,1609,1765,1176,563
1327: 452,753,1107,1654,511,716
1328: 1531,951,64,692,333,586
1329: 823,1856,1233,897,533,54
1330: 1434,62,537,371,970,499
1331: 1658,1685,1405,122,1783,308
1332: 820,1171,1017,242,400,881
1333: 141,1111,1386
1334: 504,1110,621,56,1699,671
1335: 1216,858,822,282,1533
1336: 1864,1981,0,704,517,1167
1337: 19,1852,699,306,665,1652
1338: 839,2047,881,1078,1588,1422
1339: 1440,461,1650,956,912,1538
1340: 1688,764,341,575,372,1001
1341: 526,1305,1409,525,683,1363,1637
1342: 1097,1853,1187,469,166,485
1343: 415,740,1837,1147,773,560
1344: 1641,1930,174,698,2035,1320
1345: 1571,985,265,319,926,1290
1346: 284,497,420,972,899,1595
1347: 302,1811,193,1888,760,291
1348: 1661,770,1881,607
1349: 1911,1467,825,623,1956,690
1350: 518,1001,1672,1724,385,575
1351: 579,875,227,362,1873,1993,262
1352: 703,175,459,1192,965,1882
1353: 1992,1478,750,1562,1006,487
1354: 1835,1169,17,898,528,1213
1355: 368,1489,873,1081,710,2011
1356: 325,1002,1448,917,165,1775
1357: 842,558,41,1407,1570,880
1358: 116,535,874,45,345,1069
1359: 752,1710,14,1052,1939,254
1360: 518,1926,900,14,1001,1688
1361: 479,424,1118,1174,983,621
1362: 462,544,1430,31,1282,1793,732,1635
1363: 276,571,1780,683,258,1637,1678,1341,678
1364: 1268,383,297,1676,552,1035
1365: 816,1852,1652,125,782,348
1366: 1419,1760,28,832,318,1508
1367: 440,831,687,1051,928,1018
1368: 1892,608,1924,1689,47,1592
1369: 1093,1977,319,985,74
1370: 210,599,207,1043,490,1905
1371: 250,889,1737,789,354,2004,1723
1372: 252,1418,1222,1893,510,954
1373: 1034,684,142,1550,257,183
1374: 1992,750,993,416,1284,2034
1375: 774,1045,561,2000,617,1444,719
1376: 550,326,1103,359,527,1963
1377: 1473,1020,1659,341,2017,736
1378: 1471,350,755,1721,1632,1092
1379: 408,1480,519,1542,361,1716,1033,1276
1380: 751,159,649,1559,305,1985
1381: 162,939,1218,730,358
1382: 655,1420,1814,112,286,327
1383: 466,355,1809,251,117,1693
1384: 263,199,101,732,1226,1635
1385: 1464,1541,470,733,179,1104
1386: 1333,1111,747,496,795
1387: 1413,185,428,1010,2028,766
1388: 101,1635,544,1105,536,351
1389: 77,791,1068,2000,1736,1303,719
1390: 2014,155,982,23,1843,192
1391: 498,1583,300,1867,1217,1292
1392: 1749,1402,609,121,213,1951
1393: 1480,660,373,49,1537,1988
1394: 1552,664,587,465,893,2040
1395: 542,475,1281,1182,275,955
1396: 256,1489,548,710,588,1070
1397: 1273,918,752,1710,239,1945
1398: 379,1618,1209,625,86,811
1399: 867,817,2016,1995,1164,1162
1400: 380,680,1498,1806,935,1991
1401: 640,469,1966,1221,532,1269
1402: 1435,609,67,347,1392,1951
1403: 620,740,1837,1626,1152,273
1404: 1289,991,748,32,1146
1405: 1658,1331,362,1735,1597,122
1406: 425,950,189,814,757,1144,1774,315
1407: 753,880,1149,716,558,1357
1408: 263,1226,1863,361,1716,1276,668
1409: 526,1305,426,1341,1777,261
1410: 991,32,1943,303,162,1218
1411: 100,1645,472,830,427,677
1412: 486,1633,715,453
1413: 1982,942,1387,428,1622,766
1414: 711,1027,793,1281,1324,1474
1415: 1922,1110,147,983,1972
1416: 1897,1564,547,1239,1181,448
1417: 1870,1593,124,1697,911,670
1418: 588,236,1518,1893,1372,510
1419: 1366,28,318,2037,1904,429
1420: 655,572,1382,904,1611,327
1421: 1228,664,1493,390,87,553
1422: 1338,2047,1588,30,848,646
1423: 1988,1709,196,322,49,1597
1424: 874,1249,1153,515,695,1449
1425: 1930,174,460,1436,203,1938
1426: 113,1721,1818,554,1520,133
1427: 204,349,1243,277,1856,1026
1428: 2002,555,712,337,377,1501
1429: 52,487,499,1653,1037,1534
1430: 2030,462,279,628,31,1148,13,1362
1431: 1034,684,1007,1432,418,500
1432: 684,1624,1431,430,1674,500
1433: 189,814,1285,1144,1318,792,1693
1434: 215,537,970,1481,1330,1656
1435: 1402,67,1697,1512,589,1951
1436: 1425,1930,443,990,984,203
1437: 356,954,908,1557,1162,1164,252
1438: 1971,610,48,313,425,757,315
1439: 783,966,1295,1193,193,302
1440: 461,217,508,912,1339,1784
1441: 922,1868,1245,1727,61,226
1442: 819,229,937,741,336,678,107,1117
1443: 374,1752,606,549,864
1444: 617,336,107,1986,1763,1375,561
1445: 115,520,1272,289,1090,46
1446: 270,658,1088,1157,1098,875,227
1447: 636,1561,826,89,1510,780,1974
1448: 1787,1356,325,1002,1628,339
1449: 515,411,695,1190,1524,1424
1450: 927,1967,1959,1077,68
1451: 114,1612,1235,731,1128,1297
1452: 781,123,1742,1101,1019,1287
1453: 35,388,1183,1751,357,1498
1454: 1955,1028,840,784,247,467
1455: 968,1955,30,1565,784,1845
1456: 1087,876,1015,540,91,1046
1457: 2010,946,442,191
1458: 85,446,66,1253,736,1020
1459: 1982,449,1885,428,785,220
1460: 407,2027,1528,1211,801,431,1497
1461: 205,259,1472,1485,786,1662
1462: 312,1629,947,1854,1714,997
1463: 842,1921,128,280,1570,1917
1464: 470,559,733,1385,1536,829
1465: 111,1025,433,21,594,1560,1137
1466: 328,114,828,253,1073
1467: 1911,38,1744,1956,1349,1003
1468: 1186,630,375,685,1869,737
1469: 491,1004,173,814,1285,466,1940
1470: 674,1270,1928,404,255,1861
1471: 128,755,1378,1632,1532,1074
1472: 712,1461,1485,786,50,977
1473: 1020,360,1377,764,341,538
1474: 1324,858,793,1414,1121,1889
1475: 468,746,1101,1051,1071,928
1476: 1671,1704,1206,1005,194,626
1477: 706,556,1315,1179,624,149
1478: 1562,1353,487,1534,422,1166
1479: 1571,985,74,1191
1480: 1379,408,803,660,1393,373,1033
1481: 1434,215,537,903,918,1884,239
1482: 9,1964,1253,756,967,519
1483: 993,52,807,1037,364,284,972
1484: 1668,1021,1210,1224,1009,754
1485: 205,712,337,1461,995,1472
1486: 2019,2,557,650,1029,108
1487: 543,106,447,779,1953,1573
1488: 1989,471
1489: 256,1355,1396,873,1747,710
1490: 389,106,1307,729,1953,1296
1491: 350,1092,1842,913,1610,334
1492: 1881,168,409
1493: 664,1421,893,390,1150,1800
1494: 863,1323,93,369,1038,1258
1495: 593,274,7,697,1177,1568
1496: 1646,1544,1011,1628,339,1743
1497: 1613,131,1460,248,1211,801,431
1498: 357,380,1400,1806,35,1453
1499: 931,1223,1612,1630,841,1128
1500: 264,1705,1586
1501: 2043,530,1428,337,377,1099
1502: 791,503,281,92,1736,1280
1503: 1864,517,1565,338,2019,399,1614
1504: 1728,673,1921,1000,184,1197
1505: 760,358,1755,73,303,1218
1506: 602,376,15,725,914,634
1507: 263,1793,732,1282,1863,156,833
1508: 1366,28,832,1660,134,57
1509: 310,1593,124,1823,1898,381
1510: 248,636,826,1211,1447,1873,1993,262,631
1511: 1806,935,1665,759,1713,417,1836
1512: 1304,181,589,696,1435,67
1513: 195,1240,1828,1886,669,1021
1514: 329,1676,862,574,852,1844
1515: 15,1934,914,1043,1008,1905
1516: 1684,1670,472,717,877,1947
1517: 703,948,1581,94,243,973
1518: 588,1418,510,1258,1323,548
1519: 1707,1165,2005,392,454,590
1520: 452,391,133,554,1808,1426
1521: 176,584,1826,1973,564,1141
1522: 627,1301,90,245,845,410
1523: 502,1683,1584,1596,920,591,1580
1524: 411,198,695,1449,1566,488
1525: 1271,1737,177,1578,743,266
1526: 1288,724,930,200,1054,231
1527: 1753,1173,803,635,1542,959
1528: 232,407,1460,2006,1138,431
1529: 97,1768,1707,392,1662,902
1530: 787,1095,1104,1231,508,179
1531: 105,915,1294,1328,951,333
1532: 1471,1632,320,1841,1074,573
1533: 1335,858,282,404,1121,1987
1534: 487,499,1429,62,1166,1478
1535: 514,223,1902,886,1923,1175
1536: 1464,234,733,1842,913,829
1537: 49,1613,676,373,1256,1393
1538: 233,956,912,1339,468,1742
1539: 43,1920,917,1125,343,1188
1540: 521,506,288,1920,1014,165
1541: 1730,733,179,1385,217,1142
1542: 1753,1379,967,408,803,519,1527
1543: 859,1848,958,1748,294
1544: 2002,1879,283,50,1646,1011,1496
1545: 1109,878,235,728,714,2022,1759
1546: 860,1151,293,237,1909,1106,352
1547: 768,1629,476,947,321,1036
1548: 558,813,41,1913,393,1265
1549: 805,919,1317,117,1750,1135
1550: 142,183,1373,18,1975,1278
1551: 58,1088,169,1873,636,1974
1552: 1394,587,893,2040,936,520,1145
1553: 301,437,522,216,620,1049
1554: 2038,110,1277,1077,450,891
1555: 1055,505,40,1684,830
1556: 654,290,467,1866,1028,921
1557: 613,908,405,1068,1162,1437
1558: 1630,418,1663,463,641,1223
1559: 123,1287,1275,751,1380,305
1560: 860,150,352,1137,21,2045,594,1465
1561: 1580,89,780,1974,1447,1129,102,920,169
1562: 1478,1006,1353,1237,816,422
1563: 1294,879,241,1877
1564: 1239,1416,178,1248,651,448
1565: 968,1455,1845,338,517,1503
1566: 707,2016,1208,488,198,1524
1567: 1266,2008,681,663,394,1220
1568: 353,1174,697,211,1495,7
1569: 846,2007,890,304
1570: 280,391,880,1463,842,1357
1571: 1479,985,1345,265
1572: 59,378,1631,1271,177,8
1573: 1812,1953,788,779,366,1487
1574: 916,426,208,1076,1619,979
1575: 1149,501,1127,1647,796,393
1576: 419,1765,95,285,1651,969
1577: 929,278,677,1860,1216,723
1578: 1525,932,743,1189,132,266
1579: 1060,1899,846,145,627,1301
1580: 1561,1974,102,920,1683,1523,169
1581: 1022,703,1192,1517,94,1850
1582: 1598,789,69,473,250
1583: 498,1391,1867,930,2048,103
1584: 502,1683,455,1523,843,2001
1585: 118,2029,978,1203,577,3
1586: 1705,1500,804,1776,595
1587: 1978,611,157,1225,1197,249,578
1588: 1338,400,881,1422,1901,646
1589: 382,1911,1744,546,647,1767
1590: 853,1773,714,1979,218,1759
1591: 1022,1192,1882,498,1954,1292
1592: 608,1924,1368,12,1643,592
1593: 923,1870,310,1417,1509,124
1594: 931,1223,828,1950,641,1786
1595: 284,420,1346,1741,1016,2034
1596: 502,1523,136,1190,1941,591
1597: 322,1735,1405,1423,196,122
1598: 932,743,789,1582,326,69
1599: 267,1996,26
1600: 1620,171,821,209,1158,25
1601: 491,173,790,560,1293,1310
1602: 709,335,1302,1701,2039,1789,1820
1603: 1734,99,630,685
1604: 1172,1843,552,2046,735,383
1605: 1982,942,785,1768,701,259
1606: 419,1795,432,95,825,623
1607: 295,210,1925,1908,80,850,490
1608: 1156,557,175,459,844,1677
1609: 645,419,1795,1765,1326,1012
1610: 913,1931,401,113,1491,350
1611: 518,904,1926,1672,327,1420
1612: 931,114,828,1499,1451,1128
1613: 943,49,1497,676,131,1537,801,1256
1614: 399,933,1907,2019,108,1503
1615: 629,439,1308,1933,802,1135,805
1616: 1941,675,810,686,421,1807
1617: 587,1675,465,1193,193,291
1618: 1398,379,543,447,625,1259
1619: 1076,123,1019,1275,916,1574
1620: 1600,821,25,1940,934,814,1004
1621: 957,1243,1711,986,423,1236
1622: 205,995,942,1413,2042,766
1623: 1719,180,749,412,344
1624: 684,257,1432,430,673,1000
1625: 346,1789,987,1820,224,1041,1069
1626: 331,1152,1403,316,60,1063,273
1627: 231,309,1689,799,767,1797
1628: 325,1448,339,1743,34,1496
1629: 312,768,1462,1547,1120,947
1630: 1558,463,633,1223,1499,841
1631: 59,2008,378,681,855,1572
1632: 1471,1378,1092,1532,320,794
1633: 1412,715,1849,453,1826,1839
1634: 36,632,1957,152,1973,403
1635: 1384,1388,101,1793,732,544,1362
1636: 111,1257,644,516,707,433,1208
1637: 683,258,1363,526,436,1341
1638: 42,356,512,834,1829,1038
1639: 1653,1023,9,1753,967,371
1640: 1712,268,762,1904,429,1299
1641: 979,698,2035,1344,1702,208
1642: 496,795,1996,1180,11
1643: 1018,225,592,340,1924,1592
1644: 78,2007,734
1645: 723,472,717,1411,214,677
1646: 1879,283,1544,1496,1743,163
1647: 1913,796,2036,393,1872,1575
1648: 1043,1008,285,222,1143,207
1649: 960,1805,1062,1758,656
1650: 461,996,956,1339,440,1757
1651: 285,1143,1576,95,382,647
1652: 816,1852,1365,1337,699,422
1653: 52,499,1023,1429,1639,371
1654: 501,1124,605,511,716,1327
1655: 861,1970,294,1848
1656: 1434,215,970,85,446,1887,1964
1657: 1325,769,1257,33,516,367,270
1658: 579,778,1685,1331,362,1405
1659: 1020,1377,2017,144,1322,736
1660: 1201,134,988,1508,798,57
1661: 667,1274,770,1348
1662: 1768,786,392,1529,259,1461
1663: 1024,418,1558,949,463,500
1664: 88,2023,700,761,603,1106
1665: 1511,759,580,1713,742,260
1666: 415,221,366,771,790,779
1667: 402,945,581,340,1924,47
1668: 1484,1115,669,1021,1210,317
1669: 798,1691,8,1952,679,398
1670: 1516,717,1215,606,877
1671: 876,1704,1261,464,1476,626
1672: 518,1611,1350,327,718,385
1673: 211,1206,572,545,353,194
1674: 1024,500,430,39,1265,1432
1675: 1859,1228,465,1617,989,1193
1676: 552,862,1514,852,1080,297,1364
1677: 425,950,1608,175,844,313
1678: 571,1780,987,1363,92,212,1041
1679: 1204,1084,582,926,495,1290
1680: 1944,604,286,856,1170,1814
1681: 653,5,951,64,1770,1297
1682: 667,1251,1717,213
1683: 1523,1584,920,1580,843,169
1684: 1516,472,830,1947,1555,40
1685: 1658,474,778,1331,1194,308
1686: 1776,1766,132,1838,44,1075
1687: 882,829,417,401,1713,559
1688: 1340,764,1052,1360,14,1001
1689: 309,1892,608,1627,1368,799
1690: 181,696,1825,2018,139,772
1691: 961,8,1952,1669,952,59
1692: 16,672,583,1701,2039,1241
1693: 466,355,1383,1433,1285,792
1694: 76,1215,1097,549,214,1853
1695: 906,1123,808,1994,270,1325,33,1031
1696: 478,3,1116,219,1791,1203
1697: 1417,124,589,670,1951,1435
1698: 180,4,1264,845,410,1207
1699: 91,981,671,1087,56,1334
1700: 1111,384,747,1708,1009,754
1701: 672,216,1692,2039,1602,1302
1702: 1718,71,434,208,1641,698
1703: 853,34,1230,1979,1775,325
1704: 1671,464,1476,254,1005,900
1705: 264,481,1586,1201,1500,595
1706: 1798,36,152,69,473,1960
1707: 97,1519,596,392,454,1529
1708: 384,1700,1009,523,1064,614
1709: 1423,1857,1988,1983,597,196
1710: 752,1397,1359,1945,360,1052
1711: 957,1621,1306,423,154
1712: 1640,883,268,429,768,476,598
1713: 1665,1511,742,559,417,1687
1714: 164,997,1112,806,1462,947
1715: 812,1242,523
1716: 1863,361,1033,1408,1276,1379
1717: 1163,721,121,213,1682
1718: 1071,71,225,592,434,1702
1719: 395,1623,180,1207
1720: 1824,1874,615,1855,167,1900
1721: 113,350,755,1378,1426,133
1722: 946,524,445,1734,99,96
1723: 2004,509,1371,616,354
1724: 1756,385,63,1205,1350,575
1725: 1760,832,2010,1155,1918,191
1726: 1098,474,875,778,1031,270,906
1727: 5,915,61,1441,1245,640
1728: 842,813,41,673,1504,1921
1729: 841,271,1312,4,749,1264
1730: 1541,234,733,1799,1142,480
1731: 634,2021,490,666,1905,914
1732: 211,438,545,697,1053,885
1733: 158,1983,597,1173,635,1803
1734: 1603,99,96,1722
1735: 943,322,1993,1597,362,1405
1736: 2000,1280,1303,791,1502,1389
1737: 1271,1525,743,789,1371,354
1738: 1862,618,974,1822,390,1800
1739: 2046,581,1268,383,831,687
1740: 1103,359,892,744,726
1741: 420,1595,1990,989,1016,1859
1742: 468,1452,781,1101,233,1538
1743: 1628,34,489,163,1646,1496
1744: 1589,1911,1467,38,1094,546,894
1745: 29,819,937,1986,311,865,1912
1746: 1156,1029,1083,973,1858,948
1747: 256,1489,873,1182,475,700
1748: 294,1781,958,1543,82,1183
1749: 609,1392,213,1251,151,223
1750: 1809,117,1310,1147,1549,919
1751: 35,388,1453,998,1067,619
1752: 1443,79,2012,864
1753: 967,1527,1542,959,1023,1639
1754: 412,1915,344,1065
1755: 1888,115,760,1272,358,1505
1756: 1724,120,924,385,1891,63
1757: 2046,440,735,831,1650,996
1758: 1130,244,656,1062,1649,323
1759: 714,218,1590,878,1545,1262,492
1760: 1366,849,832,1725,318,1918
1761: 43,1188,674,1928,765,1165
1762: 16,583,1938,1313,460,1305,525
1763: 1978,157,561,1986,865,1444
1764: 659,1084,172,125,953,782
1765: 307,419,1609,1576,1326,969
1766: 988,1776,398,1686,595,1838
1767: 295,1895,546,599,647,1589
1768: 1529,1662,902,701,259,1605
1769: 767,629,72,1797,802,1217,1042
1770: 731,529,161,1297,1681,64
1771: 686,709,335,1195,45,345
1772: 1992,75,994,1006,416,451
1773: 853,489,218,1590,745,702
1774: 189,1406,814,757,315,1158,25
1775: 1703,1230,521,165,1356,325
1776: 1766,1686,595,804,44,1586
1777: 526,916,426,809,1040,1409
1778: 86,1897,547,1984,1178,992
1779: 22,682,2011,922,1868,275
1780: 571,258,1363,1678,678,212
1781: 1748,861,294,612,82,1048
1782: 1304,1898,381,576,1832,363
1783: 122,1871,1109,308,1331,314
1784: 155,1231,23,1440,461,508
1785: 2028,185,1250
1786: 941,1007,1968,641,1594,1950
1787: 590,292,1002,1448,339,765
1788: 562,127,1126,565,269,1855,1874
1789: 276,346,987,1241,1625,2039,1602,1820,1069
1790: 435,1179,1307,729,279,628
1791: 1203,420,899,219,1990,1696
1792: 1946,1232,331,316,60,1813,758
1793: 1507,732,1635,462,1362,1282,833
1794: 104,1140,148,432,623,690
1795: 419,1609,1958,432,1012,1606
1796: 837,229,1134,741,436,1040
1797: 767,1769,722,72,309,1627,1042
1798: 1219,152,1706,69,359,1963
1799: 1730,233,1142,781,815,480
1800: 153,1150,390,1738,618,1493
1801: 866,135
1802: 301,55,919,437,1317,773,740
1803: 497,972,635,158,1733,364
1804: 1103,527,892,83
1805: 960,1062,797,365,566,1649,775
1806: 935,1511,1400,1498,1836,35
1807: 686,421,116,345,1941,1616,136
1808: 197,554,998,1520,452,1107
1809: 466,117,1750,1310,1383,173
1810: 935,1991,759,1030,1989
1811: 1976,925,302,1347,73,760
1812: 130,788,1946,1573,366,1875
1813: 810,758,316,60,421,1232,1792
1814: 1170,655,438,1382,1680,286
1815: 329,976,1172,862,192
1816: 1817,67,347,696,330,1910,772
1817: 1816,886,1923,347,1910
1818: 1931,126,554,1067,113,1426
1819: 270,658,869,1157,1267,516,367
1820: 45,1069,2039,1789,1625,709,1602
1821: 963,83,1075,550,527,1189
1822: 478,390,2013,553,1738,974
1823: 824,637,37,310,1509,1898
1824: 1874,615,661,406,563,1720
1825: 181,576,835,1690,2018,1890
1826: 176,1521,1839,564,1633,453
1827: 536,351,601,2024,456,493,1903
1828: 1240,1513,153,1886,98,618
1829: 356,834,719,1638,908,77
1830: 293,237,1106,88,1254,1255,944
1831: 722,990,1131,1154,857,1320
1832: 1782,576,835,1176,661,363
1833: 536,871,601,494,144,896
1834: 929,1876,427,701,785,220
1835: 1354,17,1066,602,376,528
1836: 882,417,619,1806,1511,35
1837: 415,221,740,1152,1343,1403,773
1838: 679,1766,398,132,1686,266
1839: 2003,1826,564,1633,1849
1840: 154,689,1050
1841: 311,573,320,1532,29,2044
1842: 234,1536,913,334,1229,1491
1843: 1172,1604,192,1390,155,735,996
1844: 1960,852,36,403,574,1514
1845: 30,1565,1455,848,517,1167
1846: 2015,715,938,1849,182,27
1847: 629,443,72,1131,568,439
1848: 1543,1655,294
1849: 1633,715,1846,2003,1839,182
1850: 312,94,1854,103,1022,1581
1851: 78,734,688,272,1059,170
1852: 888,1365,1337,306,1652,348
1853: 1342,1097,1694,549,864,166
1854: 312,1462,1850,2048,997,103
1855: 1788,565,1878,167,1874,1720
1856: 1329,1026,349,1427,1283,533
1857: 118,2029,1983,314,1709,196
1858: 883,268,81,1746,1083,973
1859: 1228,1675,1741,87,1990,989
1860: 1216,822,1997,76,1577,723
1861: 674,1270,944,6,1470,119
1862: 1738,745,618,702,585,974
1863: 361,156,833,1716,263,1408,1507
1864: 1981,148,1336,517,1503,104,399
1865: 1273,1082,84,540,2020,140
1866: 81,1299,654,1556,921,1198
1867: 1391,1583,300,1217,1042,724,930
1868: 1779,1441,682,922,226,275,1086
1869: 375,1468,737,901,507,1091
1870: 923,1593,1417,911
1871: 1783,1109,235,978,2029,314
1872: 1647,796,2036,90,513,145
1873: 1551,1088,636,1510,262,227,1351
1874: 1824,406,1720,1788,127,1855
1875: 221,366,331,1152,1812,1946
1876: 929,278,902,905,701,1834
1877: 241,1966,105,1294,1563
1878: 230,1136,484,565,1855,167
1879: 283,1646,964,1544,65,1244,163
1880: 863,941,940,1278,183,1968
1881: 1492,168,607,1914,1348
1882: 1192,965,1352,1591,246,1954
1883: 685,737,99,445,739,1291
1884: 918,1082,239,903,1481,1168
1885: 449,1459,220,100,505,1252
1886: 1828,1513,98,964,65,669
1887: 85,446,538,239,1945,215,1656
1888: 115,760,936,1755,291,1347
1889: 1270,6,1121,296,793,202,1474
1890: 2018,222,969,307,835,1825
1891: 898,1756,718,120,385,1213
1892: 818,1689,47,1368,799,146
1893: 236,2045,1418,1222,1372,413
1894: 1242,46,289,1942,812
1895: 295,546,1925,1767,894,444,1178
1896: 236,2045,1070,761,603,150
1897: 86,811,547,1239,1778,1416
1898: 1782,381,1823,37,363,1509
1899: 846,627,1579,1044,1013,304
1900: 827,637,167,37,615,1720
1901: 562,646,1234,269,400,1588
1902: 1238,1535,514,397,151,223
1903: 493,1185,1314,884,1929,2024,1827
1904: 1640,762,429,1419,705,318
1905: 490,1731,1043,1370,1515,914
1906: 2030,708,1105,1148,763,1248,651
1907: 844,48,933,1614,313,108
1908: 444,1181,1607,1925,850,24
1909: 1151,237,1546,1161,622,652
1910: 330,342,725,1817,1816,886
1911: 1589,382,1467,825,1744,1349
1912: 311,865,567,573,1225,1745
1913: 1647,2036,393,39,1265,1548
1914: 1881,168,607,1053,885,53
1915: 287,1754,529,1065,586
1916: 961,1952,57,1036,28,2037
1917: 184,567,1074,128,1463,1921
1918: 442,191,1980,1760,849,1725
1919: 1927,593,7,424,887,147
1920: 917,1125,1539,1014,165,1540
1921: 1463,842,1728,1504,1917,184
1922: 689,504,1050,1415,1110
1923: 1817,886,609,347,1535,223
1924: 47,1592,1368,1667,340,1643
1925: 295,1607,210,1895,444,1178,1908
1926: 1005,1360,518,904,900,1611
1927: 593,1919,887
1928: 674,1470,255,1761,1165,454
1929: 924,370,1314,1903,2024,1096
1930: 1425,174,1320,1344,1436,990
1931: 882,1818,401,126,1610,113
1932: 198,455,1208,2001,1267,644
1933: 1308,324,300,802,1217,1615,975
1934: 15,330,1515,772,1008,139
1935: 456,999,493,763,651,1185
1936: 861,1970,1133,612,1124,129
1937: 1196,238,290,1291,1184,1102
1938: 203,16,672,1762,2032,1425,460
1939: 1015,464,254,752,84,1359
1940: 1620,25,814,1285,1469,1004
1941: 675,591,1616,1807,136,1596
1942: 812,289,1894,939,730
1943: 991,1410,162
1944: 1113,1680,604,1169,286,17
1945: 1710,1397,239,360,538,1887
1946: 130,1812,1232,1792,1875,331
1947: 877,1516,1684,40
1948: 199,1226,1322,66,668,736
1949: 1136,484,1017,240,1234
1950: 1594,328,828,1786,962,941
1951: 670,121,1697,1435,1402,1392
1952: 798,1691,961,57,1916,1669
1953: 788,1296,1573,1487,106,1490
1954: 324,1292,1882,1591,246,851
1955: 968,457,1454,1028,1455,784,921
1956: 1467,38,1349,690,1003,1971,610
1957: 632,1219,1634,152
1958: 1795,432,1012,1981,148,704
1959: 1450,1077,68,891,2015,938
1960: 1309,473,852,1844,36,1706
1961: 491,1004,625,1259,1293,934
1962: 1099,1032,1210,317,691,11
1963: 326,359,1376,1798,69
1964: 446,1482,9,1253,970,1656
1965: 1976,693,720,137,299,1146
1966: 640,1401,241,1877,1221,105
1967: 927,1450,138,1077,450
1968: 1034,1007,183,1786,1880,941
1969: 402,2026,663,509,146,1266
1970: 1655,861,1936,1133,866
1971: 1438,610,1140,48,1956,690
1972: 887,1415,147
1973: 584,1521,1141,403,632,1634
1974: 1580,636,1561,1447,1551,169
1975: 1200,18,611,1045,142,1550
1976: 1965,925,693,1811,720,73
1977: 1093,188,1369,823,54,74
1978: 1587,1763,157,865,1225,249
1979: 853,1703,714,1230,1590,143
1980: 1184,1102,524,1918,442,849
1981: 1864,0,148,1336,704,1958
1982: 1459,942,1413,428,1605,785
1983: 1857,118,158,1709,597,1733
1984: 1778,1178,992,209,1094,894
1985: 837,1056,1134,159,1380,305
1986: 819,1745,865,107,1444,1763
1987: 404,255,282,1533,97,596,905
1988: 1423,1709,597,49,660,1393
1989: 1488,727,1810,1030
1990: 87,219,1791,420,1741,1859
1991: 935,1810,471,1400,680
1992: 750,1006,1374,1772,1353,416
1993: 943,262,631,1735,1510,1351,362
1994: 506,847,906,1123,836,1695,1031
1995: 867,707,2016,433,21,1164,1399
1996: 26,1180,662,1599,1642
1997: 1860,2009,822,485,76,1097
1998: 1093,188,1122,348,888,244
1999: 201,868
2000: 617,1736,1303,1375,77,1389,719
2001: 843,869,1267,455,1584,1932
2002: 283,50,1428,555,1544,712
2003: 1839,638,1849,976,182,982
2004: 70,1723,509,1371,441,889
2005: 1519,786,392,590,292,977
2006: 232,435,407,706,777,1282,1528
2007: 1644,78,890,1569
2008: 616,1266,378,1631,681,1567
2009: 1324,858,822,1997,485,160
2010: 1457,907,1155,191,1725
2011: 22,1779,682,1073,368,1355,873
2012: 79,241,1752
2013: 1822,478,1116,1262,492,974
2014: 694,1390,182,982,27,23
2015: 938,1846,1959,891,870,27
2016: 817,707,1566,1995,488,1399
2017: 1659,1377,341,372,871,144
2018: 1008,1890,222,139,1825,1690
2019: 1486,2,108,338,1503,399,1614
2020: 797,566,140,396,1082,1865
2021: 534,80,1247,490,666,1731
2022: 714,143,1194,109,728,1545
2023: 88,1321,542,475,1664,700,1106
2024: 601,494,1096,1827,493,1903,1929
2025: 62,537,903,19,699,1166
2026: 1035,402,70,1969,945,509
2027: 407,556,1460,971,89,1211
2028: 600,1010,1785,185,1387
2029: 1585,1857,118,314,1871,978
2030: 708,1906,1430,628,31,1148,13
2031: 130,624,643,149,788,1296
2032: 203,16,522,672,216,1938,20
2033: 10,1089
2034: 1016,1284,993,284,1595,1374
2035: 1641,979,1313,174,1344,261
2036: 1913,1647,1132,1872,90,39
2037: 1419,28,1916,1036,429,476
2038: 787,110,1095,1554,891,870
2039: 1701,1692,1789,1241,709,1602,1820
2040: 648,186,1150,1394,1552,893,1145
2041: 1204,1160,299,994,1079,693
2042: 2043,187,1108,1622,995,766
2043: 530,1108,1501,2042,337,995
2044: 29,1056,320,159,1159,311,1841
2045: 236,1896,594,1893,413,150,1560
2046: 1739,735,383,831,1757,1604
2047: 1338,839,1422,30,840,784
2048: 1288,930,997,103,1854,1583