0: 848,517,704,646,298,269
2: 338,968,457,650,557,108
3: 577,978,899,478,569,219
4: 410,845,910,180,749,633
5: 653,915,951,61,922,414
6: 944,202,793,674,119,404
7: 887,147,593,353,424
8: 177,679,798,59,952
9: 967,371,1023,756,446,970
10: 680,380,980
11: 795,747,691,317,662,754
12: 722,309,608,434,592,857
13: 811,854,389,178,628,708
14: 900,360,254,764,518,1001
15: 725,914,772,1008,139,330
16: 203,672,583,525,460,20
17: 898,286,112,602,528,604
18: 863,369,512,183,774,142,611
19: 699,665,903,537,422,62
20: 203,16,522,672,301,984
21: 867,707,594,433,352,111
22: 368,682,414,828,253,962
23: 461,694,982,508,27,155
24: 448,850,444,999,534,651
25: 934,1004,814,757,315,209
26: 267,187,662,530
27: 23,694,982,870,938,182
28: 429,961,318,476,832,57
29: 311,320,159,837,937,229
30: 839,840,881,784,646,848
31: 763,708,544,351,279,462
32: 991,748,303,720
33: 769,808,516,270,367,906
34: 853,489,339,163,745,325
35: 380,417,935,882,357,619
36: 632,152,403,852,473,574
37: 824,637,615,310,381,363
38: 1003,690,171,382,825,546
39: 393,796,245,1024,813,90
40: 830,472,877
41: 393,558,842,880,673,813
42: 369,512,510,834,356,954
43: 674,765,119,454,917,343
44: 804,963,595,398,132
45: 709,335,345,224,535,346
46: 523,614,477,289,520,812
47: 581,146,402,340,608,592
48: 425,313,933,399,610,690
49: 322,196,676,373,660,597
50: 712,283,977,1011,786,555
51: 138,450,759,727,580,260
52: 487,750,807,499,972,993
53: 438,607,332,856,885,168
54: 74,823,897
55: 805,301,568,919,437,773
56: 671,621,479,626,876,91
57: 798,988,28,961,832
58: 658,227,869,920,843,169,636
59: 806,952,855,177,378,8
60: 316,872,331,273,421,758
61: 5,915,922,226,640,532
62: 422,487,537,371,499,19
63: 385,120,575,494,924
64: 653,586,951,731,529,161
65: 964,98,669,585,489
66: 736,199,668,446,1020,756
67: 347,609,670,589,696,121
68: 486,938,927,891,870
69: 359,152,326,932,789,473
70: 581,402,509,889,441,297,945
71: 434,208,698,928,225,746
72: 767,722,629,309,439,443
73: 720,925,302,358,760,303
74: 54,985,823,188,319
75: 1006,750,416,994,172,451
76: 549,214,723,160,485,822
77: 613,908,719,791,834,617
78: 688,890,734
79: 166,864,241
80: 666,534,490,210,850,634
81: 883,973,268,921,654,650
82: 197,861,612,388,958,294
83: 892,527
84: 140,540,1015,752,918,396
85: 446,215,538,239,970,1020
86: 811,379,821,448,547,992
87: 465,664,219,553,989,420
88: 603,700,293,944,202,542
89: 248,826,780,971,407,556
90: 410,627,796,39,145,245
91: 365,876,981,540,671,56
92: 678,212,617,570,503,791
93: 940,863,369,510,386,713
94: 703,243,948,103,1022,312
95: 432,382,419,825,969,647
96: 946,524
97: 701,259,902,596,905,392
98: 195,669,65,585,618,153
99: 685,737,524,739,445
100: 830,505,427,449,785,220
101: 199,896,536,544,732,263
102: 971,675,810,458,920,591,780
103: 498,1022,312,997,930,94
104: 517,338,933,704,399,148
105: 915,333,879,241,640
106: 729,779,788,854,543,389
107: 819,336,937,865,561,157
108: 844,313,557,2,338,933
109: 728,847,836,483,143,714
110: 657,260,891,450,787,870
111: 352,639,769,516,433,21
112: 898,655,17,327,718,286
113: 554,401,126,133,913,350
114: 828,931,253,731,271,841
115: 936,289,358,760,520,730
116: 535,874,345,686,515,136
117: 466,355,251,919,173,560
118: 577,158,978,597,314,196
119: 674,43,343,652,944,6
120: 385,63,738,924,898,718
121: 721,213,670,151,67,609
122: 322,314,196,362,308,778
123: 305,916,1019,781,815,751
124: 923,911,310,670,381,589
125: 659,953,172,816,348,782
126: 113,554,401,619,998,882
127: 167,563,406,298,565,562
128: 755,184,280,567,573
129: 605,861,612,272,866,170
130: 643,149,788,366,331,758
131: 248,631,431,801,943,676
132: 266,679,44,963,550,398
133: 113,554,350,755,391,280
134: 907,191,481,849,832
135: 272,734,866
136: 502,515,116,686,675,591
137: 720,925,693,495,299,748
138: 927,51,450,727
139: 1008,285,222,181,772,15
140: 365,797,540,84,396,566
141: 496,747,523,384
142: 257,684,578,611,183,18
143: 483,521,109,714,853,325
144: 871,896,536,601,575,494
145: 513,846,890,796,627,90
146: 663,818,402,47,799,608
147: 887,7,983,424
148: 432,1012,623,104,704,399
149: 130,624,206,729,643,788
150: 236,761,594,352,860,603
151: 223,609,213,121,667,397
152: 726,632,359,36,69,473
153: 618,893,390,195,98,186
154: 957,423,689,504
155: 23,461,982,192,996,735
156: 539,263,361,732,833,531
157: 249,578,611,865,107,561
158: 577,364,118,635,497,597
159: 29,320,649,751,305,837
160: 711,541,485,822,858,76
161: 731,529,344,749,271,64
162: 730,358,991,303
163: 34,489,339,283,1011
164: 947,806,394,855,200,997
165: 521,1014,1002,917,325
166: 79,864,241,469,485,549
167: 563,615,127,565,827,637
168: 409,885,274,607,53
169: 636,826,780,920,843,58
170: 501,605,129,272,688,513
171: 315,1003,38,209,894,992,546
172: 659,994,125,1006,816,75
173: 491,1004,790,466,117,560
174: 979,990,698,857,203,460
175: 950,844,965,703,459,246
176: 584,453,403,564,638
177: 266,679,378,743,8,59
178: 811,13,448,651,763,708
179: 657,470,787,508,217,733
180: 845,4,395,749,412
181: 576,835,222,772,696,139
182: 715,938,564,976,982,27
183: 863,18,142,684,1007,941
184: 842,128,280,567,1000,249
185: 600,1010,428,449,776
186: 195,893,153,648,482,477
187: 1010,267,766,26,530,995
188: 888,244,823,782,319,74
189: 425,950,965,792,757,814
190: 874,281,895,613,695,838
191: 907,946,134,849,442
192: 552,976,996,329,982,155
193: 783,989,465,302,966,291
194: 1005,626,353,211,572,479
195: 1021,98,669,186,153,482
196: 322,314,49,122,118,597
197: 612,82,511,388,452,998
198: 411,455,488,707,433,644
199: 736,66,101,896,263,668
200: 394,164,818,997,930,231
201: 265,868,582,926,495
202: 88,944,6,296,793,542
203: 16,460,20,990,174,984
204: 349,277,986,957
205: 942,259,712,786,995,766
206: 624,643,149,971,458,556
207: 1008,490,285,599,647,210
208: 71,979,698,746,916,426
209: 315,171,934,25,821,992
210: 490,599,207,295,850,80
211: 194,353,572,545,697
212: 571,678,987,92,503,224
213: 721,121,151,667
214: 549,606,717,677,76,723
215: 85,918,239,970,537,903
216: 709,620,872,335,522,672
217: 233,912,508,179,480,733
218: 492,702,878,714,853,745
219: 87,553,3,899,478,420
220: 701,785,902,929,427,100
221: 415,366,331,771,740,273
222: 835,181,307,969,139,285
223: 886,151,609,342,397,514
224: 503,535,895,346,987,212,45
225: 340,928,1018,71,434,592
226: 955,551,922,275,61,532
227: 658,58,875,262,636,579
228: 634,376,528,738,666,370
229: 819,937,837,29,741,436
230: 240,484,565,827
231: 767,799,200,818,724,930
232: 431,407,706,833,777,531
233: 217,781,956,912,815,480
234: 913,334,480,642,829,733
235: 569,878,314,728,308,978
236: 548,588,150,761,413,594
237: 622,800,639,860,293,652
238: 739,445,762,705,654,290
239: 85,215,538,918,360,752
240: 230,820,484,1017
241: 166,79,469,640,105
242: 839,507,881,820,1017
243: 94,948,883,768,598,312
244: 888,823,188,323,960,656
245: 1024,949,39,410,910,90
246: 851,324,703,1022,175,965
247: 467,290,737,739,901,840
248: 631,826,89,131,431,407
249: 1000,578,157,184,567,865
250: 354,889,852,789,473,441
251: 355,975,117,802,805,919
252: 867,817,413,954,405,356
253: 828,114,731,22,414,653
254: 464,900,14,360,1015,752
255: 282,905,404,674,454,596
256: 548,761,710,475,873,700
257: 142,1000,684,673,578,430
258: 741,571,436,678,683,526
259: 97,701,205,942,786,392
260: 110,580,657,742,51,450
261: 683,526,979,426,525,460
262: 636,631,227,943,362,579
263: 361,156,668,732,199,101
264: 595,481,804
265: 201,926,985
266: 932,177,679,132,743,550
267: 600,1010,187,26
268: 429,598,762,654,883,81
269: 646,298,400,562,0
270: 658,367,906,875,33,474
271: 731,749,161,633,841,114
272: 135,734,866,129,170,688
273: 221,331,740,60,620,872
274: 409,885,593,697,168
275: 922,682,475,873,955,226
276: 571,683,987,583,525,346
277: 960,349,204,775,656,986
278: 822,929,282,905,723,902
279: 708,31,462,628,435,777
280: 842,755,184,880,391,128,133
281: 503,190,895,613,791
282: 822,858,278,905,404,255
283: 1011,50,489,163,964,555
284: 1016,993,420,497,972,899
285: 969,1008,139,207,647,222
286: 655,17,112,438,856,604
287: 692,529,586
288: 521,506,1014,622,800,808
289: 520,115,46,939,730,812
290: 921,467,654,247,739,238
291: 936,760,193,465,587,302
292: 977,1011,590,1002,765,339
293: 860,88,603,652,944,237
294: 859,958,861,82
295: 894,850,444,546,599,210
296: 955,711,793,551,542,202
297: 552,862,383,441,70,945
298: 269,562,0,704,406,127
299: 659,582,994,495,693,137
300: 498,724,629,975,324,802
301: 568,55,984,437,522,20
302: 925,966,73,193,291,760
303: 991,32,720,73,358,162
304: 846,1013,909
305: 123,916,837,809,159,751
306: 699,665,566,348,888,323
307: 645,661,419,835,222,969
308: 728,847,778,314,122,235
309: 767,722,799,72,12,608
310: 923,124,381,824,37
311: 29,573,320,567,937,865
312: 103,997,768,947,94,243
313: 425,950,844,48,108,933
314: 196,122,308,118,978,235
315: 757,1003,610,171,209,25
316: 60,872,335,345,686,421
317: 691,377,1021,669,754,11
318: 28,429,832,849,762,705
319: 782,188,953,926,985,74
320: 29,311,573,794,649,159
321: 768,961,476,947,952,855
322: 943,49,196,122,362,676
323: 888,244,797,306,566,960
324: 246,975,851,498,1022,300
325: 853,34,339,165,143,1002
326: 892,527,550,359,69,932
327: 655,718,112,518,904,572
328: 641,828,931,962,941,940
329: 552,192,862,976,574,638
330: 347,886,772,725,15
331: 221,366,273,60,130,758
332: 607,397,53,514,856,770
333: 915,586,105,951,692,879
334: 913,234,642,350,794,649
335: 45,709,316,872,216,345
336: 819,617,570,107,561,719
337: 691,377,530,555,995,712
338: 517,104,2,968,933,108
339: 34,163,325,1002,292,1011
340: 687,1018,225,581,47,592
341: 871,736,372,764,538,1020
342: 886,223,725,602,514,604
343: 43,119,917,622,652,1014
344: 529,749,161,412
345: 45,316,335,116,535,686
346: 224,583,276,987,45,709
347: 886,330,67,609,772,696
348: 888,782,306,699,816,125
349: 204,277,656,533,897
350: 913,334,113,133,794,755
351: 601,763,544,456,31,536
352: 111,639,594,21,150,860
353: 194,211,697,7,424,479
354: 889,789,250,616,378,743
355: 466,975,251,117,851,792
356: 908,405,834,42,252,954
357: 35,380,958,980,619,388
358: 760,115,73,303,162,730
359: 744,726,152,69,892,326
360: 14,254,752,764,538,239
361: 539,263,408,156,519,668
362: 943,322,122,262,579,778
363: 576,835,37,615,661,381
364: 635,497,158,972,807,959
365: 91,140,981,797,540,775
366: 221,331,771,130,779,788
367: 270,658,644,869,516,33
368: 22,682,873,962,386,710
369: 863,512,18,93,510,42
370: 924,666,884,228,738
371: 9,1023,499,970,537,62
372: 385,575,1001,871,341,764
373: 539,801,408,660,49,676
374: 864,606
375: 507,901,685,630,737
376: 725,602,914,228,634,528
377: 691,337,317,555,964,669
378: 177,743,354,616,59,806,681
379: 811,854,543,86,625,821
380: 680,10,35,935,357,980
381: 310,124,37,576,589,363
382: 95,825,38,599,647,546
383: 297,552,996,945,687,831
384: 523,614,1009,754,747,141
385: 372,518,63,120,1001,718
386: 713,710,940,93,962,368
387: 721,911
388: 197,82,357,958,619,998
389: 854,13,628,106,729
390: 618,893,153,664,553,974
391: 880,280,452,554,133,753
392: 977,786,590,596,97,259
393: 501,558,796,41,39,813
394: 806,164,200,663,681,818
395: 909,845,1013,180
396: 665,566,903,918,140,84
397: 332,514,223,151,667,770
398: 798,595,988,44,679,132
399: 104,933,48,148,623,690
400: 646,484,1017,269,562,881
401: 113,126,559,882,913,829
402: 581,663,146,509,70,47
403: 584,176,638,632,36,574
404: 282,858,255,6,793,674
405: 613,908,356,817,252,838
406: 645,563,127,298,704,1012
407: 232,431,706,556,248,89
408: 539,373,660,361,519,803
409: 274,168
410: 845,910,627,4,90,245
411: 502,515,198,695,455,488
412: 180,344,749
413: 867,252,594,954,588,236
414: 22,922,682,253,653,5
415: 221,560,771,740,773,790
416: 1016,783,993,750,75,451
417: 35,935,882,580,559,742
418: 463,1007,949,500,641,931
419: 432,1012,95,645,307,969
420: 1016,989,284,899,87,219
421: 686,675,810,758,316,60
422: 1006,487,816,62,699,19
423: 957,154,671,504,981,986
424: 983,621,479,353,147,7
425: 950,189,48,313,757,610
426: 916,809,208,979,261,526
427: 830,472,100,929,677,220
428: 1010,185,766,942,785,449
429: 28,318,476,598,268,762
430: 1024,813,500,257,684,673
431: 232,407,531,248,131,801
432: 419,1012,95,825,148,623
433: 707,21,198,644,111,516
434: 71,592,698,857,225,12
435: 706,777,628,624,729,279
436: 741,258,526,837,809,229
437: 301,55,522,740,773,620
438: 53,856,655,286,885,545
439: 802,443,805,568,629,72
440: 831,928,1018,468,956,735
441: 889,852,250,297,862,70
442: 849,524,445,705,191,946
443: 439,568,984,722,72,990
444: 448,295,894,850,547,24
445: 524,739,442,238,705,99
446: 85,970,1020,66,9,756
447: 491,625,790,771,543,779
448: 547,444,24,811,178,86,651
449: 505,100,785,185,428,776
450: 927,138,51,891,110,260
451: 693,966,75,783,416,994
452: 554,998,197,511,391,753
453: 176,564,715
454: 674,43,765,596,255,590
455: 502,411,198,843,644,869
456: 601,651,763,351,999,493
457: 921,467,784,650,2,968
458: 971,810,102,206,643,780
459: 703,948,973,557,175,844
460: 203,16,525,979,174,261
461: 23,508,155,912,735
462: 544,732,31,279,833,777
463: 949,418,910,931,633,841
464: 900,1015,254,1005,626,876
465: 664,87,587,193,989,291
466: 355,117,792,1004,173,814
467: 921,784,290,457,247,840
468: 781,956,440,928,746,1019
469: 166,241,640,485,532,541
470: 657,559,742,179,829,733
471: 759,727,680
472: 40,830,427,877,717,677
473: 852,789,250,152,36,69
474: 579,847,836,778,270,906,875
475: 275,873,256,700,955,542
476: 28,429,768,961,598,321
477: 482,46,614,186,648,520
478: 974,492,569,3,219,553
479: 424,56,621,194,626,353
480: 234,642,733,217,233,815
481: 264,595,988,907,134
482: 614,477,1009,195,1021,186
483: 521,506,143,836,109
484: 1017,565,400,562,240,230
485: 166,469,541,160,549,76
486: 68,715,938
487: 422,1006,52,750,62,499
488: 411,198,695,817,707,838
489: 34,585,163,745,283,65
490: 1008,207,210,914,634,80
491: 934,447,1004,173,625,790
492: 218,974,478,569,702,878
493: 924,999,884,601,456,494
494: 63,575,924,493,601,144
495: 582,299,137,868,201,748
496: 795,747,141
497: 577,364,158,972,899,284
498: 103,1022,724,300,930,324
499: 807,371,1023,52,487,62
500: 430,1007,1024,949,418,684
501: 393,716,170,796,605,513
502: 515,411,843,455,136,591
503: 224,281,895,987,212,92,791
504: 671,983,621,154,423,689
505: 830,100,449,776
506: 483,521,288,906,808,836
507: 839,242,375,901
508: 23,461,787,694,179,217,912
509: 663,681,402,70,889,616
510: 369,93,42,954,588,713
511: 197,605,612,452,716,753
512: 863,369,18,774,42,834
513: 688,890,145,501,170,796
514: 397,332,856,604,223,342
515: 502,411,695,136,116,874
516: 111,769,33,433,367,644
517: 848,104,338,0,968
518: 385,1001,327,718,904,900,14
519: 408,361,668,967,756,803
520: 936,648,289,115,46,477
521: 483,506,165,143,288,1014
522: 672,20,301,437,620,216
523: 46,614,384,141,812
524: 445,442,96,946,99
525: 16,583,460,276,261,683
526: 261,436,683,258,426,809
527: 83,892,326,963,550
528: 602,228,376,738,898,17
529: 344,161,586,64,287
530: 691,337,662,995,187,26
531: 232,431,833,539,801,156
532: 469,640,61,541,551,226
533: 897,349
534: 666,999,80,884,850,24
535: 116,224,874,895,45,345
536: 144,101,896,601,544,351
537: 215,970,371,19,903,62
538: 85,239,1020,341,360,764
539: 801,408,373,361,156,531
540: 365,876,91,140,84,1015
541: 711,551,160,469,485,532
542: 955,296,475,88,700,202
543: 854,379,447,625,106,779
544: 351,732,31,462,101,536
545: 211,572,438,655,885,697
546: 295,894,382,171,38,599
547: 448,894,444,992,811,86
548: 588,236,713,256,761,710
549: 606,214,76,166,864,485
550: 527,326,963,266,932,132
551: 955,711,296,541,226,532
552: 297,192,862,996,329,383
553: 390,664,87,219,974,478
554: 113,452,126,133,998,391
555: 337,377,712,283,50,964
556: 407,706,624,206,971,89
557: 459,973,650,2,844,108
558: 393,716,41,753,880
559: 470,742,417,882,829,401
560: 415,773,117,919,173,790
561: 336,107,611,157,719,774
562: 298,484,565,400,269,127
563: 645,167,615,661,406,127
564: 453,176,638,715,182,976
565: 484,562,230,827,167,127
566: 306,665,396,140,797,323
567: 184,128,311,573,865,249
568: 439,443,805,301,55,984
569: 492,478,878,235,3,978
570: 819,617,336,741,678,92
571: 276,678,683,258,987,212
572: 1005,194,904,211,545,655,327
573: 311,794,320,755,128,567
574: 862,329,36,403,638,852
575: 372,63,494,871,144
576: 835,589,363,181,696,381
577: 3,118,497,158,978,899
578: 142,1000,257,249,611,157
579: 474,778,262,227,875,362
580: 742,260,51,759,417,935
581: 402,70,47,340,945,687
582: 659,953,926,495,299,201
583: 16,672,525,276,709,346
584: 176,403,632
585: 489,745,702,618,98,65
586: 333,64,951,529,287,692
587: 893,465,664,936,648,291
588: 548,236,713,510,413,954
589: 576,696,124,670,381,67
590: 292,977,392,765,454,596
591: 675,102,920,502,843,136
592: 434,47,340,225,12,608
593: 274,697,887,7
594: 867,413,21,236,150,352
595: 264,398,481,988,804,44
596: 454,905,255,392,590,97
597: 118,635,158,660,49,196
598: 429,768,476,268,243,883
599: 207,647,210,382,295,546
600: 1010,185,267
601: 456,351,493,494,144,536
602: 725,376,528,342,604,17
603: 860,88,700,293,150,761
604: 514,856,342,602,17,286
605: 129,612,511,716,501,170
606: 549,717,214,864,374
607: 332,53,770,168
608: 799,309,12,146,47,592
609: 347,886,223,151,67,121
610: 757,315,1003,690,425,48
611: 142,578,157,561,18,774
612: 197,605,861,129,82,511
613: 908,405,791,77,190,281,838
614: 523,482,46,477,384,1009
615: 167,563,661,637,37,363
616: 354,889,378,681,509
617: 336,570,92,719,791,77
618: 390,153,974,702,585,98
619: 126,998,35,882,357,388
620: 872,216,437,522,740,273
621: 671,983,424,504,56,479
622: 800,237,652,288,1014,343
623: 432,825,148,399,690
624: 206,729,149,435,706,556
625: 934,491,447,821,379,543
626: 1005,194,464,56,479,876
627: 410,845,1013,90,846,145
628: 13,389,729,708,279,435
629: 767,72,724,300,802,439
630: 685,375
631: 262,248,636,826,131,943
632: 726,152,36,584,403
633: 749,271,841,463,910,4
634: 914,228,376,490,666,80
635: 364,158,597,660,959,803
636: 262,169,631,826,227,58
637: 824,827,37,167,615
638: 176,403,564,976,329,574
639: 352,111,800,769,237,860
640: 241,469,532,915,105,61
641: 931,328,941,1007,418
642: 334,480,234,815,649,751
643: 130,206,149,810,458,758
644: 367,869,198,455,433,516
645: 563,661,406,307,419,1012
646: 400,269,30,881,848,0
647: 969,285,599,207,382,95
648: 936,520,893,587,186,477
649: 794,320,159,751,334,642
650: 921,457,973,81,557,2
651: 763,456,448,24,178,999
652: 293,944,622,237,119,343
653: 5,64,951,253,731,414
654: 921,290,762,238,268,81
655: 327,286,112,438,572,545
656: 960,349,277,244,823,897
657: 110,470,742,260,179,787
658: 270,227,367,58,869,875
659: 953,582,994,299,125,172
660: 408,373,49,803,635,597
661: 645,563,615,307,835,363
662: 691,530,26,795,11
663: 681,818,146,402,509,394
664: 893,465,390,87,587,553
665: 306,699,396,566,19,903
666: 534,370,80,884,228,634
667: 770,213,151,397
668: 263,361,519,66,199,756
669: 195,964,1021,98,65,317,377
670: 911,124,589,721,121,67
671: 504,56,621,91,981,423
672: 16,522,583,20,709,216
673: 1000,257,842,41,430,813
674: 43,119,454,6,404,255
675: 686,810,102,421,591,136
676: 943,322,49,131,801,373
677: 717,214,723,929,427,472
678: 741,571,258,212,92,570
679: 266,177,132,8,798,398
680: 10,380,935,471,759
681: 663,509,378,616,806,394
682: 22,368,922,275,414,873
683: 276,571,261,258,526,525
684: 142,257,430,1007,500,183
685: 630,737,99,375
686: 675,421,316,345,116,136
687: 340,945,831,1018,383,581
688: 78,513,890,272,734,170
689: 154,983,504
690: 1003,610,38,399,48,825,623
691: 337,317,662,377,530,11
692: 287,879,586,333
693: 925,966,137,451,994,299
694: 23,787,508,870,27
695: 515,411,488,874,190,838
696: 576,589,181,772,347,67
697: 885,274,593,353,211,545
698: 71,434,208,979,174,857
699: 306,665,19,422,816,348
700: 88,603,256,761,475,542
701: 97,942,785,259,902,220
702: 218,974,492,585,745,618
703: 94,459,948,1022,175,246
704: 104,0,298,406,1012,148
705: 849,445,442,762,238,318
706: 232,435,407,556,777,624
707: 867,817,433,21,198,488
708: 763,31,279,13,178,628
709: 45,335,216,672,583,346
710: 548,386,713,256,368,873
711: 296,793,541,551,160,858
712: 50,786,205,337,555,995
713: 548,588,386,710,93,510
714: 218,878,728,109,143,853
715: 486,938,182,453,564
716: 501,558,753,605,511
717: 877,606,677,214,472
718: 898,327,112,385,518,120
719: 834,77,617,336,561,774
720: 925,137,73,32,748,303
721: 387,213,121,911,670
722: 309,72,12,990,857,443
723: 677,214,76,822,929,278
724: 498,300,930,767,231,629
725: 602,914,376,15,886,330,342
726: 744,632,359,152
727: 471,759,138,51
728: 847,109,308,878,235,714
729: 106,624,149,788,389,628,435
730: 939,162,289,358,115
731: 161,271,114,253,653,64
732: 544,462,833,101,263,156
733: 480,234,829,470,179,217
734: 135,272,688,78
735: 956,912,996,461,155,440,831
736: 871,66,341,199,896,1020
737: 685,99,739,375,901,247
738: 228,528,370,898,120
739: 445,238,737,99,290,247
740: 415,221,273,773,437,620
741: 436,678,258,819,570,229
742: 580,657,470,559,260,417
743: 266,932,177,378,354,789
744: 726,359,892
745: 853,34,585,489,218,702
746: 916,1019,928,468,71,208
747: 496,795,11,141,384,754
748: 32,495,720,137,868
749: 344,161,271,633,180,4,412
750: 1006,52,487,75,416,993
751: 649,159,815,642,305,123
752: 360,1015,254,918,239,84
753: 716,558,452,511,880,391
754: 384,1009,1021,317,747,11
755: 128,280,350,133,573,794
756: 9,967,66,519,668,446
757: 315,610,425,189,25,814
758: 810,421,331,60,130,643
759: 471,727,51,580,680,935
760: 936,291,358,115,302,73
761: 548,236,150,256,603,700
762: 238,705,429,318,268,654
763: 651,708,456,351,31,178
764: 14,360,372,1001,341,538
765: 43,454,917,1002,292,590
766: 1010,187,428,205,942,995
767: 231,629,799,309,72,724
768: 476,598,321,947,243,312
769: 111,800,639,808,516,33
770: 667,607,397,332
771: 415,221,366,447,790,779
772: 181,696,139,347,330,15
773: 415,560,740,55,919,437
774: 512,18,561,611,719,834
775: 960,277,986,365,981,797
776: 505,449,185
777: 232,435,706,833,279,462
778: 579,847,474,308,122,362
779: 106,788,447,366,771,543
780: 169,826,89,971,458,102,920
781: 468,233,956,815,123,1019
782: 348,888,188,319,953,125
783: 193,1016,416,989,966,451
784: 467,457,30,840,848,968
785: 701,942,220,100,449,428
786: 712,977,50,392,205,259
787: 694,508,110,657,179
788: 130,106,729,779,149,366
789: 354,473,250,69,932,743
790: 491,447,173,415,560,771
791: 613,908,77,92,617,503,281
792: 466,355,851,189,965,814
793: 711,296,202,6,858,404
794: 573,320,649,334,350,755
795: 496,747,11,662
796: 393,501,39,513,145,90
797: 365,140,566,960,775,323
798: 398,57,988,679,8,961
799: 767,231,309,608,818,146
800: 622,639,769,808,237,288
801: 539,373,431,531,131,676
802: 439,805,300,629,975,251
803: 967,959,408,660,519,635
804: 44,264,595
805: 802,439,568,55,919,251
806: 59,394,164,855,378,681
807: 959,1023,499,364,972,52
808: 800,769,33,906,506,288
809: 305,916,426,837,436,526
810: 675,458,102,421,758,643
811: 854,379,13,178,86,448,547
812: 289,523,46,939
813: 430,1024,393,41,39,673
814: 1004,25,189,466,792,757
815: 233,781,480,642,123,751
816: 422,1006,699,348,125,172
817: 867,707,252,838,405,488
818: 663,146,394,200,231,799
819: 336,570,937,107,229,741
820: 242,240,1017
821: 934,625,209,992,379,86
822: 282,858,278,160,76,723
823: 244,188,656,897,54,74
824: 637,37,310
825: 432,382,95,623,690,38
826: 248,169,636,631,89,780
827: 637,230,565,167
828: 114,931,253,962,328,22
829: 913,234,733,470,559,401
830: 40,505,427,472,100
831: 687,440,1018,996,383,735
832: 28,318,134,57,849
833: 232,777,531,732,462,156
834: 908,719,356,77,512,774,42
835: 576,363,222,181,661,307
836: 847,474,109,906,483,506
837: 305,809,29,159,436,229
838: 817,190,613,405,695,488
839: 242,507,901,30,840,881
840: 839,901,30,467,784,247
841: 271,633,463,114,931
842: 184,880,280,41,1000,673
843: 502,455,920,591,169,58,869
844: 175,950,313,108,459,557
845: 410,1013,180,627,4,395
846: 890,145,304,1013,627
847: 728,836,474,109,308,778
848: 517,0,968,30,784,646
849: 442,705,191,134,318,832
850: 295,444,24,210,534,80
851: 355,246,975,324,792,965
852: 473,250,441,36,862,574
853: 34,745,325,143,218,714
854: 811,379,543,13,389,106
855: 59,947,806,952,164,321
856: 438,332,53,514,604,286
857: 434,990,174,698,722,12
858: 822,282,404,711,793,160
859: 958,294,980
860: 603,293,150,352,639,237
861: 129,612,82,294,866
862: 297,552,329,574,852,441
863: 940,369,512,183,18,93,941
864: 166,79,549,606,374
865: 937,107,311,567,249,157
866: 135,272,861,129
867: 817,707,413,252,594,21
868: 201,495,748
869: 658,367,58,644,843,455
870: 694,27,68,938,891,110
871: 736,341,144,896,372,575
872: 316,60,620,335,216,273
873: 368,682,275,475,256,710
874: 116,535,190,895,515,695
875: 270,658,227,906,579,474
876: 91,540,626,464,1015,56
877: 717,40,472
878: 218,492,569,235,714,728
879: 692,333,105
880: 842,391,280,558,41,753
881: 839,242,30,646,1017,400
882: 35,417,559,401,619,126
883: 243,948,973,81,598,268
884: 924,666,999,493,534,370
885: 274,697,168,438,53,545
886: 347,223,330,609,342,725
887: 147,7,593
888: 348,244,782,188,323,306
889: 354,250,441,616,509,70
890: 688,78,513,846,145
891: 927,450,68,870,110
892: 83,527,326,744,359
893: 390,153,664,587,186,648
894: 295,547,444,992,546,171
895: 503,224,535,874,190,281
896: 871,736,144,199,101,536
897: 533,349,656,823,54
898: 17,718,112,528,738,120
899: 3,577,497,420,284,219
900: 464,14,254,518,1005,904
901: 839,507,375,840,737,247
902: 97,701,220,929,278,905
903: 665,396,19,215,918,537
904: 1005,572,327,518,900
905: 282,278,255,596,97,902
906: 270,875,808,33,836,474,506
907: 191,134,481
908: 613,405,791,834,356,77
909: 395,304,1013
910: 410,4,245,463,949,633
911: 923,124,670,387,721
912: 217,233,956,735,461,508
913: 334,234,829,350,113,401
914: 725,634,376,15,1008,490
915: 5,333,105,951,61,640
916: 305,746,123,1019,426,809,208
917: 43,765,343,165,1014,1002
918: 215,239,752,84,396,903
919: 805,55,251,117,560,773
920: 102,591,843,169,780,58
921: 467,654,290,457,650,81
922: 682,275,414,5,61,226
923: 911,310,124
924: 493,370,884,63,120,494
925: 720,302,693,966,137,73
926: 953,582,319,985,265,201
927: 138,891,450,68
928: 440,1018,225,468,71,746
929: 278,677,723,902,220,427
930: 498,103,724,997,200,231
931: 641,828,114,328,463,418,841
932: 266,743,326,550,69,789
933: 104,338,399,48,313,108
934: 491,1004,25,625,821,209
935: 680,35,380,417,759,580
936: 648,291,760,520,115,587
937: 819,865,107,229,29,311
938: 486,68,715,182,870,27
939: 730,289,812
940: 863,93,962,328,941,386
941: 641,328,1007,940,863,183
942: 701,205,785,259,766,428
943: 322,362,676,262,631,131
944: 88,293,652,202,6,119
945: 687,297,383,581,70
946: 191,96,524,442
947: 164,855,768,321,312,997
948: 94,703,243,459,883,973
949: 245,463,1024,500,418,910
950: 425,175,844,189,313,965
951: 653,5,915,586,333,64
952: 59,855,8,961,321
953: 659,582,926,125,782,319
954: 413,252,356,510,42,588
955: 296,551,542,226,275,475
956: 468,233,781,912,735,440
957: 154,423,204,986
958: 859,294,980,357,82,388
959: 807,967,1023,803,364,635
960: 775,277,656,797,244,323
961: 28,476,321,798,57,952
962: 828,328,940,386,22,368
963: 527,550,44,132
964: 669,65,283,377,555
965: 175,950,189,246,851,792
966: 925,302,693,451,193,783
967: 9,959,1023,756,803,519
968: 848,517,2,338,784,457
969: 285,647,307,419,95,222
970: 85,446,215,537,9,371
971: 458,102,206,556,89,780
972: 364,497,807,52,993,284
973: 459,948,883,81,557,650
974: 492,478,702,618,390,553
975: 355,251,851,324,300,802
976: 192,329,564,638,182,982
977: 292,1011,50,786,392,590
978: 3,577,118,314,569,235
979: 208,174,698,426,460,261
980: 859,958,10,380,357
981: 365,91,671,423,775,986
982: 23,27,155,182,192,976
983: 424,504,621,147,689
984: 443,301,568,990,203,20
985: 74,319,926,265
986: 204,775,277,981,957,423
987: 276,571,212,503,224,346
988: 798,595,398,481,57
989: 193,1016,783,420,465,87
990: 174,857,722,443,984,203
991: 32,303,162
992: 894,547,171,209,821,86
993: 1016,416,284,972,52,750
994: 659,299,172,75,693,451
995: 337,530,712,205,766,187
996: 552,192,383,155,831,735
997: 103,312,930,947,164,200
998: 452,554,619,126,197,388
999: 493,534,884,24,651,456
1000: 257,249,673,578,842,184
1001: 372,385,518,14,764
1002: 165,765,917,339,325,292
1003: 315,610,690,171,38
1004: 934,491,25,173,814,466
1005: 194,626,904,572,464,900
1006: 422,487,750,816,75,172
1007: 500,418,684,183,641,941
1008: 139,490,285,207,914,15
1009: 482,614,384,754,1021
1010: 600,185,267,766,187,428
1011: 292,283,977,50,339,163
1012: 432,419,148,704,645,406
1013: 845,627,846,304,909,395
1014: 521,165,288,622,917,343
1015: 464,254,752,876,540,84
1016: 783,416,989,993,420,284
1017: 484,400,820,242,881,240
1018: 340,687,440,831,928,225
1019: 746,123,916,468,781
1020: 85,446,538,736,66,341
1021: 195,669,317,482,1009,754
1022: 498,103,94,703,246,324
1023: 9,807,967,371,959,499
1024: 430,245,813,949,500,39