0: 37,38,30,48
2: 28,30,48,8,47,55
3: 33,49,9,34
4: 18,41,39,64
5: 22,21,42,45,61
6: 22,43,40,50
7: 56,17
8: 59,44,47,28,2
9: 34,52,62,31,3,49,14
10: 41,51,35
11: 34,46,43,26,50
12: 23,29,59,20,47,16
13: 31,49,58,60,25,24,38
14: 19,56,63,31,9,62
15: 17,24,63,37,53,56
16: 12,20,18,42,45
17: 15,53,7
18: 4,39,16,42,64
19: 14,54,56,62
20: 12,59,47,55,16,60
21: 5,22,33,45,58
22: 5,21,33,43,6
23: 29,12,59,36,27
24: 15,63,37,38,31,13
25: 13,60,48,55,38
26: 50,11
27: 23,29,35,36,51
28: 30,57,2,8
29: 23,12,35,27,39
30: 28,48,2,0
31: 13,49,24,63,14,9
32: 46,52
33: 3,22,21,43,49,34
34: 9,11,46,52,3,33
35: 29,27,10,41,39
36: 23,44,27
37: 0,15,24,38
38: 0,24,37,48,13,25
39: 4,18,41,29,35
40: 50,6
41: 10,4,39,35
42: 5,45,16,18,61
43: 22,33,6,11,50
44: 8,59,36
45: 5,21,42,58,60,16
46: 32,11,34,52
47: 8,12,59,20,55,2
48: 30,2,55,0,38,25
49: 31,3,13,33,9
50: 26,40,43,6,11
51: 27,10
52: 32,9,34,46,62
53: 15,17
54: 19
55: 20,47,48,2,60,25
56: 19,7,14,15,63
57: 28
58: 13,21,45,60
59: 23,8,12,20,44,47
60: 13,45,58,25,20,55
61: 64,5,42
62: 9,52,19,14
63: 15,24,31,14,56
64: 61,4,18