0: 298,269,104,148,338
2: 459,467,81,457,108,338
3: 118,219,478,314,235,492
4: 180,412,344,245,463,410
5: 64,105,333,61,275,414
6: 202,292,119,255,454,43
7: 409,353
8: 59,378,177,57,132,476
9: 371,499,446,66,408,364
10: 82,471,357,380
11: 26,496,377,337,384,317
12: 47,174,443,434,72,309
13: 178,389,86,279,448
14: 194,254,327,360,372,385
15: 139,330,285,490,376
16: 20,276,346,460,203,261
17: 342,286,376,228,112,120
18: 142,369,183,257,157,512
19: 215,422,62,396,348,306
20: 437,16,216,301,346,203
21: 198,252,111,352,413,433
22: 368,386,414,328,93,253
23: 192,182,461,27,508
24: 210,80,295,444,456,448
25: 425,48,315,466,491
26: 496,11,187,337
27: 179,110,508,486,182,23
28: 481,57,134,476,429,318
29: 436,311,159,305,320,229
30: 242,507,290,457,269
31: 101,263,462,178,279,351
32: 73,137,495,303
33: 270,506,288,367,111,433
34: 489,339,218,143,165,325
35: 388,380,126,401,417
36: 441,329,152,403,176,473
37: 363,381,230,167,310
38: 48,315,432,399,171,382
39: 41,393,90,430,500,245
40: 505,472
41: 184,280,39,391,393,430
42: 77,512,369,356,405,510
43: 165,343,483,292,6,119
44: 326,398,266
45: 345,276,346,335,212,224
46: 141,289,477
47: 12,340,434,402,383,309
48: 425,38,25,313,315,399
49: 196,158,131,322,373,408
50: 205,377,283,337,392,163
51: 260,417,138,471
52: 284,364,497,487,499
53: 168,332,397,438,286
54: 349,277
55: 415,251,117,439,437,301
56: 91,464,479,424,423,504
57: 481,132,28,476,8
58: 102,169,502,367,455,227
59: 378,394,8,476,321,164
60: 273,331,216,335,316,421
61: 105,469,5,226,275,485
62: 215,422,19,487,371,499
63: 120,494,372,385,144,370
64: 333,5,161,271,253,414
65: 489,195,163,98,377,317
66: 361,199,263,9,446
67: 381,181,347,124,213,121
68: 450,486,110
69: 359,326,152,473,266,354
70: 250,509,402,441,297,383
71: 225,174,460,208,426,434
72: 231,309,439,12,443
73: 32,137,303,358,291,302
74: 188,319
75: 284,416,422,487,172,451
76: 166,278,485,404,160,282
77: 42,281,336,503,512,405
78: 304,145,170,272
79: 374,166,241,469
80: 24,210,456,490,228,493
81: 459,243,94,2,467,268
82: 10,357,294
83: 359,326
84: 91,254,140,464,239,396
85: 215,371,446,341,360,239
86: 106,13,379,209,444,448
87: 420,478,153,390,193,465
88: 256,150,475,293,296
89: 102,169,407,458,206,248
90: 145,410,501,39,393,245
91: 84,56,140,464,365,423
92: 229,107,258,212,336,503
93: 328,369,183,510,22,386
94: 459,243,81,246,312,498
95: 207,382,419,432,222,285
96: 99,442
97: 255,454,282,220,259,392
98: 489,153,195,65,218,390
99: 96,445,375,247
100: 505,449,427,220,428,259
101: 199,31,263,494,144,351
102: 58,136,89,169,502,458
103: 498,300,231,200,164,312
104: 148,108,313,338,399,0
105: 241,469,333,61,5
106: 389,86,366,149,379,447
107: 157,229,92,249,336,311
108: 175,104,313,338,459,2
109: 474,506,308,325,483,143
110: 27,179,260,68,450,486
111: 21,352,433,237,33,288
112: 120,385,438,286,17,327
113: 334,350,401,234,126,133
114: 344,271,463,253,328,418
115: 289,477,186,465,358,291
116: 136,502,316,345,190,411
117: 415,251,355,55,173,466
118: 3,219,497,196,158,314
119: 202,6,293,43,237,343
120: 228,112,63,385,370,17
121: 151,223,213,67,347
122: 196,314,322,362,474,308
123: 480,159,305,233,468,208
124: 387,310,213,381,67
125: 201,244,299,319,348,172
126: 388,35,113,133,452
127: 230,167,298,406,484
128: 311,320,350,184,280,249
129: 511,452,197,135,170,501
130: 421,458,206,331,366,149
131: 262,248,49,322,373,431
132: 57,398,177,8,266
133: 280,391,126,113,350
134: 481,28,442,445,318
135: 294,272,197,129,170
136: 116,102,502,316,421,458
137: 32,73,495,302,451,299
138: 450,51
139: 15,181,222,330,347,285
140: 84,91,396,365,323,306
141: 46,384,477,482
142: 18,430,500,183,257,418
143: 218,235,492,34,109,308,325
144: 63,494,372,199,101,341
145: 78,90,304,170,410,501
146: 200,309,394,509,402
147: 424,504
148: 104,432,399,0,419
149: 106,389,435,366,130,206
150: 256,88,236,352,413
151: 397,121
152: 359,69,403,473,36
153: 195,98,390,87,186,465
154: 204,423,504
155: 192,297,383,440,340
156: 232,361,263,462,373,431
157: 249,107,336,512,18,257
158: 49,196,408,118,364,497
159: 29,123,480,305,320,334
160: 404,296,226,485,76
161: 64,287,333,271
162: 303,358,289
163: 489,65,339,50,377,283
164: 103,200,59,394,321,312
165: 43,325,292,339,34
166: 79,214,374,485,76,469
167: 230,127,406,363,37,307
168: 53,332,438,409,274
169: 58,89,102,262,248,227
170: 78,145,501,135,272,129
171: 209,382,295,444,38,315
172: 125,299,348,422,75,451
173: 415,221,117,466,491,447
174: 12,71,460,203,443,434
175: 425,108,313,459,246,189
176: 403,453,36,329
177: 378,8,266,354,132
178: 13,279,456,448,351,31
179: 27,470,217,110,508,260
180: 4,412,304,395,410
181: 363,381,67,222,139,347
182: 192,23,453,486,27
183: 18,142,328,369,93,418
184: 280,41,128,249,430,257
185: 449,428,187,267
186: 477,482,115,465,153,195
187: 428,205,337,185,26,267
188: 74,244,319,277,323
189: 355,466,246,324,425,175
190: 411,488,345,281,224,116
191: 481,264,442
192: 155,182,23,297,329
193: 291,302,420,87,416,465
194: 14,254,327,464,479,211
195: 153,65,98,482,186,317
196: 49,158,122,314,322,118
197: 388,135,294,452,129
198: 21,411,252,488,433,455
199: 66,101,263,341,144,446
200: 103,146,231,164,309,394
201: 125,265,299,319,495
202: 404,6,119,255,293,296
203: 174,460,443,20,16,301
204: 349,277,154,365,423
205: 428,50,187,259,337,392
206: 89,130,407,458,435,149
207: 210,95,382,295,285
208: 468,225,71,426,123,305
209: 171,444,315,491,86,379
210: 207,24,80,295,490
211: 353,274,194,327,479
212: 92,258,503,224,45,276
213: 387,124,67,121
214: 374,472,166,427,278
215: 62,19,396,371,85,239
216: 437,273,60,20,346,335
217: 470,179,508,234,233,480
218: 489,98,390,492,143,34
219: 3,420,118,284,478,497
220: 427,278,97,282,259,100
221: 415,173,447,273,331,366
222: 363,181,307,139,285,95
223: 342,397,121,330,347
224: 281,212,503,45,345,190
225: 468,71,208,340,434,440
226: 275,475,61,160,485
227: 262,362,58,169,367,270
228: 120,370,80,490,376,17
229: 92,107,258,29,436,311
230: 167,127,37
231: 103,300,200,72,309
232: 156,462,435,279,407,431
233: 217,508,461,468,123,480
234: 470,217,401,113,480,334
235: 492,143,314,308,3
236: 256,510,150,386,356,413
237: 288,343,111,352,119,293
238: 467,268,318,445,290,247
239: 84,254,360,215,396,85
240: 242,400,484
241: 105,469,79
242: 507,30,240
243: 429,94,81,268,321,312
244: 125,188,319,348,306,323
245: 4,463,39,90,410,500
246: 459,94,498,324,175,189
247: 375,507,290,99,445,238
248: 262,131,431,89,169,407
249: 157,107,128,311,184,257
250: 473,509,354,70,441
251: 355,55,117,300,324,439
252: 21,198,356,405,488,413
253: 271,114,328,22,414,64
254: 14,84,194,360,464,239
255: 404,202,6,97,454,282
256: 150,88,236,368,386,475
257: 18,430,142,184,157,249
258: 229,92,212,261,436,276
259: 428,205,392,97,220,100
260: 51,470,179,110,450
261: 460,426,436,16,276,258
262: 248,227,131,322,362,169
263: 156,66,361,199,31,101,462
264: 191,481,398
265: 201,495
266: 177,354,326,44,69,132
267: 187,185
268: 243,429,238,467,81,318
269: 0,400,30,457,338
270: 474,33,506,367,227,362
271: 344,114,253,64,161
272: 135,78,170
273: 437,60,331,216,415,221
274: 409,353,211,168,438
275: 226,368,414,475,61,5
276: 45,16,346,261,258,212
277: 54,204,365,323,188
278: 214,427,76,220,282
279: 178,389,435,13,232,31,462
280: 184,133,41,391,128,350
281: 77,503,224,190,405,488
282: 404,255,97,278,76,220
283: 50,392,292,454,163,339
284: 420,75,52,219,497,416,487
285: 15,222,139,207,95
286: 53,342,438,17,112
287: 333,161
288: 237,33,506,343,483,111
289: 46,477,115,162,358
290: 507,30,247,457,238,467
291: 73,358,302,193,115,465
292: 6,454,43,165,339,283
293: 202,119,296,88,237
294: 135,82,197
295: 171,207,24,210,382,444
296: 404,202,160,293,88
297: 441,192,155,329,383,70
298: 0,127,400,406,484
299: 201,125,172,137,495,451
300: 103,498,231,324,251
301: 437,20,439,203,443,55
302: 73,137,291,451,193,416
303: 32,162,73,358
304: 78,395,145,410,180
305: 29,123,436,159,208,426
306: 244,348,140,19,396,323
307: 363,222,167,406,419
308: 474,109,122,314,235,143
309: 146,231,200,72,402,47,12
310: 124,381,37
311: 29,128,320,229,249,107
312: 243,94,321,103,498,164
313: 425,175,104,108,48,399
314: 196,122,308,3,118,235
315: 38,48,25,209,171
316: 116,136,421,60,345,335
317: 384,482,195,65,377,11
318: 429,238,268,445,134,28
319: 201,74,125,188,244
320: 29,128,311,159,334,350
321: 243,429,312,476,59,164
322: 262,49,196,122,131,362
323: 277,365,140,188,244,306
324: 498,300,246,189,251,355
325: 109,165,483,143,34
326: 83,359,44,69,266
327: 14,194,112,385,211
328: 183,93,418,114,253,22
329: 441,192,36,297,176
330: 15,139,347,223,342,376
331: 273,60,221,366,130,421
332: 168,53,397
333: 64,105,287,5,161
334: 113,480,159,320,350,234
335: 45,60,216,345,346,316
336: 157,92,77,107,503,512
337: 50,187,205,377,26,11
338: 104,108,457,2,0,269
339: 489,163,34,165,292,283
340: 47,225,434,155,383,440
341: 199,372,144,360,85,446
342: 223,286,376,17,330
343: 43,237,288,483,119
344: 4,412,271,463,114
345: 45,335,224,116,316,190
346: 45,20,16,216,276,335
347: 67,181,139,330,223,121
348: 125,244,172,306,422,19
349: 54,204
350: 128,113,320,334,133,280
351: 493,494,456,178,31,101
352: 21,111,413,150,237
353: 7,409,274,424,211
354: 473,177,250,266,69
355: 189,251,117,466,324
356: 252,405,413,42,510,236
357: 82,10,388,380
358: 162,73,303,291,289,115
359: 83,326,152,69
360: 14,254,239,372,341,85
361: 156,66,263,408,373
362: 262,227,122,322,270,474
363: 381,37,181,222,307,167
364: 52,497,408,158,499,9
365: 204,277,423,323,91,140
366: 106,149,221,447,331,130
367: 433,455,58,227,270,33
368: 256,22,275,386,414,475
369: 18,183,93,42,512,510
370: 228,493,120,63,494
371: 215,62,499,9,85,446
372: 63,385,144,341,14,360
373: 49,131,431,156,361,408
374: 79,214,166
375: 507,247,99
376: 342,17,15,330,490,228
377: 50,337,65,163,317,11
378: 59,394,177,8,509
379: 106,86,491,447,209
380: 10,35,471,357,417
381: 363,37,67,181,310,124
382: 171,207,95,295,38,432
383: 155,297,70,402,47,340
384: 141,482,317,496,11
385: 112,120,63,372,14,327
386: 256,510,22,236,368,93
387: 124,213
388: 197,35,357,126,452
389: 106,435,13,149,279
390: 153,98,218,492,87,478
391: 133,511,452,280,41,393
392: 50,205,259,283,97,454
393: 511,41,39,391,90,501
394: 59,378,509,146,200,164
395: 304,180
396: 215,19,84,140,239,306
397: 151,53,223,332
398: 264,132,44
399: 38,104,148,48,313,432
400: 298,484,269,240
401: 470,417,234,35,113
402: 509,70,383,146,309,47
403: 176,152,36
404: 202,255,160,282,296,76
405: 252,356,488,42,77,281
406: 167,127,298,419,307
407: 89,206,435,232,248,431
408: 361,49,158,373,9,364
409: 7,353,274,168
410: 90,304,145,180,4,245
411: 190,198,488,455,116,502
412: 180,4,344
413: 21,252,352,356,150,236
414: 22,275,368,253,64,5
415: 221,55,117,173,437,273
416: 420,75,284,302,451,193
417: 51,470,401,35,380
418: 142,328,500,183,463,114
419: 406,148,432,307,95
420: 219,87,284,478,416,193
421: 136,130,316,458,60,331
422: 62,19,487,75,348,172
423: 204,154,365,504,56,91
424: 353,147,56,479,504
425: 175,48,25,313,189
426: 71,460,208,261,436,305
427: 214,472,278,220,505,100
428: 187,205,259,185,449,100
429: 243,268,321,318,28,476
430: 142,500,257,184,41,39
431: 248,131,373,407,232,156
432: 38,148,399,419,95,382
433: 21,198,367,111,455,33
434: 47,12,225,71,174,340
435: 389,149,279,407,206,232
436: 29,305,426,261,229,258
437: 273,20,216,301,415,55
438: 168,53,286,112,274
439: 72,443,251,55,301
440: 155,461,468,225,340
441: 36,297,329,473,250,70
442: 96,191,134
443: 12,174,203,72,439,301
444: 209,171,24,295,448,86
445: 99,134,247,238,318
446: 371,9,85,66,199,341
447: 221,173,491,106,366,379
448: 24,444,456,178,13,86
449: 185,505,100,428
450: 68,138,110,260
451: 137,302,75,416,299,172
452: 511,129,391,197,388,126
453: 176,486,182
454: 292,6,255,97,283,392
455: 411,198,367,433,58,502
456: 24,80,448,178,493,351
457: 30,290,2,467,269,338
458: 136,89,130,102,421,206
459: 94,2,81,246,175,108
460: 71,174,203,426,261,16
461: 23,440,508,233,468
462: 232,156,31,263,279
463: 4,344,245,114,500,418
464: 84,194,56,91,254,479
465: 115,186,87,153,291,193
466: 189,355,117,173,491,25
467: 238,2,81,268,290,457
468: 225,208,461,440,233,123
469: 241,105,61,79,166,485
470: 179,217,260,401,417,234
471: 10,380,51
472: 214,427,40
473: 250,354,152,69,441,36
474: 270,109,506,308,122,362
475: 256,88,226,275,368
476: 57,28,59,8,429,321
477: 46,141,289,482,115,186
478: 3,420,219,87,390,492
479: 194,56,464,424,211
480: 123,159,334,217,234,233
481: 191,57,134,264,28
482: 141,384,477,186,317,195
483: 43,109,506,288,343,325
484: 127,298,400,240
485: 166,76,226,469,61,160
486: 68,453,182,27,110
487: 422,62,499,75,52,284
488: 190,411,198,252,405,281
489: 65,163,339,98,218,34
490: 210,80,15,376,228
491: 173,466,447,25,209,379
492: 218,235,390,143,3,478
493: 494,351,370,80,456
494: 493,63,144,351,370,101
495: 32,137,201,265,299
496: 26,11,384
497: 118,52,219,284,364,158
498: 103,300,324,94,246,312
499: 62,487,371,9,52,364
500: 430,142,418,39,245,463
501: 90,145,170,511,129,393
502: 116,58,136,102,411,455
503: 92,77,281,212,336,224
504: 154,423,147,424,56
505: 40,449,100,427
506: 270,474,109,33,288,483
507: 242,375,30,290,247
508: 27,179,217,233,23,461
509: 378,394,250,70,402,146
510: 236,386,42,369,93,356
511: 452,129,391,393,501
512: 157,42,77,336,18,369