0: 104,298,406,148,338,269
2: 338,457,467,108,459,81
3: 314,118,219,492,235,478
4: 344,463,245,410,180,412
5: 64,275,414,61,333,105
6: 202,43,119,404,255,454
7: 409,353,147,424
8: 59,476,132,57,177
9: 364,408,446,66,371,499,361
10: 471,380,357
11: 26,496,377,384,337,317
12: 174,443,309,47,434,72
13: 106,389,448,178,86,279
14: 360,254,372,194,327,385
15: 285,139,330,376,490
16: 460,261,203,346,20,276
17: 112,228,376,342,120,286
18: 157,142,512,369,183,257
19: 348,422,62,215,396,306
20: 437,346,216,301,16,203
21: 433,198,252,413,352,111
22: 368,414,93,253,328,386
23: 182,192,27,155,461,508
24: 456,444,448,295,210,80
25: 425,48,315,491,466,209
26: 496,11,337,267,187
27: 110,486,179,182,23,508
28: 429,476,481,57,318,134
29: 305,229,436,311,320,159
30: 457,290,269,242,400,507
31: 279,263,462,178,101,351
32: 303,73,137,495
33: 270,367,288,111,506,433
34: 489,325,143,218,339
35: 401,388,126,380,357,417
36: 176,329,403,152,473,441
37: 230,167,310,381,363
38: 48,315,432,399,382,171
39: 393,90,245,500,41,430
40: 472,505
41: 184,391,280,430,393,39
42: 512,369,77,405,510,356
43: 6,119,343,292,454,165
44: 398,132,326,266
45: 346,335,345,276,212,224
46: 289,477,141
47: 146,309,402,340,434,12
48: 425,38,313,25,315,399
49: 322,131,373,408,196,158
50: 392,283,163,205,377,337
51: 471,138,380,417,450,260
52: 364,499,497,487,75,284
53: 168,332,397,286,274,438
54: 349,188,277,74
55: 415,117,439,251,301,437
56: 504,464,424,423,479,91
57: 398,481,132,28,8,476
58: 102,502,455,227,169,367
59: 321,8,476,164,378,394
60: 316,335,216,273,331,421
61: 275,5,105,226,485,469
62: 19,422,487,215,371,499
63: 144,370,494,120,385,372
64: 414,5,253,271,161,333
65: 377,317,489,163,195,98
66: 446,9,199,361,263
67: 347,124,181,381,121,213
68: 110,450,486
69: 354,326,152,266,473,359
70: 509,402,250,441,297,383
71: 426,174,460,208,225,434
72: 439,300,231,309,12,443
73: 303,32,358,137,302,291
74: 54,188,319
75: 416,284,451,52,172,487
76: 282,160,485,166,214,278
77: 503,336,281,512,42,405
78: 304,170,272,145
79: 374,469,166,241
80: 370,493,210,456,24,228,490
81: 459,94,268,243,2,467
82: 294,197,357,388
83: 359,326
84: 91,140,396,239,254,464
85: 360,341,239,215,446,371
86: 209,444,448,106,13,379
87: 153,465,390,420,193,478
88: 293,202,256,150,475,296
89: 458,102,206,407,248,169
90: 393,39,501,145,245,410
91: 140,365,84,464,56,423
92: 503,212,336,107,229,258
93: 369,183,328,510,386,22
94: 459,246,81,498,243,312
95: 285,207,222,382,419,432
96: 99,442
97: 220,259,255,454,392
98: 153,195,390,489,218,65
99: 442,445,247,375,96
100: 427,220,259,505,449,428
101: 144,494,351,199,31,263
102: 58,136,89,458,502,169
103: 231,164,312,200,498
104: 0,148,399,338,108,313
105: 241,333,5,61,469
106: 389,13,379,366,149,447,86
107: 229,311,249,92,336,157
108: 2,338,459,175,104,313
109: 325,143,308,483,474,506
110: 68,450,486,260,27,179
111: 288,33,21,433,352,237
112: 17,120,286,438,327,385
113: 401,126,133,334,234,350
114: 253,328,344,271,418,463
115: 289,477,291,465,186,358
116: 136,502,316,345,190,411
117: 415,355,55,173,466,251
118: 3,497,314,196,219,158
119: 293,202,43,6,343,237
120: 17,112,228,370,63,385
121: 151,223,213,347,67
122: 362,322,474,314,196,308
123: 233,480,159,208,468,305
124: 310,67,381,387,213
125: 348,172,244,319,201,299
126: 113,452,401,388,35,133
127: 230,484,167,298,406
128: 184,249,350,280,311,320
129: 135,294,197,511,170,501
130: 366,149,206,331,458,421
131: 262,248,49,322,431,373
132: 44,398,57,266,177,8
133: 113,452,126,391,350,280
134: 442,445,318,191,481,28
135: 294,129,170,272
136: 116,458,102,421,502,316
137: 32,73,302,451,495,299
138: 471,51,450
139: 285,15,222,347,181,330
140: 91,323,396,306,365,84
141: 482,384,46,477
142: 18,183,430,257,500,418
143: 492,34,325,235,308,218,109
144: 101,63,494,199,341,372
145: 90,501,410,170,304,78
146: 200,394,309,509,402,47
147: 504,424,7
148: 419,104,0,432,406,399
149: 130,106,389,435,366,206
150: 256,413,352,236,293,88
151: 121,397,223,332
152: 69,473,359,403,36
153: 87,465,195,98,390,186
154: 504,423,204
155: 383,440,461,297,192,23
156: 232,431,361,373,263,462
157: 18,512,107,249,257,336
158: 497,118,196,49,364,408
159: 480,334,123,29,305,320
160: 282,226,404,296,76,485
161: 271,64,287,333
162: 289,303,358
163: 50,339,283,489,377,65
164: 321,59,312,200,394,103
165: 292,339,483,43,343,325
166: 79,374,469,214,76,485
167: 230,37,127,307,363
168: 409,53,332,274
169: 262,248,227,58,89,102
170: 135,129,272,501,145,78
171: 209,444,295,38,315,382
172: 348,125,422,75,451,299
173: 415,221,447,117,466,491
174: 12,71,460,443,203,434
175: 459,189,246,108,425,313
176: 453,36,329,403
177: 354,266,132,8,378
178: 456,448,13,351,279,31
179: 110,260,27,470,217,508
180: 395,304,410,4,412
181: 347,67,381,363,139,222
182: 453,192,23,486,27
183: 18,142,369,93,328,418
184: 128,249,280,41,430,257
185: 267,187,449,428
186: 153,465,195,482,477,115
187: 185,267,428,205,26,337
188: 54,277,74,323,244,319
189: 246,175,324,425,355
190: 224,281,345,116,411,488
191: 264,481,442,134
192: 297,182,329,23,155
193: 416,302,420,291,87,465
194: 479,327,211,14,254,464
195: 153,98,482,186,317,65
196: 314,118,158,49,322,122
197: 294,129,82,511,452,388
198: 21,433,411,252,455,488
199: 144,101,263,341,446,66
200: 394,146,309,164,103,231
201: 265,319,495,299,125
202: 293,6,119,88,404,296
203: 301,16,174,460,443,20
204: 349,277,423,365,154
205: 259,50,392,337,187,428
206: 130,435,149,89,458,407
207: 210,285,95,382,295
208: 468,225,123,426,71,305
209: 171,444,86,25,315,491,379
210: 207,24,295,490,80
211: 479,194,353,274,438,327
212: 503,224,92,258,45,276
213: 121,387,124,67
214: 374,166,76,278,472
215: 371,85,239,396,19,62
216: 437,60,346,20,335,273
217: 233,480,470,234,508,179
218: 489,492,34,143,98,390
219: 3,497,118,284,420,478
220: 427,97,278,100,259
221: 415,447,273,173,331,366
222: 285,95,139,307,181,363
223: 151,121,397,347,330,342
224: 503,212,281,190,45,345
225: 208,468,440,340,434,71
226: 160,296,485,275,475,61
227: 262,362,169,58,270,367
228: 17,376,120,490,370,80
229: 29,107,436,311,258,92
230: 484,37,167,127
231: 103,300,72,200,309
232: 156,431,279,462,407,435
233: 480,217,508,123,468,461
234: 480,470,334,217,113,401
235: 492,143,308,3,314
236: 256,510,150,413,386,356
237: 293,119,343,352,288,111
238: 268,445,318,247,290,467
239: 360,85,254,215,396,84
240: 242,400,484
241: 105,79,469
242: 240,400,507,30
243: 321,429,312,268,94,81
244: 348,125,323,306,188,319
245: 90,39,410,500,4,463
246: 459,189,94,175,498,324
247: 99,445,238,375,507,290
248: 262,131,169,89,431,407
249: 184,128,257,107,311,157
250: 354,473,441,378,509,70
251: 439,324,300,355,55,117
252: 21,198,405,488,413,356
253: 328,271,114,64,414,22
254: 14,360,239,194,464,84
255: 282,404,6,454,97
256: 150,386,236,368,475,88
257: 184,249,430,18,157,142
258: 229,436,261,276,212,92
259: 97,205,100,220,392,428
260: 110,450,179,51,417,470
261: 16,426,460,436,258,276
262: 248,362,322,227,131,169
263: 156,361,31,462,101,199,66
264: 191,398,481
265: 201,495
266: 354,326,69,177,44,132
267: 185,187,26
268: 238,318,243,429,467,81
269: 338,457,30,400,0,298
270: 474,367,33,506,362,227
271: 253,344,114,161,64
272: 135,170,78
273: 415,221,331,437,60,216
274: 353,438,211,168,409,53
275: 368,414,5,475,61,226
276: 45,346,16,261,258,212
277: 54,349,188,204,323,365
278: 427,220,282,76,214
279: 232,31,462,178,389,435,13
280: 184,391,128,350,41,133
281: 503,224,77,190,405,488
282: 404,160,76,255,278
283: 292,50,454,339,392,163
284: 75,416,420,52,497,219
285: 95,15,139,207,222
286: 17,112,342,397,53,438
287: 333,161
288: 483,33,111,506,343,237
289: 162,46,477,115,358
290: 457,30,467,238,247,507
291: 302,193,465,358,73,115
292: 454,165,339,283,43
293: 202,119,88,237,150,352
294: 135,197,129,82
295: 171,24,444,210,207,382
296: 226,404,160,475,202,88
297: 329,192,441,70,383,155
298: 0,406,400,269,484,127
299: 201,495,125,172,451,137
300: 439,324,231,72,251,498
301: 443,203,439,55,437,20
302: 416,193,451,291,73,137
303: 32,358,73,162
304: 395,78,180,145,410
305: 29,436,208,123,159,426
306: 140,323,396,19,348,244
307: 419,406,167,363,222
308: 143,235,109,122,474,314
309: 200,146,47,231,72,12
310: 124,381,37
311: 29,107,229,320,128,249
312: 321,243,164,94,498,103
313: 425,48,108,175,104,399
314: 3,118,196,122,235,308
315: 38,48,25,209,171
316: 60,335,345,116,136,421
317: 377,11,384,65,195,482
318: 268,445,238,134,28,429
319: 201,125,244,188,74
320: 29,311,334,159,128,350
321: 243,59,429,476,164,312
322: 262,49,362,122,131,196
323: 140,306,365,244,188,277
324: 300,251,189,246,498,355
325: 34,143,109,483,165
326: 69,266,83,359,44
327: 194,438,211,385,112,14
328: 253,418,114,183,93,22
329: 297,176,36,192,441
330: 376,342,347,15,139,223
331: 221,273,60,130,366,421
332: 168,53,151,397
333: 287,105,161,64,5
334: 480,234,159,113,320,350
335: 45,316,60,346,216,345
336: 503,92,77,107,157,512
337: 26,377,11,50,205,187
338: 2,457,269,108,104,0
339: 292,165,283,163,489,34
340: 383,440,225,434,402,47
341: 360,85,372,144,199,446
342: 17,330,376,286,397,223
343: 43,119,237,483,288,165
344: 4,271,463,114,412
345: 45,316,335,224,190,116
346: 45,20,335,216,276,16
347: 181,67,139,121,223,330
348: 19,125,172,422,244,306
349: 54,277,204
350: 128,280,334,113,133,320
351: 493,101,494,456,178,31
352: 150,413,21,111,293,237
353: 479,274,211,409,7,424
354: 250,69,266,473,177,378
355: 117,466,189,324,251
356: 510,413,236,42,252,405
357: 10,380,388,35,82
358: 303,73,291,162,289,115
359: 83,326,152,69
360: 14,85,341,239,254,372
361: 156,373,263,408,66,9
362: 262,322,227,122,270,474
363: 181,381,37,167,307,222
364: 52,408,499,9,497,158
365: 91,140,323,423,277,204
366: 130,106,149,221,447,331
367: 270,33,58,433,455,227
368: 275,414,475,22,256,386
369: 18,512,42,183,93,510
370: 493,63,494,80,228,120
371: 215,446,499,9,85,62
372: 14,360,341,144,63,385
373: 156,431,361,49,131,408
374: 79,166,214
375: 99,247,507
376: 17,228,330,342,490,15
377: 11,337,317,65,50,163
378: 394,509,354,250,177,59
379: 106,491,447,209,86
380: 471,10,51,357,417,35
381: 310,124,181,67,363,37
382: 95,207,432,38,171,295
383: 155,440,340,297,402,70
384: 496,11,317,482,141
385: 327,112,120,63,14,372
386: 256,510,236,93,368,22
387: 124,213
388: 452,35,126,357,197,82
389: 106,435,13,149,279
390: 153,87,98,492,218,478
391: 280,41,452,133,511,393
392: 50,454,283,97,205,259
393: 90,39,501,511,391,41
394: 200,378,146,509,59,164
395: 304,180
396: 140,306,84,239,215,19
397: 151,223,342,286,53,332
398: 44,481,132,57,264
399: 104,432,148,38,313,48
400: 240,242,30,269,484,298
401: 113,35,126,417,470,234
402: 146,509,70,47,383,340
403: 152,176,36
404: 282,160,296,255,202,6
405: 252,488,77,281,42,356
406: 419,0,298,307,148,127
407: 232,431,435,206,89,248
408: 364,9,361,373,49,158
409: 168,353,274,7
410: 90,145,245,304,180,4
411: 198,455,488,190,116,502
412: 180,4,344
413: 150,352,236,356,21,252
414: 64,275,368,5,22,253
415: 221,273,55,117,173,437
416: 75,302,284,420,193,451
417: 51,380,260,470,401,35
418: 328,463,114,500,142,183
419: 432,307,406,148,95
420: 416,284,193,478,219,87
421: 136,458,331,316,60,130
422: 19,348,172,487,62
423: 504,56,91,365,154,204
424: 504,147,56,479,353,7
425: 313,48,25,189,175
426: 71,460,261,208,305,436
427: 278,100,220,472,505
428: 185,187,449,205,100,259
429: 321,28,243,476,268,318
430: 184,41,257,39,500,142
431: 232,156,373,407,248,131
432: 419,148,399,38,95,382
433: 21,198,455,367,33,111
434: 225,340,47,12,71,174
435: 389,149,206,232,279,407
436: 29,305,229,258,426,261
437: 20,216,301,415,273,55
438: 274,327,211,112,286,53
439: 300,72,251,301,443,55
440: 383,155,468,225,461,340
441: 250,473,297,36,329,70
442: 99,445,134,191,96
443: 301,12,174,203,439,72
444: 209,171,24,448,86,295
445: 99,442,238,318,134,247
446: 66,371,9,199,85,341
447: 221,173,491,106,379,366
448: 456,24,444,178,86,13
449: 185,428,100,505
450: 68,110,260,51,138
451: 75,416,302,172,299,137
452: 388,126,133,197,511,391
453: 176,182,486
454: 292,392,283,43,6,255,97
455: 433,411,198,58,502,367
456: 24,448,178,493,351,80
457: 2,338,30,290,467,269
458: 136,89,102,421,130,206
459: 246,94,81,175,2,108
460: 16,426,71,174,261,203
461: 155,468,440,23,233,508
462: 232,156,279,31,263
463: 4,344,418,114,245,500
464: 56,479,194,254,91,84
465: 153,87,186,193,291,115
466: 355,117,173,25,491
467: 2,457,290,268,238,81
468: 208,440,225,461,233,123
469: 79,166,61,241,105,485
470: 217,234,260,179,417,401
471: 10,51,138,380
472: 40,214,427
473: 354,250,152,69,441,36
474: 270,506,362,122,308,109
475: 275,368,256,88,226,296
476: 321,28,59,429,8,57
477: 46,289,115,482,186,141
478: 420,3,219,492,87,390
479: 194,353,211,464,56,424
480: 233,334,217,234,123,159
481: 398,57,191,264,134,28
482: 195,186,384,317,477,141
483: 288,506,343,325,109,165
484: 230,127,240,400,298
485: 226,160,76,61,469,166
486: 68,110,27,453,182
487: 422,62,52,499,75
488: 411,198,252,405,281,190
489: 34,218,339,163,98,65
490: 228,376,210,15,80
491: 25,447,173,466,209,379
492: 143,235,218,3,478,390
493: 370,494,351,80,456
494: 144,370,493,101,63,351
495: 265,201,299,32,137
496: 26,11,384
497: 118,219,158,364,52,284
498: 246,94,312,103,324,300
499: 364,52,371,9,487,62
500: 39,245,430,142,418,463
501: 393,90,145,129,511,170
502: 116,58,136,102,411,455
503: 212,224,92,77,336,281
504: 147,56,424,423,154
505: 40,427,100,449
506: 270,483,474,288,33,109
507: 242,375,247,30,290
508: 233,217,23,27,179,461
509: 378,394,146,402,70,250
510: 386,236,356,369,42,93
511: 197,129,452,391,393,501
512: 18,157,369,42,77,336