0: 37,38,30,48
2: 28,30,48,8,47,55
3: 33,49,9,34
4: 18,41,39,64
5: 61,22,21,42
6: 22,43,40,50
7: 56,17
8: 28,2,47,59,44
9: 52,62,31,3,14
10: 41,35,51
11: 34,46,43,26,50
12: 23,47,29,59,20,16
13: 58,49,24,25,31
14: 19,56,63,31,9,62
15: 17,24,63,37,53
16: 12,20,45,42
17: 15,53,7
18: 4,39,42,64
19: 14,54,56,62
20: 47,12,55,16,60
21: 45,58,33,22,5
22: 6,5,21,33,43
23: 29,12,59,36,27
24: 15,63,38,31,13
25: 38,48,55,13,60
26: 50,11
27: 51,23,35
28: 30,57,2,8
29: 23,12,39,35
30: 28,48,2,0
31: 24,63,13,49,14,9
32: 46,52
33: 3,21,22,43
34: 11,46,52,43,3
35: 10,41,39,27,29
36: 23,59,44
37: 0,15,38,53
38: 0,24,37,25,48
39: 4,18,41,35,29
40: 50,6
41: 10,4,39,35
42: 45,16,18,5
43: 11,34,33,6,22,50
44: 59,36,8
45: 58,60,21,42,16
46: 32,11,34,52
47: 12,59,20,55,2,8
48: 30,2,55,0,38,25
49: 58,3,13,31
50: 26,40,6,11,43
51: 27,10
52: 32,9,34,46,62
53: 15,17,37
54: 19
55: 47,20,48,2,25,60
56: 19,7,14,63
57: 28
58: 45,13,60,21,49
59: 23,47,12,44,36,8
60: 45,58,20,55,25
61: 64,5
62: 9,52,19,14
63: 15,24,31,14,56
64: 61,4,18