0: 65,66,70
2: 75,68,22,124
3: 38,81,71
4: 126,20,32,23,76
5: 110,79
6: 49,19,67,7,82,106
7: 106,84,87,49,6,53
8: 88,27,108,42,61,123
9: 63,91,37,41,115
10: 94,34,118,46,110
11: 117,97,71,111,18
12: 122,77,101,21,82,25
13: 104,95
14: 109,88,58,103,78,57
15: 62,115
16: 64,46,60,120,126,118
17: 69,70
18: 89,111,81,74,11
19: 29,6,67,90,21,82
20: 32,4,85,76,99,42
21: 54,90,19,82,122,12
22: 100,2,112,124
23: 126,98,4,59,118
24: 63,91,103,127,56
25: 82,35,72,106,12,101
26: 28,47,48,89,111
27: 109,114,88,8,87,123
28: 26,119,53,48,84
29: 80,19,67,121,73,90
30: 122,77
31: 96,99,124,68,107,85
32: 126,20,4,85,55,120
33: 40,74,102,43,70
34: 94,10,43,79,69
35: 25,72,101,117,97,86
36: 75,45
37: 9,91,78,41,93,105
38: 3,81,65,66
39: 97,71,86
40: 116,89,33,74,102
41: 62,115,125,93,9,37
42: 99,108,8,20,76,61
43: 94,34,102,33,69,70
44: 80,49,67,93,114,105
45: 36,75,68,107,95
46: 64,110,16,10,118
47: 26,119,113,98,116,89
48: 72,84,28,26,111,117
49: 44,6,67,114,87,7
50: 92,54,73,90
51: 77,101,86
52: 121,83,73
53: 28,119,123,87,7,84
54: 92,50,90,21,122
55: 104,95,120,107,32,85
56: 100,58,24,103
57: 96,112,108,58,14,88
58: 56,100,103,57,112,14
59: 94,102,98,23,116
60: 104,120,128,64,16
61: 119,123,113,42,8,76
62: 83,41,115,125,15
63: 9,24,91
64: 128,46,16,60
65: 0,66,38
66: 0,65,81,74,38
67: 29,80,44,49,6,19
68: 75,45,2,107,31,124
69: 17,79,34,43,70
70: 0,43,33,17,69
71: 39,97,11,3
72: 35,25,48,106,84,117
73: 50,90,121,52,29
74: 33,40,18,81,66
75: 36,45,2,68
76: 20,4,42,61,113
77: 30,122,51,12,101
78: 91,103,37,14,109,105
79: 69,34,5
80: 29,44,67,121,125,93
81: 18,74,66,38,3
82: 25,106,6,19,21,12
83: 121,62,125,52
84: 7,48,72,106,28,53
85: 20,32,107,99,31,55
86: 39,97,35,51,101
87: 114,27,49,53,123,7
88: 14,109,8,27,57,108
89: 116,111,40,18,26,47
90: 50,54,73,21,29,19
91: 63,9,24,103,78,37
92: 50,54
93: 41,125,37,105,80,44
94: 10,34,102,59,43
95: 13,104,55,45,107
96: 99,31,57,112,108,124
97: 39,117,71,86,11,35
98: 23,47,113,59,116
99: 96,31,108,42,20,85
100: 56,22,58,112
101: 77,51,12,35,25,86
102: 94,59,43,116,33,40
103: 24,91,78,56,58,14
104: 13,60,95,55,120
105: 109,114,78,37,93,44
106: 7,82,25,72,84,6
107: 45,68,31,95,55,85
108: 96,99,57,42,88,8
109: 14,114,88,27,105,78
110: 46,10,5
111: 89,18,26,48,117,11
112: 96,57,124,100,22,58
113: 47,119,61,98,76
114: 109,27,105,87,44,49
115: 62,41,15,9
116: 89,40,98,47,102,59
117: 97,11,35,48,72,111
118: 10,126,23,46,16
119: 28,47,61,53,123,113
120: 104,60,55,126,32,16
121: 83,125,52,29,80,73
122: 30,77,12,54,21
123: 119,61,53,8,27,87
124: 96,31,112,22,2,68
125: 121,62,83,41,93,80
126: 32,23,4,120,16,118
127: 24
128: 64,60