0: 1336,704,1167,1057,298,1126
2: 968,457,338,2019,1486,650
3: 1116,1696,1585,569,978,1203
4: 749,1264,1698,1729,180
5: 653,1681,915,1727,1245,951
6: 1270,944,1889,1861,202,1254
7: 593,1919,1495,424,1174,1568
8: 59,1691,679,1669,177,1572
9: 1482,1964,967,371,970,1639
10: 380,980,680,2033,1089
11: 1642,795,1180,1962,691,1032
12: 857,592,434,1154,608,1592
13: 2030,708,1430,628,1307,389,1286
14: 1360,900,1688,1052,254,1359
15: 330,1934,725,1515,1506,914
16: 672,583,1762,1692,2032,1938,460
17: 1113,1944,1835,1354,1169,1066
18: 1200,1975,1550,512,1278,369
19: 1337,699,665,2025,903,1168
20: 301,55,1227,984,203,522,2032
21: 867,1995,433,594,413,1465,111,1560
22: 414,1779,2011,922,368,253,1073
23: 2014,694,1390,1784,155,1231
24: 999,448,1300,1908,1181,850
25: 1620,1600,1158,1940,1774,814
26: 662,1108,267,187,1996,1599
27: 182,2015,1846,2014,694,870
28: 1366,1419,2037,1508,57,1916
29: 1745,2044,1056,937,311,1841
30: 1455,784,1845,2047,1422,848
31: 2030,462,544,1906,1430,1148,1362
32: 991,1410,720,1404,1146,303
33: 1325,769,1657,367,270,1695,906,808
34: 853,1703,325,1628,489,1743
35: 1498,1453,1806,1836,619,1751
36: 1844,1634,152,1706,1960,403
37: 1823,637,1900,615,363,1898
38: 1467,1744,1956,1003,171,1094
39: 1913,1132,2036,1265,1674,1024
40: 1684,1947,1555
41: 842,558,813,1728,1357,1548
42: 356,1638,510,1038,954,1258
43: 343,1188,1539,674,1761,119
44: 963,804,1075,1776,1686
45: 1820,535,1358,345,1069,709,1771
46: 477,1090,1242,289,614,1445,1894
47: 1667,402,146,1892,1924,1368
48: 1971,1438,313,1140,933,1907
49: 322,1613,676,1537,1393,1423,1988
50: 2002,1544,1011,712,1472,977
51: 727,138,1030,450,1277,580
52: 1483,807,1653,1037,1023,1429,487
53: 1170,607,1914,1053,856,332
54: 897,1191,1329,823,1977,74
55: 1260,301,20,919,437,1317,1802,1227,568
56: 1334,621,479,1261,1699,1087
57: 28,1508,1660,798,1952,1916
58: 1551,843,869,1088,169,1157
59: 1691,8,952,1572,1631,855
60: 316,1063,331,1626,1792,1813
61: 915,1727,1441,226,640,532
62: 499,537,1330,1534,1166,2025
63: 1756,1724,924,494,1096,1205
64: 1681,951,1770,529,586,1328
65: 1879,283,1244,98,1886,964
66: 1458,668,1253,756,736,1948
67: 1435,1816,1402,347,1512,696
68: 1450,1959,486,938
69: 326,1963,1798,1706,1598,1582,473
70: 1035,2026,1723,509,441,2004
71: 1071,1718,1702,208,1076,746
72: 1769,722,629,1847,1797,1131
73: 1976,1811,760,1505,720,303
74: 1479,985,1369,1977,1191,54
75: 1237,1006,1772,994,1160,172
76: 1097,1694,214,1997,1860,723
77: 356,834,908,1829,2000,719,791,1068,1389
78: 1644,2007,734,688,1851,890
79: 2012,241,1221,166,864,1752
80: 534,850,2021,490,1607,210
81: 1866,268,1858,1299,1198,1083
82: 388,1183,197,1748,1048,1781
83: 963,1821,1804,527
84: 1273,752,1865,1939,1015,540
85: 446,1458,1020,538,1887,1656
86: 1897,811,1778,992,1209,1398
87: 1859,1228,1421,219,1990,553
88: 2023,1321,1664,1254,1830,293,1106
89: 971,1561,826,780,1211,1447,2027
90: 1132,2036,1872,145,1301,245
91: 1202,1699,1046,981,1087,1456
92: 212,1280,1678,1041,1502,503
93: 863,1494,386,1323,713,940
94: 312,243,1120,1850,1581,1517
95: 419,1576,1606,382,825,1651
96: 1734,1722,946
97: 1707,596,1529,1987,902,905
98: 1244,618,585,65,1886,1828
99: 1603,1734,1722,685,1883,445
100: 505,1885,427,1411,830,220
101: 1384,1635,1388,199,536,896
102: 920,1085,1279,1129,1580,1561,780
103: 1854,1850,2048,1583,1022,498
104: 1864,148,399,1794,1140,933
105: 915,1531,1294,640,1966,1877
106: 543,1487,389,1061,1490,1953
107: 617,336,1117,819,1442,1986,1444
108: 2019,1486,557,1614,844,1907
109: 2022,143,483,1194,847,836,728
110: 2038,787,657,260,1277,1554
111: 1465,769,1257,1025,1636,433,21,1137
112: 898,1169,286,718,1382,327
113: 1818,1610,1931,350,1721,1426
114: 931,1235,828,1466,1612,1451,253
115: 1888,936,520,1272,1755,1445
116: 874,1358,345,1807,515,136
117: 1809,1383,251,1750,1135,1549
118: 1585,1857,2029,158,1983,577
119: 674,944,1861,43,343,1255
120: 1756,924,1891,738,370,1213
121: 1392,721,1717,670,213,1951
122: 1783,314,1597,1331,1405,196
123: 1275,1452,1559,1619,1019,1287
124: 1593,1417,1509,1697,381,589
125: 1764,172,816,1365,1237,782
126: 882,1818,1931,401,619,1067
127: 1788,298,1126,1874,406,1319
128: 1471,755,280,1917,1074,1463
129: 1124,605,170,1936,1133,272
130: 2031,1812,1792,643,788,1946,1232
131: 943,1497,1613,676,631,248,801
132: 1686,266,1838,1075,1189,1578
133: 1520,280,391,1426,755,1721
134: 1660,481,1201,1155,832,1508
135: 1801,866,1133,734,272
136: 515,1190,1596,1807,116,1941
137: 1119,582,299,1965,1146
138: 727,51,1967,450
139: 2018,1008,1690,772,330,1934
140: 2020,797,540,1865,1046,365
141: 1333,1111,384
142: 578,1550,257,1373,611,1975
143: 2022,714,1230,1979,109,483
144: 1833,871,896,1322,1659,2017
145: 513,1060,1579,1301,1872,90
146: 402,663,1969,47,1892,818
147: 887,1972,1919,424,1415,983
148: 1864,1981,1958,104,1794,432
149: 2031,624,643,206,1477,1315
150: 860,603,1560,352,2045,1896,594
151: 397,223,1902,1749,1251,1274
152: 1798,36,1957,1219,1634,1706
153: 1800,1240,1828,1150,618
154: 1840,1050,1306,1711
155: 1390,1784,23,1843,461,996
156: 539,1863,1138,531,361,833,1507
157: 1587,1763,561,611,1045,1978
158: 118,1983,1733,1803,497,577
159: 649,1380,1159,1985,2044,1056
160: 1324,2009,711,541,1187,485
161: 731,1770,529,271,1312,1065
162: 1381,1218,1410,1943
163: 1244,745,489,1879,1646,1743
164: 1288,200,997,806,394,1714
165: 1920,917,521,1540,1775,1356
166: 469,1221,79,1342,864,1853
167: 827,1900,230,1878,1855,1720
168: 1881,885,1914,1492,409,1177
169: 1683,1551,58,843,1580,1561,1974
170: 605,1127,129,272,1851,1059
171: 315,1600,209,1094,1158,38,1003
172: 659,1160,1764,125,75,1237
173: 466,1809,1310,1469,491,1601
174: 1425,1930,1313,2035,460,1344
175: 459,965,1352,1608,1677,950
176: 584,453,1826,1521
177: 1271,1525,679,266,8,1572
178: 854,1286,1564,1239,1248,708
179: 1541,1385,508,1530,1104,217
180: 1719,1623,4,749,1207,1698
181: 1304,1512,1690,1825,576,696
182: 1849,1846,27,2003,2014,982
183: 1034,1968,1550,1373,1880,1278
184: 1917,567,1225,249,1197,1504,1921
185: 2028,1387,449,428,1250,1785
186: 195,2040,1240,1150,648,482
187: 1010,766,267,2042,26,1108
188: 1130,244,823,1998,1093,1977
189: 1774,1433,1406,814,1285,1144,1318
190: 1058,503,281,1153,1249,895
191: 2010,1457,1725,1918,442
192: 976,1172,1843,1815,1390,982
193: 302,1347,1439,1193,1617,291
194: 353,1118,626,1206,1673,1476
195: 1240,1513,1224,186,1021,482
196: 1423,1857,1709,1597,122,314
197: 82,1107,388,1808,998,1048
198: 411,1932,455,1524,1566,1208
199: 1384,101,1226,1322,896,1948
200: 1288,1526,1220,164,1054,394
201: 1999,868,495,1290,265
202: 296,793,1321,1254,6,1889
203: 2032,1938,984,1425,1436,20,1227
204: 957,1243,1427,349
205: 259,1622,1461,995,1485,942
206: 458,1085,643,149,1315,971,1129
207: 1648,1043,1143,210,599,647,1370
208: 71,1702,1076,1641,979,1574
209: 992,1600,171,821,1094,1984
210: 295,1607,599,1925,1370,207,80,490
211: 353,1568,1732,1673,545,697
212: 570,678,92,1280,1780,1678
213: 1392,1749,1717,121,1682,1251
214: 76,1215,1694,723,1645,717
215: 1434,1481,1656,239,1887
216: 522,672,1701,2032,1302,1049,1553
217: 1440,912,508,1541,1142,179
218: 492,702,1773,853,1759,1590,1262
219: 478,1791,1990,553,1696,87
220: 1459,785,427,1834,1885,100
221: 415,366,1875,1837,1152,1666
222: 1648,2018,1008,1890,285,969
223: 1535,151,1902,1749,609,1923
224: 535,895,1041,1069,987,1625,503
225: 1071,1718,1643,928,592,1018
226: 551,1086,1441,1868,61,532
227: 579,875,1351,1088,1446,1873,262
228: 1100,666,376,634,528,738
229: 1796,819,1134,937,1442,741
230: 1136,1878,1263,827,167
231: 1526,724,1054,767,799,1627
232: 1528,777,1282,2006,1138,833,431
233: 912,1538,1142,1799,781,1742
234: 1730,1842,733,1536,480,1229
235: 1871,1109,569,878,978,1545
236: 588,2045,1896,1418,1893,1070
237: 293,1909,1546,1830,1255,652
238: 654,290,1937,1184,705,762
239: 918,1397,1884,1945,1887,215,1481
240: 820,1017,1949
241: 1563,2012,1877,79,1966,1221
242: 1171,1332,1139,881,1078
243: 94,1120,883,973,598,1517
244: 1130,1758,188,323,1998,888
245: 1522,1301,1132,90,949,410,910
246: 1954,965,1882,851,1318,792
247: 1196,467,1091,901,840,1454
248: 1497,631,131,1460,826,1510,1211
249: 184,567,1225,1978,1197,1587
250: 1309,473,889,2004,1371,789,1582
251: 355,1383,117,1135,1308,851,975
252: 1222,1372,1162,954,1437,1164
253: 414,22,1073,114,1235,1466
254: 1939,1704,464,900,14,1359
255: 1928,1470,404,596,454,1987
256: 1070,1489,1396,761,1747,700
257: 578,684,142,1624,1373,1000
258: 1780,1363,1637,436,741,678
259: 205,1461,1662,1768,942,1605
260: 742,657,110,1277,1665,580
261: 1305,426,1409,979,1313,2035
262: 1993,631,636,1510,1873,227,1351
263: 1384,1408,1507,1793,732,1226,1863
264: 907,1705,481,1500
265: 1571,1345,201,1290
266: 679,132,1838,1525,177,1578
267: 600,1010,187,26,1599
268: 1712,1640,883,81,1858,1299,598
269: 1788,562,1057,1901,1126,646
270: 1657,33,367,658,1819,1446,1726,1098,1695,906
271: 731,1128,1312,161,841,1729
272: 734,1851,135,1133,129,170
273: 872,1063,1553,1049,620,1626,1403
274: 593,1495,409,1177
275: 955,1086,1395,1182,1779,682,1868
276: 525,571,346,1789,683,1241,1363,583
277: 1243,1427,986,656,1026,960
278: 929,1876,1577,905,282,1216
279: 462,1430,628,1790,435,777,1282
280: 391,1570,880,133,128,755,1463
281: 613,190,791,1502,1058,503
282: 278,905,1335,1216,1533,1987
283: 2002,1879,1646,555,1544,65,964
284: 1595,1346,972,1483,993,2034
285: 1648,222,1651,969,1143,1576
286: 1680,1944,112,1169,1382,1814
287: 1915,1199,692,586
288: 506,1123,1246,808,1540,1014
289: 46,1272,1445,730,1942,1894
290: 1196,238,654,467,1937,1556
291: 1888,936,587,1617,1347,193
292: 1787,339,590,2005,1011,977
293: 860,237,1546,1106,88,1830
294: 1655,1748,861,1781,1543,1848
295: 1607,210,1895,599,1925,1767
296: 2023,793,1321,202,542,1281,1889
297: 1080,889,441,1676,552,1035,1364
298: 127,1126,0,704,1319
299: 1204,2041,1965,693,137,582
300: 324,1391,1933,802,975,1217,1292
301: 1553,20,55,437,1802,1227,522
302: 925,1347,1811,966,193,1439
303: 1410,720,32,73,1505,1218
304: 909,1013,1569,1899,846
305: 837,1985,1275,1559,1380,809
306: 1852,1337,665,323,1047,888
307: 1765,1176,1326,835,1890,969
308: 1783,1109,728,474,1685,1331,1194
309: 1154,608,1689,1627,722,1797
310: 923,1593,1509,824,1823
311: 865,1841,1912,573,29,1745,2044,937
312: 94,1629,1462,1120,1854,1850
313: 1438,844,48,1907,1677,425,757
314: 122,1871,1783,1857,2029,196
315: 171,1158,1438,610,1774,1406,757,1003
316: 686,60,872,421,1063,1195,1626,1792,1813,810
317: 1668,377,1115,1210,1962,1099
318: 1366,1419,1760,705,1904,849
319: 953,1093,1122,926,1345,1369
320: 1632,1532,794,1159,2044,1841
321: 961,1036,1112,952,1547,947
322: 943,49,676,1735,1597,1423
323: 1062,1047,306,1758,244,888
324: 851,1933,300,975,1292,1954,355
325: 1356,1628,1448,34,1703,1775
326: 550,1963,932,1376,69,1598
327: 1382,1420,112,718,1611,1672
328: 828,1466,1950,1114,962,1073
329: 976,1815,862,1514,574,638
330: 15,1934,725,139,772,1816,1910
331: 1875,1626,1152,60,1792,1946
332: 1238,856,770,397,53,607
333: 1072,879,692,1294,1328,1531
334: 794,1229,1298,1842,1491,1092
335: 709,1602,872,1771,1063,1195,1302
336: 617,570,107,1303,1117,1442,1444
337: 712,995,1485,1428,2043,1501
338: 968,2,1565,2019,1503
339: 292,1787,1628,1448,1011,1496
340: 581,1018,687,1667,1924,1643
341: 1473,1340,1377,372,764,2017
342: 602,725,886,1910,1175,1066
343: 43,1125,1255,652,1539,119
344: 412,1754,1065,749,1623,1312
345: 116,1358,45,686,709,1771,1807
346: 276,571,1789,987,1241,1625
347: 1817,1816,1402,609,67,1923
348: 782,1998,888,1122,1852,1365
349: 1283,204,1427,1856
350: 1491,1721,1378,1092,1610,113
351: 536,601,1827,456,1105,544,1388
352: 860,1151,150,1560,1546,1137
353: 1118,194,1174,1568,211,1673
354: 1271,1737,1371,616,378,1723
355: 1383,251,1693,324,851,975,792
356: 42,77,908,1829,1638,954,1437
357: 380,980,1498,1453,958,1183
358: 1381,1218,730,1272,1505,1755
359: 1963,1103,1376,1740,726,1798,1219
360: 1473,764,1052,538,1710,1945
361: 539,1863,373,531,156,1716,1408,1379,1033
362: 1658,579,1351,1405,1993,1735
363: 615,661,37,1898,1782,1832
364: 1483,959,807,635,1803,972
365: 1202,775,1046,1805,797,140
366: 221,1875,1666,779,1812,1573
367: 1657,33,516,270,658,1819
368: 22,2011,1073,1114,1355,1081
369: 863,1494,1278,18,512,1038
370: 1929,120,924,738,1314,1100
371: 499,970,1330,9,1639,1653
372: 1340,341,2017,871,1205,575
373: 539,361,1256,1537,1480,1393,1033
374: 1443,606
375: 507,1139,1468,1869,1186
376: 602,1506,634,228,528,1835
377: 1115,317,1428,555,1099,1501
378: 1572,616,2008,1631,1271,354
379: 1398,854,543,1061,1618,811
380: 357,10,980,1400,680,1498
381: 1509,124,1898,589,1304,1782
382: 1589,1911,825,95,1651,647
383: 2046,1739,552,1604,1364,1268
384: 1111,1700,1708,523,141
385: 1756,1724,718,1891,1350,1672
386: 1114,962,713,93,940,1081
387: 1163,911,721
388: 82,1183,197,1751,998,1453
389: 106,1061,1490,1286,1307,13
390: 1822,553,1738,1493,1421,1800
391: 1520,280,452,753,1570,880,133
392: 1519,1707,2005,1529,786,1662
393: 1913,1647,1548,1149,1575,558
394: 806,681,1567,1220,164,200
395: 1719,1044,1214,1013,1207
396: 2020,1047,566,1168,1082,665
397: 1238,770,332,151,1902,1274
398: 679,988,1669,1766,798,1838
399: 1864,1503,104,2019,1614,933
400: 881,1588,1017,1332,1234,1901
401: 882,913,829,1610,1931,126,1687
402: 1667,2026,146,1969,945,47
403: 574,1973,1141,36,1844,1634
404: 1270,1470,255,1121,1533,1987
405: 613,1162,838,1058,1557,817
406: 1824,1874,563,1319,645,127
407: 1528,706,556,2027,1460,2006
408: 1379,1480,803,519,1542,1033
409: 274,1177,1492,168
410: 1264,845,1698,633,910,1522,245
411: 502,198,455,1190,1449,1524
412: 1754,344,1623
413: 2045,594,1222,1893,867,21
414: 22,922,253,1235,653,1245
415: 221,1837,1343,1666,790,560
416: 783,451,1284,1992,1374,1772
417: 1511,1713,1836,882,1687
418: 641,1663,1558,500,1007,1431
419: 1609,1795,1576,95,1765,1606
420: 1595,1346,899,1791,1990,1741
421: 686,316,1771,1807,1195,1813,810,1616
422: 816,1166,699,1652,1478,1562
423: 1236,981,671,1306,1711,1621
424: 1361,1174,1919,7,147,983
425: 950,1406,757,1144,1438,313,1677
426: 916,1777,261,1574,1409,979
427: 929,1834,1411,677,220,100
428: 1982,449,1459,1413,1387,185
429: 1419,2037,1904,1712,1640,476
430: 813,673,1265,1674,1624,1432
431: 801,1138,531,232,1528,1460,1497
432: 1795,1606,148,1958,1794,623
433: 867,707,1995,21,1465,111,1636
434: 12,1718,857,592,1702,698
435: 706,777,1179,2006,279,1790
436: 1637,526,1040,1796,741,258
437: 1553,301,55,773,1802,620,740
438: 655,545,1814,1170,1053,1732
439: 629,1847,568,1615,1260,805
440: 1367,831,1757,1051,1650,956
441: 297,1080,889,2004,1035,70,1364
442: 946,524,1980,1918,1457,191
443: 990,1847,1131,568,984,1436,1227
444: 547,1778,1178,1181,1895,1925,1908
445: 1102,524,1291,99,1722,1883
446: 85,1458,1964,1253,1887,1656
447: 543,1487,1618,771,779,1259
448: 999,24,651,1564,1416,1181
449: 1459,428,1252,1250,1885,185
450: 1967,1077,1554,51,138,1277
451: 783,416,1772,994,1079,966
452: 1520,391,753,880,1107,1808,1327
453: 1412,176,1826,1633
454: 1519,1707,1165,596,1928,255
455: 502,411,198,1932,1584,2001
456: 1935,493,763,1105,351,1827
457: 968,1955,2,1028,921,650,1198
458: 206,758,1085,1212,643,1232,1129
459: 703,175,1352,1156,1608,948
460: 1425,1313,174,16,1762,1938
461: 1440,1650,996,1339,1784,155
462: 279,1430,31,777,1282,1793,1362
463: 1630,1663,1558,949,633,910
464: 254,1939,876,1015,1671,1704
465: 1394,1228,664,587,1675,1617
466: 1809,1383,173,1693,1285,1469
467: 1028,1196,247,290,1556,1454
468: 956,1538,1051,1742,1101,1475
469: 1401,1269,1187,1221,166,1342
470: 742,657,1104,1464,1385,559
471: 1488,680,1991
472: 1411,1516,1684,1645,830,717
473: 1309,250,69,1706,1960,1582
474: 1726,778,1685,1031,1194,847,308
475: 2023,542,700,1747,1182,1395
476: 1712,598,2037,429,1036,768,1547
477: 1090,1064,46,614,648,482
478: 1822,1116,2013,219,553,1696
479: 1118,1361,626,1261,56,621
480: 1730,234,1799,815,642,1229
481: 264,907,1705,1201,1155,134
482: 477,1064,648,195,1224,186
483: 1230,143,109,521,506,836
484: 1136,1949,1878,1234,562,565
485: 1342,1097,1997,1187,2009,160
486: 715,938,1412,68
487: 1478,750,1353,52,1037,1534,1429
488: 817,2016,1566,1399,838,695,1524
489: 745,163,1773,853,34,1743
490: 80,2021,1731,210,1370,1905
491: 1469,1004,1961,1601,1293,173
492: 702,974,218,1759,2013,1262
493: 1935,456,1903,1185,2024,1827
494: 1833,871,601,1096,1205,63
495: 1119,201,868,1290,582,1679
496: 1642,795,1386
497: 1803,577,1346,972,899,158
498: 1391,1292,103,1583,1022,1591
499: 62,371,1330,1653,1534,1429
500: 1024,418,1663,1674,1431,1432
501: 1654,1149,605,716,1127,1575
502: 411,455,1523,1190,1584,1596
503: 190,1502,281,92,224,895,1041
504: 1922,671,1334,1110,1306,1050
505: 1055,1555,1252,1885,100,830
506: 1994,521,288,1123,836,1540,483
507: 1139,375,1869,901,839,1078
508: 1784,1231,1530,1440,217,179
509: 2026,70,1723,1969,616,1266
510: 42,954,1258,1518,1418,1372
511: 1048,612,1107,1654,1124,1327
512: 834,1829,1638,1038,1200,18,369
513: 1060,145,796,688,1059,1872
514: 1238,1535,1902,604,1175,1113
515: 136,1190,1449,116,874,1424
516: 1257,644,1657,1636,367,1819,1267
517: 1864,1336,1503,1167,1565,1845
518: 1360,1926,1001,1611,1350,1672
519: 1379,967,408,1542,1482,1276,756
520: 115,936,1552,1445,1090,1145
521: 506,1540,165,1230,1775,483
522: 672,216,2032,1049,1553,301,20
523: 1242,614,384,1708,1715
524: 946,1102,1980,442,445,1722
525: 276,683,1241,1305,1341,583,1762
526: 1637,436,1341,1777,1040,1409
527: 550,1103,1376,1804,83,1821
528: 1835,1354,376,228,738,1213
529: 1770,161,1915,1065,64,586
530: 2043,1099,1501,691,662,1108
531: 539,801,1138,361,156,1256,431
532: 640,1401,1269,61,226,551
533: 897,1329,1856,1283
534: 80,884,850,2021,1247,1300
535: 224,874,1249,1358,895,45,1069
536: 1833,351,601,896,1827,1388,101
537: 1434,62,903,1481,1330,2025
538: 1473,1020,360,1377,85,1945,1887
539: 373,531,361,156,1256,1033
540: 1015,84,1865,1046,1456,140
541: 711,551,1311,1269,1187,160
542: 2023,296,1321,475,1281,1395
543: 379,1487,106,447,1061,1618
544: 31,1148,1105,351,1635,1388,1362
545: 655,438,1673,572,1732,211
546: 1895,894,1767,1589,1744,1094
547: 1897,444,1416,1778,1178,1181
548: 1396,710,1323,713,588,1518
549: 1215,1694,864,1853,1443,606
550: 326,932,527,1376,1189,1821
551: 226,1311,541,1086,532,1269
552: 1676,1604,862,297,1364,383
553: 1822,478,390,219,1421,87
554: 1067,1808,998,1818,1520,1426
555: 2002,283,1428,377,1115,964
556: 407,706,1477,1315,2027,971
557: 1486,1156,1608,1029,108,844
558: 41,1407,1357,1149,1548,393
559: 829,1687,742,470,1713,1464
560: 790,1601,1310,1147,415,1343
561: 1763,1375,774,157,1045,1444,617
562: 1788,1901,565,269,484,1234
563: 1176,1824,661,406,645,1326
564: 2003,638,1826,1521,1839,1141
565: 1788,562,1855,1878,484
566: 1805,1062,2020,1047,797,396
567: 1917,184,1912,1074,573,1225,249
568: 439,443,1847,984,1260,55,1227
569: 878,235,978,3,1116,1262
570: 336,678,212,1303,1117,1280
571: 276,1780,346,683,987,1363,1678
572: 904,655,1206,1420,1673,545
573: 311,567,1841,1912,1074,1225,1532
574: 638,1141,403,1844,329,1514
575: 1001,1350,1724,1205,1340,372
576: 1304,1782,181,1825,835,1832
577: 497,1203,899,1585,118,158
578: 142,257,1000,1197,1587,611
579: 1658,875,227,778,1351,362
580: 1665,759,51,1030,260,1277
581: 1739,340,687,1667,945,1268
582: 1119,495,137,1679,1204,299
583: 16,1762,1692,276,525,1241
584: 176,1039,632,1521,1973
585: 1244,1862,98,745,618,702
586: 692,1328,529,287,1915,64
587: 1394,465,1617,936,291,1552
588: 236,1518,1418,1070,1396,548
589: 124,1697,381,1304,1512,1435
590: 1519,1165,2005,765,292,1787
591: 1941,675,920,1279,1523,1596
592: 12,1718,1643,225,434,1592
593: 1927,274,1919,1495,7
594: 2045,413,21,1465,150,1560
595: 1705,1201,1586,1776,988,1766
596: 97,1707,454,1987,255,905
597: 1988,1983,1733,1709,1173,660
598: 1712,883,268,476,768,243,1120
599: 295,210,647,1767,1370,1143,207
600: 1010,2028,267
601: 536,1833,351,494,2024,1096,1827
602: 376,342,725,1506,1835,1066
603: 860,150,1106,1896,761,1664
604: 1238,514,856,1113,1680,1944
605: 1654,501,1124,1127,129,170
606: 374,1443,1215,549,1670
607: 53,1881,1914,770,332,1348
608: 309,1154,1689,1592,1368,12
609: 1402,1923,347,1392,1749,223
610: 1971,1438,757,1956,1003,315
611: 1587,157,1975,1045,578,142
612: 861,1936,1048,1781,511,1124
613: 405,791,1068,1058,1557,281
614: 477,1242,523,1064,46,1708
615: 1824,661,363,1720,1900,37
616: 1266,2008,378,354,1723,509
617: 2000,336,107,1303,1375,561,1444
618: 1862,98,1738,585,1800,1828,153
619: 882,126,1836,35,1067,1751
620: 740,1403,1553,437,1049,273
621: 56,1334,1110,983,479,1361
622: 1014,1125,652,1909,1161,1246
623: 825,1349,690,1794,432,1606
624: 2031,729,149,1296,1477,1179
625: 1961,1259,1209,934,1398,1618
626: 479,1118,194,1671,1261,1476
627: 1044,1522,1899,1579,1301,845
628: 2030,279,1430,1307,13,1790
629: 439,1769,72,1847,802,1615
630: 1603,685,1186,1468
631: 943,1993,262,131,248,1510
632: 1957,1634,1039,584,1973
633: 841,1264,410,910,1630,463
634: 376,1506,914,228,666,1731
635: 1173,1527,1733,364,959,1803
636: 826,1510,1974,1447,1551,1873,262
637: 1316,824,1823,827,1900,37
638: 2003,574,1839,564,1141,329,976
639: 1325,800,769,1025,1151,1137,1161
640: 1401,532,1966,105,915,1727,61
641: 418,1558,1007,1223,1594,1786
642: 815,649,751,1229,1298,480
643: 130,2031,149,1232,458,206,758
644: 1257,516,1636,1932,1208,1267
645: 406,563,1319,1326,1012,1609
646: 1588,1422,848,1057,1901,269
647: 599,1767,1589,382,1651,1143,207
648: 477,1090,1145,482,2040,186
649: 1380,642,751,159,1159,1298
650: 1486,1029,1198,1083,457,2
651: 1935,999,763,1248,448,1564,1906
652: 1125,343,622,1255,237,1909
653: 5,1681,1245,1235,1297,414
654: 238,290,1556,1866,762,1299
655: 1382,438,1420,572,545,1814
656: 1130,1758,1649,1026,1233,960,277
657: 787,742,110,260,470,1104
658: 1819,869,1157,1446,367,270,1098
659: 1204,1084,1160,2041,1764,172
660: 1173,1480,803,1393,1988,597
661: 1176,1824,615,363,563,1832
662: 26,691,530,1108,1996,1180
663: 146,1969,1266,1567,1220,818
664: 1394,1228,893,1493,465,1421
665: 19,1337,306,1047,396,1168
666: 228,2021,1247,1100,1731,634
667: 1682,1661,1251,1274
668: 66,1276,756,1948,1408,1226
669: 1668,1115,1021,964,1886,1513
670: 911,721,121,1951,1417,1697
671: 504,1334,1306,423,1699,981
672: 16,522,1701,216,1692,2032,1938
673: 430,813,1728,1000,1504,1624
674: 1928,1470,1861,1761,119,43
675: 1941,810,591,1616,1212,1279
676: 943,322,49,1613,131,1735,1537
677: 1411,723,1645,929,1577,427
678: 570,212,1117,1442,741,1780,258,1363
679: 1669,398,266,1838,177,8
680: 10,380,1400,1991,471
681: 2008,806,1631,1567,855,394
682: 1779,2011,1868,873,1182,275
683: 276,525,571,1363,1637,1341
684: 1034,1624,257,1373,1431,1432
685: 1603,99,1883,630,1468,737
686: 316,1771,421,1807,1195,345,1616
687: 1739,581,1018,1367,340,831
688: 78,1851,890,1059,513,1060
689: 1840,1050,1922
690: 623,1956,1349,1971,1794,1140
691: 1099,662,530,1962,11,1180
692: 1199,1072,333,586,1328,287
693: 1976,1965,925,1079,2041,299
694: 2014,870,1231,23,27,1095
695: 1449,1524,1424,838,1153,488
696: 1512,181,1690,772,1816,67
697: 1495,1177,885,1732,1568,211
698: 1641,1320,1344,857,434,1702
699: 1166,19,1337,422,1652,2025
700: 2023,475,1664,256,761,1747
701: 1876,902,1834,1768,1605,785
702: 492,1862,745,585,974,1773,218
703: 459,1192,1581,1352,1517,948
704: 1981,0,1336,1958,298,1319,1012
705: 318,1904,1184,849,238,762
706: 435,407,556,1477,1179,2006
707: 2016,1566,1995,433,1208,1636
708: 2030,1906,13,178,1286,1248
709: 1602,335,1771,1195,2039,1302,1820,45,345,1069
710: 1489,1355,1396,548,1081,713
711: 1414,1027,1311,541,1324,160
712: 337,1472,1485,2002,50,1428
713: 386,1323,93,548,1081,710
714: 2022,1759,1979,143,1590,878,1545
715: 486,1633,938,1849,1846,1412
716: 1654,1149,501,1327,1407,753
717: 1516,1645,472,1215,214,1670
718: 385,1891,112,898,327,1672
719: 1375,774,2000,1389,77,834,1829
720: 32,1146,303,1976,1965,73
721: 911,1717,670,121,387,1163
722: 72,1831,1797,1131,309,1154
723: 677,1645,1860,76,214,1577
724: 1526,231,930,767,1867,1042
725: 602,15,330,342,1506,1910
726: 744,1740,359,1219
727: 1989,51,138,1030
728: 1109,308,1545,1194,2022,109
729: 624,1296,1490,1307,1790,1179
730: 1381,939,358,1272,289,1942
731: 1770,1297,1128,1451,271,161
732: 1384,263,1635,1507,1793,1362
733: 1464,1541,1730,234,1385,1536
734: 1644,78,272,1851,135
735: 1172,1843,1604,2046,1757,996
736: 1458,66,1948,1322,1020,1659,1377
737: 1468,1091,1869,739,685,1883
738: 120,370,1213,228,1100,528
739: 1091,737,1883,1291,1196
740: 620,1837,1343,1403,773,437,1802
741: 1796,229,1442,436,258,678,1117
742: 657,260,470,1665,1713,559
743: 1525,1737,1578,1598,789,932
744: 1740,726
745: 1244,1862,702,585,163,1773,489
746: 1076,1101,1019,1475,1071,71
747: 1032,754,1111,1386,1700,795
748: 1119,868,1289,1404,1146
749: 4,1729,1623,180,1312,344
750: 1992,1353,1374,487,993,1037
751: 815,649,1380,642,1559,1287
752: 1273,1710,1397,84,1359,1939
753: 1407,452,391,880,716,1327
754: 1032,1700,747,1009,1484,1210
755: 1471,128,1721,1378,280,133
756: 1482,66,1276,668,1253,1379,519
757: 425,1774,1406,1438,313,610,315
758: 1813,810,458,1212,1792,643,1232
759: 935,1665,1511,1810,580,1030
760: 1888,1505,1755,1347,1811,73
761: 256,1070,1896,603,1106,1664,700
762: 1640,1299,705,1904,238,654
763: 1935,456,1248,651,1105,1906,1148
764: 1473,360,1340,1052,341,1688
765: 1787,1002,1188,1761,590,1165
766: 1010,187,1387,1622,1413,2042
767: 1627,724,231,1042,1769,1797
768: 1629,1547,1120,1036,1712,476,598
769: 111,1325,800,639,1257,1657,33,1025
770: 397,332,1661,1274,1348,607
771: 779,790,1259,1293,1666,447
772: 1816,1690,696,139,330,1934
773: 1147,919,437,1802,740,1837,1343
774: 1375,561,1200,1045,719,834
775: 1202,1236,365,1805,986,960
776: 1055,1252,1250
777: 232,435,1282,2006,462,279,1430,1790
778: 1658,1726,579,474,875,1685,1031
779: 771,366,1666,1487,447,1573
780: 971,1129,1561,89,1447,102
781: 1452,1742,1287,233,1799,815
782: 953,1122,348,1365,1764,125
783: 1439,416,1295,451,1284,966
784: 1955,1454,30,1455,840,2047
785: 1982,1459,220,1605,701,1834
786: 1461,1472,977,1662,2005,392
787: 2038,657,1530,110,1095,1104
788: 130,2031,1812,1296,1573,1953
789: 1737,743,1598,1371,1582,250
790: 771,1601,560,1293,415,1666
791: 613,1502,1068,1389,281,1736,77
792: 1433,1318,246,851,355,1693
793: 296,202,1414,1027,1281,1889,1474
794: 334,1159,1298,320,1632,1092
795: 496,1642,11,1032,1386,747
796: 1127,1575,1059,1647,1872,513
797: 1805,1062,2020,140,566,365
798: 988,1669,398,1660,57,1952
799: 1892,818,1689,1627,231,1054
800: 1325,639,769,1161,1246,808
801: 1138,531,1256,431,1460,1497,1613,131
802: 1933,300,1217,1042,1615,1769,629
803: 1173,408,1480,660,1527,1542
804: 44,1776,1586
805: 1260,1317,1308,1615,439,1135,1549
806: 681,855,394,1112,1714,164
807: 1483,52,364,959,1037,1023,972
808: 1695,288,1123,1246,1325,800,33
809: 916,1777,1040,1275,837,305
810: 1813,675,758,1616,1212,316,421
811: 86,1897,1239,1398,854,379
812: 1942,1715,1894,1242
813: 430,1728,41,673,1548,1265
814: 1774,1433,189,1406,1285,1620,25,1940,1469
815: 642,751,1799,480,781,1287
816: 1365,422,1652,1237,1562,125
817: 2016,1164,488,1399,405,1162,838
818: 1892,799,146,663,1220,1054
819: 229,1745,937,1442,1986,107
820: 1171,1017,240,1332
821: 992,1620,1209,1600,209,934
822: 1860,1335,1216,2009,858,1997
823: 1130,188,1233,1977,54,1329
824: 1316,1823,637,310
825: 382,1911,623,1349,95,1606
826: 636,89,1510,1211,1447,2027,248
827: 1263,1316,637,167,1900,230
828: 1594,931,328,114,1466,1950,1612
829: 913,401,559,1687,1464,1536
830: 1411,1684,472,505,1555,100
831: 2046,440,1739,1367,687,1757
832: 1366,1760,1508,1155,134,1725
833: 1863,1138,156,232,1282,1507,1793
834: 77,512,1829,1638,1200,774,719
835: 1825,576,1832,1176,307,1890
836: 1994,506,847,1123,1031,109,483
837: 1796,1985,1134,305,809,1040
838: 405,1058,1153,695,817,488
839: 1338,840,2047,1078,507,901
840: 839,2047,901,247,1454,784
841: 1264,633,1729,1630,1499,1128,271
842: 1463,1728,41,1921,1570,1357
843: 1683,58,2001,869,169,1584
844: 313,1907,1677,1608,557,108
845: 410,1207,1698,1044,1522,627
846: 1060,1899,1579,890,1569,304
847: 1994,836,474,1031,1194,109
848: 1422,646,30,1845,1057,1167
849: 1184,1980,1918,1760,705,318
850: 534,80,1607,1908,24,1300
851: 324,975,1954,246,792,355,251
852: 1309,1080,1844,1960,1676,1514
853: 34,1703,1979,1590,1773,489,218
854: 379,178,1061,1286,811,1239
855: 806,1631,681,59,1112,952
856: 1238,332,604,1680,53,1170
857: 12,434,1154,1831,698,1320
858: 1324,1335,2009,822,1474,1533,1121
859: 1543,1089,958,980
860: 603,150,293,1560,1546,1106,352
861: 1655,1970,1936,294,612,1781
862: 329,1676,1172,552,1604,1815,1514
863: 1494,1880,93,940,1278,369
864: 549,1853,166,79,1752,1443
865: 311,1912,1225,1978,1986,1745,1763
866: 1801,135,1133,1970
867: 1995,433,21,1164,1399,1222,413
868: 1999,1119,201,495,748
869: 658,1819,58,843,2001,1157,1267
870: 694,2015,27,891,2038,1095
871: 1833,494,144,1205,372,2017
872: 316,1602,335,1063,1195,273,1302,1049
873: 1489,1355,1747,1182,682,2011
874: 116,535,1249,1358,1424,515
875: 1726,1098,579,227,778,1351,1446
876: 1015,1671,1261,464,1087,1456
877: 1947,1670,1516
878: 1109,569,235,1545,1759,714,1262
879: 1072,333,1294,1563
880: 280,1407,452,391,753,1570,1357
881: 1338,400,1078,1588,1332,242
882: 1931,401,619,126,1687,417,1836
883: 1712,268,1858,973,598,243
884: 534,1314,1247,1903,1185,1300
885: 168,1914,1053,1732,1177,697
886: 1817,1923,1910,342,1535,1175
887: 1972,147,1927,1919
888: 1998,348,323,1852,306,244
889: 1309,297,1080,441,2004,250,1371
890: 78,2007,688,1569,1060,846
891: 1959,1077,1554,2015,870,2038
892: 1740,1804,1103
893: 1394,664,1493,2040,1150,1552
894: 1895,546,1744,1094,1984,1178
895: 224,535,1249,1041,190,503
896: 536,1833,144,199,101,1322
897: 533,1191,54,1329
898: 112,1354,1169,718,1891,1213
899: 497,1203,577,420,1346,1791
900: 1005,1360,1926,14,254,1704
901: 507,1091,1869,247,839,840
902: 1876,905,701,1768,97,1529
903: 537,1481,1884,1168,19,2025
904: 1206,1420,572,1005,1926,1611
905: 1876,278,902,282,97,596,1987
906: 1994,1695,33,270,1726,1098,1031
907: 264,481,1155,2010
908: 356,77,1829,954,1437,1068,1557
909: 1214,1013,304
910: 1264,410,633,1522,245,463,949
911: 721,670,1870,1417,387
912: 1440,217,233,1538,1339,1142
913: 829,1610,401,1842,1536,1491
914: 15,1905,1515,1506,634,1731
915: 105,5,1727,61,1531,951,640
916: 426,809,1777,1574,1275,1619
917: 1920,165,1188,1539,1356,1002
918: 1273,1082,1397,1884,239,1481
919: 1147,55,773,1317,1802,1750,1549
920: 102,591,1279,1523,1580,1561,1683
921: 1028,1556,1866,457,1955,1198
922: 414,22,1779,1441,1868,1245
923: 1870,310,1593
924: 63,1929,1756,120,370,1096
925: 1976,302,1079,693,1811,966
926: 953,319,1084,1345,1290,1679
927: 1450,1967
928: 1071,225,1018,1367,1051,1475
929: 1876,1577,427,278,1834,677
930: 1288,1526,724,2048,1583,1867
931: 1594,114,828,1499,1612,1223
932: 550,326,1189,1578,743,1598
933: 1614,1140,48,1907,399,104
934: 1620,1209,821,1004,1961,625
935: 1806,1511,1810,759,1400,1991
936: 1888,115,520,291,1552,587
937: 29,819,229,1745,1056,1134,1442,311
938: 486,2015,715,1846,1959,68
939: 1381,730,1942
940: 863,1880,386,962,941,93
941: 1880,962,940,1968,1950,1786
942: 1982,1413,1605,205,259,1622
943: 322,1993,1613,676,631,131,1735
944: 6,1861,119,1254,1830,1255
945: 1035,1667,402,2026,1268,581
946: 524,442,1457,96,1722
947: 1629,1462,1547,1714,321,1112
948: 1156,1746,973,703,459,1517
949: 1024,463,1663,1132,245,910
950: 425,1406,1144,1318,175,965,1677
951: 5,1681,915,1531,64,1328
952: 59,1691,961,321,1112,855
953: 782,1122,319,926,1084,1764
954: 42,356,908,510,1437,252,1372
955: 1027,1311,275,1086,1281,1395
956: 1650,468,1538,1339,440,1051
957: 204,1243,1711,1621
958: 859,1543,357,980,1183,1748
959: 364,807,1023,1753,635,1527
960: 1649,656,775,1805,277,986
961: 1691,1952,1036,1916,321,952
962: 1114,386,941,940,328,1950
963: 83,44,1075,1821
964: 1115,669,1879,283,555,65,1886
965: 175,1352,1882,246,950,1144,1318
966: 925,302,1079,783,1439,451
967: 1753,519,1542,1482,9,1639
968: 457,1955,2,338,1565,1455
969: 1890,285,222,307,1576,1765
970: 1434,371,1330,1656,9,1964
971: 1129,89,780,206,556,1315,2027
972: 284,1803,497,1346,1483,364,807
973: 883,1858,243,1746,948,1517
974: 492,1862,1738,702,1822,2013
975: 1308,324,851,1933,300,355,251,1135
976: 329,1815,192,2003,638,982
977: 1472,786,292,2005,50,1011
978: 1871,569,235,1585,2029,3
979: 1641,2035,208,426,261,1574
980: 357,10,380,859,1089,958
981: 1202,91,423,1699,1236,671
982: 2014,1390,2003,182,976,192
983: 1415,1110,621,424,1361,147
984: 443,568,1436,20,1227,203
985: 1571,1479,1345,74,1369
986: 277,1243,1621,775,1236,960
987: 571,346,1789,1625,1678,224,1041
988: 1766,398,798,1660,595,1201
989: 1741,1295,1193,1016,1859,1675
990: 443,1831,1131,1436,1930,1320
991: 1410,1404,32,1943
992: 1209,821,209,1984,86,1778
993: 1483,1037,284,750,1374,2034
994: 1160,2041,75,1772,451,1079
995: 205,1622,337,1485,2042,2043
996: 461,1650,1843,735,155,1757
997: 1288,164,2048,1462,1714,1854
998: 388,1067,1808,197,554,1751
999: 1935,24,651,1185,448,1300
1000: 673,1197,1504,578,1624,257
1001: 1360,518,575,1350,1688,1340
1002: 765,1787,1356,1448,917,1188
1003: 1467,38,1956,610,315,171,1158
1004: 1469,491,1961,1620,1940,934
1005: 1926,900,904,1206,1704,1476
1006: 1992,75,1237,1353,1562,1772
1007: 641,418,1034,1968,1431,1786
1008: 1648,1043,2018,222,139,1934,1515
1009: 754,1700,1708,1224,1484,1064
1010: 600,2028,766,267,187,1387
1011: 50,1544,1496,292,339,977
1012: 1609,1795,704,1958,1319,645
1013: 1214,909,304,1044,1899,395
1014: 1920,1125,622,288,1246,1540
1015: 1939,876,540,464,84,1456
1016: 989,1741,1295,2034,1284,1595
1017: 820,240,1332,400,1949,1234
1018: 1367,340,687,1643,928,225
1019: 1076,1452,123,746,1619,1101
1020: 1473,1659,1377,538,85,1458,736
1021: 1668,1484,669,195,1513,1224
1022: 1192,1581,1591,103,1850,498
1023: 52,959,807,1639,1653,1753
1024: 1663,500,949,1132,39,1674
1025: 1465,111,639,769,1257,1137
1026: 656,1233,277,1427,1856
1027: 711,1414,1311,955,1281,793
1028: 921,467,1556,457,1955,1454
1029: 1486,1156,557,1746,650,1083
1030: 727,1989,51,1810,759,580
1031: 1726,1098,474,778,1994,847,1695,906,836
1032: 754,747,1210,1962,795,11
1033: 1379,408,1480,539,373,361,1716
1034: 684,1968,183,1373,1431,1007
1035: 2026,70,945,1364,1268,297,441
1036: 961,1916,321,2037,476,768,1547
1037: 1483,993,52,807,1429,750,487
1038: 42,512,1638,1258,1494,369
1039: 584,632
1040: 526,436,809,1777,837,1796
1041: 224,895,987,1625,1678,92,503
1042: 802,1867,1217,724,767,1769
1043: 1648,1008,207,1370,1905,1515
1044: 1899,627,1013,845,1207,395
1045: 1375,561,1200,774,611,157,1975
1046: 1202,91,365,1456,540,140
1047: 323,1062,566,396,306,665
1048: 612,1781,511,82,1107,197
1049: 522,216,1302,1553,620,872,273
1050: 1840,154,689,504,1922,1306
1051: 440,1367,468,956,928,1475
1052: 360,764,14,1688,1710,1359
1053: 53,1170,885,1914,1732,438
1054: 1526,231,1220,200,818,799
1055: 776,505,1555,1252
1056: 29,1985,2044,1134,937,159
1057: 1126,269,848,646,0,1167
1058: 613,190,405,838,281,1153
1059: 688,1851,1127,170,796,513
1060: 513,846,145,1579,688,890
1061: 854,379,543,389,106,1286
1062: 323,1805,1047,797,566,1758,1649
1063: 316,60,872,335,1195,273,1626
1064: 477,614,482,1224,1708,1009
1065: 1754,1915,344,529,1312,161
1066: 1113,1835,17,602,342,1175
1067: 554,1751,998,1818,619,126
1068: 613,791,1389,1557,77,908
1069: 1820,224,535,1358,45,1789,1625,709
1070: 256,1396,761,588,236,1896
1071: 1718,71,928,225,746,1475
1072: 1199,879,692,333
1073: 22,2011,368,253,1114,328,1466
1074: 1917,567,573,1471,128,1532
1075: 963,44,1821,1189,132,1686
1076: 746,1619,1019,71,208,1574
1077: 1450,1967,891,1959,450,1554
1078: 1338,839,881,507,1139,242
1079: 925,693,966,451,994,2041
1080: 1309,297,852,889,441,1676
1081: 1355,710,1114,386,713,368
1082: 1273,918,1884,1865,2020,396,1168
1083: 1746,650,1029,1198,81,1858
1084: 659,1204,1764,953,926,1679
1085: 458,102,206,1212,1279,1129
1086: 226,551,1311,275,955,1868
1087: 91,1699,1456,876,1261,56
1088: 1551,58,1157,1446,1873,227
1089: 859,2033,10,980
1090: 477,46,1145,648,520,1445
1091: 1869,737,901,739,1196,247
1092: 1491,350,1378,1632,334,794
1093: 1998,1977,1122,319,188,1369
1094: 171,209,1984,38,1744,546,894
1095: 2038,787,1530,694,870,1231
1096: 601,494,2024,63,1929,924
1097: 1342,76,1694,1853,485,1997
1098: 1726,875,1031,658,1446,270,906
1099: 1501,691,530,377,317,1962
1100: 1314,228,1247,666,738,370
1101: 1452,746,1742,1019,1475,468
1102: 1184,524,1980,445,1291,1937
1103: 359,527,1376,892,1740,1804
1104: 787,657,1530,470,179,1385
1105: 456,763,544,1906,1148,351,1388
1106: 860,603,293,1546,761,88,2023,1664,1830
1107: 1808,197,1048,511,452,1327
1108: 2042,2043,26,662,530,187
1109: 1871,1783,308,878,235,728,1545
1110: 504,1922,1334,1415,621,983
1111: 1386,384,1700,747,141,1333
1112: 321,952,806,855,1714,947
1113: 1944,17,1066,514,604,1175
1114: 386,962,328,1081,368,1073
1115: 1668,377,669,317,964,555
1116: 478,3,2013,1696,1262,569
1117: 336,570,678,107,1442,741
1118: 479,353,194,1361,1174,626
1119: 868,495,137,748,582,1146
1120: 312,94,768,1629,243,598
1121: 1270,404,1889,858,1474,1533
1122: 953,782,1998,1093,319,348
1123: 1994,506,1695,288,836,808
1124: 1654,605,129,1936,612,511
1125: 1014,1920,343,622,652,1539
1126: 1788,1057,127,298,269,0
1127: 501,605,1575,170,796,1059
1128: 731,1451,271,841,1499,1612
1129: 971,1561,780,458,102,206,1085,1315
1130: 1758,244,823,188,656,1233
1131: 722,443,990,72,1831,1847
1132: 2036,90,39,245,1024,949
1133: 866,135,1970,1936,129,272
1134: 837,1796,229,1985,1056,937
1135: 251,117,1750,1549,1308,975,1615,805,1317
1136: 230,1949,1878,484
1137: 1151,1560,352,1465,111,639,1025
1138: 801,531,156,833,431,232,1528,1282
1139: 507,375,242,1078
1140: 1971,1794,48,933,104,690
1141: 574,638,1521,1973,564,403
1142: 1541,1730,1799,217,233,912
1143: 1648,285,1651,207,599,647
1144: 425,950,1433,189,1406,1318,965
1145: 1090,648,2040,520,1552
1146: 720,1404,32,1965,1119,137,748
1147: 919,773,1750,1310,560,1343
1148: 2030,544,1906,1430,31,763,1105
1149: 501,716,1575,1407,558,393
1150: 1800,2040,1240,153,186,893,1493
1151: 1560,1909,1546,352,1137,1161,639
1152: 221,1875,331,1837,1626,1403
1153: 190,838,1058,1249,1424,695
1154: 309,608,12,857,722,1831
1155: 907,481,134,1725,2010,832
1156: 1608,557,1746,1029,948,459
1157: 658,1819,58,869,1088,1446
1158: 315,1600,171,25,1774,1003
1159: 649,794,159,1298,320,2044
1160: 994,659,1204,2041,172,75
1161: 1151,1909,800,639,1246,622
1162: 405,1557,1437,817,1164,1399,252
1163: 387,721,1717
1164: 867,817,1995,1399,1162,1437,252,1222
1165: 1519,590,454,1928,1761,765
1166: 699,422,2025,62,1534,1478
1167: 0,1336,517,848,1845,1057
1168: 396,1082,1884,903,19,665
1169: 1944,112,1354,898,286,17
1170: 53,1053,856,1680,438,1814
1171: 820,1332,242
1172: 1843,1604,1815,862,192,735
1173: 803,660,635,1527,1733,597
1174: 353,424,1118,1361,1568,7
1175: 1535,514,886,342,1113,1066
1176: 661,563,1326,307,835,1832
1177: 274,1495,409,697,168,885
1178: 547,444,1778,1984,1895,894,1925
1179: 435,706,1477,624,729,1790
1180: 1642,11,1996,691,662
1181: 547,444,1416,1908,24,448
1182: 873,1747,682,475,275,1395
1183: 82,388,357,1453,958,1748
1184: 1102,1980,849,705,238,1937
1185: 1935,999,493,1903,1300,884
1186: 630,375,1468
1187: 469,1269,541,160,1342,485
1188: 43,917,1539,1761,765,1002
1189: 550,932,1075,1821,132,1578
1190: 502,515,411,136,1449,1596
1191: 897,54,1479,74
1192: 1022,703,1581,1352,1882,1591
1193: 989,1439,1295,1675,1617,193
1194: 474,1685,847,308,728,2022,109
1195: 686,709,316,872,335,1771,421,1063
1196: 247,290,467,1937,1291,1091,739
1197: 1000,1504,184,249,1587,578
1198: 650,1083,921,1866,81,457
1199: 1072,692,287
1200: 774,18,1975,1045,512,834
1201: 1660,1705,481,595,134,988
1202: 91,775,1236,1046,981,365
1203: 577,899,1585,3,1791,1696
1204: 659,1084,1160,2041,299,582,1679
1205: 871,494,63,1724,575,372
1206: 904,1673,572,1005,194,1476
1207: 845,1698,1044,1719,395,180
1208: 707,1566,198,1932,1267,644,1636
1209: 992,821,934,625,86,1398
1210: 1668,1484,317,1962,1032,754
1211: 826,89,1510,2027,1460,1497,248
1212: 675,810,458,758,1085,1279
1213: 120,1891,738,528,1354,898
1214: 909,1013,395
1215: 1694,549,214,606,717,1670
1216: 1860,1335,822,1577,278,282
1217: 1391,1933,300,802,1867,1042
1218: 162,1381,358,1505,1410,303
1219: 1798,1957,152,726,359
1220: 200,1054,1567,394,663,818
1221: 469,1401,1966,166,241,79
1222: 252,1893,413,1372,867,1164
1223: 1630,641,1558,1594,931,1499
1224: 195,1484,1021,1064,482,1009
1225: 184,865,567,1912,573,1978,249,1587
1226: 1384,263,1408,199,668,1948
1227: 1260,301,20,55,1317,443,568,984,203
1228: 1859,664,1675,465,1421,87
1229: 334,642,1298,1842,234,480
1230: 1703,1979,1775,143,483,521
1231: 694,1784,508,23,1530,1095
1232: 130,1792,643,1946,1813,458,758
1233: 1130,823,656,1026,1329
1234: 1949,484,1017,400,562,1901
1235: 114,1297,1451,414,253,653
1236: 1202,423,775,981,1621,986
1237: 75,1562,1006,816,172,125
1238: 514,856,397,332,1902,604
1239: 1897,811,1564,1416,854,178
1240: 195,1828,1513,153,186,1150
1241: 276,525,346,1789,583,1692,2039
1242: 523,46,614,812,1715,1894
1243: 204,277,957,1427,1621,986
1244: 98,745,585,163,1879,65
1245: 653,5,1727,414,1441,922
1246: 288,808,800,1161,1014,622
1247: 534,1314,884,2021,1100,666
1248: 763,651,1564,178,708,1906
1249: 535,874,895,1424,190,1153
1250: 776,1252,449,185,1785
1251: 1682,667,1274,1749,213,151
1252: 1055,776,505,1250,1885,449
1253: 446,1482,1458,66,1964,756
1254: 88,1321,202,1830,944,6
1255: 343,652,237,1830,944,119
1256: 539,801,373,531,1613,1537
1257: 111,769,644,1657,1025,516,1636
1258: 42,510,1038,1494,1323,1518
1259: 771,1961,625,1293,447,1618
1260: 805,55,1317,1227,439,568
1261: 876,1671,479,626,56,1087
1262: 1116,2013,569,878,1759,492,218
1263: 1316,827,230
1264: 841,4,410,1698,633,1729,910
1265: 1913,1548,39,1674,430,813
1266: 616,2008,1567,663,1969,509
1267: 1819,2001,869,1932,1208,644,516
1268: 1035,945,1364,1739,581,383
1269: 469,1401,532,1187,551,541
1270: 6,1470,404,1121,1889,1861
1271: 1525,1737,177,354,1572,378
1272: 115,1755,1445,289,730,358
1273: 918,1082,752,1397,84,1865
1274: 667,1661,1251,770,397,151
1275: 1559,123,1619,916,809,305
1276: 668,756,1408,1716,1379,519
1277: 110,260,450,1554,51,580
1278: 863,1880,369,18,1550,183
1279: 675,102,920,591,1085,1212
1280: 570,92,212,1303,1736,1502
1281: 1414,1027,955,1395,296,793,542
1282: 232,777,2006,462,279,1507,1793,1362,1138,833
1283: 349,533,1856
1284: 783,416,1295,2034,1016,1374
1285: 1433,189,814,466,1693,1940,1469
1286: 854,389,178,1061,708,13
1287: 1452,781,1559,123,815,751
1288: 1526,164,930,200,2048,997
1289: 1404,748
1290: 201,495,1679,926,1345,265
1291: 1102,445,1883,739,1196,1937
1292: 498,324,1391,300,1954,1591
1293: 491,771,1961,790,1601,1259
1294: 879,333,105,1531,1563,1877
1295: 783,989,1439,1193,1016,1284
1296: 2031,624,729,788,1490,1953
1297: 731,1770,1451,1235,653,1681
1298: 334,649,642,794,1159,1229
1299: 1866,1640,268,762,81,654
1300: 999,24,1185,534,884,850
1301: 1522,145,627,1579,245,90
1302: 1701,216,2039,1049,709,1602,872,335
1303: 2000,617,336,570,1736,1280,1389
1304: 1512,1782,181,576,381,589
1305: 1341,261,1409,1313,1762,525
1306: 504,671,423,154,1050,1711
1307: 628,13,1790,389,1490,729
1308: 1933,975,1615,251,1135,805
1309: 473,852,1080,889,250,1960
1310: 1809,173,1750,1147,1601,560
1311: 711,551,1027,541,955,1086
1312: 271,161,749,1729,344,1065
1313: 174,2035,460,1305,261,1762
1314: 884,1247,1100,1903,1929,370
1315: 556,1477,149,206,971,1129
1316: 1263,824,827,637
1317: 1260,805,55,919,1802,1227,1135,1549
1318: 950,1433,189,1144,792,965,246
1319: 406,645,127,298,704,1012
1320: 1930,698,1344,857,990,1831
1321: 88,2023,296,202,542,1254
1322: 199,144,896,1659,736,1948
1323: 1494,713,93,1258,1518,548
1324: 2009,858,1474,160,711,1414
1325: 800,639,769,1657,33,1695,808
1326: 1176,563,645,307,1609,1765
1327: 1654,716,1107,511,452,753
1328: 692,333,586,1531,951,64
1329: 897,533,54,1856,823,1233
1330: 499,1434,62,537,371,970
1331: 1658,1685,1405,122,1783,308
1332: 820,1171,1017,242,400,881
1333: 141,1111,1386
1334: 56,504,671,1110,621,1699
1335: 1216,858,822,1533,282
1336: 1864,1981,0,704,517,1167
1337: 19,1852,699,306,665,1652
1338: 839,2047,881,1078,1588,1422
1339: 1440,461,1650,956,912,1538
1340: 372,764,341,575,1001,1688
1341: 1637,526,1305,1409,525,683,1363
1342: 1097,1853,485,469,1187,166
1343: 415,740,1837,1147,773,560
1344: 1641,1930,174,698,2035,1320
1345: 985,265,1369,319,926,1290
1346: 284,1595,497,420,972,899
1347: 302,1811,193,1888,760,291
1348: 1661,770,1881,607
1349: 1911,1467,825,623,1956,690
1350: 518,575,1001,1672,1724,385
1351: 579,875,227,362,1873,1993,262
1352: 703,175,459,1192,965,1882
1353: 1992,1478,750,1562,1006,487
1354: 528,1835,898,1169,17,1213
1355: 1489,873,1081,710,2011,368
1356: 325,1002,1448,165,917,1775
1357: 1407,1570,880,842,558,41
1358: 116,535,874,45,345,1069
1359: 752,1710,14,1052,254,1939
1360: 518,1926,900,14,1001,1688
1361: 479,424,1118,1174,621,983
1362: 1635,1793,732,462,544,1430,31,1282
1363: 276,571,1780,683,258,1678,1637,1341,678
1364: 1035,1268,297,441,552,383
1365: 816,1852,1652,782,348,125
1366: 1419,1760,28,832,318,1508
1367: 440,1018,831,687,1051,928
1368: 1892,608,1924,1689,1592,47
1369: 985,1345,74,1093,1977,319
1370: 210,599,1043,207,1905,490
1371: 1737,354,789,889,2004,250,1723
1372: 252,1418,1222,1893,510,954
1373: 1034,684,142,1550,257,183
1374: 1992,750,993,416,2034,1284
1375: 561,774,1045,719,1444,2000,617
1376: 550,326,1963,1103,359,527
1377: 1473,1020,1659,341,538,2017,736
1378: 1471,350,755,1721,1632,1092
1379: 408,1480,519,1542,1033,361,1716,1276,756
1380: 649,751,159,1559,1985,305
1381: 162,939,1218,730,358
1382: 655,1420,327,1814,112,286
1383: 466,355,1809,251,117,1693
1384: 263,1635,199,101,732,1226
1385: 1464,1541,733,179,470,1104
1386: 1111,747,496,795,1333
1387: 1010,2028,766,185,1413,428
1388: 1635,101,1105,544,536,351
1389: 791,1068,2000,1303,1736,719,77
1390: 2014,155,982,23,1843,192
1391: 498,300,1867,1217,1292,1583
1392: 1749,121,213,1951,1402,609
1393: 1480,660,373,49,1537,1988
1394: 893,664,587,465,2040,1552
1395: 275,955,1281,1182,542,475
1396: 256,1070,1489,548,710,588
1397: 1273,918,752,1710,239,1945
1398: 379,1618,1209,625,86,811
1399: 867,817,2016,1995,1164,488,1162
1400: 380,680,1498,1991,1806,935
1401: 640,469,532,1269,1966,1221
1402: 1435,609,67,347,1392,1951
1403: 620,740,1837,1626,1152,273
1404: 1289,991,32,1146,748
1405: 1658,1331,362,1735,1597,122
1406: 425,1774,950,189,814,757,1144,315
1407: 753,880,1357,1149,716,558
1408: 263,1226,1863,361,1716,1276,668
1409: 526,1305,426,1341,1777,261
1410: 991,32,1943,303,162,1218
1411: 677,1645,472,830,427,100
1412: 453,486,1633,715
1413: 1982,942,428,1622,766,1387
1414: 711,1027,1281,793,1324,1474
1415: 1922,1110,983,1972,147
1416: 1897,1564,547,1239,1181,448
1417: 1870,1593,124,1697,911,670
1418: 588,236,1518,1893,1372,510
1419: 1366,2037,28,429,318,1904
1420: 904,1382,655,572,327,1611
1421: 1228,664,1493,87,390,553
1422: 1338,2047,1588,848,646,30
1423: 1988,1709,196,322,49,1597
1424: 874,1249,1153,515,695,1449
1425: 1436,1930,174,460,203,1938
1426: 1520,133,1818,113,554,1721
1427: 204,277,1243,1026,349,1856
1428: 2002,555,712,337,377,1501
1429: 52,1653,1037,1534,499,487
1430: 2030,462,279,628,31,1148,13,777,1362
1431: 1034,684,1432,418,500,1007
1432: 684,1624,1431,430,1674,500
1433: 189,814,1285,1144,1318,792,1693
1434: 215,537,970,1481,1330,1656
1435: 1402,67,1697,589,1512,1951
1436: 1425,1930,443,990,984,203
1437: 356,908,954,1162,1557,1164,252
1438: 1971,313,610,48,425,757,315
1439: 783,1295,1193,302,966,193
1440: 461,217,912,1339,1784,508
1441: 922,1868,1727,61,1245,226
1442: 1796,819,229,937,741,336,678,107,1117
1443: 374,1752,606,549,864
1444: 1763,1375,561,1986,617,336,107
1445: 115,520,1272,1090,289,46
1446: 658,1088,1157,270,1098,875,227
1447: 636,1561,826,89,1510,780,1974
1448: 1787,1356,325,1002,1628,339
1449: 515,411,695,1190,1524,1424
1450: 927,1967,1959,1077,68
1451: 731,1297,1128,114,1235,1612
1452: 781,123,1742,1101,1019,1287
1453: 357,35,1498,388,1183,1751
1454: 1955,784,1028,247,467,840
1455: 968,1955,30,1565,784,1845
1456: 91,1046,1087,876,1015,540
1457: 2010,191,946,442
1458: 85,446,66,1253,736,1020
1459: 1982,449,220,785,428,1885
1460: 1528,407,2027,1211,801,431,1497,248
1461: 205,259,1472,1485,786,1662
1462: 312,1629,1714,947,1854,997
1463: 842,1921,128,280,1570,1917
1464: 733,1385,1536,470,829,559
1465: 111,1025,433,21,594,1560,1137
1466: 328,114,828,253,1073
1467: 1911,38,1744,1956,1349,1003
1468: 375,1869,737,685,630,1186
1469: 491,1004,814,1285,466,173,1940
1470: 674,1270,1928,404,255,1861
1471: 128,755,1378,1632,1532,1074
1472: 712,1461,1485,977,786,50
1473: 1020,360,1377,764,341,538
1474: 1324,858,793,1414,1121,1889
1475: 746,1101,1051,468,1071,928
1476: 1671,1704,1206,1005,194,626
1477: 706,556,1315,1179,624,149
1478: 1353,1562,487,1534,1166,422
1479: 1571,985,74,1191
1480: 1379,408,803,660,1393,1033,373
1481: 1434,215,537,903,918,1884,239
1482: 9,1964,1253,756,967,519
1483: 993,52,364,807,1037,284,972
1484: 1668,1210,1021,1224,754,1009
1485: 205,712,337,1461,995,1472
1486: 2019,557,650,1029,108,2
1487: 543,106,447,1953,779,1573
1488: 1989,471
1489: 256,1355,1396,873,1747,710
1490: 389,106,1953,729,1296,1307
1491: 350,1092,1842,913,1610,334
1492: 1881,168,409
1493: 893,664,1421,390,1800,1150
1494: 863,1323,93,369,1038,1258
1495: 593,274,7,1177,697,1568
1496: 1646,1743,1544,1011,1628,339
1497: 1613,131,248,1460,1211,801,431
1498: 357,35,380,1400,1453,1806
1499: 931,1612,1630,1223,841,1128
1500: 1586,264,1705
1501: 2043,1099,530,1428,337,377
1502: 791,503,281,92,1736,1280
1503: 1864,517,399,338,1565,2019,1614
1504: 1728,673,1000,1197,1921,184
1505: 760,1755,73,303,1218,358
1506: 602,376,15,725,914,634
1507: 263,1793,732,1282,1863,156,833
1508: 1366,28,832,57,1660,134
1509: 310,1593,124,1898,381,1823
1510: 636,826,1211,1447,1873,1993,262,631,248
1511: 1806,935,417,1665,759,1713,1836
1512: 1304,181,696,589,1435,67
1513: 195,1240,1886,1828,669,1021
1514: 329,1676,1815,862,1844,574,852
1515: 15,1934,1905,914,1043,1008
1516: 1684,472,717,877,1947,1670
1517: 703,1581,973,94,243,948
1518: 588,1418,510,1258,1323,548
1519: 590,1707,1165,2005,392,454
1520: 452,391,1426,133,1808,554
1521: 1826,1973,564,1141,176,584
1522: 627,1301,245,845,410,910
1523: 502,1584,1596,920,591,1580,1683
1524: 411,198,695,1449,1566,488
1525: 1271,1737,177,1578,743,266
1526: 1288,724,231,930,200,1054
1527: 1753,1173,803,635,1542,959
1528: 232,407,1460,2006,1138,431
1529: 97,1707,392,902,1768,1662
1530: 787,1095,1104,508,1231,179
1531: 105,915,951,333,1294,1328
1532: 320,1471,1632,1841,1074,573
1533: 1335,858,404,1121,1987,282
1534: 1429,499,62,1166,1478,487
1535: 514,223,1902,1175,886,1923
1536: 1464,1842,234,733,913,829
1537: 49,1613,676,373,1256,1393
1538: 468,233,956,912,1339,1742
1539: 43,1920,917,1125,343,1188
1540: 521,506,288,1014,1920,165
1541: 1730,1142,733,179,1385,217
1542: 1753,1379,967,408,803,519,1527
1543: 859,1848,958,1748,294
1544: 2002,1879,283,50,1646,1011,1496
1545: 1109,878,235,728,2022,1759,714
1546: 860,1151,293,237,1909,1106,352
1547: 768,1629,947,1036,321,476
1548: 1913,393,1265,558,813,41
1549: 117,1750,1135,805,919,1317
1550: 142,183,1373,18,1975,1278
1551: 58,1088,169,1873,636,1974
1552: 936,520,1394,893,587,2040,1145
1553: 301,437,522,216,1049,620,273
1554: 891,1077,450,2038,110,1277
1555: 1055,505,1684,830,40
1556: 1028,654,290,921,467,1866
1557: 613,405,1162,1068,908,1437
1558: 1630,641,463,418,1663,1223
1559: 1275,123,1287,1380,751,305
1560: 860,1151,150,352,1137,21,2045,594,1465
1561: 1129,1580,89,780,1974,1447,102,920,169
1562: 1478,1237,1353,1006,816,422
1563: 2012,1877,241,879,1294
1564: 1239,1416,178,1248,651,448
1565: 968,338,1455,1845,517,1503
1566: 707,2016,1208,488,198,1524
1567: 1266,2008,681,394,663,1220
1568: 353,1174,211,1495,7,697
1569: 2007,890,846,304
1570: 280,391,880,1357,1463,842
1571: 1479,985,265
1572: 378,1631,1271,177,59,8
1573: 1812,788,779,366,1487,1953
1574: 916,426,208,1076,1619,979
1575: 1149,501,1127,796,1647,393
1576: 419,95,1765,285,1651,969
1577: 929,278,1860,1216,723,677
1578: 1525,743,932,1189,132,266
1579: 1060,1899,846,145,627,1301
1580: 1561,1974,102,920,1523,1683,169
1581: 1022,703,1192,1517,94,1850
1582: 1598,789,69,473,250
1583: 930,2048,103,498,1391,1867
1584: 502,455,1523,1683,843,2001
1585: 118,2029,978,1203,577,3
1586: 1500,804,1776,1705,595
1587: 611,157,1225,1978,249,1197,578
1588: 1338,400,881,1422,646,1901
1589: 382,1911,1744,546,647,1767
1590: 853,1759,714,1979,1773,218
1591: 1022,1954,1192,1882,498,1292
1592: 608,1924,1368,12,1643,592
1593: 923,1870,310,1417,1509,124
1594: 931,828,1950,1786,641,1223
1595: 284,420,1346,1741,2034,1016
1596: 502,1523,136,1190,1941,591
1597: 322,1735,1405,1423,196,122
1598: 743,789,1582,326,932,69
1599: 26,267,1996
1600: 1620,171,821,209,1158,25
1601: 491,790,560,1293,173,1310
1602: 709,872,335,1701,2039,1302,1789,1820
1603: 1734,99,685,630
1604: 1172,552,862,735,2046,383
1605: 1982,942,785,701,1768,259
1606: 419,1795,95,432,825,623
1607: 295,210,1925,1908,80,850
1608: 1156,557,175,459,844,1677
1609: 1012,419,1795,1765,645,1326
1610: 913,1931,401,113,1491,350
1611: 518,1926,1672,904,1420,327
1612: 931,114,828,1499,1128,1451
1613: 943,49,1497,676,131,1537,801,1256
1614: 933,1907,2019,108,1503,399
1615: 1308,1933,802,439,629,1135,805
1616: 1941,675,810,686,421,1807
1617: 587,1675,465,1193,193,291
1618: 1398,379,543,447,625,1259
1619: 1076,1275,123,1019,916,1574
1620: 1600,821,25,1940,934,814,1004
1621: 957,1243,1711,986,423,1236
1622: 205,995,942,1413,2042,766
1623: 1719,180,749,412,344
1624: 684,257,1432,430,673,1000
1625: 346,1789,987,1820,224,1041,1069
1626: 331,1152,1403,316,60,1063,273
1627: 767,309,1689,799,231,1797
1628: 325,1448,339,34,1743,1496
1629: 312,768,1462,1547,1120,947
1630: 463,1558,1223,841,633,1499
1631: 1572,2008,378,681,855,59
1632: 320,1471,1378,1532,1092,794
1633: 715,1849,453,1412,1826,1839
1634: 36,632,1957,152,1973,403
1635: 1384,1388,101,1793,732,1362,544
1636: 111,1257,644,516,707,433,1208
1637: 526,436,1341,683,258,1363
1638: 42,356,512,834,1829,1038
1639: 1653,1023,9,1753,967,371
1640: 1712,268,762,1299,429,1904
1641: 979,698,2035,1344,1702,208
1642: 496,795,11,1996,1180
1643: 225,592,1018,340,1924,1592
1644: 78,2007,734
1645: 1411,723,677,472,717,214
1646: 1879,283,1743,1544,1496,163
1647: 1913,2036,393,1872,1575,796
1648: 1043,1008,285,222,1143,207
1649: 1758,656,960,1805,1062
1650: 461,996,956,1339,440,1757
1651: 285,1143,1576,95,382,647
1652: 816,1852,1365,1337,699,422
1653: 52,1639,1023,1429,499,371
1654: 501,1124,605,716,1327,511
1655: 861,1970,294,1848
1656: 1434,215,970,85,446,1964,1887
1657: 1325,769,1257,33,516,367,270
1658: 579,778,1685,1331,362,1405
1659: 1020,1377,2017,144,1322,736,1948
1660: 1201,134,988,798,1508,57
1661: 667,1274,770,1348
1662: 259,1461,786,1529,392,1768
1663: 1024,463,418,1558,500,949
1664: 88,2023,700,761,603,1106
1665: 1511,759,1713,580,742,260
1666: 415,221,366,771,779,790
1667: 402,945,47,581,340,1924
1668: 1484,1115,669,1210,1021,317
1669: 679,398,798,1691,8,1952
1670: 877,1215,606,1516,717
1671: 876,1704,1261,464,1476,626
1672: 518,1611,1350,718,385,327
1673: 1206,572,545,353,194,211
1674: 39,1265,430,1432,1024,500
1675: 1859,1228,465,1617,989,1193
1676: 552,862,1514,297,852,1080
1677: 844,313,1608,175,425,950
1678: 571,1780,987,1363,92,212,1041
1679: 495,1290,582,926,1204,1084
1680: 1944,286,856,604,1170,1814
1681: 653,5,951,64,1770,1297
1682: 667,1251,1717,213
1683: 843,169,920,1523,1584,1580
1684: 1516,472,830,1947,1555,40
1685: 1658,474,778,1331,1194,308
1686: 1766,132,1838,44,1075,1776
1687: 882,829,401,559,417,1713
1688: 1360,14,1001,1340,764,1052
1689: 309,1892,608,799,1627,1368
1690: 181,1825,696,2018,139,772
1691: 59,961,8,1952,952,1669
1692: 16,672,583,1701,2039,1789,1241
1693: 466,355,1383,1433,1285,792
1694: 76,1215,1097,549,214,1853
1695: 1994,906,1123,808,1325,33,270,1031
1696: 478,3,1116,1791,219,1203
1697: 1417,124,589,670,1951,1435
1698: 4,1264,845,410,1207,180
1699: 91,981,1087,56,671,1334
1700: 754,1111,384,747,1708,1009
1701: 672,216,1692,2039,1302,1602
1702: 1718,71,434,208,1641,698
1703: 853,34,1230,1979,1775,325
1704: 254,1671,464,1476,1005,900
1705: 264,481,595,1201,1500,1586
1706: 1798,36,152,1960,69,473
1707: 97,1519,596,1529,392,454
1708: 384,1700,1009,523,1064,614
1709: 1423,1857,1988,1983,597,196
1710: 752,1397,1359,1945,360,1052
1711: 957,1621,1306,423,154
1712: 1640,883,268,476,598,429,768
1713: 417,1665,1511,742,559,1687
1714: 1462,947,1112,806,164,997
1715: 812,1242,523
1716: 1863,361,1408,1276,1379,1033
1717: 721,121,213,1163,1682
1718: 1071,71,225,592,434,1702
1719: 395,1623,180,1207
1720: 1824,1874,615,1855,167,1900
1721: 350,755,1378,113,1426,133
1722: 1734,99,96,946,524,445
1723: 70,509,354,1371,2004,616
1724: 63,1756,385,1205,575,1350
1725: 1155,191,1918,1760,832
1726: 1098,474,875,778,1031,270,906
1727: 5,915,61,1245,1441,640
1728: 842,813,41,673,1504,1921
1729: 841,4,749,1264,271,1312
1730: 1541,1142,234,733,1799,480
1731: 2021,490,666,1905,914,634
1732: 885,1053,438,545,697,211
1733: 158,1983,597,1173,635,1803
1734: 1603,99,96,1722
1735: 943,322,1993,676,1597,362,1405
1736: 2000,1303,1280,791,1502,1389
1737: 1271,1525,354,743,1371,789
1738: 1862,618,974,1822,390,1800
1739: 2046,581,383,831,687,1268
1740: 892,744,726,1103,359
1741: 989,1016,1595,420,1990,1859
1742: 1452,781,1101,468,233,1538
1743: 1646,1496,34,1628,163,489
1744: 1589,1911,1467,38,1094,546,894
1745: 29,819,937,311,865,1912,1986
1746: 1156,1029,1083,948,1858,973
1747: 256,1489,873,1182,475,700
1748: 294,1781,1543,958,82,1183
1749: 1392,213,609,1251,151,223
1750: 1809,117,1310,1135,1549,1147,919
1751: 388,1067,998,35,1453,619
1752: 1443,2012,79,864
1753: 967,1527,1542,959,1639,1023
1754: 412,1915,344,1065
1755: 1888,115,760,1272,1505,358
1756: 63,1724,120,924,385,1891
1757: 2046,440,831,735,1650,996
1758: 1130,244,1649,656,323,1062
1759: 714,1590,878,1545,1262,492,218
1760: 1366,832,318,1725,1918,849
1761: 674,1928,43,1188,765,1165
1762: 16,583,1313,460,1305,525
1763: 561,157,1444,865,1978,1986
1764: 659,1084,172,125,953,782
1765: 307,419,1609,1576,1326,969
1766: 988,398,1686,1838,1776,595
1767: 295,1895,546,599,647,1925,1589
1768: 902,701,1529,259,1662,1605
1769: 629,72,1797,767,802,1042
1770: 731,1297,529,161,1681,64
1771: 686,709,335,421,1195,45,345
1772: 1992,75,1006,416,451,994
1773: 745,702,489,218,853,1590
1774: 189,1406,814,757,315,1158,25
1775: 1703,1230,521,165,1356,325
1776: 804,44,1586,595,1766,1686
1777: 526,916,426,809,1040,1409
1778: 86,1897,547,444,1178,992,1984
1779: 22,682,2011,922,1868,275
1780: 571,258,1363,1678,678,212
1781: 1748,861,294,1048,612,82
1782: 1304,576,1832,363,1898,381
1783: 122,1871,1109,308,314,1331
1784: 155,508,1231,23,1440,461
1785: 1250,2028,185
1786: 1594,1950,1968,641,1007,941
1787: 765,292,1002,1448,339,590
1788: 562,127,1855,1126,565,269,1874
1789: 276,346,987,1241,1625,1692,2039,1602,1820,1069
1790: 279,628,1307,729,435,777,1179
1791: 219,1990,1696,1203,420,899
1792: 130,1946,1232,331,316,60,1813,758
1793: 263,1635,1507,732,1362,462,1282,833
1794: 1140,148,104,432,623,690
1795: 1012,419,1609,432,1606,1958
1796: 837,229,1134,1442,741,436,1040
1797: 1769,722,72,767,309,1627
1798: 1219,152,1706,1963,359,69
1799: 1730,1142,480,233,781,815
1800: 153,1150,390,1738,618,1493
1801: 866,135
1802: 301,55,919,773,437,1317,740
1803: 497,972,635,158,1733,364
1804: 892,83,1103,527
1805: 1062,797,566,775,365,1649,960
1806: 935,1511,1836,35,1400,1498
1807: 686,421,116,345,1941,1616,136
1808: 1107,197,554,998,1520,452
1809: 466,1383,117,173,1750,1310
1810: 935,759,1989,1030,1991
1811: 1976,925,302,1347,73,760
1812: 130,788,1946,1573,366,1875
1813: 810,758,316,60,421,1792,1232
1814: 1382,655,438,1680,286,1170
1815: 329,976,1172,862,192,1514
1816: 772,1817,67,347,1910,696,330
1817: 1816,886,1923,347,1910
1818: 1931,126,113,1067,554,1426
1819: 658,869,1157,1267,516,367,270
1820: 45,1069,2039,1789,1625,709,1602
1821: 963,83,1075,550,527,1189
1822: 478,390,2013,553,1738,974
1823: 824,637,37,310,1509,1898
1824: 1874,615,661,406,563,1720
1825: 181,1690,835,576,2018,1890
1826: 1521,1839,564,176,453,1633
1827: 536,351,601,2024,456,493
1828: 1240,1886,1513,153,98,618
1829: 356,77,512,834,908,1638,719
1830: 88,1254,293,237,1106,1255,944
1831: 722,990,1131,1154,857,1320
1832: 1782,835,576,1176,661,363
1833: 536,871,601,494,144,896
1834: 929,1876,427,701,220,785
1835: 528,1354,17,1066,602,376
1836: 1806,417,1511,35,882,619
1837: 415,221,740,1152,1343,1403,773
1838: 679,1766,398,132,1686,266
1839: 2003,638,1826,564,1633,1849
1840: 154,689,1050
1841: 311,573,320,1532,29,2044
1842: 234,1536,913,334,1229,1491
1843: 1172,192,735,1390,155,996
1844: 36,1960,574,403,852,1514
1845: 30,1565,1455,848,517,1167
1846: 182,2015,715,938,1849,27
1847: 439,629,443,72,1131,568
1848: 1543,1655,294
1849: 182,1633,715,1846,2003,1839
1850: 312,94,103,1854,1022,1581
1851: 78,734,688,272,1059,170
1852: 1365,1337,306,1652,888,348
1853: 1342,1097,1694,549,864,166
1854: 312,1462,103,1850,2048,997
1855: 1788,565,1878,167,1874,1720
1856: 533,1329,1427,1026,1283,349
1857: 118,2029,1983,1709,196,314
1858: 883,268,81,973,1746,1083
1859: 1228,1675,87,1990,989,1741
1860: 1216,822,76,1997,1577,723
1861: 674,1270,944,6,1470,119
1862: 1738,745,618,702,585,974
1863: 361,156,833,1716,263,1408,1507
1864: 1981,148,1336,517,1503,399,104
1865: 1273,1082,84,540,2020,140
1866: 81,1299,654,921,1556,1198
1867: 1391,1217,1042,724,930,1583
1868: 1779,1441,682,922,226,275,1086
1869: 507,375,1468,1091,737,901
1870: 923,1593,1417,911
1871: 1783,1109,235,978,314,2029
1872: 1647,2036,90,796,513,145
1873: 1551,1088,636,1510,262,227,1351
1874: 1824,406,1720,1788,127,1855
1875: 221,366,331,1152,1812,1946
1876: 929,278,902,905,701,1834
1877: 1563,241,105,1294,1966
1878: 230,1136,484,1855,565,167
1879: 283,1646,1544,65,1244,163,964
1880: 863,941,940,1278,1968,183
1881: 168,607,1914,1348,1492
1882: 1954,1192,965,1352,1591,246
1883: 99,685,445,1291,737,739
1884: 918,1082,239,903,1481,1168
1885: 505,1252,100,449,1459,220
1886: 1828,1513,98,65,669,964
1887: 239,1945,538,85,446,215,1656
1888: 115,760,936,291,1755,1347
1889: 1270,6,1121,296,793,202,1474
1890: 2018,222,969,307,1825,835
1891: 1756,718,120,385,1213,898
1892: 818,1689,799,1368,146,47
1893: 236,2045,1418,1222,413,1372
1894: 1942,812,1242,289,46
1895: 295,546,894,1925,1767,444,1178
1896: 236,2045,1070,761,603,150
1897: 86,811,547,1239,1416,1778
1898: 1509,381,1823,37,363,1782
1899: 1044,846,627,1579,1013,304
1900: 827,637,167,37,615,1720
1901: 562,269,400,1588,646,1234
1902: 1238,1535,514,397,151,223
1903: 493,1185,1314,884,1929,2024
1904: 1419,429,705,318,1640,762
1905: 1515,914,1043,1370,490,1731
1906: 2030,708,31,1148,763,1248,651,1105
1907: 1614,844,313,48,933,108
1908: 1607,1925,444,1181,850,24
1909: 1151,237,1546,1161,622,652
1910: 1817,1816,886,330,342,725
1911: 1589,382,1467,825,1744,1349
1912: 311,865,567,573,1225,1978,1745
1913: 1647,1548,2036,393,39,1265
1914: 53,1881,168,885,607,1053
1915: 287,1754,1065,529,586
1916: 961,1952,1036,2037,28,57
1917: 184,567,1074,128,1463,1921
1918: 1980,442,849,191,1725,1760
1919: 1927,593,7,424,887,147
1920: 1014,165,917,1125,1539,1540
1921: 1463,842,1728,1504,1917,184
1922: 504,1415,1110,689,1050
1923: 1817,886,609,347,1535,223
1924: 1592,1368,1667,47,340,1643
1925: 295,1607,210,1895,1767,1908,444,1178
1926: 1005,1360,518,900,1611,904
1927: 593,1919,887
1928: 674,1470,255,1761,1165,454
1929: 924,370,1314,1903,2024,1096
1930: 1425,1436,174,1320,1344,990
1931: 882,1818,1610,401,126,113
1932: 198,455,1208,2001,1267,644
1933: 1308,324,300,802,975,1217,1615
1934: 15,330,1515,1008,139,772
1935: 456,999,493,763,651,1185
1936: 861,1970,612,1133,1124,129
1937: 1196,238,290,1184,1102,1291
1938: 203,16,672,2032,1425,460
1939: 254,1015,464,752,84,1359
1940: 1620,25,814,1285,1469,1004
1941: 675,591,1616,1807,136,1596
1942: 812,1894,289,939,730
1943: 991,1410,162
1944: 1113,1680,1169,286,17,604
1945: 1710,1397,239,1887,360,538
1946: 130,1812,1792,1232,1875,331
1947: 877,1516,1684,40
1948: 66,668,736,199,1226,1322,1659
1949: 1136,484,1234,1017,240
1950: 1594,328,828,1786,962,941
1951: 1392,670,121,1697,1435,1402
1952: 1691,961,1916,1669,798,57
1953: 1487,106,1490,788,1296,1573
1954: 1882,1591,246,324,851,1292
1955: 968,457,1454,1455,784,1028,921
1956: 1467,38,1349,690,1003,1971,610
1957: 632,1219,1634,152
1958: 1981,148,704,1012,1795,432
1959: 1450,891,1077,68,2015,938
1960: 36,1844,1706,1309,473,852
1961: 491,1004,625,1259,1293,934
1962: 1210,317,1099,691,1032,11
1963: 326,359,1376,69,1798
1964: 446,1482,9,1253,970,1656
1965: 1976,693,299,137,720,1146
1966: 640,1401,1221,105,1877,241
1967: 927,1450,1077,450,138
1968: 1034,183,1007,1880,941,1786
1969: 402,2026,146,663,509,1266
1970: 1655,861,1936,866,1133
1971: 1438,610,1140,48,1956,690
1972: 887,147,1415
1973: 1521,1141,403,584,632,1634
1974: 1580,636,1561,1447,1551,169
1975: 1200,18,611,1045,142,1550
1976: 1965,925,693,1811,73,720
1977: 1093,823,188,54,74,1369
1978: 865,1912,1225,249,1587,1763,157
1979: 853,1703,714,1230,143,1590
1980: 1184,1102,524,1918,442,849
1981: 1864,148,1336,704,1958
1982: 1459,942,1413,1605,785,428
1983: 1857,118,158,1733,1709,597
1984: 992,209,1094,894,1778,1178
1985: 837,1056,1134,305,1380,159
1986: 865,819,1745,107,1763,1444
1987: 97,596,404,255,1533,905,282
1988: 1423,1709,597,49,660,1393
1989: 1488,727,1030,1810
1990: 1791,219,420,1741,1859,87
1991: 1400,680,471,935,1810
1992: 750,1353,1006,1374,1772,416
1993: 943,262,631,1735,1510,1351,362
1994: 506,847,1695,906,1123,836,1031
1995: 867,707,2016,433,21,1164,1399
1996: 1642,1180,26,662,1599
1997: 76,1097,485,1860,2009,822
1998: 1093,888,1122,348,244,188
1999: 201,868
2000: 617,1303,1736,1375,719,1389,77
2001: 843,869,1267,1932,455,1584
2002: 283,50,1428,555,1544,712
2003: 638,1839,564,182,1849,976,982
2004: 889,441,250,1371,70,1723
2005: 1519,590,392,292,977,786
2006: 232,435,1528,407,706,777,1282
2007: 1644,78,890,1569
2008: 616,1266,378,1631,681,1567
2009: 1324,858,822,160,485,1997
2010: 1457,191,907,1155
2011: 22,1779,682,368,1073,1355,873
2012: 1563,241,79,1752
2013: 1822,478,1116,1262,492,974
2014: 694,1390,982,23,182,27
2015: 938,1846,27,891,1959,870
2016: 817,707,1566,1995,488,1399
2017: 1659,1377,372,341,871,144
2018: 1008,1890,222,139,1690,1825
2019: 1486,108,2,338,1503,399,1614
2020: 797,140,566,396,1082,1865
2021: 534,80,1247,490,666,1731
2022: 714,143,109,1194,728,1545
2023: 88,296,1321,542,475,1664,700,1106
2024: 601,1096,1827,493,1903,1929
2025: 1166,19,699,62,537,903
2026: 1035,402,70,1969,945,509
2027: 407,556,1460,971,826,89,1211
2028: 600,1010,1387,185,1785
2029: 1585,1857,118,1871,978,314
2030: 708,1906,1430,628,31,1148,13
2031: 130,624,643,149,788,1296
2032: 203,16,522,672,216,1938,20
2033: 10,1089
2034: 1016,1284,993,284,1595,1374
2035: 1641,979,1313,174,1344,261
2036: 1913,1647,1132,1872,90,39
2037: 1419,28,429,1036,1916,476
2038: 787,110,1095,891,1554,870
2039: 1701,1692,1302,1789,1241,709,1602,1820
2040: 186,1150,1394,893,1552,1145,648
2041: 994,659,1204,1160,299,1079,693
2042: 2043,1108,1622,995,766,187
2043: 2042,1501,530,1108,337,995
2044: 29,1056,159,1159,320,311,1841
2045: 236,1896,594,1893,413,150,1560
2046: 1739,383,831,1757,1604,735
2047: 1338,839,840,1422,30,784
2048: 1288,930,997,1583,103,1854