0: 848,517,646,298,269,704
2: 338,968,457,650,557,108
3: 577,219,978,899,569,478
4: 845,180,410,910,749,633
5: 653,922,414,61,951,915
6: 944,202,793,674,404,119
7: 353,593,887,424,147
8: 59,952,798,177,679
9: 371,1023,967,756,446,970
10: 680,380,980
11: 691,662,317,754,795,747
12: 434,857,592,722,309,608
13: 811,854,178,389,628,708
14: 900,360,254,764,1001,518
15: 1008,139,772,725,914,330
16: 672,583,525,460,20,203
17: 898,604,286,112,602,528
18: 863,369,183,512,142,611,774
19: 699,665,537,903,62,422
20: 984,16,672,522,203,301
21: 867,594,433,707,352,111
22: 682,414,368,828,253,962
23: 694,508,27,982,155,461
24: 850,444,448,534,999,651
25: 934,1004,209,814,315,757
26: 662,530,267,187
27: 23,182,694,870,982,938
28: 429,961,318,476,832,57
29: 311,159,320,837,937,229
30: 839,784,840,646,881,848
31: 763,708,544,351,279,462
32: 991,720,303,748
33: 270,367,906,516,769,808
34: 489,163,745,853,339,325
35: 380,935,357,417,882,619
36: 852,473,632,152,403,574
37: 637,615,824,310,363,381
38: 825,690,171,1003,382,546
39: 245,90,1024,813,393,796
40: 830,877,472
41: 842,880,393,558,673,813
42: 908,356,834,369,510,512,954
43: 674,765,454,343,119,917
44: 804,595,398,963,132
45: 709,346,335,345,224,535,987
46: 523,614,812,477,289
47: 581,402,146,340,608,592
48: 610,690,425,933,313,399
49: 322,597,196,676,373,660
50: 712,555,977,786,1011,283
51: 580,450,260,138,727,759
52: 499,807,972,750,487,993
53: 607,168,332,856,438,885
54: 74,823,897
55: 805,301,568,919,773,437
56: 621,671,479,626,876,91
57: 28,961,832,988,798
58: 658,227,869,920,843,169,636
59: 378,806,952,855,8,177
60: 316,872,273,331,421,758
61: 922,226,5,915,532,640
62: 371,499,537,19,422,487
63: 385,120,575,924,494
64: 586,951,529,161,731,653
65: 585,489,964,98,669
66: 736,199,1020,756,668,446
67: 347,121,609,589,670,696
68: 486,938,927,891
69: 789,473,326,359,152,932
70: 581,889,402,509,441,297,945
71: 434,208,746,225,928,698
72: 767,722,629,309,439,443
73: 720,925,302,303,358,760
74: 54,823,188,319,985
75: 1006,172,994,750,416,451
76: 822,723,160,485,214,549
77: 613,908,719,617,834,791
78: 688,890,734
79: 166,864,241
80: 666,534,490,210,850,634
81: 268,650,883,973,921,654
82: 294,861,612,958,197,388
83: 892,527
84: 1015,752,918,140,540,396
85: 446,215,538,239,970,1020
86: 811,379,448,821,992,547
87: 465,664,553,219,989,420
88: 542,603,700,293,944,202
89: 248,826,780,971,556,407
90: 245,39,796,145,627,410
91: 365,981,540,876,671,56
92: 503,212,678,570,617,791
93: 940,863,369,510,386,713
94: 103,1022,312,243,948,703
95: 419,432,825,647,969,382
96: 524,946
97: 701,596,902,905,259,392
98: 195,669,618,65,585,153
99: 524,445,739,685,737
100: 449,785,220,830,505,427
101: 199,896,544,536,732,263
102: 780,971,810,458,920,591,675
103: 498,1022,312,997,94,930
104: 517,338,933,704,399,148
105: 879,333,915,241,640
106: 389,729,779,788,854,543
107: 819,157,336,937,865,561
108: 844,557,933,313,2,338
109: 728,714,847,836,483,143
110: 450,260,657,787,694,891,870
111: 352,639,769,433,21,516
112: 898,655,327,286,17,718
113: 554,126,913,401,350,133
114: 828,931,253,841,271,731
115: 936,730,289,358,760,520
116: 874,535,345,136,686,515
117: 355,251,919,466,173,560
118: 577,158,978,314,597,196
119: 674,43,343,652,944,6
120: 385,63,718,924,738,370,898
121: 151,67,609,670,721,213
122: 322,314,196,362,308,778
123: 305,751,916,1019,815,781
124: 923,911,310,589,381,670
125: 659,953,348,172,816,782
126: 554,882,619,998,113,401
127: 167,563,565,406,298,562
128: 842,184,280,567,573,755
129: 866,861,612,272,605,170
130: 149,788,643,366,331,758
131: 248,631,431,801,943,676
132: 266,679,550,963,398,44
133: 391,280,554,113,755,350
134: 481,907,191,849,832
135: 272,734,866
136: 591,675,686,116,502,515
137: 720,925,748,693,495,299
138: 927,727,450,51
139: 222,1008,285,15,181,772
140: 365,797,540,84,396,566
141: 523,384,496,747
142: 257,684,578,611,183,18
143: 483,521,325,714,109,853
144: 871,896,494,601,536,575
145: 846,890,796,513,90,627
146: 663,402,47,799,818,608
147: 983,424,7,887
148: 704,399,1012,432,623,104
149: 130,206,729,788,624,643
150: 594,236,761,352,860,603
151: 667,121,609,223,213,397
152: 726,632,359,69,36,473
153: 893,390,186,618,195,98
154: 957,689,504,423
155: 192,23,982,996,461,735
156: 539,263,361,732,833,531
157: 865,107,561,578,611,249
158: 577,635,497,364,118,597
159: 649,320,29,305,751,837
160: 711,541,485,822,76,858
161: 529,344,749,271,731,64
162: 303,730,358,991
163: 283,489,34,339,1011
164: 806,855,947,394,200,997
165: 521,325,917,1014,1002,339
166: 79,864,241,469,485,549
167: 637,563,615,565,127,827
168: 607,53,409,885,274
169: 636,826,780,920,843,58
170: 501,605,513,129,272,688
171: 315,38,1003,209,894,546,992
172: 1006,994,816,75,659,125
173: 491,466,1004,117,560,790
174: 698,857,979,990,460,203
175: 950,844,459,703,965,246
176: 584,453,403,564,638
177: 266,679,743,59,378,8
178: 811,13,448,651,763,708
179: 470,733,787,508,657,217
180: 845,395,4,412,749
181: 576,835,696,772,222,139
182: 27,982,564,715,938,976
183: 863,1007,18,941,142,684
184: 842,128,567,1000,249
185: 600,1010,449,428,776
186: 893,153,648,195,482
187: 1010,267,766,26,530,995
188: 74,244,823,782,319,888
189: 965,792,425,950,757,814
190: 874,281,895,838,613,695
191: 907,134,849,946,442
192: 155,552,976,329,982,996
193: 783,989,966,291,465,302
194: 479,353,211,572,626,1005
195: 1021,98,1009,482,153,186
196: 322,314,597,122,49,118
197: 452,388,998,612,82,511
198: 644,411,455,488,433,707
199: 736,66,101,896,263,668
200: 997,930,164,394,231,818
201: 582,926,495,265,868
202: 542,88,944,6,296,793
203: 984,16,990,460,20,174
204: 349,277,986,957
205: 712,259,786,942,995,766
206: 149,624,643,971,458,556
207: 1008,490,285,647,210,599
208: 71,746,698,979,916,426
209: 934,25,821,315,171,992
210: 295,850,599,490,207,80
211: 194,697,353,572,545
212: 503,224,92,987,571,678
213: 721,667,121,151
214: 606,717,677,549,76,723
215: 85,918,239,970,537,903
216: 709,872,335,620,672,522
217: 480,233,912,508,179,733
218: 492,702,878,714,745,853
219: 3,899,478,420,553,87
220: 701,785,100,929,902,427
221: 415,366,771,740,273,331
222: 139,285,969,307,835,181
223: 886,151,609,342,514,397
224: 503,212,895,535,987,45,346
225: 71,434,928,592,340,1018
226: 922,61,275,955,551,532
227: 658,58,875,579,262,636
228: 376,528,634,666,738,370
229: 819,937,837,29,741,436
230: 240,484,827,565
231: 767,799,818,200,930,724
232: 431,833,777,407,531,706
233: 217,480,956,912,815,781
234: 913,829,733,642,334,480
235: 728,308,314,978,569,878
236: 548,761,588,150,413,594
237: 622,800,639,860,293,652
238: 445,705,739,762,654,290
239: 85,215,538,918,360,752
240: 230,820,484,1017
241: 166,79,469,640,105
242: 839,507,820,1017,881
243: 598,948,883,768,312,94
244: 823,188,888,323,656,960
245: 910,90,39,1024,949,410
246: 965,324,851,703,1022,175
247: 467,290,840,739,901,737
248: 631,826,89,131,431,407
249: 1000,578,567,184,157,865
250: 852,789,473,441,354,889
251: 802,805,919,355,975,117
252: 867,817,413,954,405,356
253: 828,114,731,22,653,414
254: 464,900,360,1015,14,752
255: 674,404,596,454,282,905
256: 548,873,475,761,710,700
257: 142,1000,684,430,673,578
258: 741,571,436,678,683,526
259: 205,786,392,97,701,942
260: 110,580,450,51,742,657
261: 683,526,979,426,525,460
262: 636,631,227,579,943,362
263: 361,156,668,732,199,101
264: 804,595,481,907
265: 985,201,926
266: 932,177,679,550,132,743
267: 600,1010,187,26
268: 598,883,81,429,762,654
269: 646,298,400,562,848,0
270: 658,367,33,906,875,474
271: 749,161,633,731,114,841
272: 135,734,866,129,170,688
273: 221,740,331,60,872,620
274: 409,885,593,168,697
275: 922,682,226,873,475,955
276: 571,683,583,525,346,987
277: 349,204,656,986,960,775
278: 822,929,282,902,905,723
279: 435,777,462,628,708,31
280: 842,880,391,128,133,755
281: 503,190,895,838,613,791
282: 822,278,905,858,255,404
283: 489,964,163,555,50,1011
284: 497,972,899,1016,420,993
285: 222,1008,139,207,647,969
286: 655,604,438,112,17,856
287: 692,586,529
288: 483,521,1014,506,622,800,808
289: 730,520,115,46,812,939
290: 921,467,654,247,238,739
291: 465,587,193,302,936,760
292: 765,590,1002,339,977,1011
293: 88,603,652,944,237,860
294: 861,82,859
295: 210,894,850,444,599,546
296: 955,711,793,551,542,202
297: 552,862,441,70,945,383
298: 269,562,0,127,406,704
299: 659,582,495,994,137,693
300: 975,324,498,724,629,802
301: 568,55,984,20,522,437
302: 925,73,193,966,291,760
303: 720,73,358,991,32,162
304: 846,909,1013
305: 751,123,916,1019,837,809,159
306: 699,665,566,348,323,888
307: 419,645,661,835,222,969
308: 728,847,235,778,314,122
309: 767,722,799,72,608,12
310: 124,824,37,381
311: 567,573,320,29,937,865
312: 103,997,94,947,243,768
313: 425,950,844,933,108,48
314: 196,122,235,308,978,118
315: 610,171,757,1003,25,209
316: 60,872,335,345,421,686
317: 1021,669,754,691,377,11
318: 28,429,762,832,849,705
319: 74,782,188,985,953,926
320: 311,573,794,649,159,29
321: 952,855,947,961,476,768
322: 943,196,122,362,676,49
323: 306,566,797,960,244,888
324: 246,975,300,851,498,1022
325: 521,165,143,853,34,339
326: 892,527,359,932,550,69
327: 655,112,718,518,572,904
328: 828,931,962,641,940,941
329: 552,192,862,976,638,574
330: 725,772,15,347,886
331: 221,366,273,60,130,758
332: 770,607,53,514,856,397
333: 692,879,586,105,951,915
334: 913,234,642,794,649,350
335: 45,709,316,872,216,345
336: 819,570,107,561,719,617
337: 691,377,530,995,712,555
338: 517,104,2,968,933,108
339: 163,34,325,165,1002,292,1011
340: 687,1018,581,47,225,592
341: 871,736,1020,372,764,538
342: 725,602,886,223,514,604
343: 43,119,622,652,917,1014
344: 412,529,749,161
345: 45,316,335,535,116,686
346: 45,709,583,276,224,987
347: 886,67,609,696,772,330
348: 306,699,816,782,888,125
349: 533,204,897,277,656
350: 794,755,913,334,113,133
351: 601,763,544,456,536,31
352: 111,639,860,150,594,21
353: 7,194,479,697,211,424
354: 789,250,743,378,616,889
355: 975,117,792,851,251,466
356: 908,405,42,834,252,954
357: 35,380,980,619,388,958
358: 730,760,115,303,73,162
359: 744,726,152,892,326,69
360: 254,14,752,764,538,239
361: 539,263,408,156,519,668
362: 943,322,122,262,579,778
363: 576,835,381,615,661,37
364: 635,497,158,972,959,807
365: 775,91,140,981,797,540
366: 221,771,331,130,779,788
367: 270,658,33,869,516,644
368: 22,682,962,873,386,710
369: 863,18,93,510,512,42
370: 924,666,738,884,228,120
371: 9,62,1023,499,970,537
372: 385,764,575,1001,871,341
373: 539,408,801,660,676,49
374: 606,864
375: 507,901,737,685,630
376: 725,602,914,528,634,228
377: 691,337,964,555,317,669
378: 59,806,177,743,354,681,616
379: 811,854,543,86,821,625
380: 680,10,35,980,935,357
381: 576,589,363,37,310,124
382: 599,546,95,825,38,647
383: 945,687,831,996,552,297
384: 523,141,614,1009,754,747
385: 372,63,120,575,1001,718,518
386: 713,710,940,93,962,368
387: 721,911
388: 197,619,998,357,82,958
389: 106,729,628,854,13,435
390: 893,153,664,553,974,618
391: 753,880,133,280,452,554
392: 977,259,786,590,596,97
393: 716,501,796,558,41,39,813
394: 806,164,663,681,200,818
395: 909,845,1013,180
396: 665,566,84,918,903,140
397: 770,332,514,667,151,223
398: 595,44,988,798,679,132
399: 148,623,104,933,48,690
400: 646,484,1017,881,269,562
401: 913,829,559,882,126,113
402: 581,663,509,70,47,146
403: 584,176,632,36,638,574
404: 674,255,6,793,282,858
405: 613,908,356,838,817,252
406: 563,127,298,704,1012,645
407: 232,431,556,706,248,89
408: 539,803,373,361,519,660
409: 274,168
410: 845,627,4,910,245,90
411: 502,198,695,455,488,515
412: 344,749,180
413: 867,252,594,954,236,588
414: 22,653,922,682,5,253
415: 221,560,790,771,740,773
416: 1016,783,451,993,750,75
417: 580,742,35,935,559,882
418: 949,500,1007,463,931,641
419: 1012,95,645,307,432,969
420: 1016,989,219,284,899,87
421: 810,758,675,686,316,60
422: 1006,816,487,62,699,19
423: 504,671,981,957,154,986
424: 983,147,621,7,479,353
425: 950,313,189,48,610,757
426: 916,809,208,979,261,526
427: 830,929,472,677,100,220
428: 449,942,785,1010,185,766
429: 28,762,318,476,268,598
430: 257,684,673,1024,813,500
431: 232,407,531,248,131,801
432: 419,1012,95,148,623,825
433: 21,707,644,198,516,111
434: 71,12,225,698,857,592
435: 279,777,706,389,729,628,624
436: 741,258,526,837,809,229
437: 740,773,301,55,522,620
438: 655,286,53,856,885,545
439: 802,805,568,443,629,72
440: 831,1018,956,735,468,928
441: 852,250,862,297,889,70
442: 849,524,946,445,705,191
443: 439,568,722,72,984,990
444: 295,894,850,24,547,448
445: 524,442,99,238,705,739
446: 85,970,66,1020,756,9
447: 491,625,790,771,543,779
448: 811,178,86,444,24,547,651
449: 785,100,428,505,185,776
450: 110,51,260,927,138,891
451: 783,416,966,994,75,693
452: 197,554,998,511,753,391
453: 176,564,715
454: 674,43,765,590,255,596
455: 502,644,411,198,843,869
456: 601,651,763,351,999,493
457: 921,467,784,650,2,968
458: 780,971,810,102,206,643
459: 175,844,557,948,973,703
460: 16,525,203,979,174,261
461: 912,735,155,23,508
462: 732,279,833,777,544,31
463: 931,841,910,949,418,633
464: 900,876,1015,254,626,1005
465: 291,664,587,87,193,989
466: 1004,173,814,355,117,792
467: 921,784,290,457,840,247
468: 956,781,440,746,928,1019
469: 166,241,640,485,541,532
470: 179,829,733,559,742,657
471: 727,680,759
472: 877,717,677,40,830,427
473: 69,36,852,789,250,152
474: 847,836,778,270,906,875,579
475: 873,256,275,542,700,955
476: 28,429,961,321,598,768
477: 520,648,482,46,614
478: 974,492,569,3,219,553
479: 194,353,626,424,621,56
480: 217,233,815,234,733,642
481: 264,595,988,134,907
482: 195,1009,648,186,477,614
483: 521,143,506,288,836,109
484: 1017,400,562,240,230,565
485: 166,469,541,160,76,549
486: 68,715,938
487: 422,1006,750,52,62,499
488: 411,198,695,838,817,707
489: 283,65,585,964,163,745,34
490: 1008,207,210,914,634,80
491: 934,1004,173,625,447,790
492: 218,974,569,702,878,478
493: 924,494,884,999,601,456
494: 924,493,601,63,575,144
495: 582,201,299,748,137,868
496: 795,747,141
497: 577,284,158,972,899,364
498: 103,1022,930,724,300,324
499: 52,62,371,1023,807,487
500: 1024,949,418,684,430,1007
501: 393,716,605,170,796,513
502: 411,843,455,515,136,591
503: 212,224,92,281,895,987,791
504: 689,983,621,423,671,154
505: 830,449,100,776
506: 483,521,288,906,808,836
507: 839,242,375,901
508: 23,787,694,217,461,912,179
509: 663,681,616,889,402,70
510: 369,93,42,954,713,588
511: 612,197,452,753,716,605
512: 863,369,18,42,774,834
513: 501,170,796,688,890,145
514: 332,856,397,223,342,604
515: 502,411,695,874,116,136
516: 367,33,644,433,111,769
517: 848,104,338,0,968,704
518: 385,1001,718,327,900,904,14
519: 803,408,756,361,668,967
520: 936,477,289,115,648
521: 483,325,165,143,1014,506,288
522: 672,20,301,437,216,620
523: 141,46,614,384
524: 946,445,442,99,96
525: 16,583,460,276,261,683
526: 261,436,683,258,426,809
527: 83,892,326,963,550
528: 602,376,228,738,898,17
529: 344,161,287,586,64
530: 691,337,26,662,995,187
531: 232,431,833,539,156,801
532: 541,551,226,61,469,640
533: 349,897
534: 666,80,884,999,850,24
535: 224,874,895,116,45,345
536: 601,544,351,144,101,896
537: 215,970,903,62,371,19
538: 85,239,764,341,1020,360
539: 408,373,361,156,801,531
540: 365,91,140,876,1015,84
541: 711,551,160,532,469,485
542: 88,700,202,475,955,296
543: 854,379,625,447,106,779
544: 351,536,31,732,462,101
545: 697,211,572,655,438,885
546: 295,894,382,599,171,38
547: 894,444,992,811,448,86
548: 236,713,256,761,710,588
549: 606,214,166,864,485,76
550: 266,932,132,527,326,963
551: 955,711,296,541,532,226
552: 192,862,329,297,996,383
553: 390,664,87,219,974,478
554: 452,126,998,113,391,133
555: 712,50,283,964,337,377
556: 407,706,206,624,971,89
557: 844,459,108,650,973,2
558: 393,716,753,880,41
559: 470,401,829,417,742,882
560: 415,790,773,117,919,173
561: 157,336,107,611,719,774
562: 298,484,400,269,565,127
563: 167,615,661,127,406,645
564: 453,176,715,976,638,182
565: 167,127,230,484,562,827
566: 306,665,396,323,140,797
567: 311,573,184,128,865,249
568: 439,805,301,55,443,984
569: 492,878,478,235,3,978
570: 819,336,741,678,92,617
571: 276,678,683,258,212,987
572: 194,211,545,1005,655,327,904
573: 567,311,794,755,320,128
574: 862,638,329,403,36,852
575: 372,385,63,494,871,144
576: 835,589,363,381,181,696
577: 3,497,158,978,899,118
578: 142,1000,257,611,249,157
579: 227,875,262,362,474,778
580: 417,51,742,260,935,759
581: 402,70,47,340,945,687
582: 659,953,201,926,495,299
583: 16,672,525,276,709,346
584: 176,403,632
585: 65,489,745,618,702,98
586: 692,287,333,64,951,529
587: 291,893,465,664,648,936
588: 548,236,713,510,413,954
589: 576,381,670,696,124,67
590: 765,292,596,454,977,392
591: 136,102,920,675,502,843
592: 434,12,225,47,340,608
593: 274,7,697,887
594: 867,150,413,21,236,352
595: 804,264,398,481,44,988
596: 590,255,454,905,392,97
597: 196,49,660,635,158,118
598: 268,243,883,768,429,476
599: 210,295,382,546,207,647
600: 1010,185,267
601: 456,351,536,494,493,144
602: 725,342,376,528,604,17
603: 88,700,293,150,761,860
604: 286,17,602,342,514,856
605: 716,501,170,129,612,511
606: 717,374,214,549,864
607: 770,168,332,53
608: 799,309,47,146,12,592
609: 347,886,121,151,67,223
610: 315,48,690,757,1003,425
611: 142,578,157,561,774,18
612: 861,129,82,511,197,605
613: 908,405,77,791,190,281,838
614: 523,46,384,1009,482,477
615: 637,167,563,661,37,363
616: 681,889,509,354,378
617: 719,77,791,336,570,92
618: 974,702,585,390,153,98
619: 882,126,388,998,35,357
620: 872,216,522,740,273,437
621: 983,424,504,671,56,479
622: 800,237,652,1014,288,343
623: 399,148,432,825,690
624: 206,729,149,435,556,706
625: 934,491,821,447,379,543
626: 194,479,1005,464,876,56
627: 845,1013,410,846,145,90
628: 389,729,13,708,435,279
629: 767,72,724,300,802,439
630: 685,375
631: 262,248,636,826,131,943
632: 726,152,584,403,36
633: 749,271,910,4,463,841
634: 914,376,228,490,666,80
635: 158,364,803,660,597,959
636: 262,169,631,826,227,58
637: 167,615,37,824,827
638: 976,329,574,176,403,564
639: 352,111,800,769,237,860
640: 241,469,61,105,915,532
641: 931,328,418,1007,941
642: 234,334,480,815,751,649
643: 130,206,149,810,458,758
644: 198,455,433,367,869,516
645: 419,1012,307,563,661,406
646: 881,400,269,30,848,0
647: 285,207,969,95,382,599
648: 893,186,587,482,936,477,520
649: 794,159,320,642,334,751
650: 973,81,921,457,2,557
651: 763,456,24,448,178,999
652: 293,944,622,237,343,119
653: 414,5,253,731,64,951
654: 921,290,238,762,268,81
655: 327,438,286,112,572,545
656: 349,897,277,960,244,823
657: 110,742,260,787,179,470
658: 270,227,367,58,869,875
659: 953,582,299,125,172,994
660: 803,408,373,597,49,635
661: 563,615,645,307,835,363
662: 691,26,530,11,795
663: 681,402,509,146,394,818
664: 893,465,390,587,553,87
665: 306,699,396,566,19,903
666: 534,370,80,884,634,228
667: 151,213,770,397
668: 263,756,361,519,66,199
669: 317,1021,98,65,964,377
670: 589,911,124,721,121,67
671: 504,621,423,56,91,981
672: 16,583,20,522,709,216
673: 1000,257,430,842,41,813
674: 43,255,404,454,119,6
675: 136,810,102,421,591,686
676: 943,322,49,131,373,801
677: 472,717,214,929,723,427
678: 741,571,258,570,212,92
679: 266,177,132,398,798,8
680: 10,380,935,759,471
681: 663,616,509,378,806,394
682: 22,922,414,275,368,873
683: 276,571,261,258,526,525
684: 142,257,430,500,1007,183
685: 630,99,375,737
686: 136,421,675,316,345,116
687: 340,945,831,1018,383,581
688: 78,890,272,734,170,513
689: 983,504,154
690: 825,48,610,38,1003,399,623
691: 337,662,377,530,11,317
692: 879,287,586,333
693: 925,137,994,966,451,299
694: 23,787,508,870,27,110
695: 411,488,515,874,190,838
696: 576,589,181,772,347,67
697: 353,211,545,885,274,593
698: 71,434,208,857,979,174
699: 306,665,348,19,422,816
700: 542,88,603,475,256,761
701: 97,942,785,220,902,259
702: 218,974,492,618,585,745
703: 948,1022,94,175,459,246
704: 1012,148,298,517,104,0,406
705: 849,445,442,238,762,318
706: 232,435,556,777,407,624
707: 867,817,433,21,198,488
708: 763,31,13,178,628,279
709: 45,346,335,216,672,583
710: 548,873,386,713,256,368
711: 296,793,541,551,160,858
712: 205,555,50,786,337,995
713: 548,386,710,588,93,510
714: 728,109,143,218,878,853
715: 486,938,453,564,182
716: 393,501,605,558,511,753
717: 877,472,606,214,677
718: 385,120,518,898,327,112
719: 617,77,774,834,336,561
720: 925,303,748,137,73,32
721: 387,213,911,670,121
722: 309,72,12,857,443,990
723: 822,929,278,76,214,677
724: 498,930,767,231,629,300
725: 602,914,342,330,376,15,886
726: 744,632,359,152
727: 138,471,51,759
728: 714,847,235,308,109,878
729: 106,389,628,149,788,624,435
730: 289,358,115,939,162
731: 161,271,114,253,653,64
732: 833,462,544,101,263,156
733: 179,470,234,829,217,480
734: 135,272,688,78
735: 461,956,912,155,440,831,996
736: 871,66,341,199,1020,896
737: 375,901,685,99,739,247
738: 924,370,528,228,898,120
739: 445,99,238,737,290,247
740: 415,221,273,773,437,620
741: 436,678,258,819,570,229
742: 580,417,260,657,470,559
743: 266,932,177,789,354,378
744: 726,359,892
745: 585,489,853,34,218,702
746: 71,208,928,468,916,1019
747: 496,795,754,11,141,384
748: 720,137,495,868,32
749: 412,344,161,271,633,180,4
750: 1006,75,487,52,416,993
751: 305,123,815,642,649,159
752: 360,1015,254,84,918,239
753: 880,391,452,511,716,558
754: 317,1021,1009,11,384,747
755: 573,794,350,128,133,280
756: 519,668,66,446,9,967
757: 315,610,425,189,25,814
758: 810,421,331,60,130,643
759: 680,935,727,471,580,51
760: 936,358,115,291,302,73
761: 548,236,256,150,603,700
762: 429,318,238,705,654,268
763: 651,708,456,351,31,178
764: 372,1001,341,360,14,538
765: 43,292,590,454,917,1002
766: 1010,187,205,942,428,995
767: 231,629,799,309,72,724
768: 243,598,476,321,947,312
769: 111,800,639,808,33,516
770: 607,332,397,667
771: 415,221,366,790,447,779
772: 181,696,139,15,347,330
773: 415,560,740,437,55,919
774: 719,834,561,611,18,512
775: 365,981,797,277,986,960
776: 449,505,185
777: 232,435,279,833,462,706
778: 847,474,308,579,122,362
779: 106,788,447,366,771,543
780: 971,458,102,920,169,826,89
781: 233,956,815,468,123,1019
782: 188,319,888,348,953,125
783: 193,1016,416,989,966,451
784: 467,457,840,30,848,968
785: 701,449,942,100,428,220
786: 712,205,977,259,50,392
787: 694,508,870,110,657,179
788: 130,106,729,779,149,366
789: 69,473,250,354,932,743
790: 415,560,771,491,173,447
791: 613,617,77,503,92,281
792: 965,355,189,851,466,814
793: 711,296,202,6,404,858
794: 573,755,649,350,320,334
795: 496,747,662,11
796: 393,501,513,145,90,39
797: 365,775,140,566,323,960
798: 398,988,679,961,57,8
799: 767,231,309,818,608,146
800: 622,639,769,808,237,288
801: 539,373,431,531,131,676
802: 439,251,805,629,975,300
803: 408,519,660,959,967,635
804: 264,595,44
805: 802,439,251,568,55,919
806: 59,378,164,855,394,681
807: 52,959,1023,499,972,364
808: 800,769,33,906,506,288
809: 305,916,426,837,436,526
810: 458,102,421,758,675,643
811: 854,379,13,448,178,86,547
812: 46,289,939
813: 39,1024,41,393,430,673
814: 466,1004,25,189,792,757
815: 480,233,781,642,751,123
816: 422,1006,172,699,348,125
817: 867,252,707,838,405,488
818: 231,799,394,663,146,200
819: 336,570,937,107,229,741
820: 242,240,1017
821: 934,209,625,992,379,86
822: 282,278,76,723,858,160
823: 74,54,244,188,897,656
824: 637,37,310
825: 690,38,1003,95,432,623,382
826: 248,169,636,631,89,780
827: 230,637,167,565
828: 114,931,253,328,962,22
829: 913,470,234,401,733,559
830: 40,505,427,472,100
831: 687,440,996,1018,383,735
832: 28,318,57,988,134,849
833: 232,732,777,462,531,156
834: 908,719,42,356,77,774,512
835: 576,363,181,661,307,222
836: 847,474,109,906,483,506
837: 305,809,159,29,436,229
838: 190,281,613,405,695,488,817
839: 242,507,901,30,840,881
840: 467,784,247,839,901,30
841: 463,114,931,271,633
842: 184,880,128,41,280,1000,673
843: 502,455,920,591,169,58,869
844: 175,950,557,459,108,313
845: 395,1013,180,627,4,410
846: 304,890,145,1013,627
847: 728,836,474,308,778,109
848: 517,0,968,30,784,646,269
849: 442,705,191,134,318,832
850: 210,295,444,24,534,80
851: 965,355,246,975,324,792
852: 36,473,250,441,862,574
853: 745,34,714,325,143,218
854: 811,379,543,13,106,389
855: 59,806,321,952,164,947
856: 332,53,514,604,438,286
857: 434,12,698,174,722,990
858: 822,282,711,793,160,404
859: 980,294,958
860: 352,639,237,150,603,293
861: 294,866,129,612,82
862: 552,329,574,297,852,441
863: 940,369,183,18,93,941,512
864: 166,79,606,374,549
865: 157,937,107,567,311,249
866: 861,129,135,272
867: 817,413,252,594,21,707
868: 201,495,748
869: 658,367,58,644,843,455
870: 787,694,891,27,938,110
871: 736,341,144,896,372,575
872: 316,60,335,216,620,273
873: 475,256,710,682,275,368
874: 190,895,535,116,695,515
875: 270,658,227,906,579,474
876: 464,1015,626,56,91,540
877: 472,717,40
878: 218,492,569,728,714,235
879: 692,333,105
880: 842,753,391,41,280,558
881: 646,1017,400,839,242,30
882: 619,126,417,35,401,559
883: 268,243,598,948,973,81
884: 924,666,534,370,999,493
885: 274,168,53,438,697,545
886: 347,609,223,725,342,330
887: 593,7,147
888: 244,782,188,306,348,323
889: 616,509,70,250,441,354
890: 688,78,846,145,513
891: 870,68,927,110,450
892: 83,527,326,744,359
893: 390,153,664,648,186,587
894: 295,444,546,992,547,171
895: 503,224,874,190,281,535
896: 871,736,144,199,101,536
897: 533,349,656,54,823
898: 112,17,528,738,120,718
899: 3,577,219,284,497,420
900: 464,254,904,14,518,1005
901: 839,507,375,737,840,247
902: 929,278,905,97,701,220
903: 215,918,537,665,396,19
904: 900,327,518,572,1005
905: 282,902,278,255,596,97
906: 270,33,875,808,836,474,506
907: 191,264,481,134
908: 613,405,42,356,77,834
909: 395,1013,304
910: 245,949,4,410,463,633
911: 923,124,670,387,721
912: 217,233,461,956,735,508
913: 234,401,829,334,113,350
914: 725,376,634,1008,490,15
915: 333,105,951,61,5,640
916: 305,123,1019,426,809,208,746
917: 165,1014,1002,43,765,343
918: 215,239,903,84,752,396
919: 251,805,55,117,560,773
920: 780,102,591,843,169,58
921: 467,654,290,457,650,81
922: 682,226,414,61,5,275
923: 911,124
924: 494,738,370,884,493,63,120
925: 720,302,137,73,693,966
926: 953,582,201,319,985,265
927: 138,68,891,450
928: 71,746,225,440,1018,468
929: 902,278,723,677,220,427
930: 498,103,200,997,724,231
931: 463,828,114,841,328,641,418
932: 266,550,743,326,69,789
933: 108,313,104,338,399,48
934: 491,1004,25,209,821,625
935: 680,35,380,759,580,417
936: 760,520,115,291,648,587
937: 819,865,107,229,311,29
938: 486,68,715,182,870,27
939: 730,289,812
940: 863,93,941,328,962,386
941: 940,863,1007,183,328,641
942: 701,785,428,205,259,766
943: 322,362,676,262,631,131
944: 88,293,652,202,6,119
945: 687,383,297,581,70
946: 524,442,191,96
947: 321,164,855,768,312,997
948: 243,883,973,703,94,459
949: 910,245,1024,500,418,463
950: 425,175,844,313,965,189
951: 586,333,64,915,653,5
952: 59,321,855,8,961
953: 659,582,926,125,782,319
954: 413,252,42,356,510,588
955: 296,551,475,226,275,542
956: 233,912,735,781,468,440
957: 154,423,204,986
958: 82,980,357,859,388
959: 1023,807,967,803,635,364
960: 277,656,775,797,323,244
961: 28,476,57,798,321,952
962: 828,328,940,386,22,368
963: 527,44,550,132
964: 283,65,489,555,669,377
965: 246,189,792,851,175,950
966: 193,783,451,925,302,693
967: 9,959,1023,803,756,519
968: 848,517,2,338,784,457
969: 222,285,647,419,95,307
970: 85,446,215,537,9,371
971: 780,458,102,206,556,89
972: 284,497,364,52,807,993
973: 650,948,883,81,557,459
974: 492,618,702,478,390,553
975: 355,300,324,851,802,251
976: 192,638,329,564,182,982
977: 50,786,392,1011,292,590
978: 3,577,118,314,235,569
979: 208,698,174,426,460,261
980: 10,380,357,859,958
981: 365,775,91,423,671,986
982: 23,182,27,155,192,976
983: 689,424,504,147,621
984: 990,20,203,301,568,443
985: 74,319,926,265
986: 204,277,423,775,981,957
987: 503,212,224,276,571,45,346
988: 595,398,481,798,832,57
989: 193,1016,783,420,465,87
990: 984,203,722,857,174,443
991: 32,303,162
992: 894,547,171,209,821,86
993: 1016,416,52,284,972,750
994: 172,75,451,659,299,693
995: 337,530,712,205,766,187
996: 831,383,155,552,192,735
997: 103,200,312,930,164,947
998: 197,452,554,619,126,388
999: 534,884,493,24,651,456
1000: 257,673,578,249,842,184
1001: 372,385,764,518,14
1002: 165,917,765,292,339
1003: 825,315,610,690,171,38
1004: 934,491,466,25,173,814
1005: 194,572,626,464,900,904
1006: 422,172,750,816,75,487
1007: 183,941,684,500,418,641
1008: 139,490,285,15,207,914
1009: 195,1021,482,754,614,384
1010: 600,185,267,766,187,428
1011: 977,50,292,283,163,339
1012: 704,419,645,148,432,406
1013: 909,845,395,627,304,846
1014: 521,165,917,288,622,343
1015: 464,876,254,84,752,540
1016: 783,416,989,420,993,284
1017: 484,881,400,820,242,240
1018: 340,687,440,831,225,928
1019: 305,123,916,781,468,746
1020: 736,66,341,85,446,538
1021: 195,317,669,1009,754
1022: 498,103,94,703,246,324
1023: 9,371,959,499,807,967
1024: 245,39,813,949,500,430