0: 30,108,104,127
2: 28,30,108,81,94,99
3: 118,34,109,52,87,122
4: 39,90,114,64
5: 105,64,61,22,93,114
6: 50,97,43,76,88,119
7: 112,56
8: 57,44,28,94,59
9: 118,52,62,84,85
10: 51,68,82,35,126
11: 65,115,46
12: 47,72,20,16,71
13: 31,101,86,106,49,89
14: 63,120,84,85,91
15: 24,95,80,121,67
16: 29,12,20,92,107
17: 112,53,121,120
18: 128,39,114,107,93,42
19: 125,84,91,74,54
20: 12,72,16,92,45
21: 22,93,42,111,116,77
22: 61,5,88,93,21,111
23: 36,27,70,123,71
24: 15,95,38,101,80,86
25: 38,86,106,48,117,55
26: 65,100
27: 110,23,68,35,123
28: 2,94,99,57,96,8
29: 123,16,128,107,113
30: 108,2,0,99
31: 13,101,49,63,85,66
32: 125,62,75
33: 116,58,122,111,119,109
34: 3,109,115,87,98,43
35: 10,68,126,27,113
36: 69,83,110,23
37: 124,67,127
38: 25,24,95,86,48,104
39: 128,4,18,41,90,114
40: 97,100
41: 128,39,78,90,113,126
42: 93,21,92,18,107,77
43: 50,98,6,119,34,109
44: 57,8,69
45: 60,102,77,20,92
46: 73,11
47: 12,72,71,70,103,59
48: 108,117,81,104,25,38
49: 58,122,89,31,13,66
50: 65,97,98,100,6,43
51: 10,68
52: 118,9,3,62,75,87
53: 124,121,17
54: 74,19
55: 72,117,25,106,60
56: 120,91,7,112
57: 44,96,8,28
58: 116,49,122,33,102,89
59: 94,103,8,70,47
60: 45,102,89,55,106
61: 105,22,5,76,79,88
62: 9,52,75,125,84,32
63: 14,120,85,31,101,80
64: 105,5,4,114
65: 26,50,11,98,100
66: 118,31,49,122,85
67: 124,37,121,127,15,95
68: 51,10,35,27,110
69: 36,83,70,44
70: 69,23,59,47,71
71: 123,47,12,23,70
72: 47,12,20,55,117,103
73: 115,75,87,46
74: 54,19,125
75: 52,62,73,87,32
76: 61,79,88,97,6
77: 116,45,102,92,42,21
78: 41,90,82,126
79: 105,61,76
80: 15,24,101,63,120
81: 48,108,2,117,94,103
82: 10,126,78
83: 36,69
84: 19,125,14,91,9,62
85: 14,63,31,118,9,66
86: 25,24,13,38,101,106
87: 3,34,52,115,73,75
88: 61,22,76,111,119,6
89: 58,49,60,102,13,106
90: 4,41,39,78
91: 19,14,56,84
92: 20,16,107,45,77,42
93: 22,5,42,21,18,114
94: 28,2,81,103,59,8
95: 15,24,38,104,67,127
96: 57,28,99
97: 40,50,100,6,76
98: 50,65,43,34,115
99: 28,30,2,96
100: 26,40,50,65,97
101: 31,24,13,80,86,63
102: 116,58,60,45,77,89
103: 117,81,94,59,47,72
104: 48,108,0,127,95,38
105: 64,61,5,79
106: 25,13,86,55,60,89
107: 128,18,29,16,92,42
108: 30,48,2,0,81,104
109: 3,34,122,33,119,43
110: 36,27,68
111: 22,88,21,119,116,33
112: 7,17,56
113: 128,41,35,126,123,29
114: 4,18,39,64,5,93
115: 34,73,87,11,98
116: 58,33,102,77,21,111
117: 48,81,103,72,55,25
118: 9,3,52,66,122,85
119: 88,111,33,109,6,43
120: 14,63,56,80,17
121: 53,124,67,15,17
122: 58,49,33,118,3,109,66
123: 29,71,27,23,113
124: 53,37,121,67
125: 19,84,62,74,32
126: 10,82,35,41,78,113
127: 37,67,0,104,95
128: 18,41,39,107,113,29