0: 1057,1167,298,1126,704,1336
2: 968,457,2019,650,338,1486
3: 1116,1585,569,1696,1203,978
4: 749,180,1729,1264,1698,1312
5: 653,951,1681,915,1727,1245
6: 1270,944,1861,202,1254,1889
7: 1568,593,1495,1174,1919,424
8: 679,1669,177,1572,59,1691
9: 371,970,1964,1482,967,1639
10: 680,1089,2033,380,980
11: 1642,795,691,1180,1962,1032
12: 857,592,434,1154,608,1592
13: 2030,708,1430,628,1307,1286,389
14: 254,1359,900,1688,1360,1052
15: 1934,725,1515,1506,914,330
16: 672,1692,1938,1762,460,583
17: 1066,1944,1835,1354,1169,1113
18: 1550,1975,1200,512,369,1278
19: 903,2025,1337,699,1168,665
20: 1227,301,55,984,203,522,2032
21: 594,413,867,1995,433,111,1560,1465
22: 1779,2011,922,368,253,1073,414
23: 694,1390,1784,155,1231,2014
24: 999,448,1908,1181,1300,850
25: 1620,1600,1158,1940,1774,814
26: 267,187,662,1108,1599,1996
27: 182,2015,1846,2014,870,694
28: 1366,1419,1916,2037,57,1508
29: 937,1056,2044,1841,311,1745
30: 1422,848,2047,784,1845,1455
31: 2030,462,1430,1148,1635,1362,1793,544
32: 303,1410,720,1404,1146,991
33: 1325,367,769,1657,1695,906,808,270
34: 325,1628,853,1703,489,1743
35: 1453,1806,1498,619,1836,1751
36: 1844,1960,1706,152,1634,403
37: 615,363,1823,637,1900,1898
38: 1467,1003,1744,1094,1956,171
39: 1913,1132,2036,1265,1674,1024
40: 1555,1947,1684
41: 842,813,1728,1357,558,1548
42: 356,1638,510,1038,954,1258
43: 674,119,1539,343,1188,1761
44: 963,1686,1075,1776,804
45: 1820,1358,1069,345,709,1771
46: 477,1090,614,1445,1894,289,1242
47: 1667,402,146,1924,1892,1368
48: 1971,1438,313,1140,933,1907
49: 1423,1988,1537,322,1613,676,1393
50: 977,712,1472,2002,1544,1011
51: 1030,727,138,580,450,1277
52: 1483,807,1653,1037,1429,1023,487
53: 1170,332,1914,1053,856,607
54: 897,1191,1329,823,1977,74
55: 1227,1260,1802,301,20,919,437,1317,568
56: 1334,621,1699,479,1261,1087
57: 1660,1508,798,1952,1916,28
58: 1551,843,869,1088,169,1157
59: 1691,952,855,8,1572,1631
60: 316,421,1063,1813,331,1626,1152,1792
61: 640,532,226,915,1727,1441
62: 499,537,1330,1166,2025,1534
63: 1756,1724,1205,924,1096,494
64: 586,1328,1770,529,951,1681
65: 964,1886,1879,283,1244,98
66: 736,1948,1458,756,668,1253
67: 1816,347,1512,696,1402,1435
68: 1450,486,938,1959
69: 326,1963,1598,1582,1798,473
70: 441,2004,1035,1723,2026,509
71: 1071,1718,208,1702,1076,746
72: 1769,629,1847,1131,1797,722
73: 303,720,1976,1811,760,1505
74: 1479,985,1369,1191,54,1977
75: 994,1237,1160,172,1006,1772
76: 1097,1694,1860,1997,723,214
77: 356,834,908,1829,719,2000,791,1068,1389
78: 734,688,1851,890,2007,1644
79: 2012,241,1221,166,1752,864
80: 534,850,2021,490,1607,210
81: 268,1858,1299,1083,1866,1198
82: 1781,1048,1748,1183,388,197
83: 1804,963,1821,527
84: 1939,1015,1273,752,540,1865
85: 1020,538,446,1458,1887,1656
86: 1897,811,1398,1778,992,1209
87: 1859,1228,553,1421,1990,219
88: 2023,1321,1106,1664,1254,1830,293
89: 971,1561,826,780,1211,1447,2027
90: 245,1872,1301,145,1132,2036
91: 1202,1087,1456,1046,981,1699
92: 1280,212,1041,1678,1502,503
93: 863,1494,386,1323,713,940
94: 312,1850,1517,1120,243,1581
95: 382,1651,419,1576,1606,825
96: 946,1734,1722
97: 1987,902,905,1707,596,1529
98: 1828,618,585,1244,65,1886
99: 1603,1734,445,1722,685,1883
100: 830,505,220,1885,1411,427
101: 1384,1635,199,536,1388,896
102: 1279,920,1085,1129,1580,1561,780
103: 1850,1854,1583,2048,1022,498
104: 1864,148,399,1794,1140,933
105: 1877,1966,915,1294,1531,640
106: 543,1487,389,1953,1061,1490
107: 336,1117,819,1442,1986,1444,617
108: 844,1486,557,2019,1614,1907
109: 2022,483,143,847,836,728,1194
110: 787,657,1554,2038,1277,260
111: 1636,769,1257,1025,433,21,1137,1465
112: 1382,327,286,898,1169,718
113: 1610,1931,350,1818,1426,1721
114: 931,828,1466,1451,1612,1235,253
115: 1888,936,520,1445,1272,1755
116: 874,1358,345,1807,515,136
117: 1809,1383,251,1750,1135,1549
118: 1857,1983,2029,158,577,1585
119: 674,944,1861,43,1255,343
120: 1756,924,1891,738,370,1213
121: 1392,1951,1717,670,213,721
122: 1783,314,1331,1405,196,1597
123: 1275,1452,1287,1619,1019,1559
124: 589,381,1593,1417,1509,1697
125: 782,1365,816,1237,1764,172
126: 882,1931,401,619,1818,1067
127: 1788,298,1126,1319,1874,406
128: 280,1463,1471,755,1074,1917
129: 1133,272,1936,1124,605,170
130: 2031,1812,643,788,1946,1232
131: 943,248,1497,1613,676,631,801
132: 1189,1686,1075,1578,1838,266
133: 280,391,1520,1426,755,1721
134: 1660,832,481,1201,1155,1508
135: 1801,866,1133,272,734
136: 515,1596,1190,1807,116,1941
137: 1119,582,299,1965,1146
138: 727,51,1967,450
139: 2018,1690,1008,772,330,1934
140: 540,365,1046,2020,797,1865
141: 1333,384,1111
142: 578,1550,1975,257,1373,611
143: 2022,714,1230,1979,483,109
144: 1833,871,896,1659,1322,2017
145: 90,1060,1872,1301,1579,513
146: 818,402,47,1969,663,1892
147: 887,1972,1415,1919,424,983
148: 1864,1981,104,1794,1958,432
149: 2031,624,643,206,1477,1315
150: 860,1560,352,2045,1896,594,603
151: 1251,1274,1749,397,223,1902
152: 1798,36,1706,1957,1219,1634
153: 1800,1240,1150,1828,618
154: 1840,1711,1050,1306
155: 1390,996,1784,461,23,1843
156: 539,1138,531,361,833,1507,1863
157: 1763,561,611,1045,1978,1587
158: 1803,497,577,118,1983,1733
159: 649,1380,2044,1159,1985,1056
160: 485,711,1187,541,1324,2009
161: 1065,529,1312,731,1770,271
162: 1381,1218,1410,1943
163: 1879,1244,1646,1743,745,489
164: 1288,200,1714,394,806,997
165: 1775,1356,917,1920,1540,521
166: 1342,1853,469,1221,79,864
167: 1720,827,1900,230,1878,1855
168: 885,1914,1492,1881,409,1177
169: 1683,1551,58,843,1580,1561,1974
170: 1059,1851,129,272,605,1127
171: 1600,209,1158,38,1003,1094
172: 659,1237,1160,1764,75,125
173: 466,1809,1310,1469,491,1601
174: 1425,1930,1313,1344,2035,460
175: 965,1352,1608,459,1677,950
176: 584,1826,1521,453
177: 679,8,266,1271,1525,1572
178: 1564,1239,1286,854,1248,708
179: 1104,1530,1385,508,1541,217
180: 1719,749,1623,1207,4,1698
181: 1512,1690,1825,576,696,1304
182: 27,982,1849,1846,2003,2014
183: 1034,1968,1550,1373,1880,1278
184: 1504,1921,1197,1917,249,567,1225
185: 1785,1250,428,449,2028,1387
186: 195,1240,1150,648,482,2040
187: 1010,766,267,26,2042,1108
188: 1130,244,1998,1093,823,1977
189: 1774,1433,1406,814,1318,1285,1144
190: 1058,503,281,1153,1249,895
191: 2010,1457,1725,442,1918
192: 1172,1843,1815,976,982,1390
193: 302,1347,1439,1193,291,1617
194: 353,1206,1118,1476,1673,626
195: 1240,1513,186,1021,482,1224
196: 1709,1423,1857,1597,122,314
197: 998,388,1808,82,1048,1107
198: 411,1932,455,1566,1208,1524
199: 1384,101,1226,896,1322,1948
200: 1288,1526,164,1054,1220,394
201: 868,495,1290,265,1999
202: 6,296,1321,1254,793,1889
203: 1425,1436,984,1227,20,2032,1938
204: 349,1427,957,1243
205: 1461,1485,942,259,995,1622
206: 643,149,458,1085,1315,971,1129
207: 1648,1043,1143,1370,210,599,647
208: 71,1702,1076,1574,1641,979
209: 992,1984,1600,171,821,1094
210: 295,1607,599,1925,207,1370,80,490
211: 1568,697,1732,545,353,1673
212: 1280,570,678,92,1780,1678
213: 1392,1717,121,1682,1251,1749
214: 723,1645,76,1694,1215,717
215: 1434,1481,1656,1887,239
216: 1302,522,672,1049,1701,2032,1553
217: 1541,1142,1440,508,179,912
218: 492,1773,702,853,1759,1590,1262
219: 478,1791,1696,553,1990,87
220: 1885,100,1834,427,1459,785
221: 415,366,1875,1837,1152,1666
222: 1648,969,1008,285,2018,1890
223: 1535,1902,609,1923,1749,151
224: 535,895,1069,1041,987,1625
225: 1071,1718,1643,592,1018,928
226: 532,61,551,1868,1441,1086
227: 579,875,1351,1088,1446,1873,262
228: 376,634,1100,666,528,738
229: 1796,819,1442,937,741,1134
230: 1136,1878,1263,827,167
231: 1526,724,1054,767,799,1627
232: 1528,777,2006,1282,1138,833,431
233: 1742,781,912,1538,1142,1799
234: 1730,1842,733,480,1229,1536
235: 1871,1109,878,978,1545,569
236: 2045,1896,1418,1893,1070,588
237: 293,1909,1546,1830,652,1255
238: 1184,1937,705,762,654,290
239: 918,1887,1397,1884,1945,215,1481
240: 820,1017,1949
241: 1563,2012,1877,79,1966,1221
242: 1171,1078,1332,881,1139
243: 598,883,973,94,1517,1120
244: 1130,1758,323,188,1998,888
245: 1522,90,1301,1132,910,949
246: 1954,965,1882,851,792,1318
247: 840,1091,901,1196,1454,467
248: 1497,631,131,1460,826,1510,1211
249: 567,1978,1225,1587,1197,184
250: 1309,889,2004,1582,1371,789
251: 355,1383,117,1135,1308,324,975
252: 1372,1164,1222,1162,356,954,1437
253: 22,1073,114,1466,1235,414
254: 1939,1359,1704,464,900,14
255: 1928,596,454,1470,404,1987
256: 1070,1489,1396,761,1747,700
257: 578,684,142,1373,1624,1000
258: 678,1637,436,741,1780,1363
259: 942,1605,1768,205,1662,1461
260: 742,1665,1277,580,657,110
261: 979,1305,426,1409,1313,2035
262: 1993,631,636,1510,1873,227,1351
263: 1384,1408,1507,732,1226,1863
264: 1500,1705,907,481
265: 985,1345,201,1290,1571
266: 679,1838,177,132,1578,1525
267: 600,1010,187,26,1599
268: 1712,598,1640,883,81,1858,1299
269: 1788,1057,1126,1901,646,562
270: 1695,906,658,1819,1446,367,1657,33,1726,1098
271: 731,1128,1729,1312,161
272: 135,1133,129,170,734,1851
273: 1626,1403,1553,620,1049,872,1063
274: 593,1495,1177,409
275: 1395,1086,955,1779,1182,682,1868
276: 525,571,346,1789,683,1241,1363,583
277: 1243,1026,986,960,656,1427
278: 929,1876,1216,905,282,1577
279: 462,1790,1430,628,435,777,1282
280: 133,391,1570,880,1463,128,755
281: 613,190,791,1502,1058,503
282: 1216,1987,278,905,1335,1533
283: 2002,1879,1544,555,65,964
284: 1346,972,1483,993,1595,2034
285: 1648,969,1143,222,1651,1576
286: 1382,1814,112,1944,1169,1680
287: 1915,692,586,1199
288: 506,1123,808,1014,1246,1540
289: 1942,1894,46,1445,730,1272
290: 1196,654,467,1556,1937,238
291: 1888,936,587,1617,193,1347
292: 590,2005,1787,339,1496,1011,977
293: 860,237,1546,88,1106,1830
294: 1543,1848,1748,1655,1781,861
295: 1607,210,1895,599,1925,1767
296: 2023,1321,542,793,1281,202,1889
297: 1364,1080,889,441,1676,552
298: 127,0,1126,1319,704
299: 137,582,1204,2041,693,1965
300: 1292,324,1391,1933,975,1217
301: 1227,1553,1802,20,55,437,522
302: 193,925,1347,1811,966,1439
303: 73,1410,720,32,1218,1505
304: 909,1013,1899,846,1569
305: 1380,1559,1985,1275,809,837
306: 1337,665,1047,323,888,1852
307: 1176,1326,1765,835,1890,969
308: 1783,1109,728,1194,1331,474,1685
309: 1154,608,1797,1689,1627,722
310: 923,824,1823,1593,1509
311: 1745,865,1912,573,2044,1841,29,937
312: 94,1629,1462,1850,1854,1120
313: 1438,1677,757,48,1907,425,844
314: 122,1871,1783,2029,1857,196
315: 757,610,1774,1406,1003,1158
316: 686,60,1195,421,1063,1813,1626,1792,810
317: 1668,1115,1099,377,1210,1962
318: 1366,1419,1904,1760,705,849
319: 1345,1369,926,953,1093,1122
320: 794,1841,1632,1532,2044,1159
321: 961,1547,1036,947,1112,952
322: 943,676,1735,1423,1597,49
323: 1758,244,1062,1047,306,888
324: 1292,300,975,1954,851,355,251
325: 34,1775,1356,1628,1448,1703
326: 550,1963,932,1598,69,1376
327: 1382,1420,1611,112,718,1672
328: 1114,828,1466,1950,962,1073
329: 976,574,638,1514,1141,1815
330: 772,1910,1816,139,15,1934,725
331: 1875,1626,1152,60,1792,1946
332: 53,856,397,1238,607,770
333: 1072,879,692,1294,1328,1531
334: 794,1092,1842,1229,1491,1298
335: 709,1195,872,1771,1063,1302,1602
336: 570,107,1303,1117,1442,1444,617
337: 2043,1428,1501,995,712,1485
338: 968,2019,2,1565,1503
339: 1787,1628,1448,292,1496,1011
340: 581,1018,687,1667,1924,1643
341: 1473,1377,372,764,2017,1340
342: 1910,886,602,725,1175,1066
343: 1539,652,1125,43,119,1255
344: 412,1754,1915,1065,1312,749,1623
345: 116,1358,45,686,709,1771,1807
346: 276,571,1789,987,1241,1625
347: 1817,1816,67,1923,1402,609
348: 782,1998,888,1122,1365,1852
349: 1283,1856,204,1427
350: 1610,113,1491,1721,1378,1092
351: 536,1388,1827,456,1105,544
352: 860,1151,150,1560,1546,1137
353: 1118,194,1673,1568,211,1174
354: 1271,1737,1723,378,1371,616
355: 1383,251,1693,851,324,975,792
356: 42,77,908,1829,1638,954,1437,252
357: 1453,380,1498,958,980,1183
358: 1381,1218,730,1505,1272,1755
359: 1740,1103,726,1219,1963,1376
360: 1710,1945,1052,1473,764,538
361: 539,531,156,1408,1863,1379,1033,1716,373
362: 1658,579,1405,1351,1993,1735
363: 615,37,661,1782,1898,1832
364: 1483,635,959,807,1803,972
365: 1202,1046,140,797,775,1805
366: 221,1875,1666,779,1812,1573
367: 1657,33,516,658,1819,270
368: 22,2011,1073,1355,1114,1081
369: 863,1494,1278,18,512,1038
370: 1929,120,924,738,1314,1100
371: 499,9,970,1330,1639,1653
372: 2017,341,1205,871,575,1340
373: 1393,1480,1033,539,1537,1256,361
374: 1443,606
375: 1186,1139,507,1468,1869
376: 602,228,1506,634,528,1835
377: 1428,1099,1501,555,1115,317
378: 1271,354,1572,616,2008,1631
379: 854,543,1061,1618,811,1398
380: 357,1400,1498,10,680,980
381: 589,1782,1509,124,1898,1304
382: 1651,95,825,1589,1911,647
383: 2046,552,1604,1364,1268,1739
384: 141,523,1111,1700,1708
385: 1756,1724,1891,718,1672,1350
386: 713,93,940,1114,962,1081
387: 1163,911,721
388: 998,197,1751,1453,1183,82
389: 1286,106,1061,1490,13,1307
390: 553,1493,1421,1822,1800,1738
391: 133,280,452,753,1570,880,1520
392: 1519,1707,2005,1529,1662,786
393: 1913,1647,1548,1149,558,1575
394: 1220,806,681,1567,164,200
395: 1214,1013,1044,1719,1207
396: 1082,1168,665,2020,1047,566
397: 1274,151,1238,1902,770,332
398: 679,1838,1669,1766,798,988
399: 1864,104,1503,1614,2019,933
400: 1017,1332,881,1901,1588,1234
401: 882,913,126,829,1610,1931,1687
402: 1667,2026,146,47,1969,945
403: 574,1141,1634,1973,36,1844
404: 1121,1533,1270,1470,255,1987
405: 613,1162,838,1058,1557,817
406: 1824,645,563,127,1319,1874
407: 1528,706,556,2027,2006,1460
408: 1379,1480,803,1033,519,1542
409: 1492,168,274,1177
410: 1264,845,910,1698,633,1522
411: 502,198,455,1190,1449,1524
412: 1754,344,1623
413: 2045,594,1222,1893,21,867
414: 653,1245,1235,22,922,253
415: 221,1837,1343,1666,790,560
416: 783,1284,1992,1374,1772,451
417: 1511,1836,1713,1687,882
418: 1431,641,1663,1558,500,1007
419: 1609,1795,1576,95,1765,1606
420: 899,1346,1791,1595,1741,1990
421: 686,316,60,1195,1807,1813,810,1616
422: 816,1166,699,1652,1478,1562
423: 1621,1236,671,981,1711,1306
424: 147,1919,7,1174,983,1361
425: 1438,1677,757,313,950,1406,1144
426: 979,1777,261,1409,1574,916
427: 1411,677,929,1834,220,100
428: 1982,1459,1413,449,1387,185
429: 1419,2037,476,1904,1712,1640
430: 1265,1674,1624,813,673,1432
431: 801,1138,531,232,1528,1460,1497
432: 1795,1606,623,148,1794,1958
433: 707,1995,21,867,1636,111,1465
434: 12,1718,857,592,1702,698
435: 706,777,2006,1179,729,279,1790
436: 1637,526,1040,1796,741,258
437: 1553,1802,301,55,773,620,522,740
438: 1732,1170,1053,655,545,1814
439: 568,629,1847,805,1615,1260
440: 1051,1367,831,1757,1650,956
441: 1364,297,70,889,2004,1035
442: 1457,191,946,524,1980,1918
443: 568,990,1847,984,1131,1436
444: 1895,1925,1908,1178,547,1778,1181
445: 99,1722,1883,1291,1102,524
446: 1458,1253,85,1887,1656,1964
447: 543,1487,1618,771,779,1259
448: 999,24,651,1564,1416,1181
449: 1252,1885,428,1459,1250,185
450: 1554,1967,1077,1277,51,138
451: 1079,966,1772,783,416,994
452: 391,753,880,1520,1808,1107,1327
453: 1412,1633,176,1826
454: 1928,1519,1707,1165,596,255
455: 502,411,198,1932,1584,2001
456: 1935,493,763,1105,351,1827
457: 968,1955,2,650,1028,921,1198
458: 1212,758,1085,643,1232,206,1129
459: 1156,1608,948,703,175,1352
460: 1425,1762,1313,174,16,1938
461: 1440,996,1784,155,1650,1339
462: 279,1430,31,777,1362,1793,1282
463: 910,633,1630,949,1663,1558
464: 254,1939,876,1015,1671,1704
465: 1394,1228,664,1675,587,1617
466: 1809,1383,173,1693,1469,1285
467: 1028,1196,1454,290,1556,247
468: 1475,1742,956,1538,1051,1101
469: 1401,1269,1187,1221,1342,166
470: 1104,657,1385,742,559,1464
471: 1488,1991,680
472: 1411,1645,1516,1684,717,830
473: 1798,1960,1706,69,1582,1309
474: 1726,778,1685,1031,847,308,1194
475: 2023,700,542,1747,1182,1395
476: 2037,429,1547,1036,1712,598,768
477: 1090,648,482,1064,46,614
478: 1822,1116,2013,219,1696,553
479: 1118,1261,626,56,621,1361
480: 1730,234,1229,1799,815,642
481: 134,1201,1155,264,1705,907
482: 477,648,1064,195,186,1224
483: 521,1230,143,109,506,836
484: 1136,1949,1878,1234,565,562
485: 1342,1097,1997,160,1187,2009
486: 1412,68,715,938
487: 1478,1534,750,1353,52,1037,1429
488: 817,2016,1566,695,1524,838
489: 1773,745,853,34,163,1743
490: 80,2021,1370,210,1731,1905
491: 1293,1961,1601,173,1469,1004
492: 218,974,702,1759,1262,2013
493: 1935,456,1185,1903,2024,1827
494: 1833,871,601,63,1205,1096
495: 1679,1119,201,868,1290,582
496: 1642,795,1386
497: 899,1803,158,577,1346,972
498: 1022,1591,103,1583,1292,1391
499: 62,371,1330,1653,1429,1534
500: 1431,1432,418,1663,1674,1024
501: 1654,1149,605,716,1127,1575
502: 411,1596,455,1523,1190,1584
503: 190,1502,281,1041,92,895
504: 1922,671,1334,1110,1050,1306
505: 1055,830,1252,1885,100,1555
506: 1994,288,1123,836,1540,521,483
507: 1869,901,839,1139,375,1078
508: 1440,1784,1231,179,1530,217
509: 2026,1969,1723,70,616,1266
510: 42,954,1258,1372,1418,1518
511: 1124,1048,612,1107,1654,1327
512: 834,1638,1038,1200,18,369
513: 1059,688,796,1060,1872,145
514: 1238,1535,1113,1175,1902,604
515: 136,1190,1449,116,874,1424
516: 1636,367,1257,644,1657,1819,1267
517: 1864,1336,1503,1845,1565,1167
518: 1360,1926,1672,1350,1001,1611
519: 1379,967,408,1542,1482,1276,756
520: 115,936,1552,1090,1145,1445
521: 1230,483,506,1540,1775,165
522: 672,1049,216,2032,1553,301,20,437
523: 384,614,1708,1715,1242
524: 1102,1980,946,442,445,1722
525: 276,683,1241,583,1762,1305,1341
526: 1637,436,1341,1777,1040,1409
527: 550,1376,83,1804,1103,1821
528: 1835,1213,1354,376,228,738
529: 1915,1065,161,1770,64,586
530: 2043,1099,1501,662,1108,691
531: 539,801,1138,1256,361,156,833,431
532: 640,1401,1269,226,61,551
533: 897,1329,1283,1856
534: 80,1300,884,850,2021,1247
535: 224,874,1249,1358,895,1069
536: 1833,351,601,1388,1827,896,101
537: 1434,62,1481,1330,903,2025
538: 1473,1020,85,1377,1887,1945,360
539: 1256,531,361,156,1033,373
540: 1456,1046,140,1015,84,1865
541: 1269,1187,551,711,1311,160
542: 2023,296,1321,475,1395,1281
543: 379,1487,106,447,1061,1618
544: 1635,1362,1105,31,1148,351,1388
545: 655,572,1732,438,211,1673
546: 1895,1767,1589,1744,1094,894
547: 1897,1416,1778,1181,444,1178
548: 588,1396,1518,710,1323,713
549: 1443,606,864,1215,1694,1853
550: 326,932,527,1376,1189,1821
551: 532,1269,226,541,1086,1311
552: 1676,1604,862,383,1364,297
553: 390,1421,87,1822,478,219
554: 998,1818,1067,1520,1808,1426
555: 1115,964,2002,283,1428,377
556: 407,706,1477,1315,2027,971
557: 844,1486,1156,1608,1029,108
558: 1149,1407,1357,41,1548,393
559: 742,1713,1687,470,1464,829
560: 790,1601,1310,1147,415,1343
561: 1763,1375,774,1444,157,617,1045
562: 484,1234,565,1901,1788,269
563: 1176,1824,1326,661,406,645
564: 638,1839,1141,1826,1521
565: 1878,484,1855,562,1788
566: 2020,1047,797,396,1805,1062
567: 249,1912,573,1225,1074,184,1917
568: 439,443,1847,984,1227,1260,55
569: 3,1262,1116,878,235,978
570: 1280,336,678,212,1303,1117
571: 276,1780,346,683,987,1363,1678
572: 904,655,545,1420,1206,1673
573: 311,567,1912,1225,1841,1532,1074
574: 329,403,1514,1141,1844,852
575: 1350,1001,1340,1724,1205,372
576: 181,1825,835,1832,1782,1304
577: 899,497,158,118,1585,1203
578: 142,257,1587,1000,1197,611
579: 1658,875,227,778,1351,362
580: 1030,51,1277,1665,759,260
581: 1739,340,687,1667,1268,945
582: 1679,1119,495,137,299,1204
583: 276,525,1241,1762,16,1692
584: 176,1521,1973,1039,632
585: 1862,745,702,1244,98,618
586: 64,692,1328,287,1915,529
587: 936,291,1552,1617,1394,465
588: 1070,1396,548,1518,236,1418
589: 381,124,1304,1512,1435,1697
590: 1519,1165,2005,292,765,1787
591: 1941,675,1279,920,1596,1523
592: 12,1718,1643,225,434,1592
593: 274,1495,7,1927,1919
594: 2045,413,21,150,1560,1465
595: 1201,988,1586,1705,1776,1766
596: 1707,454,255,1987,905,97
597: 1709,1988,1983,1733,1173,660
598: 1712,883,268,243,476,768,1120
599: 295,210,647,1767,1143,207,1370
600: 1010,2028,267
601: 536,1833,494,2024,1827,1096
602: 376,725,1506,342,1066,1835
603: 1106,1664,1896,761,860,150
604: 1238,514,1113,1944,1680,856
605: 1654,501,1127,1124,129,170
606: 374,1443,549,1215,1670
607: 1348,1881,770,53,332,1914
608: 309,1368,1154,1689,1592,12
609: 1392,1402,347,1923,1749,223
610: 1971,1438,757,315,1003,1956
611: 157,1045,1587,578,142,1975
612: 1781,861,511,1936,1124,1048
613: 405,791,1068,1058,1557,281
614: 477,1064,46,1708,1242,523
615: 1720,363,1900,37,1824,661
616: 1266,2008,1723,378,354,509
617: 1375,561,1444,2000,336,107,1303
618: 1800,98,1828,153,1738,1862,585
619: 35,1836,882,126,1067,1751
620: 1553,437,1049,273,740,1403
621: 56,1334,983,1110,1361,479
622: 1014,1246,652,1125,1909,1161
623: 432,1606,825,1794,690,1349
624: 2031,729,149,1296,1477,1179
625: 1961,1259,1209,934,1398,1618
626: 479,1118,194,1476,1261,1671
627: 1522,1301,1579,1044,1899,845
628: 2030,279,13,1790,1430,1307
629: 439,1769,72,1847,802,1615
630: 1603,685,1186,1468
631: 943,1993,248,262,131,1510
632: 1039,1957,1634,584,1973
633: 841,463,1264,410,910,1630
634: 376,228,1731,1506,914,666
635: 364,959,1173,1527,1733,1803
636: 826,1510,1974,1447,1551,1873,262
637: 1823,827,1900,37,1316,824
638: 976,329,1839,564,1141,2003
639: 1151,1161,1137,1325,800,769,1025
640: 1401,532,61,915,1727,105,1966
641: 1223,418,1558,1007,1594,1786
642: 815,1298,649,751,480,1229
643: 130,2031,149,1232,206,458
644: 1636,1257,516,1932,1208,1267
645: 1326,406,563,1012,1319,1609
646: 1422,848,1588,1901,269,1057
647: 599,1767,382,1651,1589,1143,207
648: 477,1090,482,1145,2040,186
649: 1298,1380,642,751,159,1159
650: 457,2,1198,1083,1486,1029
651: 1935,999,763,1248,448,1564
652: 1125,343,622,237,1909,1255
653: 5,1681,1245,414,1297,1235
654: 762,290,1866,1556,238,1299
655: 1382,545,1420,1814,572,438
656: 1130,1758,1649,1233,277,1026,960
657: 1104,787,110,470,742,260
658: 1819,869,1157,1446,367,1098,270
659: 1084,1160,2041,1764,172,1204
660: 1393,1173,1480,803,597,1988
661: 1176,1824,563,615,363,1832
662: 530,1108,26,691,1180,1996
663: 1220,1266,1567,818,146,1969
664: 1394,1228,1493,465,1421,893
665: 1168,1047,396,19,1337,306
666: 2021,1247,1100,228,1731,634
667: 1682,1661,1251,1274
668: 1948,66,1276,756,1408,1226
669: 1668,1115,964,1021,1886,1513
670: 1951,121,1697,1417,911,721
671: 504,1334,1699,981,1306,423
672: 16,522,1701,216,1692,2032,1938
673: 1624,1504,813,1728,1000,430
674: 1861,1470,43,119,1928,1761
675: 1941,1212,810,1279,591,1616
676: 943,322,1613,131,1537,49
677: 1411,427,723,1645,1577,929
678: 258,570,212,1117,1442,741,1780,1363
679: 1838,1669,398,177,8,266
680: 471,10,1991,380,1400
681: 2008,394,806,1631,1567,855
682: 873,1779,1182,2011,1868,275
683: 276,525,571,1363,1637,1341
684: 1034,257,1373,1624,1431,1432
685: 1603,99,1883,630,1468,737
686: 316,1195,1771,421,1807,345,1616
687: 1739,581,1018,1367,340,831
688: 78,1059,1851,890,513,1060
689: 1922,1840,1050
690: 1971,1140,1794,623,1349,1956
691: 11,1180,1962,1099,662,530
692: 1072,333,586,1328,287,1199
693: 1976,925,1079,2041,299,1965
694: 1231,23,27,2014,870,1095
695: 488,1524,1424,838,1153,1449
696: 1512,181,1690,772,1816,67
697: 1568,1495,1177,211,1732,885
698: 857,434,1702,1641,1344,1320
699: 1166,19,2025,1337,422,1652
700: 2023,475,1664,256,761,1747
701: 1605,785,1768,1876,902,1834
702: 218,492,1862,1773,974,745,585
703: 1192,1581,1352,1517,459,948
704: 0,298,1319,1981,1336,1958,1012
705: 1184,849,238,1904,318,762
706: 435,407,556,1477,2006,1179
707: 2016,1566,1995,433,1208,1636
708: 2030,13,178,1286,1248,1906
709: 1195,335,1771,1602,2039,1820,45,1069,345
710: 1489,1396,548,1081,713,1355
711: 1027,1311,541,1324,1414,160
712: 50,1472,1485,2002,337,1428
713: 386,1323,93,548,1081,710
714: 2022,1759,1979,143,1590,878,1545
715: 938,1849,1846,1412,486,1633
716: 1654,1149,501,1327,1407,753
717: 1670,1516,1215,214,1645,472
718: 898,385,1891,327,112,1672
719: 1375,774,2000,1389,77,834,1829
720: 303,73,32,1965,1146,1976
721: 387,1163,911,1717,670,121
722: 309,1154,1797,72,1831,1131
723: 214,677,1645,1577,76,1860
724: 1526,231,930,1867,767,1042
725: 602,15,1506,1910,342,330
726: 1957,1219,744,1740,359
727: 1030,1989,51,138
728: 1109,308,1545,1194,2022,109
729: 624,1296,1490,1790,1307,435,1179
730: 1381,939,358,1272,1942,289
731: 1770,1297,1128,1451,271,1612,161
732: 1384,263,1635,1362,1507,1793
733: 1464,1541,1730,234,1536,1385
734: 78,1851,135,272,1644
735: 2046,1172,1843,1604,996,1757
736: 1948,1458,66,1020,1659,1322,1377
737: 739,1468,1091,1869,685,1883
738: 120,370,228,1100,528,1213
739: 1091,737,1883,1291,1196
740: 1837,1343,1403,773,437,620
741: 1796,229,1442,436,258,678,1117
742: 1665,1713,559,260,657,470
743: 1525,1737,789,932,1598,1578
744: 1740,726
745: 1862,1773,489,702,585,1244,163
746: 1076,1019,1101,1475,1071,71
747: 1032,754,1700,795,1111,1386
748: 1119,868,1404,1289
749: 1623,180,4,344,1312
750: 1992,487,1353,1374,993,1037
751: 815,649,1380,642,1559,1287
752: 1273,1710,1397,1939,1359,84
753: 452,391,880,1327,716,1407
754: 1032,1484,1210,1700,747,1009
755: 1471,1721,1378,133,280,128
756: 1482,66,1276,668,1253,1379,519
757: 1971,1438,313,610,425,315,1774,1406,1144
758: 1212,810,458,1813,1792,1232
759: 935,1665,1511,1030,1810,580
760: 1888,1347,1811,73,1505,1755
761: 256,1070,1896,700,1106,1664,603
762: 654,705,238,1904,1640,1299
763: 1935,456,1105,1248,651,1906,1148
764: 1473,341,1688,1340,1052,360
765: 590,1165,1761,1787,1002,1188
766: 1010,187,1387,2042,1622,1413
767: 1797,1627,724,231,1042,1769
768: 1629,1120,476,1547,1712,598
769: 111,1325,800,1257,1657,33,1025,639
770: 1348,607,1661,1274,397,332
771: 1666,1293,779,790,1259,447
772: 1816,330,139,1690,696,1934
773: 1802,919,437,1147,740,1343
774: 719,1375,561,1200,1045,834
775: 986,960,1236,1202,365,1805
776: 1250,1055,1252
777: 232,435,2006,462,279,1790,1282
778: 1658,1726,579,474,875,1685,1031
779: 1666,771,366,1487,447,1573
780: 971,1129,1561,89,1447,102
781: 1742,233,1799,1452,1287,815
782: 953,348,1122,1365,125,1764
783: 416,1295,1284,966,451,1439
784: 2047,30,840,1454,1955,1455
785: 1982,1459,701,1605,1834,220
786: 977,1662,1461,1472,2005,392
787: 1104,657,1530,110,1095,2038
788: 130,2031,1812,1296,1573,1953
789: 1737,743,1371,1598,1582,250
790: 1666,771,1293,1601,560,415
791: 613,1502,1068,1389,281,1736,77
792: 1433,1318,246,851,355,1693
793: 1027,1281,296,202,1474,1889,1414
794: 320,334,1632,1092,1298,1159
795: 496,1642,11,1032,747,1386
796: 1059,513,1127,1575,1647,1872
797: 2020,566,365,140,1805,1062
798: 1669,398,1952,1660,57,988
799: 1892,1689,1627,818,231,1054
800: 1325,769,639,1161,808,1246
801: 1138,1256,531,431,1460,1497,1613,131
802: 1042,1933,1615,1217,1769,629
803: 1173,408,1480,660,1527,1542
804: 1586,44,1776
805: 439,1308,1615,1135,1549,1260,1317
806: 394,681,1714,1112,855,164
807: 1483,52,364,959,1037,1023
808: 1695,288,1123,1325,800,33,1246
809: 1777,1040,1275,916,305,837
810: 1212,675,758,1616,316,421,1813
811: 86,1897,1398,1239,854,379
812: 1942,1715,1894,1242
813: 1728,41,673,1548,1265,430
814: 1774,1433,189,1406,1285,25,1940
815: 642,751,781,480,1799,1287
816: 422,1652,1562,1365,125,1237
817: 1399,2016,488,405,1162,838,1164
818: 146,1220,663,1054,1892,799
819: 229,1442,937,1745,1986,107
820: 1171,1017,1332,240
821: 992,1620,1209,1600,209,934
822: 1335,2009,858,1860,1997,1216
823: 54,1329,1977,1130,188,1233
824: 1316,1823,637,310
825: 382,95,1606,623,1349,1911
826: 636,89,1510,1211,1447,2027,248
827: 637,167,1900,230,1263,1316
828: 1594,931,328,114,1466,1950
829: 913,401,559,1687,1464,1536
830: 505,100,1411,472,1684,1555
831: 440,1739,1367,687,1757,2046
832: 134,1155,1508,1725,1760,1366
833: 1138,531,156,232,1507,1793,1863,1282
834: 77,512,1829,1638,719,1200,774
835: 1825,576,1832,1890,1176,307
836: 1994,1031,506,847,1123,483,109
837: 1796,1134,305,1985,809,1040
838: 405,1058,1153,817,695,488
839: 507,840,901,1078,1338,2047
840: 901,247,839,1454,2047,784
841: 1729,1264,633,1630,1499,1128
842: 1921,1728,41,1357,1570,1463
843: 1683,58,2001,869,169,1584
844: 1608,557,108,1677,313,1907
845: 410,1698,1522,627,1044,1207
846: 304,1899,890,1569,1060,1579
847: 1994,1031,836,474,1194,109
848: 1422,646,30,1845,1057,1167
849: 1184,1980,1918,1760,705,318
850: 534,80,1300,1607,1908,24
851: 246,1954,324,975,792,355,1693
852: 1844,1960,574,1514,1080,1676
853: 1703,1979,1590,34,218,1773,489
854: 1286,379,1061,811,1239,178
855: 59,1112,952,806,1631,681
856: 53,1170,332,1680,1238,604
857: 12,434,698,1154,1831,1320
858: 1121,1324,1335,1533,2009,822,1474
859: 1543,958,980,1089
860: 150,293,1560,1546,352,1106,603
861: 1781,1936,612,294,1655,1970
862: 1676,1172,552,1604,1815,1514
863: 369,1494,1880,1278,93,940
864: 1752,1443,549,79,166,1853
865: 311,1745,1978,1912,1986,1225,1763
866: 1801,135,1133,1970
867: 1164,1222,413,21,1399,1995,433
868: 1119,201,495,748,1999
869: 658,1819,58,843,2001,1157,1267
870: 2038,891,27,2015,694,1095
871: 1833,494,144,1205,372,2017
872: 1195,335,1063,1302,1049,1602,273
873: 1182,682,2011,1355,1489,1747
874: 116,535,1249,1358,1424,515
875: 1726,1098,579,227,778,1351,1446
876: 1015,1671,464,1261,1087,1456
877: 1947,1670,1516
878: 1109,235,1545,1759,714,1262,569
879: 1072,333,1294,1563
880: 280,1357,452,391,753,1570,1407
881: 1078,1332,242,400,1338,1588
882: 126,1931,401,417,1836,1687,619
883: 1712,598,268,973,1858,243
884: 534,1314,1300,1247,1903,1185
885: 1732,168,1914,1053,697,1177
886: 1910,1817,342,1923,1535,1175
887: 1972,147,1927,1919
888: 1998,348,1852,306,244,323
889: 1309,297,1080,441,2004,250
890: 78,688,1569,2007,1060,846
891: 1554,2038,1959,1077,870,2015
892: 1740,1804,1103
893: 1150,1394,664,1493,2040
894: 1744,1094,1984,1895,546,1178
895: 224,535,1249,1041,190,503
896: 536,1833,144,1388,199,101,1322
897: 533,1191,54,1329
898: 1213,1354,1169,718,1891,112
899: 497,577,420,1346,1791,1203
900: 254,1704,1005,14,1360,1926
901: 507,840,1091,1869,247,839
902: 1876,905,97,1529,701,1768
903: 19,2025,1884,537,1481,1168
904: 1420,572,1611,1926,1206,1005
905: 1876,1987,278,902,97,282,596
906: 1994,1031,1695,270,33,1726,1098
907: 2010,264,481,1155
908: 356,77,1829,954,1437,1068,1557
909: 1214,1013,304
910: 463,410,633,949,1522,245
911: 387,721,1870,1417,670
912: 1339,233,1538,1440,1142,217
913: 829,1610,401,1491,1842,1536
914: 15,1731,1905,1515,1506,634
915: 951,5,1727,1531,640,61,105
916: 1275,1574,1619,426,809,1777
917: 1356,1002,165,1188,1920,1539
918: 1273,1397,1884,239,1481,1082
919: 1802,55,773,1317,1750,1549,1147
920: 102,1279,591,1523,1580,1561,1683
921: 1028,1866,1556,1198,457,1955
922: 22,1779,1868,1441,1245,414
923: 1870,310,1593
924: 63,1929,1756,120,370,1096
925: 1976,302,1079,693,1811,966
926: 319,1345,953,1084,1679,1290
927: 1450,1967
928: 1051,1018,1367,1475,1071,225
929: 1876,278,1834,427,677,1577
930: 1288,1526,724,1583,2048,1867
931: 1594,114,828,1223,1499,1612
932: 550,326,1598,1578,1189,743
933: 1140,48,1907,104,399,1614
934: 1620,1209,821,1004,1961,625
935: 1511,759,1810,1991,1806,1400
936: 1888,115,520,587,291,1552
937: 29,819,229,1442,1056,1134,311,1745
938: 2015,715,1846,486,68,1959
939: 1381,730,1942
940: 863,1880,386,93,962,941
941: 1950,1786,962,1968,1880,940
942: 1982,1413,1605,259,205,1622
943: 322,1993,1613,676,631,131,1735
944: 6,1861,119,1255,1254,1830
945: 1667,402,2026,1268,1035,581
946: 96,1457,442,1722,524
947: 1547,1714,321,1112,1629,1462
948: 1156,1746,459,973,1517,703
949: 463,910,1132,1024,245,1663
950: 1318,1144,175,965,1677,425
951: 5,1681,915,64,1328,1531
952: 59,1691,961,321,1112,855
953: 782,1122,1084,1764,319,926
954: 42,356,908,510,1437,252,1372
955: 1395,1086,1027,1311,1281,275
956: 1650,1339,468,1538,1051,440
957: 1243,1621,1711,204
958: 859,1543,1748,980,1183,357
959: 635,364,807,1023,1753,1527
960: 775,277,986,1649,656,1805
961: 1691,1036,321,952,1952,1916
962: 328,1114,1950,941,386,940
963: 44,1075,1821,83
964: 555,65,1115,669,1886,283
965: 175,246,1352,1882,950,1318,1144
966: 925,302,1079,451,1439,783
967: 519,1542,1482,9,1639,1753
968: 457,1955,2,338,1565,1455
969: 285,222,307,1576,1765,1890
970: 1434,371,9,1330,1656,1964
971: 1129,89,780,206,556,1315,2027
972: 284,1803,497,1346,1483,364
973: 883,1858,243,1517,1746,948
974: 492,1862,702,1822,2013,1738
975: 1308,324,1933,300,851,355,251,1135
976: 638,329,982,2003,1815,192
977: 786,50,1472,2005,292,1011
978: 1871,2029,235,3,1585,569
979: 426,261,208,1574,1641,2035
980: 859,958,10,1089,357,380
981: 1202,91,671,1699,423,1236
982: 182,2003,2014,976,192,1390
983: 1110,621,1361,147,1415,424
984: 568,443,1436,203,1227,20
985: 1479,1345,74,265,1369,1571
986: 775,277,1243,1621,960,1236
987: 571,346,1789,1041,1625,1678,224
988: 1660,595,1201,1766,398,798
989: 1741,1295,1193,1016,1859,1675
990: 443,1831,1131,1436,1930,1320
991: 1289,1943,1410,1404,32
992: 1984,1209,821,209,86,1778
993: 750,1374,1483,1037,284,2034
994: 1160,2041,75,1772,1079,451
995: 337,2043,205,1485,2042,1622
996: 155,461,735,1843,1757,1650
997: 1462,1854,1714,1288,164,2048
998: 388,1067,1808,197,554,1751
999: 1935,24,651,1185,448,1300
1000: 1624,1504,673,1197,578,257
1001: 1688,1360,518,575,1350,1340
1002: 1787,1356,1448,917,1188,765
1003: 1467,38,1956,610,315,171,1158
1004: 1620,934,1940,1469,491,1961
1005: 1704,900,904,1926,1206,1476
1006: 1992,1353,1562,1772,1237,75
1007: 1431,641,418,1034,1968,1786
1008: 1648,1043,222,2018,139,1934,1515
1009: 754,1484,1224,1700,1708,1064
1010: 600,2028,766,267,187,1387
1011: 1496,1646,1544,339,292,977,50
1012: 645,1319,704,1958,1609,1795
1013: 1214,909,304,1044,1899,395
1014: 1246,1920,1125,622,1540,288
1015: 1939,876,464,84,540,1456
1016: 989,1595,1741,1295,1284,2034
1017: 820,1332,400,1949,1234
1018: 1367,340,928,687,1643,225
1019: 1076,1452,123,746,1619,1101
1020: 1473,1659,85,1377,538,736,1458
1021: 1668,669,195,1513,1484,1224
1022: 1192,1581,1591,498,103,1850
1023: 52,959,807,1639,1653,1753
1024: 1132,1674,39,1663,500,949
1025: 111,769,1257,639,1137,1465
1026: 277,656,1233,1856,1427
1027: 711,793,1311,1281,955,1414
1028: 1454,921,467,1556,457,1955
1029: 1486,1156,557,1746,1083,650
1030: 727,1989,51,1810,580,759
1031: 1994,847,1695,906,836,1726,1098,474,778
1032: 754,1210,747,795,11,1962
1033: 1379,408,1480,1716,373,539,361
1034: 684,1968,183,1373,1431,1007
1035: 1364,70,441,2026,1268,945
1036: 961,1547,321,1916,2037,476
1037: 1483,52,807,1429,487,750,993
1038: 42,512,1638,369,1494,1258
1039: 632,584
1040: 526,436,809,1777,837,1796
1041: 987,1625,1678,92,224,895,503
1042: 802,1217,724,1867,767,1769
1043: 1648,1008,207,1370,1905,1515
1044: 1013,1899,395,627,845,1207
1045: 1375,561,1200,774,611,157,1975
1046: 1202,91,540,365,1456,140
1047: 665,566,396,306,323,1062
1048: 1781,82,511,612,1107,197
1049: 1302,522,216,1553,620,273,872
1050: 1840,154,1306,504,1922,689
1051: 440,1367,928,1475,468,956
1052: 1710,360,1688,764,1359,14
1053: 53,1732,1170,885,1914,438
1054: 1526,231,200,1220,818,799
1055: 505,1252,1555,776
1056: 29,937,1134,2044,159,1985
1057: 269,1167,0,1126,848,646
1058: 613,190,405,838,281,1153
1059: 170,688,796,1851,513,1127
1060: 145,1579,688,890,513,846
1061: 1286,854,379,543,389,106
1062: 1758,323,1649,1805,1047,797,566
1063: 316,60,1195,872,335,273,1626
1064: 477,482,614,1224,1708,1009
1065: 1915,344,529,1312,161
1066: 17,1835,342,602,1113,1175
1067: 998,1818,554,1751,619,126
1068: 613,791,1389,1557,77,908
1069: 1820,224,535,1358,45,1789,1625,709
1070: 256,588,1396,761,236,1896
1071: 1718,71,225,928,1475,746
1072: 879,692,333,1199
1073: 22,2011,368,253,328,1114,1466
1074: 1471,1532,128,567,573,1917
1075: 963,1189,1686,44,1821,132
1076: 1574,746,1619,1019,71,208
1077: 1554,1967,891,1959,450,1450
1078: 242,881,1139,507,839,1338
1079: 925,693,966,451,994,1160,2041
1080: 1309,297,889,1960,852,1676
1081: 710,386,713,1114,368,1355
1082: 1168,2020,1865,396,1273,918,1884
1083: 81,1858,1198,650,1746,1029
1084: 659,1764,953,926,1679,1204
1085: 1212,458,102,1279,206,1129
1086: 1311,275,955,1868,226,551
1087: 91,1456,1261,876,56,1699
1088: 1551,58,1157,1446,1873,227
1089: 2033,10,859,980
1090: 477,648,1145,46,1445,520
1091: 739,1869,737,901,247,1196
1092: 794,334,1378,1632,1491,350
1093: 1998,1122,188,1977,319,1369
1094: 38,1744,894,1984,171,209,546
1095: 787,1530,2038,870,694,1231
1096: 63,1929,924,601,494,2024
1097: 1342,76,485,1694,1997,1853
1098: 1726,875,658,1446,1031,906,270
1099: 1501,530,377,317,691,1962
1100: 1314,1247,666,228,738,370
1101: 1452,746,1019,1475,1742,468
1102: 1184,1937,524,1980,445,1291
1103: 892,1740,1804,359,527,1376
1104: 787,179,657,1530,1385,470
1105: 456,763,1906,1148,351,1388,544
1106: 88,1664,1830,603,761,860,293,1546
1107: 511,1048,1808,197,452,1327
1108: 2043,662,530,187,26,2042
1109: 1871,1783,308,878,235,728,1545
1110: 504,1922,1334,983,621,1415
1111: 141,1333,384,1700,747,1386
1112: 1714,947,321,952,855,806
1113: 514,1175,604,17,1066,1944
1114: 328,962,386,1081,368,1073
1115: 1668,555,669,964,317,377
1116: 478,3,1262,2013,569,1696
1117: 336,570,678,107,1442,741
1118: 479,353,194,626,1174,1361
1119: 868,495,137,748,582
1120: 312,94,768,1629,598,243
1121: 1533,858,1474,1889,404,1270
1122: 953,782,1998,1093,348,319
1123: 1994,506,1695,288,836,808
1124: 511,1936,612,129,1654,605
1125: 1014,1920,1539,652,343,622
1126: 1788,269,1057,127,0,298
1127: 501,605,1575,170,1059,796
1128: 731,1499,1451,271,1612,841,1729
1129: 971,1561,780,206,458,102,1085,1315
1130: 1758,244,188,656,1233,823
1131: 443,990,72,1831,1847,722
1132: 2036,39,1024,90,245,949
1133: 866,135,1970,129,272,1936
1134: 837,1796,229,937,1056,1985
1135: 251,117,1750,1549,1308,975,1615,805,1317
1136: 230,1949,1878,484
1137: 1151,639,1560,352,1465,111,1025
1138: 801,531,156,833,431,232,1528,1282
1139: 375,507,1078,242
1140: 1971,690,48,933,104,1794
1141: 574,638,329,403,564,1521,1973
1142: 1541,1730,1799,217,233,912
1143: 1648,285,207,1651,599,647
1144: 950,189,1406,1318,965,757,425
1145: 1090,648,2040,520,1552
1146: 720,1404,32,1965,137
1147: 1750,1310,919,773,560,1343
1148: 2030,1430,31,763,1105,1906,544
1149: 501,716,558,1575,1407,393
1150: 1800,1240,153,186,893,1493,2040
1151: 639,1560,1909,1546,1161,352,1137
1152: 221,1875,331,1837,1626,1403,60
1153: 190,838,1058,1249,1424,695
1154: 309,608,722,12,857,1831
1155: 134,832,481,1725,907
1156: 1608,557,1746,459,1029,948
1157: 658,1819,58,869,1088,1446
1158: 1600,171,25,315,1774,1003
1159: 1298,649,2044,159,320,794
1160: 994,659,2041,75,172,1079,1204
1161: 1151,639,1909,800,1246,622
1162: 405,1557,1437,1399,817,252,1164
1163: 387,721,1717
1164: 252,1222,867,1162,1437,1399,817,1995
1165: 1928,1519,590,454,1761,765
1166: 2025,699,422,62,1478,1534
1167: 1057,0,848,1845,1336,517
1168: 1082,665,396,1884,19,903
1169: 17,1944,1354,898,286,112
1170: 53,1053,438,1680,856,1814
1171: 820,1332,242
1172: 735,1843,1604,1815,862,192
1173: 803,660,1527,597,1733,635
1174: 1568,7,353,1118,424,1361
1175: 1535,514,1113,886,342,1066
1176: 307,1326,661,563,835,1832
1177: 274,697,1495,168,885,409
1178: 1895,444,1925,894,1984,547,1778
1179: 435,706,1477,624,729,1790
1180: 1642,11,691,662,1996
1181: 547,1416,444,1908,24,448
1182: 873,682,1747,475,1395,275
1183: 958,1748,357,1453,388,82
1184: 1937,1102,1980,705,849,238
1185: 1935,999,493,1300,884,1903
1186: 375,630,1468
1187: 469,1269,541,1342,485,160
1188: 1002,917,1539,43,1761,765
1189: 1075,1821,132,550,932,1578
1190: 502,515,411,1596,136,1449
1191: 897,54,1479,74
1192: 1022,703,1581,1352,1882,1591
1193: 989,1295,1675,193,1439,1617
1194: 308,728,474,1685,847,2022,109
1195: 686,709,316,872,335,1771,421,1063
1196: 290,467,1291,1937,739,1091,247
1197: 1504,1000,184,249,1587,578
1198: 921,1866,81,1083,457,650
1199: 287,1072,692
1200: 774,1045,1975,18,512,834
1201: 134,1660,481,595,988,1705
1202: 91,365,1046,981,775,1236
1203: 3,1791,1585,1696,899,577
1204: 1679,582,299,659,1084,1160,2041
1205: 63,1724,871,494,575,372
1206: 194,1476,1673,904,572,1005
1207: 1719,180,1044,395,845,1698
1208: 707,1566,198,1932,1267,1636,644
1209: 992,821,934,625,86,1398
1210: 1032,754,1484,1668,317,1962
1211: 826,89,1510,2027,1460,248,1497
1212: 675,810,458,1279,758,1085
1213: 528,1354,898,120,1891,738
1214: 909,1013,395
1215: 606,549,1694,214,1670,717
1216: 278,282,1335,822,1860,1577
1217: 1391,1042,1933,300,802,1867
1218: 162,1381,358,1505,303,1410
1219: 726,1957,359,1963,1798,152
1220: 394,1567,663,818,200,1054
1221: 469,1401,241,79,1966,166
1222: 252,1372,1164,1893,413,867
1223: 641,1558,1630,1594,931,1499
1224: 1484,1009,195,1021,482,1064
1225: 249,865,567,1978,1912,573,1587,184
1226: 1384,263,1408,199,1948,668
1227: 1260,301,20,55,1317,568,984,203
1228: 1859,664,1675,465,1421,87
1229: 1842,234,480,1298,642,334
1230: 521,1703,1979,483,143,1775
1231: 694,1784,508,23,1530,1095
1232: 130,1792,643,1946,1813,458,758
1233: 1130,656,1026,1329,823
1234: 1949,484,562,1017,400,1901
1235: 1297,1451,114,1466,253,653,414
1236: 775,986,1621,423,1202,981
1237: 75,172,816,1562,1006,125
1238: 514,1902,604,397,332,856
1239: 1897,811,1564,1416,178,854
1240: 195,1150,1828,1513,153,186
1241: 276,525,346,1789,583,1692,2039
1242: 812,1715,1894,46,614,523
1243: 277,957,986,1621,204,1427
1244: 1879,163,745,585,98,65
1245: 653,5,1727,1441,414,922
1246: 1014,622,800,1161,288,808
1247: 534,1314,884,2021,1100,666
1248: 763,651,1906,1564,178,708
1249: 535,874,895,1424,190,1153
1250: 1785,185,776,1252,449
1251: 1682,667,1274,1749,151,213
1252: 1055,505,449,1885,1250,776
1253: 446,1482,1458,66,756,1964
1254: 88,1321,1830,944,6,202
1255: 944,119,237,1830,652,343
1256: 539,1537,801,531,1613,373
1257: 1636,111,769,644,1657,1025,516
1258: 1494,1323,42,510,1038,1518
1259: 771,1293,1961,625,447,1618
1260: 1227,55,1317,439,568,805
1261: 479,626,876,1671,56,1087
1262: 1116,2013,569,878,1759,218,492
1263: 1316,230,827
1264: 841,1729,410,1698,633,4
1265: 1913,1548,1674,39,430,813
1266: 616,2008,1567,663,509,1969
1267: 1819,2001,869,1932,1208,644,516
1268: 945,1364,1035,383,1739,581
1269: 469,1401,532,1187,541,551
1270: 6,1861,1470,1121,1889,404
1271: 1525,1737,378,354,1572,177
1272: 730,358,1755,115,1445,289
1273: 918,752,1397,84,1082,1865
1274: 667,1661,1251,151,397,770
1275: 123,1619,916,305,1559,809
1276: 756,668,1408,1379,519,1716
1277: 1554,450,51,580,110,260
1278: 369,863,1880,1550,183,18
1279: 1212,675,102,920,591,1085
1280: 570,92,212,1303,1736,1502
1281: 1395,793,1027,955,296,542,1414
1282: 1362,1507,1793,462,279,232,777,2006,1138,833
1283: 349,1856,533
1284: 783,416,1295,2034,1016,1374
1285: 1433,189,814,466,1693,1469,1940
1286: 854,389,1061,178,708,13
1287: 1452,123,781,815,751,1559
1288: 1526,164,930,200,2048,997
1289: 991,748,1404
1290: 1679,201,495,1345,265,926
1291: 445,1883,1937,1102,739,1196
1292: 324,1391,300,1954,1591,498
1293: 491,771,1961,790,1601,1259
1294: 879,333,1531,1563,1877,105
1295: 783,989,1193,1284,1016,1439
1296: 2031,624,729,788,1953,1490
1297: 731,1770,1451,1235,653,1681
1298: 649,642,1159,1229,794,334
1299: 1640,268,81,762,654,1866
1300: 534,884,850,999,24,1185
1301: 1522,90,245,145,627,1579
1302: 1049,1602,1701,216,872,335
1303: 1280,336,570,1736,617,2000,1389
1304: 589,381,1782,1512,181,576
1305: 1341,261,1409,1762,1313,525
1306: 154,1711,1050,504,671,423
1307: 13,1790,628,389,1490,729
1308: 1933,975,1615,805,251,1135
1309: 1080,889,250,1582,1960,473
1310: 1809,173,1750,1147,1601,560
1311: 711,1086,1027,955,541,551
1312: 344,1065,161,1729,749,4,271
1313: 1762,174,2035,460,1305,261
1314: 884,1247,1100,1903,1929,370
1315: 556,1477,149,206,971,1129
1316: 1263,824,827,637
1317: 1227,1260,1802,55,919,805,1135,1549
1318: 792,950,1433,189,1144,246,965
1319: 127,298,704,406,645,1012
1320: 1930,1344,857,698,990,1831
1321: 88,2023,296,542,1254,202
1322: 1659,144,896,199,736,1948
1323: 1494,1258,713,93,548,1518
1324: 2009,858,1474,1414,711,160
1325: 800,769,1657,33,639,1695,808
1326: 1176,307,645,563,1609,1765
1327: 1654,716,511,1107,452,753
1328: 64,692,333,586,1531,951
1329: 897,533,54,823,1233,1856
1330: 499,1434,62,537,371,970
1331: 122,1783,308,1658,1685,1405
1332: 820,1171,1017,242,400,881
1333: 141,1111,1386
1334: 56,504,671,1110,621,1699
1335: 1533,858,822,1216,282
1336: 1864,1981,517,1167,0,704
1337: 19,699,306,1652,665,1852
1338: 1422,2047,1588,839,1078,881
1339: 1650,956,912,1538,1440,461
1340: 1688,575,1001,372,764,341
1341: 1637,526,1305,1409,525,683,1363
1342: 485,1097,166,1853,469,1187
1343: 415,740,1837,1147,773,560
1344: 1641,1930,174,2035,1320,698
1345: 319,985,265,1369,926,1290
1346: 284,899,497,420,972,1595
1347: 193,302,1811,1888,760,291
1348: 1881,607,770,1661
1349: 1911,1467,1956,690,623,825
1350: 518,575,1672,1001,1724,385
1351: 579,875,227,362,1873,1993,262
1352: 703,175,1192,965,1882,459
1353: 1992,487,1478,750,1562,1006
1354: 17,528,1835,1213,898,1169
1355: 873,2011,368,1489,1081,710
1356: 1775,325,1002,1448,165,917
1357: 1570,880,558,1407,842,41
1358: 116,535,874,45,1069,345
1359: 254,1939,14,752,1710,1052
1360: 1688,518,1926,1001,900,14
1361: 983,621,1174,479,1118,424
1362: 1635,1793,732,1282,544,462,31
1363: 276,571,1780,683,1678,1637,1341,258,678
1364: 297,441,1035,552,383,1268
1365: 782,348,125,1852,816,1652
1366: 1419,28,318,832,1508,1760
1367: 1051,440,1018,928,831,687
1368: 1892,608,1689,1592,47,1924
1369: 319,985,1345,74,1093,1977
1370: 1043,207,210,599,1905,490
1371: 1737,1723,354,789,2004,250
1372: 252,1418,1222,1893,510,954
1373: 1034,684,142,1550,257,183
1374: 1992,750,993,416,1284,2034
1375: 719,561,774,1444,617,1045,2000
1376: 550,326,1963,527,1103,359
1377: 1473,1020,1659,2017,341,538,736
1378: 1471,755,1721,1632,1092,350
1379: 408,1480,1033,519,1542,1716,361,1276,756
1380: 649,751,159,305,1559,1985
1381: 162,939,1218,730,358
1382: 655,327,1420,1814,286,112
1383: 466,355,1809,251,117,1693
1384: 263,1635,199,101,732,1226
1385: 1104,179,470,1464,1541,733
1386: 747,496,795,1333,1111
1387: 1010,2028,766,428,1413,185
1388: 536,351,896,1105,1635,101,544
1389: 791,1068,1303,1736,719,2000,77
1390: 155,23,982,2014,1843,192
1391: 1292,300,1217,1583,1867,498
1392: 1951,1402,609,121,213,1749
1393: 1480,660,373,1537,1988,49
1394: 664,465,893,587,1552,2040
1395: 1281,275,955,1182,542,475
1396: 256,1070,1489,588,548,710
1397: 1273,918,752,1710,1945,239
1398: 86,811,1209,625,379,1618
1399: 817,2016,1995,1162,1164,867
1400: 380,1806,1498,1991,680,935
1401: 640,469,532,1269,1221,1966
1402: 1392,1951,609,1435,347,67
1403: 273,740,1837,1626,1152,620
1404: 32,1146,748,1289,991
1405: 1658,362,1735,1597,122,1331
1406: 1774,189,814,1144,757,425,315
1407: 1149,716,558,1357,753,880
1408: 263,1226,1863,361,1276,668,1716
1409: 526,1305,426,1341,1777,261
1410: 303,32,162,1218,1943,991
1411: 427,677,1645,472,830,100
1412: 453,486,1633,715
1413: 1982,428,942,766,1387,1622
1414: 1324,1474,711,793,1027,1281
1415: 1972,147,1922,983,1110
1416: 1897,1564,547,1239,1181,448
1417: 1593,124,1870,911,670,1697
1418: 1372,236,1893,510,588,1518
1419: 1366,2037,28,429,1904,318
1420: 904,1382,655,327,572,1611
1421: 1228,553,664,390,1493,87
1422: 1338,848,646,2047,30,1588
1423: 1709,1988,196,1597,49,322
1424: 874,1249,1153,515,1449,695
1425: 1436,1930,174,460,203,1938
1426: 1818,1520,554,113,1721,133
1427: 349,1856,204,277,1243,1026
1428: 337,1501,377,2002,712,555
1429: 52,1653,1037,499,487,1534
1430: 2030,462,279,13,628,31,1148
1431: 1432,418,500,1007,1034,684
1432: 1431,500,1624,1674,430,684
1433: 792,189,814,1318,1285,1693
1434: 215,537,970,1481,1330,1656
1435: 1951,1402,1697,589,1512,67
1436: 1425,1930,203,443,990,984
1437: 356,908,954,1162,1557,252,1164
1438: 1971,757,313,610,48,425
1439: 193,302,966,783,1295,1193
1440: 1784,461,508,1339,912,217
1441: 1727,1245,922,1868,226,61
1442: 1796,819,229,937,741,336,678,107,1117
1443: 374,1752,606,864,549
1444: 1763,1375,561,617,1986,336,107
1445: 1090,46,115,520,1272,289
1446: 658,1088,1157,1098,875,227,270
1447: 636,1561,826,89,1510,780,1974
1448: 1787,1356,325,1002,1628,339
1449: 515,411,1190,1424,695,1524
1450: 927,68,1967,1959,1077
1451: 731,1297,1128,1612,1235,114
1452: 1287,123,1019,1101,1742,781
1453: 357,35,1498,1183,388,1751
1454: 1028,467,840,247,784,1955
1455: 968,1955,1565,30,784,1845
1456: 91,540,1087,1046,876,1015
1457: 2010,191,442,946
1458: 736,446,66,1253,1020,85
1459: 1982,428,785,220,449,1885
1460: 1528,407,2027,1211,801,431,248,1497
1461: 205,1662,786,1472,1485,259
1462: 312,1629,1854,997,1714,947
1463: 280,1570,128,842,1921,1917
1464: 733,1536,1385,470,559,829
1465: 1560,1137,433,594,21,111,1025
1466: 328,114,828,1235,253,1073
1467: 1349,1911,38,1003,1744,1956
1468: 1869,737,630,685,1186,375
1469: 466,173,1285,1940,1004,491
1470: 674,1270,1861,404,1928,255
1471: 755,1378,1632,1532,1074,128
1472: 977,712,786,1461,50,1485
1473: 1020,1377,764,341,538,360
1474: 1121,1324,858,1889,1414,793
1475: 468,1051,928,1071,746,1101
1476: 1206,194,626,1671,1704,1005
1477: 706,556,1315,1179,624,149
1478: 487,1534,1353,1562,1166,422
1479: 985,74,1191,1571
1480: 1393,1379,408,803,660,1033,373
1481: 1434,215,537,918,1884,239,903
1482: 756,1253,967,519,9,1964
1483: 52,364,807,1037,284,972,993
1484: 754,1224,1210,1009,1668,1021
1485: 205,712,1461,1472,337,995
1486: 557,1029,108,2019,2,650
1487: 543,106,1953,447,779,1573
1488: 471,1989
1489: 256,1396,1747,710,873,1355
1490: 389,106,1953,729,1296,1307
1491: 913,1610,350,1842,334,1092
1492: 1881,168,409
1493: 664,390,1421,1800,1150,893
1494: 369,863,1323,1258,93,1038
1495: 1568,593,274,697,7,1177
1496: 1646,1743,1544,1011,1628,339,292
1497: 248,1613,131,1460,1211,801,431
1498: 357,1453,35,380,1806,1400
1499: 1128,1612,1223,841,1630,931
1500: 1586,264,1705
1501: 337,2043,1428,1099,530,377
1502: 791,503,281,1280,92,1736
1503: 1864,399,517,1614,2019,338,1565
1504: 1921,1728,673,1000,1197,184
1505: 1218,358,1755,760,303,73
1506: 602,376,15,725,914,634
1507: 263,1793,732,1863,1282,156,833
1508: 134,1660,832,57,1366,28
1509: 381,1593,124,1898,1823,310
1510: 636,826,1211,1447,1873,1993,248,262,631
1511: 935,417,1665,1836,759,1713,1806
1512: 181,696,589,1304,1435,67
1513: 195,1240,1828,669,1021,1886
1514: 574,329,852,1676,1815,862
1515: 15,1934,1905,914,1043,1008
1516: 877,1947,1670,1684,717,472
1517: 94,973,243,948,703,1581
1518: 588,548,510,1323,1258,1418
1519: 590,1707,1165,2005,392,454
1520: 1808,554,1426,133,452,391
1521: 176,584,1826,1973,564,1141
1522: 245,1301,627,845,410,910
1523: 502,1596,1584,920,591,1580,1683
1524: 1566,695,488,411,198,1449
1525: 1271,1737,743,1578,177,266
1526: 1288,724,231,930,200,1054
1527: 1173,803,1542,635,959,1753
1528: 232,407,2006,1460,1138,431
1529: 1707,392,902,97,1662,1768
1530: 1104,787,179,1095,508,1231
1531: 333,1294,1328,951,915,105
1532: 320,1471,1841,1632,1074,573
1533: 1121,1335,858,404,1987,282
1534: 487,1478,499,62,1429,1166
1535: 514,1175,223,1902,886,1923
1536: 1464,1842,234,733,913,829
1537: 1256,1613,676,1393,373,49
1538: 1742,1339,468,233,956,912
1539: 1920,1125,343,43,917,1188
1540: 1014,1920,506,288,521,165
1541: 1730,1142,733,217,179,1385
1542: 1379,967,408,803,519,1527,1753
1543: 859,1848,294,958,1748
1544: 2002,1879,283,1496,1646,1011,50
1545: 1109,878,235,728,2022,1759,714
1546: 860,1151,293,237,1909,352,1106
1547: 1036,947,321,476,768,1629
1548: 1913,393,1265,558,813,41
1549: 117,1750,1135,805,919,1317
1550: 142,1975,183,1373,18,1278
1551: 58,1088,169,1873,636,1974
1552: 936,520,587,1394,1145,2040
1553: 301,437,620,522,1049,216,273
1554: 2038,891,1077,450,1277,110
1555: 40,1684,1055,830,505
1556: 1028,654,290,921,467,1866
1557: 613,405,1162,1068,908,1437
1558: 641,1223,418,1663,463,1630
1559: 1380,751,305,1275,1287,123
1560: 860,1151,150,352,1137,1465,2045,594,21
1561: 1129,1580,89,780,1974,1447,102,920,169
1562: 1478,1353,1006,816,422,1237
1563: 2012,1877,241,879,1294
1564: 1239,1416,178,1248,651,448
1565: 968,338,1455,1845,517,1503
1566: 707,2016,1208,488,1524,198
1567: 1220,1266,2008,394,681,663
1568: 697,1495,7,211,1174,353
1569: 2007,890,304,846
1570: 280,1357,391,880,1463,842
1571: 1479,985,265
1572: 1271,378,177,8,59,1631
1573: 1812,788,779,366,1487,1953
1574: 1076,1619,916,208,979,426
1575: 1149,501,1127,796,1647,393
1576: 1651,419,95,1765,969,285
1577: 723,677,1860,929,1216,278
1578: 932,1189,132,266,1525,743
1579: 1060,1301,145,627,1899,846
1580: 1561,1974,102,920,1523,1683,169
1581: 1022,703,1192,94,1850,1517
1582: 1598,69,473,789,1309,250
1583: 930,2048,1867,103,498,1391
1584: 502,455,1523,1683,843,2001
1585: 3,1203,118,2029,978,577
1586: 1500,804,1705,1776,595
1587: 249,1978,1225,1197,611,157,578
1588: 1338,1422,646,400,881,1901
1589: 1911,1744,382,546,647,1767
1590: 853,1759,714,1979,218,1773
1591: 1022,1954,1192,1882,498,1292
1592: 1368,608,1924,12,1643,592
1593: 1417,1509,124,923,1870,310
1594: 931,828,1950,1786,641,1223
1595: 1741,2034,1016,284,420,1346
1596: 502,1523,136,1190,1941,591
1597: 1423,196,322,1735,1405,122
1598: 326,932,69,1582,743,789
1599: 1996,267,26
1600: 1620,171,821,209,1158,25
1601: 491,1293,790,560,173,1310
1602: 1302,1701,2039,1789,709,872,335,1820
1603: 1734,99,685,630
1604: 735,2046,1172,552,862,383
1605: 1982,942,701,785,1768,259
1606: 419,1795,95,432,623,825
1607: 295,210,1925,1908,80,850
1608: 844,1156,557,459,175,1677
1609: 419,1795,1765,1326,645,1012
1610: 913,1931,401,113,1491,350
1611: 904,327,1420,518,1926,1672
1612: 731,1499,1128,1451,931,114
1613: 943,1497,676,131,1537,801,1256,49
1614: 399,1503,2019,108,933,1907
1615: 1308,1933,802,439,629,805,1135
1616: 1941,675,810,686,421,1807
1617: 587,291,1193,1675,465,193
1618: 379,543,447,625,1259,1398
1619: 1076,1275,1574,123,1019,916
1620: 1600,821,934,25,1940,1004
1621: 957,1243,986,423,1236,1711
1622: 766,2042,205,942,1413,995
1623: 1719,749,180,412,344
1624: 673,1000,430,684,257,1432
1625: 346,1789,1041,987,1820,224,1069
1626: 331,273,1152,1403,316,60,1063
1627: 767,309,1797,1689,799,231
1628: 34,325,1448,339,1496,1743
1629: 312,768,1462,1120,1547,947
1630: 841,463,633,1223,1558,1499
1631: 2008,681,378,1572,59,855
1632: 320,794,1471,1378,1532,1092
1633: 453,1412,1826,1839,715,1849
1634: 632,1957,1973,36,152,403
1635: 1384,1362,101,732,544,31,1388
1636: 111,1257,644,516,707,433,1208
1637: 526,436,1341,683,1363,258
1638: 42,356,512,834,1829,1038
1639: 1653,1023,1753,967,371,9
1640: 1712,268,1299,429,1904,762
1641: 1344,2035,208,1702,698,979
1642: 496,795,11,1180
1643: 225,592,1924,1018,340,1592
1644: 2007,78,734
1645: 1411,723,214,677,472,717
1646: 1879,1496,163,1743,1544,1011
1647: 1913,2036,393,1575,796,1872
1648: 1043,1008,1143,285,222,207
1649: 1758,656,1805,1062,960
1650: 1339,956,996,461,440,1757
1651: 382,1576,95,1143,285,647
1652: 816,1337,699,422,1365,1852
1653: 52,1639,1429,1023,499,371
1654: 501,1327,605,716,511,1124
1655: 1848,294,861,1970
1656: 1434,215,970,1964,85,446,1887
1657: 1325,367,769,1257,33,516,270
1658: 579,778,1685,1405,362,1331
1659: 1020,1322,1377,2017,144,736,1948
1660: 134,57,1201,1508,988,798
1661: 667,1274,1348,770
1662: 786,1461,1529,392,1768,259
1663: 418,1558,500,1024,463,949
1664: 88,2023,700,1106,603,761
1665: 742,1511,759,1713,260,580
1666: 771,779,790,415,221,366
1667: 402,47,945,1924,581,340
1668: 1115,669,1021,317,1484,1210
1669: 679,398,8,798,1952,1691
1670: 877,1516,717,606,1215
1671: 876,1704,464,1476,1261,626
1672: 518,1350,718,385,327,1611
1673: 353,1206,194,545,572,211
1674: 1265,39,1024,430,1432,500
1675: 1859,1228,465,989,1193,1617
1676: 552,862,852,1514,297,1080
1677: 313,425,844,1608,175,950
1678: 571,1780,1041,987,1363,92,212
1679: 495,1290,582,1204,1084,926
1680: 1170,856,604,1944,1814,286
1681: 653,951,5,1770,1297,64
1682: 667,1251,1717,213
1683: 843,169,920,1523,1584,1580
1684: 1947,1516,472,830,40,1555
1685: 1658,474,778,308,1194,1331
1686: 44,1075,1776,132,1838,1766
1687: 417,1713,559,882,829,401
1688: 1360,1001,1340,764,14,1052
1689: 309,1892,1368,608,799,1627
1690: 2018,139,181,1825,696,772
1691: 59,961,952,1669,8,1952
1692: 16,672,1701,2039,1789,1241,583
1693: 466,355,1383,851,792,1433,1285
1694: 76,1097,1853,549,1215,214
1695: 1994,1031,906,1123,808,270,1325,33
1696: 478,3,1116,1791,219,1203
1697: 1951,670,1435,589,1417,124
1698: 1264,845,410,180,1207,4
1699: 56,671,1334,91,1087,981
1700: 754,747,1708,1009,384,1111
1701: 1302,672,1602,216,1692,2039
1702: 1718,71,208,434,698,1641
1703: 853,1230,1979,34,1775,325
1704: 254,1671,1005,464,900,1476
1705: 1500,1586,264,481,595,1201
1706: 1798,36,1844,1960,473,152
1707: 1519,596,1529,392,454,97
1708: 1700,1009,1064,614,523,384
1709: 1423,1857,597,1988,196,1983
1710: 752,1397,1945,1052,360,1359
1711: 154,1306,957,1621,423
1712: 598,1640,883,268,476,429,768
1713: 742,417,1665,1511,559,1687
1714: 947,1112,806,1462,997,164
1715: 812,1242,523
1716: 1379,1033,1408,1863,361,1276
1717: 121,213,1163,721,1682
1718: 1071,71,225,592,434,1702
1719: 1623,180,1207,395
1720: 615,167,1900,1855,1874,1824
1721: 755,1378,113,350,1426,133
1722: 1734,99,445,96,946,524
1723: 354,1371,70,2004,616,509
1724: 63,1756,1205,385,575,1350
1725: 191,832,1155,1918,1760
1726: 1098,474,875,778,1031,906,270
1727: 5,915,1441,1245,640,61
1728: 1504,842,1921,813,41,673
1729: 841,1264,4,1128,271,1312
1730: 1541,1142,234,733,480,1799
1731: 1905,914,634,2021,490,666
1732: 885,1053,438,545,697,211
1733: 597,1983,1173,635,1803,158
1734: 1603,99,1722,96
1735: 943,322,1993,1405,362,1597
1736: 1280,1303,2000,791,1502,1389
1737: 1271,1525,354,743,1371,789
1738: 1800,618,1822,1862,974,390
1739: 581,831,687,2046,383,1268
1740: 892,744,1103,359,726
1741: 989,1595,1016,420,1859,1990
1742: 781,468,233,1538,1452,1101
1743: 1496,1646,163,34,1628,489
1744: 1589,1911,1467,38,1094,894,546
1745: 311,865,1912,1986,29,819,937
1746: 1156,1029,948,973,1858,1083
1747: 256,1489,873,1182,700,475
1748: 1543,294,958,1183,1781,82
1749: 1251,151,1392,609,213,223
1750: 1809,117,1310,1135,1549,1147,919
1751: 998,388,1067,1453,35,619
1752: 1443,864,2012,79
1753: 959,1639,1023,967,1527,1542
1754: 412,1915,344
1755: 358,1505,1272,1888,115,760
1756: 63,1724,120,924,385,1891
1757: 440,831,735,2046,996,1650
1758: 1130,244,323,1649,656,1062
1759: 714,1590,878,1545,1262,218,492
1760: 1918,849,1725,832,1366,318
1761: 1928,1165,765,674,43,1188
1762: 1313,460,1305,16,525,583
1763: 561,1444,157,865,1978,1986
1764: 659,1084,172,953,782,125
1765: 419,1609,1576,307,1326,969
1766: 1838,398,1686,1776,595,988
1767: 295,1895,546,599,647,1925,1589
1768: 701,1605,259,1529,902,1662
1769: 629,72,767,1797,1042,802
1770: 731,1297,529,161,1681,64
1771: 686,709,1195,335,45,345
1772: 1992,1006,416,994,75,451
1773: 218,745,489,702,853,1590
1774: 189,1406,814,757,315,1158,25
1775: 1356,325,165,521,1703,1230
1776: 1686,44,1586,804,595,1766
1777: 526,426,809,1040,1409,916
1778: 86,1897,547,992,1984,444,1178
1779: 22,682,2011,922,1868,275
1780: 571,1363,1678,258,678,212
1781: 82,861,1048,612,294,1748
1782: 381,1898,1304,363,576,1832
1783: 122,1871,1109,308,314,1331
1784: 1440,155,461,508,1231,23
1785: 1250,185,2028
1786: 1594,1950,941,1968,641,1007
1787: 1002,1448,339,590,292,765
1788: 269,127,1126,1874,1855,565,562
1789: 276,346,987,1241,1625,1602,1692,2039,1820,1069
1790: 279,628,1307,729,435,777,1179
1791: 219,1696,1203,899,420,1990
1792: 1946,1232,331,316,60,1813,758
1793: 1362,1507,732,1282,462,31,833
1794: 104,148,690,1140,432,623
1795: 419,1609,432,1606,1958,1012
1796: 837,229,1442,741,1134,436,1040
1797: 767,309,1627,722,1769,72
1798: 473,1706,152,1219,1963,69
1799: 1730,1142,480,781,233,815
1800: 1150,153,618,1738,390,1493
1801: 866,135
1802: 301,55,919,773,437,1317
1803: 497,158,972,1733,635,364
1804: 892,1103,83,527
1805: 1649,1062,365,797,566,775,960
1806: 35,1400,1498,935,1511,1836
1807: 686,421,116,345,1941,1616,136
1808: 998,1520,197,554,1107,452
1809: 466,1383,117,173,1750,1310
1810: 1030,1989,1991,935,759
1811: 1976,925,302,1347,760,73
1812: 130,788,1946,1573,366,1875
1813: 316,60,421,1792,1232,810,758
1814: 1382,655,286,1170,438,1680
1815: 1172,862,192,976,329,1514
1816: 772,1910,1817,347,67,330,696
1817: 1910,1816,886,347,1923
1818: 1067,554,1426,126,1931,113
1819: 658,869,1157,1267,367,516,270
1820: 45,1069,1602,2039,1789,1625,709
1821: 963,1189,1075,83,550,527
1822: 478,2013,974,553,390,1738
1823: 637,37,824,310,1509,1898
1824: 661,406,563,1874,615,1720
1825: 2018,181,1690,835,576,1890
1826: 176,1521,453,1633,1839,564
1827: 536,351,601,2024,456,493
1828: 98,1240,1513,153,618,1886
1829: 356,77,834,908,1638,719
1830: 88,1106,1254,293,237,944,1255
1831: 990,1131,1154,722,857,1320
1832: 835,576,363,1176,661,1782
1833: 536,871,601,494,144,896
1834: 929,1876,427,701,785,220
1835: 17,1066,528,1354,602,376
1836: 417,1511,35,1806,619,882
1837: 415,221,740,1152,1343,1403
1838: 679,1766,398,266,1686,132
1839: 638,564,1826,1633,1849,2003
1840: 154,1050,689
1841: 320,1532,2044,29,311,573
1842: 234,1229,1536,913,1491,334
1843: 735,1172,192,1390,996,155
1844: 36,1960,852,1706,574,403
1845: 848,30,1565,1455,1167,517
1846: 182,27,2015,715,938,1849
1847: 439,568,629,443,72,1131
1848: 1543,294,1655
1849: 182,715,1846,2003,1633,1839
1850: 312,94,103,1854,1022,1581
1851: 170,78,1059,734,688,272
1852: 888,348,1365,1337,306,1652
1853: 1342,1097,1694,166,864,549
1854: 312,1462,103,1850,997,2048
1855: 1878,565,1788,1874,1720,167
1856: 1283,349,1427,1026,533,1329
1857: 1709,118,196,1983,2029,314
1858: 883,268,973,81,1083,1746
1859: 1228,1675,1990,87,989,1741
1860: 76,1997,822,1216,723,1577
1861: 674,1270,944,6,1470,119
1862: 974,745,702,585,618,1738
1863: 263,1408,1507,361,156,833,1716
1864: 1981,104,148,1336,399,517,1503
1865: 1082,2020,84,1273,540,140
1866: 654,921,1556,1198,81,1299
1867: 724,1583,930,1391,1042,1217
1868: 1779,682,922,1441,1086,275,226
1869: 507,1468,1091,737,901,375
1870: 923,1593,1417,911
1871: 1783,1109,2029,235,978,314
1872: 90,145,796,513,1647,2036
1873: 1551,1088,636,1510,262,227,1351
1874: 1788,127,1855,1720,1824,406
1875: 221,366,331,1152,1812,1946
1876: 929,278,902,905,1834,701
1877: 1563,241,105,1966,1294
1878: 230,1136,484,1855,565,167
1879: 283,1244,1646,163,1544,65
1880: 863,1278,940,1968,183,941
1881: 1348,1492,607,168,1914
1882: 246,1954,1192,965,1352,1591
1883: 99,445,685,1291,739,737
1884: 918,239,1481,1082,1168,903
1885: 505,220,1252,449,100,1459
1886: 65,669,964,98,1828,1513
1887: 1945,239,85,538,446,215,1656
1888: 115,760,936,291,1347,1755
1889: 1121,1474,296,793,1270,6,202
1890: 2018,1825,835,307,969,222
1891: 1756,120,385,1213,898,718
1892: 1368,1689,799,818,146,47
1893: 1372,236,2045,1418,1222,413
1894: 1942,812,289,1242,46
1895: 295,546,444,1925,1767,1178,894
1896: 236,2045,1070,761,150,603
1897: 86,811,547,1239,1416,1778
1898: 381,1782,1509,363,1823,37
1899: 1013,304,1044,846,627,1579
1900: 615,1720,827,637,167,37
1901: 400,646,1588,1234,562,269
1902: 1238,1535,514,223,151,397
1903: 1314,884,493,1185,1929,2024
1904: 1419,429,318,705,762,1640
1905: 1731,1515,914,1043,1370,490
1906: 763,1105,1248,2030,708,1148
1907: 313,48,933,844,108,1614
1908: 1607,444,1925,1181,850,24
1909: 1151,237,1546,1161,652,622
1910: 1817,1816,886,342,330,725
1911: 1589,1349,1467,1744,382,825
1912: 311,1745,865,567,573,1225
1913: 1647,1548,2036,393,1265,39
1914: 53,168,885,1053,1881,607
1915: 287,1754,344,1065,529,586
1916: 2037,28,57,1952,961,1036
1917: 1921,184,1074,1463,128,567
1918: 1980,1760,849,191,1725,442
1919: 887,147,1927,424,593,7
1920: 1014,1539,1125,1540,165,917
1921: 1504,842,1728,184,1917,1463
1922: 504,1110,1415,689,1050
1923: 1817,886,347,609,1535,223
1924: 1667,47,340,1368,1592,1643
1925: 295,1607,210,1895,444,1767,1908,1178
1926: 1360,518,904,1611,1005,900
1927: 887,1919,593
1928: 1165,454,1761,255,674,1470
1929: 924,370,1096,1314,1903,2024
1930: 1425,1436,174,1344,1320,990
1931: 882,126,1610,401,113,1818
1932: 198,455,1208,2001,1267,644
1933: 1308,300,802,975,1615,1217
1934: 15,1515,139,1008,772,330
1935: 456,999,493,763,651,1185
1936: 861,1124,612,1133,1970,129
1937: 1184,1102,238,1291,1196,290
1938: 16,672,2032,1425,460,203
1939: 254,1015,1359,464,84,752
1940: 1620,25,1004,814,1285,1469
1941: 675,591,1616,1807,1596,136
1942: 812,1894,289,939,730
1943: 991,1410,162
1944: 17,1169,1113,604,1680,286
1945: 1887,1710,1397,239,360,538
1946: 130,1812,1792,1232,1875,331
1947: 877,1516,1684,40
1948: 736,66,668,199,1226,1659,1322
1949: 1136,484,1234,1017
1950: 1594,328,828,1786,962,941
1951: 1392,1402,670,121,1435,1697
1952: 1669,798,57,1916,1691,961
1953: 1487,106,1490,788,1296,1573
1954: 246,1882,1591,851,1292,324
1955: 968,457,1455,1028,1454,921,784
1956: 1349,1467,38,1003,1971,690,610
1957: 726,632,1219,1634,152
1958: 1981,148,704,1012,1795,432
1959: 891,1077,68,1450,2015,938
1960: 36,1844,473,852,1706,1309,1080
1961: 491,1293,625,1259,934,1004
1962: 11,691,317,1099,1032,1210
1963: 326,69,1376,359,1219,1798
1964: 9,970,1656,446,1482,1253
1965: 720,1146,1976,693,137,299
1966: 1877,241,105,640,1401,1221
1967: 1077,450,927,1450,138
1968: 1034,183,1007,1880,1786,941
1969: 402,2026,146,509,1266,663
1970: 866,1133,1655,861,1936
1971: 1438,690,757,610,1140,48,1956
1972: 887,147,1415
1973: 584,1521,632,1634,403,1141
1974: 1580,636,1561,1447,1551,169
1975: 142,1550,18,1200,611,1045
1976: 925,693,1811,73,720,1965
1977: 54,823,188,1093,74,1369
1978: 249,865,1225,1587,1763,157
1979: 853,1703,714,1230,143,1590
1980: 1184,1102,524,1918,849,442
1981: 1864,148,1336,1958,704
1982: 428,1459,942,1413,1605,785
1983: 1709,1857,118,597,1733,158
1984: 992,209,1094,894,1178,1778
1985: 1380,159,305,837,1056,1134
1986: 1745,865,819,107,1763,1444
1987: 905,97,282,1533,404,596,255
1988: 1709,1423,597,49,1393,660
1989: 1030,727,1810,1488
1990: 1859,87,420,1791,219,1741
1991: 471,680,1810,935,1400
1992: 750,1353,1006,1374,1772,416
1993: 943,262,631,1735,1510,1351,362
1994: 1031,506,847,1695,906,1123,836
1995: 1399,707,2016,433,1164,21,867
1996: 1599,662,26,1180
1997: 76,485,1097,1860,2009,822
1998: 1093,888,348,1122,244,188
1999: 201,868
2000: 719,1375,617,1303,1736,1389,77
2001: 843,869,1267,1932,455,1584
2002: 283,1544,712,50,555,1428
2003: 182,982,1849,976,638,1839
2004: 70,889,441,250,1723,1371
2005: 1519,590,392,292,977,786
2006: 232,435,1528,407,706,777,1282
2007: 1569,1644,78,890
2008: 616,1266,1631,681,1567,378
2009: 1324,858,822,485,1997,160
2010: 1457,191,907
2011: 873,22,1779,682,368,1073,1355
2012: 1563,241,79,1752
2013: 1822,478,1262,1116,492,974
2014: 182,27,982,694,1390,23
2015: 27,938,1846,891,1959,870
2016: 1399,817,707,1566,1995,488
2017: 1659,1377,372,341,871,144
2018: 139,1690,1825,1890,1008,222
2019: 2,338,1486,108,399,1503,1614
2020: 1082,797,1865,566,396,140
2021: 534,80,1247,490,666,1731
2022: 714,143,109,728,1545,1194
2023: 88,296,700,1321,542,475,1664
2024: 601,1827,1903,493,1929,1096
2025: 1166,19,903,699,62,537
2026: 402,509,1969,945,70,1035
2027: 407,556,1460,971,826,89,1211
2028: 600,1010,1387,1785,185
2029: 1871,978,314,1857,118,1585
2030: 708,13,1430,628,31,1148,1906
2031: 130,624,643,149,788,1296
2032: 522,672,216,1938,203,20
2033: 1089,10
2034: 1595,1284,1016,284,1374,993
2035: 1641,1313,174,1344,979,261
2036: 1913,1647,1132,39,90,1872
2037: 1419,1916,28,476,429,1036
2038: 1554,891,870,787,110,1095
2039: 1602,1701,1692,1789,1241,709,1820
2040: 648,1145,1394,1150,186,893,1552
2041: 994,659,1160,1079,693,299,1204
2042: 766,187,1622,2043,995,1108
2043: 337,1501,995,530,1108,2042
2044: 159,1159,320,1841,29,1056,311
2045: 236,1896,594,1893,413,150,1560
2046: 735,1604,383,1739,831,1757
2047: 1338,1422,30,784,840,839
2048: 1288,1583,930,103,1854,997