0: 848,517,269,298,704
2: 557,108,457,650,968,338
3: 577,219,978,899,569,478
4: 845,180,910,410,633,749
5: 653,922,414,61,951,915
6: 119,793,944,202,674,404
7: 353,424,887,593,147
8: 59,952,798,177,679
9: 371,1023,446,756,967,970
10: 680,380,980
11: 691,795,662,317,747,754
12: 434,857,592,722,309,608
13: 854,178,811,389,628,708
14: 1001,518,764,900,254,360
15: 1008,139,772,725,914,330
16: 583,460,20,203,525,672
17: 604,286,112,602,528,898
18: 863,183,369,611,142,512,774
19: 903,537,62,665,699,422
20: 984,16,203,672,301,522
21: 867,594,707,433,352,111
22: 682,414,962,828,253,368
23: 694,27,982,155,461,508
24: 850,444,448,534,999,651
25: 934,1004,209,757,814,315
26: 662,187,530,267
27: 23,182,694,938,870,982
28: 429,961,318,832,57,476
29: 320,311,159,837,229,937
30: 848,784,646,839,840,881
31: 763,708,544,351,279,462
32: 720,303,748,991
33: 270,367,906,516,769,808
34: 489,163,745,325,339,853
35: 357,619,882,380,935,417
36: 852,473,152,632,403,574
37: 637,615,824,310,363,381
38: 825,171,1003,690,382,546
39: 245,90,1024,393,796,813
40: 830,877,472
41: 842,558,880,1000,813,673
42: 908,512,356,834,369,510,954
43: 674,765,454,119,343,917
44: 804,595,398,963,132
45: 709,346,335,345,224,535,987
46: 523,614,812,477,289,520
47: 146,608,402,581,340,592
48: 610,399,690,933,313,425
49: 660,322,196,676,597,373
50: 712,977,786,555,283,1011
51: 138,580,727,450,759,260
52: 487,499,807,993,972,750
53: 607,168,332,885,438,856
54: 74,897,823
55: 805,301,568,919,773,437
56: 876,626,479,621,91,671
57: 28,961,832,988,798
58: 658,227,869,920,843,169,636
59: 378,806,952,177,8,855
60: 316,872,273,331,421,758
61: 922,226,5,915,640,532
62: 371,487,499,19,537,422
63: 385,120,575,924,494
64: 586,951,731,529,161,653
65: 585,489,964,98,669
66: 446,199,1020,736,756,668
67: 121,609,347,589,670,696
68: 486,927,891,938
69: 789,473,152,359,932,326
70: 889,441,509,402,297,945,581
71: 434,208,746,225,928,698
72: 767,722,309,439,629,443
73: 720,925,303,302,358,760
74: 54,823,188,319,985
75: 1006,172,994,750,416,451
76: 822,723,160,485,549,214
77: 613,908,617,834,719,791
78: 734,890,272,688
79: 166,864,241
80: 210,490,850,666,534,634
81: 268,650,883,654,973,921
82: 861,612,197,958,388
83: 892,527
84: 396,918,752,1015,540,140
85: 215,239,970,446,1020,538
86: 992,379,448,811,547,821
87: 989,219,420,553,465,664
88: 603,700,944,202,542,293
89: 248,826,780,971,407,556
90: 245,39,410,796,145,627
91: 365,981,671,876,56,540
92: 503,212,791,678,570,617
93: 940,863,369,510,386,713
94: 103,1022,312,243,948,703
95: 419,432,825,969,647,382
96: 524,946
97: 596,902,905,259,392,701
98: 195,669,1021,618,65,585,153
99: 524,445,685,739,737
100: 449,785,220,427,830,505
101: 199,896,544,536,732,263
102: 780,971,810,458,920,591,675
103: 498,1022,312,997,94,930
104: 517,338,933,148,704,399
105: 879,333,915,640,241
106: 389,729,779,788,854,543
107: 819,157,336,937,865,561
108: 2,844,557,933,313,338
109: 728,483,847,836,714,143
110: 450,260,657,891,870,787
111: 352,639,769,433,21,516
112: 655,286,17,898,327,718
113: 913,401,126,554,350,133
114: 828,931,841,731,271,253
115: 730,289,358,760,520,936
116: 874,535,345,136,686,515
117: 355,251,919,466,173,560
118: 314,196,597,577,158,978
119: 944,6,652,343,674,43
120: 898,385,63,718,924,738,370
121: 213,151,609,67,670,721
122: 322,314,196,362,308,778
123: 305,751,815,1019,916,781
124: 310,589,381,670,911
125: 172,816,659,348,782,953
126: 619,998,554,882,113,401
127: 167,565,563,562,298,406
128: 573,755,842,280,567,184
129: 866,861,612,605,170
130: 149,788,331,366,643,758
131: 248,943,631,431,801,676
132: 266,963,679,550,44,398
133: 391,280,113,554,755,350
134: 849,832,907,481,191
135: 272,866
136: 591,675,686,116,502,515
137: 720,925,748,693,495,299
138: 727,450,51,927
139: 222,1008,181,285,15,772
140: 797,566,540,396,84,365
141: 523,384,747,496
142: 257,684,578,611,183,18
143: 521,325,853,483,109,714
144: 871,896,494,601,536,575
145: 796,513,846,890,90,627
146: 799,818,608,47,663,402
147: 983,887,7,424
148: 1012,432,704,104,399,623
149: 130,206,729,788,624,643
150: 594,236,761,352,860,603
151: 213,667,121,397,609,223
152: 69,36,473,726,632,359
153: 893,186,390,618,195,98
154: 689,504,423,957
155: 735,996,982,192,23,461
156: 732,833,531,539,263,361
157: 249,865,107,611,561,578
158: 577,364,497,118,635,597
159: 305,751,837,649,320,29
160: 711,858,541,485,822,76
161: 529,344,731,271,64
162: 730,358,303,991
163: 283,489,1011,34,339
164: 806,855,394,200,997,947
165: 521,325,339,917,1014,1002
166: 79,864,241,549,469,485
167: 637,827,615,565,127,563
168: 607,53,885,409,274
169: 636,826,780,920,843,58
170: 688,501,605,513,129
171: 315,38,1003,209,546,894,992
172: 1006,994,816,75,659,125
173: 491,466,1004,117,560,790
174: 990,979,460,203,698,857
175: 950,844,459,965,246,703
176: 584,453,403,564,638
177: 59,378,8,266,679,743
178: 13,448,811,651,763,708
179: 217,508,787,657,470,733
180: 845,395,4,412,749
181: 222,139,835,772,576,696
182: 715,938,27,982,564,976
183: 863,1007,18,941,142,684
184: 1000,128,842,249,567
185: 600,1010,776,449,428
186: 893,153,648,587,195,482
187: 26,530,766,995,1010,267
188: 74,823,319,244,782,888
189: 965,792,950,425,757,814
190: 874,281,895,613,695,838
191: 946,442,907,849,134
192: 982,329,976,155,552,996
193: 302,783,989,966,291,465
194: 479,353,211,572,1005,626
195: 98,1009,1021,482,153,186
196: 322,314,118,122,49,597
197: 388,998,612,82,511,452
198: 433,411,455,488,644,707
199: 66,101,736,896,263,668
200: 997,930,164,394,231,818
201: 265,868,926,495,582
202: 88,296,793,944,6,542
203: 984,16,990,174,460,20
204: 349,957,277,986
205: 712,766,259,995,786,942
206: 149,624,971,458,643,556
207: 1008,285,647,210,490,599
208: 71,746,698,916,426,979
209: 934,25,821,315,171,992
210: 80,490,850,599,295,207
211: 194,697,353,572,545
212: 503,224,92,987,571,678
213: 667,121,151,721
214: 606,717,549,677,723,76
215: 85,918,239,903,970,537
216: 709,872,335,522,620,672
217: 480,233,912,179,508,733
218: 492,702,878,714,853,745
219: 3,420,899,553,478,87
220: 701,785,100,929,427,902
221: 415,771,740,273,331,366
222: 139,181,285,835,969,307
223: 514,151,397,609,342,886
224: 503,212,895,535,987,45,346
225: 71,434,928,592,1018,340
226: 922,61,275,551,532,955
227: 658,58,875,579,262,636
228: 666,738,370,634,376,528
229: 741,436,837,29,819,937
230: 240,484,827,565
231: 767,799,724,818,200,930
232: 431,833,777,407,531,706
233: 217,480,956,912,815,781
234: 913,829,733,480,334,642
235: 728,308,314,978,569,878
236: 150,413,594,588,548,761
237: 652,800,639,860,622,293
238: 739,290,445,705,654,762
239: 85,215,918,752,360,538
240: 820,484,1017,230
241: 166,79,105,640,469
242: 839,507,820,1017,881
243: 598,948,883,312,94,768
244: 823,656,188,888,960,323
245: 910,90,39,1024,410,949
246: 965,324,703,851,1022,175
247: 739,467,737,290,901,840
248: 826,89,131,631,431,407
249: 157,865,567,1000,184,578
250: 852,789,473,354,889,441
251: 802,805,919,355,975,117
252: 867,817,413,954,405,356
253: 828,114,731,22,653,414
254: 464,900,1015,14,752,360
255: 674,404,596,454,905,282
256: 548,873,475,761,710,700
257: 142,1000,684,430,578,673
258: 741,571,436,678,526,683
259: 205,786,392,97,701,942
260: 580,450,51,657,742,110
261: 979,460,525,426,526,683
262: 636,943,631,227,579,362
263: 361,668,156,732,199,101
264: 804,595,907,481
265: 201,926,985
266: 932,679,550,132,743,177
267: 600,1010,26,187
268: 598,883,654,81,762,429
269: 848,646,0,400,562,298
270: 658,367,33,906,875,474
271: 114,841,731,633,344,749,161
272: 135,866,688,734,78
273: 221,740,331,60,872,620
274: 409,593,168,885,697
275: 922,682,226,873,475,955
276: 571,683,583,525,346,987
277: 349,204,775,986,960,656
278: 822,929,902,905,723,282
279: 777,462,435,628,708,31
280: 842,880,391,133,128,755
281: 503,190,895,791,613,838
282: 822,278,905,858,255,404
283: 489,964,163,1011,50,555
284: 420,993,972,899,497,1016
285: 222,1008,139,969,647,207
286: 655,604,438,856,112,17
287: 692,586,529
288: 521,1014,800,808,622,483,506
289: 939,730,115,520,46,812
290: 739,467,238,247,921,654
291: 465,936,587,193,302,760
292: 765,590,339,1002,1011,977
293: 88,603,944,652,237,860
294: 866,861
295: 210,850,444,599,546,894
296: 793,202,542,711,551,955
297: 945,552,383,862,441,70
298: 406,704,562,269,0,127
299: 495,582,994,659,693,137
300: 975,324,498,724,802,629
301: 568,55,984,20,437,522
302: 193,966,291,925,73,760
303: 720,32,73,358,162,991
304: 846,909,1013
305: 751,123,1019,159,809,916,837
306: 888,665,566,348,323,699
307: 419,645,661,222,835,969
308: 728,847,235,778,314,122
309: 767,722,799,608,72,12
310: 381,124,824,37
311: 573,320,29,937,865,567
312: 103,997,94,947,768,243
313: 950,844,933,108,425,48
314: 118,196,122,235,308,978
315: 610,171,1003,25,209,757
316: 60,872,335,345,421,686
317: 669,754,1021,377,691,11
318: 28,429,849,832,705,762
319: 74,188,985,782,953,926
320: 573,794,649,29,311,159
321: 952,855,961,476,947,768
322: 196,122,362,676,49,943
323: 888,960,797,566,306,244
324: 246,975,300,851,498,1022
325: 521,165,339,853,143,34
326: 932,550,892,527,359,69
327: 904,718,518,655,572,112
328: 940,941,641,962,828,931
329: 192,862,638,574,976,552
330: 725,886,15,772,347
331: 221,273,366,60,130,758
332: 770,607,53,514,397,856
333: 692,879,586,105,951,915
334: 794,649,642,350,913,234
335: 45,709,316,872,216,345
336: 819,107,561,570,617,719
337: 712,995,555,377,691,530
338: 517,968,104,2,933,108
339: 325,165,1002,292,163,1011,34
340: 687,581,1018,47,225,592
341: 764,1020,538,871,736,372
342: 725,602,886,514,223,604
343: 917,1014,652,622,119,43
344: 412,529,749,161,271
345: 45,316,335,535,116,686
346: 45,709,583,276,224,987
347: 609,67,696,772,330,886
348: 888,306,699,816,125,782
349: 533,204,277,897,656
350: 334,794,755,913,113,133
351: 601,763,544,456,536,31
352: 111,639,860,150,594,21
353: 7,194,479,697,211,424
354: 616,889,743,789,250,378
355: 975,117,851,792,251,466
356: 908,405,42,252,954
357: 35,958,619,388,380,980
358: 730,760,162,115,303,73
359: 744,726,892,326,69,152
360: 239,752,14,764,538,254
361: 539,263,408,519,668,156
362: 322,122,262,943,579,778
363: 576,381,615,661,37,835
364: 158,972,497,635,959,807
365: 775,91,981,540,797,140
366: 221,771,331,130,779,788
367: 270,658,33,869,516,644
368: 873,386,710,962,22,682
369: 863,18,93,510,512,42
370: 924,666,228,738,884,120
371: 9,62,499,1023,970,537
372: 385,1001,575,764,341,871
373: 539,408,801,660,676,49
374: 606,864
375: 507,685,630,737,901
376: 725,602,914,528,228,634
377: 317,669,964,337,555,691
378: 59,806,177,743,354,681,616
379: 854,543,86,811,821,625
380: 680,10,980,935,35,357
381: 576,310,589,363,124,37
382: 599,546,95,825,38,647
383: 297,945,687,831,552,996
384: 1009,747,754,523,141,614
385: 63,120,1001,718,518,372,575
386: 368,713,710,940,93,962
387: 721,923,911
388: 197,357,958,619,998,82
389: 106,729,628,854,13,435
390: 893,153,664,974,553,618
391: 753,880,452,280,133,554
392: 977,259,786,97,590,596
393: 501,796,716,558,813,39
394: 663,681,806,164,200,818
395: 909,845,1013,180
396: 918,84,903,665,566,140
397: 514,667,151,223,770,332
398: 595,44,988,679,132,798
399: 48,623,690,104,933,148
400: 484,1017,881,562,269,646
401: 913,113,829,559,126,882
402: 663,509,70,581,146,47
403: 638,574,632,584,176,36
404: 674,255,793,6,858,282
405: 613,908,356,838,817,252
406: 298,1012,645,704,127,563
407: 232,431,706,556,248,89
408: 539,803,373,361,519,660
409: 274,168
410: 910,245,90,845,627,4
411: 502,198,695,455,488,515
412: 344,749,180
413: 867,252,594,236,954,588
414: 22,653,922,682,5,253
415: 221,560,790,771,740,773
416: 783,451,1016,993,750,75
417: 559,580,742,935,35,882
418: 463,931,500,949,1007,641
419: 1012,95,645,307,432,969
420: 219,284,899,989,1016,87
421: 810,675,686,758,316,60
422: 1006,816,19,62,487,699
423: 986,981,671,154,504,957
424: 7,479,353,983,147,621
425: 950,313,189,48,610,757
426: 809,916,208,979,261,526
427: 929,677,472,100,220,830
428: 449,942,785,766,1010,185
429: 28,318,476,268,598,762
430: 257,684,500,813,673,1024
431: 232,801,407,531,248,131
432: 419,1012,95,148,825,623
433: 198,644,21,707,516,111
434: 71,12,225,698,857,592
435: 279,777,706,389,729,628,624
436: 741,229,258,526,809,837
437: 740,773,301,55,522,620
438: 885,655,286,856,545,53
439: 802,805,568,629,443,72
440: 831,1018,735,956,928,468
441: 889,70,852,250,862,297
442: 524,946,445,191,705,849
443: 439,568,722,72,984,990
444: 850,24,295,894,448,547
445: 524,442,99,705,739,238
446: 66,1020,756,85,970,9
447: 790,771,491,625,543,779
448: 178,86,811,547,444,24,651
449: 776,785,100,428,505,185
450: 138,51,260,110,927,891
451: 783,416,966,693,994,75
452: 753,391,511,197,998,554
453: 176,564,715
454: 674,765,590,255,596,43
455: 502,411,198,843,644,869
456: 601,651,763,351,999,493
457: 467,921,650,784,968,2
458: 780,971,810,102,643,206
459: 175,844,557,948,973,703
460: 16,979,174,261,203,525
461: 956,912,508,23,155,735
462: 732,279,833,777,544,31
463: 931,418,841,633,910,949
464: 900,876,1015,254,1005,626
465: 291,664,587,193,989,87
466: 1004,173,814,355,117,792
467: 290,840,247,921,457,784
468: 1019,781,440,956,746,928
469: 640,541,485,532,166,241
470: 829,559,733,657,742,179
471: 680,727,759
472: 877,717,427,677,40,830
473: 69,36,852,789,250,152
474: 847,836,778,270,906,875,579
475: 873,256,275,700,542,955
476: 28,429,961,321,598,768
477: 520,648,482,46,614
478: 974,492,553,569,3,219
479: 194,353,424,56,626,621
480: 217,233,234,733,815,642
481: 264,595,907,988,134
482: 195,1009,648,186,477,614
483: 836,506,109,521,288,143
484: 240,1017,400,230,562,565
485: 469,541,160,166,549,76
486: 68,715,938
487: 52,62,499,422,1006,750
488: 411,198,695,838,817,707
489: 283,65,585,964,163,745,34
490: 210,80,1008,207,914,634
491: 934,1004,173,625,447,790
492: 218,974,569,702,878,478
493: 924,884,999,494,601,456
494: 924,493,601,63,575,144
495: 868,201,299,582,748,137
496: 747,795,141
497: 577,284,158,972,899,364
498: 103,1022,930,724,300,324
499: 52,62,371,487,807,1023
500: 684,430,1024,949,1007,418
501: 393,605,170,796,513,716
502: 411,843,455,515,136,591
503: 212,224,92,281,895,791,987
504: 689,983,154,621,423,671
505: 830,776,449,100
506: 483,836,906,808,521,288
507: 839,242,375,901
508: 217,461,912,179,23,694,787
509: 663,681,616,889,70,402
510: 93,369,42,954,588,713
511: 753,452,197,612,605,716
512: 42,774,834,863,18,369
513: 688,501,170,796,145,890
514: 397,223,342,332,604,856
515: 502,411,695,874,116,136
516: 367,33,433,644,111,769
517: 848,0,968,104,338,704
518: 385,904,327,1001,718,14,900
519: 803,408,756,361,967,668
520: 477,289,115,936,648,46
521: 325,165,1014,288,143,483,506
522: 216,620,301,20,672,437
523: 141,46,614,384
524: 96,946,445,442,99
525: 16,583,460,261,276,683
526: 436,258,683,809,426,261
527: 83,892,963,550,326
528: 602,376,228,738,17,898
529: 344,161,287,586,64
530: 691,26,662,187,995,337
531: 232,156,431,801,833,539
532: 640,469,541,551,226,61
533: 349,897
534: 666,884,999,80,850,24
535: 224,874,895,116,45,345
536: 601,544,351,144,101,896
537: 19,215,903,970,62,371
538: 764,341,1020,85,239,360
539: 408,373,361,156,801,531
540: 876,1015,84,365,91,140
541: 711,469,551,160,485,532
542: 88,700,296,202,475,955
543: 854,379,625,447,106,779
544: 351,536,31,732,462,101
545: 885,655,572,438,697,211
546: 382,599,295,894,171,38
547: 992,448,86,811,444,894
548: 713,256,761,710,236,588
549: 166,864,485,76,606,214
550: 266,932,963,132,326,527
551: 711,541,532,955,226,296
552: 297,996,383,192,862,329
553: 974,478,219,87,664,390
554: 126,998,113,391,452,133
555: 712,50,337,283,964,377
556: 407,706,206,624,971,89
557: 2,844,459,108,650,973
558: 753,880,41,393,716,813
559: 470,401,829,417,742,882
560: 415,790,773,117,919,173
561: 157,336,107,611,774,719
562: 484,400,269,565,127,298
563: 167,615,661,127,406,645
564: 638,976,453,176,182,715
565: 167,827,127,484,230,562
566: 665,797,323,140,306,396
567: 249,865,128,573,311,184
568: 439,805,301,443,55,984
569: 492,878,478,235,3,978
570: 741,678,819,336,92,617
571: 276,678,258,683,212,987
572: 655,545,904,327,194,211,1005
573: 128,794,755,320,311,567
574: 403,862,638,329,36,852
575: 385,63,372,494,144,871
576: 589,363,381,696,181,835
577: 3,158,978,899,497,118
578: 142,1000,257,157,249,611
579: 227,875,262,362,778,474
580: 51,759,260,742,935,417
581: 945,687,340,70,402,47
582: 953,201,926,495,299,659
583: 16,525,672,276,709,346
584: 176,632,403
585: 65,489,745,702,618,98
586: 692,287,333,64,951,529
587: 291,893,465,936,664,648,186
588: 413,236,954,510,548,713
589: 576,381,124,670,696,67
590: 765,292,596,454,977,392
591: 136,102,920,675,502,843
592: 434,12,225,340,608,47
593: 887,274,7,697
594: 867,150,413,236,21,352
595: 804,264,481,44,988,398
596: 97,590,255,454,905,392
597: 660,118,196,49,635,158
598: 268,243,883,429,476,768
599: 210,382,546,295,647,207
600: 1010,185,267
601: 456,351,536,493,494,144
602: 725,342,376,528,604,17
603: 88,700,293,150,761,860
604: 286,856,17,514,602,342
605: 501,170,716,129,612,511
606: 717,374,214,864,549
607: 770,168,332,53
608: 146,799,309,47,12,592
609: 121,151,223,67,347,886
610: 315,48,1003,690,425,757
611: 157,561,142,578,774,18
612: 861,129,82,197,511,605
613: 908,405,77,190,281,791,838
614: 523,46,384,1009,482,477
615: 637,167,661,37,563,363
616: 354,681,889,509,378
617: 77,719,570,336,92,791
618: 974,702,585,153,390,98
619: 35,357,126,388,998,882
620: 872,216,522,740,273,437
621: 983,504,479,424,56,671
622: 652,800,237,343,1014,288
623: 825,399,690,148,432
624: 206,729,149,706,556,435
625: 934,491,821,447,379,543
626: 464,876,56,1005,194,479
627: 845,1013,145,846,90,410
628: 389,729,13,708,279,435
629: 802,439,767,724,72,300
630: 685,375
631: 262,248,636,943,826,131
632: 726,584,36,152,403
633: 463,841,271,910,4,749
634: 666,228,80,490,914,376
635: 660,597,803,959,158,364
636: 262,169,826,631,227,58
637: 167,827,615,37,824
638: 403,564,329,574,976,176
639: 352,111,800,769,237,860
640: 469,532,61,105,915,241
641: 328,1007,941,828,931,418
642: 334,649,480,234,751,815
643: 810,458,758,130,206,149
644: 433,198,455,367,869,516
645: 406,419,1012,307,661,563
646: 848,269,30,881,400
647: 285,969,207,95,382,599
648: 893,936,186,587,482,477,520
649: 334,794,642,320,751,159
650: 81,973,921,457,2,557
651: 763,456,24,448,178,999
652: 237,622,119,944,293,343
653: 414,5,731,253,64,951
654: 268,81,762,238,290,921
655: 572,438,286,545,112,327
656: 897,823,244,960,349,277
657: 260,742,110,787,179,470
658: 270,227,367,58,869,875
659: 172,994,125,953,299,582
660: 49,635,597,803,408,373
661: 615,563,645,307,363,835
662: 691,795,26,530,11
663: 681,509,402,394,146,818
664: 893,465,587,390,553,87
665: 566,306,699,19,396,903
666: 228,534,370,634,884,80
667: 213,151,397,770
668: 263,756,361,519,66,199
669: 317,98,1021,377,65,964
670: 589,124,911,721,121,67
671: 91,981,423,56,504,621
672: 16,583,20,709,216,522
673: 1000,257,430,813,842,41
674: 255,404,454,43,119,6
675: 136,810,102,421,591,686
676: 322,49,801,943,131,373
677: 929,427,723,472,717,214
678: 741,571,570,258,212,92
679: 266,132,398,798,177,8
680: 10,471,380,935,759
681: 663,616,509,394,378,806
682: 22,922,414,275,873,368
683: 276,571,258,526,261,525
684: 142,257,430,500,1007,183
685: 630,99,375,737
686: 136,421,675,316,345,116
687: 945,831,581,1018,383,340
688: 170,513,272,78,890
689: 983,154,504
690: 825,48,610,399,38,623,1003
691: 662,530,11,337,317,377
692: 879,287,586,333
693: 966,451,994,299,925,137
694: 23,870,27,787,508
695: 411,488,515,838,874,190
696: 576,589,181,772,67,347
697: 353,211,885,545,274,593
698: 71,434,208,857,979,174
699: 665,348,306,19,422,816
700: 88,603,542,475,256,761
701: 942,785,220,97,902,259
702: 218,974,492,618,585,745
703: 246,948,1022,94,175,459
704: 298,406,1012,148,517,0,104
705: 445,442,849,318,238,762
706: 232,777,407,556,435,624
707: 867,817,21,433,198,488
708: 763,31,13,178,628,279
709: 45,346,335,216,583,672
710: 548,873,368,386,713,256
711: 858,541,551,160,296,793
712: 205,50,995,337,786,555
713: 548,386,710,93,510,588
714: 728,109,853,143,218,878
715: 182,938,453,486,564
716: 393,501,605,753,558,511
717: 877,472,606,214,677
718: 898,385,120,327,518,112
719: 617,77,774,834,336,561
720: 925,32,303,748,137,73
721: 387,911,670,213,121
722: 309,72,12,857,443,990
723: 822,929,278,677,76,214
724: 767,231,498,930,300,629
725: 602,914,342,330,376,886,15
726: 744,632,359,152
727: 138,51,759,471
728: 847,235,308,109,714,878
729: 106,389,628,149,788,624,435
730: 939,289,358,162,115
731: 114,841,271,253,161,653,64
732: 156,833,462,544,101,263
733: 470,234,829,217,480,179
734: 78,272
735: 440,831,155,996,461,956,912
736: 66,341,199,1020,871,896
737: 739,901,247,685,99,375
738: 924,228,370,528,898,120
739: 238,737,290,247,445,99
740: 415,221,273,773,437,620
741: 229,436,678,570,258,819
742: 580,260,657,470,417,559
743: 266,932,789,378,177,354
744: 726,359,892
745: 585,489,34,853,218,702
746: 71,208,928,1019,468,916
747: 384,754,795,11,141,496
748: 720,32,137,868,495
749: 412,344,180,4,633,271
750: 1006,75,52,487,993,416
751: 305,123,815,159,649,642
752: 918,239,84,360,1015,254
753: 558,880,391,511,452,716
754: 317,384,1009,747,1021,11
755: 128,573,794,350,280,133
756: 967,519,668,446,66,9
757: 25,814,425,189,315,610
758: 810,421,643,331,60,130
759: 580,727,51,680,471,935
760: 358,115,302,291,936,73
761: 548,256,150,236,603,700
762: 268,654,705,429,318,238
763: 651,708,456,351,31,178
764: 341,538,1001,14,372,360
765: 292,590,454,43,917,1002
766: 205,995,942,428,187,1010
767: 231,799,309,724,72,629
768: 312,947,476,321,243,598
769: 111,800,639,808,33,516
770: 607,332,667,397
771: 415,221,447,790,366,779
772: 139,181,15,696,347,330
773: 415,560,740,437,919,55
774: 512,834,719,611,561,18
775: 365,986,981,960,797,277
776: 449,505,185
777: 232,279,833,462,706,435
778: 847,308,474,579,122,362
779: 106,788,447,771,366,543
780: 971,458,102,920,169,826,89
781: 123,815,1019,468,233,956
782: 188,319,888,348,125,953
783: 193,416,989,966,451,1016
784: 848,30,968,467,840,457
785: 701,449,942,100,428,220
786: 712,205,977,259,50,392
787: 694,870,657,110,179,508
788: 130,106,729,779,149,366
789: 69,473,250,932,743,354
790: 415,447,560,771,491,173
791: 503,92,281,613,617,77
792: 965,355,189,851,466,814
793: 296,202,6,711,858,404
794: 334,573,755,649,350,320
795: 662,11,747,496
796: 393,501,145,513,90,39
797: 960,566,323,140,365,775
798: 8,988,398,679,961,57
799: 767,231,146,309,818,608
800: 639,769,808,237,622,288
801: 431,531,131,539,373,676
802: 439,251,805,629,975,300
803: 408,967,519,660,635,959
804: 264,595,44
805: 802,439,251,568,919,55
806: 59,378,855,164,681,394
807: 52,959,499,1023,972,364
808: 800,769,33,906,506,288
809: 305,916,837,426,436,526
810: 458,102,421,643,675,758
811: 854,379,13,448,178,86,547
812: 46,939,289
813: 430,673,558,41,393,39,1024
814: 466,1004,25,757,189,792
815: 751,123,781,480,233,642
816: 422,1006,172,125,348,699
817: 867,252,707,405,488,838
818: 231,146,799,663,394,200
819: 336,937,107,741,229,570
820: 240,1017,242
821: 934,209,625,992,379,86
822: 278,723,76,282,858,160
823: 74,54,897,656,188,244
824: 637,37,310
825: 38,623,1003,690,95,432,382
826: 248,169,636,89,631,780,971
827: 637,167,565,230
828: 114,931,253,328,641,962,22
829: 913,470,234,401,559,733
830: 40,505,427,472,100
831: 687,440,1018,735,996,383
832: 28,849,318,134,57,988
833: 232,156,732,777,462,531
834: 908,512,42,77,774,719
835: 222,181,661,307,576,363
836: 483,847,506,109,474,906
837: 305,159,809,29,229,436
838: 695,488,190,281,613,405,817
839: 242,507,901,840,881,30
840: 467,901,247,839,784,30
841: 463,114,931,731,633,271
842: 880,41,280,128,1000,184,673
843: 502,455,920,591,169,58,869
844: 175,950,557,459,108,313
845: 395,1013,180,627,4,410
846: 304,890,145,1013,627
847: 728,836,308,778,109,474
848: 517,269,784,646,0,30,968
849: 318,134,832,442,191,705
850: 210,80,444,24,295,534
851: 965,355,246,975,324,792
852: 36,473,250,862,574,441
853: 325,143,714,218,745,34
854: 379,543,13,811,106,389
855: 59,806,321,952,164,947
856: 604,438,286,514,332,53
857: 434,12,698,722,990,174
858: 711,160,793,404,822,282
859: 980,958
860: 352,639,237,150,603,293
861: 294,866,129,612,82
862: 329,574,852,441,297,552
863: 940,183,18,93,941,369,512
864: 166,79,549,606,374
865: 157,249,937,107,567,311
866: 294,861,129,135,272
867: 817,413,252,594,21,707
868: 201,495,748
869: 658,367,58,843,455,644
870: 694,891,938,27,787,110
871: 341,144,736,896,372,575
872: 316,60,335,216,620,273
873: 368,475,256,710,682,275
874: 190,895,535,116,695,515
875: 270,658,227,906,579,474
876: 464,56,1015,540,626,91
877: 472,717,40
878: 218,492,569,728,235,714
879: 692,333,105
880: 842,753,558,391,41,280
881: 1017,400,839,242,646,30
882: 35,619,126,401,417,559
883: 268,243,598,948,81,973
884: 924,666,534,370,999,493
885: 438,545,168,53,274,697
886: 725,342,330,609,223,347
887: 593,7,147
888: 348,323,306,188,244,782
889: 354,616,441,509,70,250
890: 78,846,688,145,513
891: 870,68,927,450,110
892: 83,527,744,359,326
893: 153,664,648,186,587,390
894: 444,546,295,171,992,547
895: 503,224,874,190,281,535
896: 144,199,101,871,736,536
897: 54,823,656,533,349
898: 120,718,528,738,112,17
899: 3,577,219,284,420,497
900: 464,254,1005,904,518,14
901: 737,840,247,839,507,375
902: 929,278,905,97,701,220
903: 19,215,396,918,537,665
904: 327,518,572,900,1005
905: 902,278,282,97,255,596
906: 270,33,875,808,836,506,474
907: 264,481,191,134
908: 613,405,42,356,77,834
909: 395,1013,304
910: 245,410,949,4,463,633
911: 923,124,670,387,721
912: 217,233,461,956,508,735
913: 113,234,401,829,334,350
914: 725,376,1008,15,490,634
915: 333,105,951,61,5,640
916: 305,123,1019,809,426,208,746
917: 343,165,1014,1002,765,43
918: 215,396,239,84,752,903
919: 251,805,55,117,560,773
920: 780,102,591,843,169,58
921: 467,290,457,650,654,81
922: 682,226,414,61,5,275
923: 911,387
924: 738,370,884,493,494,63,120
925: 720,137,73,302,966,693
926: 265,953,201,582,319,985
927: 68,891,138,450
928: 71,746,225,440,1018,468
929: 427,902,278,677,723,220
930: 498,103,200,997,231,724
931: 463,828,114,418,841,328,641
932: 266,550,743,326,69,789
933: 108,313,104,338,48,399
934: 491,1004,25,209,821,625
935: 680,380,580,759,417,35
936: 291,648,587,760,115,520
937: 819,865,107,29,311,229
938: 182,715,870,27,486,68
939: 730,289,812
940: 863,328,93,941,962,386
941: 940,863,328,1007,183,641
942: 701,785,428,205,766,259
943: 262,131,631,322,362,676
944: 119,88,202,6,293,652
945: 297,687,581,383,70
946: 96,524,442,191
947: 312,997,768,321,855,164
948: 243,883,973,94,459,703
949: 910,245,1024,500,463,418
950: 175,844,313,425,965,189
951: 586,333,64,915,653,5
952: 59,321,8,855,961
953: 926,582,659,125,319,782
954: 413,252,588,42,356,510
955: 551,475,226,275,296,542
956: 233,461,912,440,735,468,781
957: 204,154,986,423
958: 357,388,980,859,82
959: 807,1023,803,967,635,364
960: 797,323,775,277,656,244
961: 28,57,476,321,952,798
962: 940,328,828,368,386,22
963: 550,132,527,44
964: 283,65,489,555,669,377
965: 246,189,851,792,175,950
966: 193,302,783,693,451,925
967: 803,756,519,9,959,1023
968: 848,517,784,338,457,2
969: 222,285,647,419,95,307
970: 85,215,537,446,9,371
971: 780,458,102,206,556,826,89
972: 284,993,364,497,52,807
973: 650,948,883,81,557,459
974: 492,553,702,478,618,390
975: 355,300,324,851,802,251
976: 982,192,564,638,329,182
977: 50,786,392,292,590,1011
978: 3,577,314,118,235,569
979: 174,460,261,208,698,426
980: 10,380,859,357,958
981: 365,775,91,986,423,671
982: 192,976,23,182,27,155
983: 689,504,147,621,424
984: 990,20,203,301,568,443
985: 74,319,265,926
986: 775,981,423,204,957,277
987: 503,212,224,276,571,45,346
988: 595,481,398,832,57,798
989: 193,783,1016,87,420,465
990: 984,174,203,722,857,443
991: 32,303,162
992: 86,547,171,209,821,894
993: 284,972,52,750,416,1016
994: 172,75,659,693,451,299
995: 712,205,766,337,187,530
996: 831,155,552,735,383,192
997: 103,200,312,947,930,164
998: 197,619,126,388,554,452
999: 534,884,493,24,651,456
1000: 257,184,578,673,842,41,249
1001: 385,518,14,372,764
1002: 165,339,917,765,292,1011
1003: 825,315,610,171,38,690
1004: 934,491,466,25,173,814
1005: 464,900,626,572,904,194
1006: 422,172,750,816,75,487
1007: 183,941,641,684,500,418
1008: 139,285,15,207,490,914
1009: 195,384,754,1021,482,614
1010: 600,185,267,766,428,187
1011: 283,163,339,1002,292,977,50
1012: 406,419,645,148,432,704
1013: 909,845,395,627,304,846
1014: 343,521,165,917,288,622
1015: 464,876,254,540,84,752
1016: 783,416,989,284,420,993
1017: 240,820,484,881,400,242
1018: 687,440,831,340,225,928
1019: 305,123,468,916,781,746
1020: 446,66,341,538,736,85
1021: 195,317,98,669,1009,754
1022: 498,103,94,246,324,703
1023: 9,371,959,499,807,967
1024: 245,39,949,430,500,813