0: 1336,704,1057,298,1167,1981,1126
2: 2019,1486,457,650,968,338
3: 1116,1696,1585,569,978,1203
4: 180,749,1698,1264,1729
5: 1681,915,951,1727,653,1245
6: 1270,1889,1861,944,202,1254
7: 424,1174,1568,593,1919,1495
8: 1691,1669,679,177,59,1572
9: 1482,1964,967,1639,371,970
10: 2033,1089,380,980,680
11: 1032,1962,1180,691,795,1642
12: 592,434,608,1592,1154,857
13: 2030,708,628,389,1307,1286
14: 1360,900,1688,1052,254,1359
15: 330,1934,725,1515,1506,914
16: 672,583,1762,1692,2032,1938,460
17: 1113,1944,1835,1354,1169,1066
18: 369,512,1200,1975,1550,1278
19: 1337,699,665,2025,903,1168
20: 301,55,984,1227,203,522,2032
21: 867,1995,433,594,413,1465
22: 1779,922,253,1073,414,368,2011
23: 2014,694,1390,155,1231,1784
24: 999,448,1300,1181,1908,850
25: 1600,1158,1940,1620,814,1774
26: 1996,1599,187,662,1108,267
27: 2014,694,870,182,1846,2015
28: 1366,1419,1508,57,1916,2037
29: 1841,1745,2044,1056,937,311
30: 2047,1455,784,1845,1422,848
31: 2030,462,544,1430,1148,1362
32: 991,1410,1404,303,720
33: 1325,1657,367,270,906,1695
34: 853,1703,489,1628,1743,325
35: 1453,1751,1806,1498,619,1836
36: 1634,152,403,1960,1706,1844
37: 1900,615,363,637,1823,1898
38: 1911,1467,1744,1003,171,1094
39: 1913,2036,1132,1265,1674,1024
40: 1947,1684,1555
41: 842,558,813,1728,1357,1548
42: 356,1638,510,1038,954,1258
43: 1761,119,343,1188,1539,674
44: 1776,1686,1075,963,804
45: 1358,1069,1820,709,1771,345
46: 477,1242,1894,614,1090,1445
47: 1892,146,1924,1368,1667,402
48: 1971,1438,1140,933,1907,313
49: 322,676,1537,1393,1423,1988
50: 2002,712,1544,977,1011,1472
51: 1277,138,450,727,1030,580
52: 1483,487,807,1653,1037,1023,1429
53: 607,1914,1053,332,856,1170
54: 823,1329,74,1977,897,1191
55: 301,20,437,1317,1802,1227,1260
56: 1087,1261,479,621,1334,1699
57: 798,1952,1916,28,1660,1508
58: 1551,843,869,1088,169,1157
59: 1631,855,1572,1691,8,952
60: 316,1063,331,1626,1792,1813
61: 1441,915,1727,226,532,640
62: 2025,537,1330,1166,499,1534
63: 575,1096,1205,494,1756,1724,924
64: 586,1681,1328,951,1770,529
65: 1244,1886,98,1879,964
66: 1253,756,736,1458,668,1948
67: 1435,1402,347,1816,1512,696
68: 486,938,1450,1959
69: 473,1582,1706,1963,1798,326,1598
70: 1035,2026,2004,441,945,509
71: 1071,1702,1718,1076,746,208
72: 1769,722,629,1847,1797,1131
73: 1976,303,1811,720,1505,760
74: 1977,1369,54,1479,1191,985
75: 994,172,1006,1772,1237,1160
76: 1097,214,1694,1860,1997,723
77: 908,1068,1389,2000,834,1829,719
78: 1644,2007,734,688,1851,890
79: 241,1221,166,2012,864,1752
80: 534,850,2021,490,1607,210
81: 1866,268,1299,1858,1083,1198
82: 388,1183,1048,197,1748,1781
83: 963,1821,1804,527
84: 1273,752,1939,540,1865,1015
85: 446,1656,1887,1020,1458,538
86: 1897,1778,992,1209,811,1398
87: 219,1421,553,1990,1859,1228
88: 2023,1321,1664,1254,293,1106,1830
89: 971,826,780,1211,1447,2027
90: 2036,1872,1132,1301,145,245,1522
91: 1202,981,1699,1046,1087,1456
92: 1280,212,1678,503,1041,1502
93: 863,386,940,713,1323,1494
94: 312,243,1120,1850,1581,1517
95: 419,1576,1606,382,825,1651
96: 946,1722,1734
97: 1707,596,902,1529,905
98: 1244,1886,1862,65,618,585,1828
99: 1603,1734,1722,445,685,1883
100: 427,220,830,1411,1885,505
101: 1384,1388,199,896,1635,536
102: 920,1085,1129,1279,1580,1561,780
103: 498,1583,1854,1850,2048,1022
104: 1794,399,1140,933,1864,148
105: 915,1294,1531,640,1877,1966
106: 543,1487,389,1061,1490,1953
107: 336,1442,1444,1986,1117,819
108: 844,1907,1614,2019,1486,557
109: 483,847,836,1194,143,2022
110: 2038,787,657,260,1554,1277
111: 1465,769,1257,1025,1636,433
112: 1169,286,898,718,1382,327
113: 350,1426,1721,1818,1931,1610
114: 931,828,1466,1612,1451,1235,253
115: 1888,936,520,1272,1755,1445
116: 874,1358,345,1807,515,136
117: 1809,251,1135,1383,1750,1549
118: 1857,2029,158,1983,1585,577
119: 43,343,1255,1861,944,674
120: 1756,924,1891,738,370,1213
121: 721,1717,670,213,1951,1392
122: 314,196,1597,1405,1331,1783
123: 1452,1559,1619,1019,1287,1275
124: 1593,1417,1509,381,589,1697
125: 172,1237,1365,816,782,1764
126: 882,1818,1931,401,619,1067
127: 1788,1126,298,1874,406,1319
128: 1917,1074,1471,280,755,1463
129: 272,1124,605,170,1936,1133
130: 2031,1812,643,788,1946,1232
131: 943,1497,676,631,1613,248,801
132: 1686,1075,1838,266,1578,1189
133: 280,755,1426,1721,1520,391
134: 832,1660,1508,481,1201,1155
135: 734,1133,1801,866,272
136: 515,1190,1596,1807,116,1941
137: 299,582,1965,1146,693,1119
138: 1967,450,727,51
139: 2018,1008,1690,1934,772
140: 2020,797,365,540,1865,1046
141: 1333,1111,384
142: 1550,257,1373,578,611,1975
143: 714,1230,1979,2022,483,109
144: 1833,871,2017,896,1322,1659
145: 1060,1579,1301,513,1872,90
146: 1892,818,47,402,663,1969
147: 424,983,1919,887,1972,1415
148: 1864,1981,104,1794,1958,432
149: 2031,624,643,206,1477,1315
150: 860,603,1560,352,2045,1896,594
151: 1274,397,1251,1902,1749,223
152: 1798,1957,1219,1634,36,1706
153: 1240,1150,1828,1800,618,1493
154: 1840,1050,1306,1711
155: 1390,23,1843,461,1784,996
156: 539,1863,1138,531,361,833,1507
157: 1587,1763,1978,611,1045,561
158: 118,1983,1733,1803,497,577
159: 2044,1056,1985,1159,649,1380
160: 711,541,1187,1324,2009,485
161: 731,1770,529,1065,271,1312
162: 1381,1218,1410,1943
163: 1244,745,489,1743,1879,1646
164: 1288,806,394,200,1714,997
165: 1920,917,521,1540,1775,1356
166: 469,79,1221,1342,864,1853
167: 1855,1900,1720,1878,230,827
168: 1492,1881,409,1177,1914,885
169: 1551,58,843,1683,1580,1974
170: 272,605,1127,129,1059,1851
171: 315,1003,1600,209,1094,1158,38
172: 75,125,1237,659,1160,1764
173: 491,1601,1469,466,1809,1310
174: 1425,1313,2035,460,1344,1930
175: 1608,459,1352,1677,950,965
176: 453,584,1826,1521
177: 266,1525,679,8,1271,1572
178: 854,1286,1564,1239,708,1248
179: 1541,1104,1385,1530,217,508
180: 749,1719,1623,1207,1698,4
181: 1304,1512,576,696,1690,1825
182: 2014,982,27,1849,1846,2003
183: 1034,1550,1373,1968,1880,1278
184: 1917,567,1225,1197,249,1504,1921
185: 449,1250,1387,428,2028,1785
186: 195,482,2040,1240,648,1150
187: 26,1108,2042,766,1010,267
188: 244,1977,1093,1998,1130,823
189: 1433,1406,814,1144,1318,1774,1285
190: 503,895,1153,1249,1058,281
191: 1457,442,1918,2010,1725
192: 976,1172,1843,1815,1390,982
193: 302,1193,1439,291,1617,1347
194: 1118,353,1673,1206,626,1476
195: 482,1240,1021,1513,1224,186
196: 122,1423,1857,314,1709,1597
197: 82,388,1048,998,1808,1107
198: 411,455,1524,1932,1566,1208
199: 1384,1948,101,896,1226,1322
200: 1288,1526,394,1220,164,1054
201: 1999,265,868,495,1290
202: 296,793,1321,1254,6,1889
203: 2032,1938,1425,1436,20,984
204: 349,957,1243,1427
205: 259,1461,942,1485,995,1622
206: 458,1085,1129,643,149,1315
207: 599,1143,1370,1648,1043
208: 1641,979,71,1702,1076,1574
209: 992,1600,171,821,1094,1984
210: 295,1607,599,1925,1370,80,490
211: 697,1673,545,1732,1568,353
212: 570,678,1280,92,1780,1678
213: 1717,121,1749,1392,1682,1251
214: 1215,1694,76,723,1645,717
215: 1434,1481,1656,1887,239
216: 522,672,1701,2032,1553,1049,1302
217: 1440,508,912,1142,1541,179
218: 1773,1590,1759,1262,492,702
219: 478,87,553,1696,1990,1791
220: 427,100,1834,1459,1885,785
221: 415,366,1875,1837,1152,1666
222: 1648,2018,1008,1890,285,969
223: 1749,609,1923,1535,151,1902
224: 535,895,1041,1625,1069,987
225: 1071,928,1018,592,1643,1718
226: 551,532,1086,1441,61,1868
227: 579,875,1351,1873,1088,1446,262
228: 634,1100,666,376,528,738
229: 1796,819,1134,937,1442,741
230: 1263,827,1136,1878,167
231: 1627,799,1526,1054,724,767
232: 777,1282,2006,1528,1138,833
233: 912,1538,1142,781,1742,1799
234: 1730,733,1536,480,1842,1229
235: 1871,1109,569,878,1545,978
236: 588,2045,1896,1893,1070,1418
237: 293,1909,1546,1830,1255,652
238: 290,1937,1184,654,762,705
239: 918,1397,1945,1887,215,1884,1481
240: 1949,820,1017
241: 79,1877,1966,1221,2012
242: 1139,1332,881,1078,1171
243: 94,598,1120,883,973,1517
244: 188,1998,1758,323,888,1130
245: 910,949,1132,90,1522,410
246: 965,1318,1882,1954,851,792
247: 1196,1091,467,901,1454,840
248: 826,1211,1510,1497,631,131
249: 184,567,1225,1197,1587,1978
250: 1309,473,1371,1582,889,789
251: 355,975,117,1308,1135,1383
252: 1222,1372,1437,1162,954,1164
253: 22,1073,414,114,1466,1235
254: 1704,464,900,14,1939,1359
255: 1928,1470,404,1987,596,454
256: 1489,1396,1747,761,1070,700
257: 1000,684,1624,1373,142,578
258: 1780,1363,1637,436,678,741
259: 205,1461,942,1768,1662,1605
260: 657,110,1277,742,1665,580
261: 1305,426,1409,979,1313,2035
262: 1993,631,636,1873,1510,227,1351
263: 1384,1408,732,1226,1507,1863
264: 1500,907,1705,481
265: 201,1290,1571,1345
266: 1525,1578,177,679,132,1838
267: 600,1010,1599,26,187
268: 1712,1640,81,1299,883,1858
269: 1788,562,1901,646,1126,1057
270: 658,33,367,1098,906,1695
271: 731,1312,161,1729,841,1128
272: 129,170,1133,734,135,1851
273: 872,1049,1063,620,1626,1403
274: 593,1495,409,1177
275: 1086,955,1182,682,1868,1395
276: 525,571,346,1789,683,1241,1363,583
277: 656,1026,986,960,1243,1427
278: 929,1876,1577,905,1216,282
279: 462,1430,628,435,1790,777,1282
280: 755,133,391,1570,128,1463
281: 613,791,1502,1058,503,190
282: 1335,1216,1533,1987,278,905
283: 2002,1879,1646,555,964,1544
284: 2034,1346,972,1595,1483,993
285: 1648,222,969,1576,1651,1143
286: 1680,1944,112,1169,1814,1382
287: 1915,586,1199,692
288: 506,1123,1246,808,1540,1014
289: 730,1272,1445,1894,1942
290: 1196,238,467,1937,1556,654
291: 587,1617,193,1347,1888,936
292: 590,1787,977,1011,339,2005
293: 860,237,1546,1106,1830,88
294: 1655,1848,861,1543,1781,1748
295: 1607,210,546,599,1925,1767,1895
296: 793,1321,202,542,1281
297: 1080,1676,1035,441,1364
298: 0,704,127,1126,1319
299: 137,1204,2041,582,693
300: 324,1391,1933,802,1867,1217,1292
301: 1553,20,55,437,1802,1227,522
302: 966,193,1439,925,1811,1347
303: 720,73,1505,1410,32,1218
304: 1569,1013,1899,846,909
305: 809,1275,1559,1380,837,1985
306: 888,1852,1337,665,1047,323
307: 1765,1326,1176,835,1890,969
308: 1783,1109,728,1685,1331,1194
309: 608,1689,1627,722,1797,1154
310: 923,1593,1509,824,1823
311: 1912,573,29,1841,1745,937
312: 94,1629,1462,1120,1854,1850
313: 1438,844,48,1907,425,1677
314: 122,1857,2029,196,1871,1783
315: 1003,171,1158,610,1406,757,1774
316: 686,60,1063,1195,421,1813
317: 1668,1099,1962,1210,1115,377
318: 1366,1419,1760,849,705,1904
319: 953,1122,1369,1093,926,1345,985
320: 794,1159,1632,1841,2044,1532
321: 961,1112,952,1036,1547,947
322: 943,49,676,1735,1597,1423
323: 1062,1047,1758,888,306,244
324: 1933,300,1954,1292,975,851
325: 1628,1448,1356,34,1703,1775
326: 932,1598,1376,1963,550,69
327: 1611,1672,112,718,1420,1382
328: 962,1950,1114,828,1466,1073
329: 976,638,574,1815,862,1514
330: 15,1934,1910,725,772,1816
331: 1875,1626,1152,60,1946,1792
332: 1238,770,397,856,607,53
333: 1294,1328,1531,1072,879,692
334: 794,1842,1229,1298,1491,1092
335: 709,1602,872,1771,1063,1195,1302
336: 617,570,1442,107,1444,1117,1303
337: 2043,1485,995,1501,712,1428
338: 968,1565,2019,2,1503
339: 292,1787,1011,1628,1448,1496
340: 1018,1643,1667,581,687,1924
341: 1473,1340,1377,764,372,2017
342: 602,886,1910,725,1175,1066
343: 43,119,1125,1255,652,1539
344: 1065,1312,749,1623,412,1754
345: 686,1771,1807,116,1358,45
346: 276,571,1789,987,1241,1625
347: 1817,1402,609,67,1923,1816
348: 888,1852,1365,782,1122,1998
349: 204,1427,1856,1283
350: 113,1491,1378,1092,1721,1610
351: 601,536,456,1827,1105,1388
352: 860,1151,150,1560,1546,1137
353: 1118,194,1174,1568,211,1673
354: 616,378,1271,1737,1371,1723
355: 975,251,851,792,1693,1383
356: 42,1829,1638,954,908,1437
357: 380,980,1498,958,1453,1183
358: 730,1272,1505,1755,1381,1218
359: 1740,1103,1376,1963,726,1219
360: 1473,1945,764,1052,538,1710
361: 539,1863,373,531,156,1716,1033
362: 1993,1735,1405,1658,579,1351
363: 37,661,615,1782,1898,1832
364: 1483,807,959,635,1803,972
365: 1805,797,140,1202,775,1046
366: 221,1875,1666,779,1812,1573
367: 1657,33,516,270,658,1819
368: 1355,2011,1081,1114,22,1073
369: 512,18,1038,1494,863,1278
370: 120,924,738,1314,1100,1929
371: 1330,970,9,1639,499,1653
372: 871,575,1205,2017,1340,341
373: 539,361,1033,1256,1537,1480,1393
374: 1443,606
375: 1186,1468,1869,507,1139
376: 602,1506,228,634,1835,528
377: 1099,317,1115,1428,555,1501
378: 616,2008,354,1631,1271,1572
379: 811,854,543,1061,1618,1398
380: 10,980,1400,680,1498,357
381: 1304,1782,1898,589,1509,124
382: 1589,1911,825,95,1651,647
383: 2046,1739,1268,1364,1604,552
384: 141,1111,1700,523,1708
385: 1756,1724,718,1891,1672,1350
386: 962,93,940,1114,713,1081
387: 1163,911,721
388: 82,1453,1183,197,1751,998
389: 106,1307,1061,1490,1286,13
390: 1822,1421,553,1800,1738,1493
391: 1520,452,753,1570,880,280,133
392: 1519,1707,786,1529,1662,2005
393: 1913,1647,1575,1149,558,1548
394: 806,1220,164,200,681,1567
395: 1719,1207,1013,1044,1214
396: 2020,1047,566,1082,1168,665
397: 1238,1274,770,332,151,1902
398: 679,1766,1838,988,798,1669
399: 104,933,1614,1864,1503
400: 1332,881,1588,1017,1901,1234
401: 882,913,1931,126,1687,1610,829
402: 1667,2026,1969,945,146,47
403: 1973,1141,1634,36,1844,574
404: 1270,1533,1470,255,1121,1987
405: 613,838,1058,1557,1162,817
406: 1824,1874,563,127,645,1319
407: 706,556,2027,1460,2006,1528
408: 1379,1480,803,519,1542,1033
409: 1492,168,1177,274
410: 1522,1698,845,1264,910,245
411: 502,198,455,1190,1449,1524
412: 1754,1623,344
413: 2045,594,1222,1893,867,21
414: 653,22,922,1245,253,1235
415: 221,1837,1343,1666,790,560
416: 783,451,1284,1992,1374,1772
417: 882,1713,1836,1687,1511
418: 1663,1558,641,500,1007,1431
419: 1609,1795,1576,1765,1606,95
420: 1791,1346,899,1741,1595,1990
421: 686,316,1195,1807,1813,810,1616
422: 699,1652,816,1166,1478,1562
423: 1306,1621,1711,981,671,1236
424: 147,1361,983,7,1174,1919
425: 1677,950,1406,757,1144,1438,313
426: 916,1777,261,1409,1574,979
427: 929,100,220,677,1834,1411
428: 1982,449,1459,1413,185,1387
429: 1712,1640,1904,1419,2037,476
430: 1265,813,673,1674,1624,1432
431: 801,1138,531,1460,1528,1497
432: 1795,1958,1606,148,1794,623
433: 707,1995,21,1465,111,1636
434: 12,592,1702,1718,857,698
435: 1790,706,777,1179,2006,279
436: 526,1040,1796,258,1637,741
437: 1553,301,55,1802,773,620,740
438: 1170,655,545,1732,1814,1053
439: 629,1847,1615,568,805,1260
440: 1367,831,1757,1650,956,1051,468
441: 1035,2004,70,1080,889,297
442: 946,524,1457,191,1980,1918
443: 990,1847,1131,568,1436,984
444: 547,1178,1181,1908,1925,1895
445: 1102,524,1722,99,1883,1291
446: 85,1656,1887,1964,1253,1458
447: 543,1487,1618,771,1259,779
448: 999,24,651,1564,1181,1416
449: 1459,1250,1885,185,428,1252
450: 1967,138,1077,51,1554,1277
451: 783,416,966,994,1772,1079
452: 1520,391,753,1808,1327,1107,880
453: 176,1826,1412,1633
454: 1519,1707,1165,596,1928,255
455: 502,411,198,1584,1932,2001
456: 1935,493,1827,763,1105,351
457: 2,650,1198,968,1955,1028,921
458: 206,758,1085,1212,643,1232
459: 1608,703,175,948,1352,1156
460: 1425,1313,174,16,1762,1938
461: 1440,1650,1784,1339,996,155
462: 279,1430,31,1362,777,1282,1793
463: 1630,910,1663,1558,633,949
464: 876,1015,1671,1704,254,1939
465: 1394,664,587,1675,1617,1228
466: 1809,1693,1383,1285,173,1469
467: 1196,290,1556,247,1454,1028
468: 1742,1101,1475,440,956,1538,1051
469: 1401,1221,166,1187,1269,1342
470: 559,1104,1385,1464,657,742
471: 680,1488,1991
472: 1516,1684,1645,830,717,1411
473: 1309,1960,69,1582,250,1706
474: 1726,778,1685,1031,1194,847
475: 2023,542,1395,700,1747,1182
476: 768,1547,598,2037,1036,1712,429
477: 1064,46,614,1090,482,648
478: 1822,1116,2013,219,553,1696
479: 1118,1361,621,626,56,1261
480: 815,642,1229,1799,1730,234
481: 264,907,1705,1201,1155,134
482: 195,648,1224,186,477,1064
483: 521,506,109,836,1230,143
484: 562,1234,565,1136,1949,1878
485: 2009,1997,160,1187,1342,1097
486: 1412,68,715,938
487: 52,750,1037,1534,1429,1478,1353
488: 817,2016,1566,838,695,1524
489: 853,34,1773,1743,163,745
490: 80,2021,1731,1905,1607,210,1370
491: 1004,1961,173,1601,1293,1469
492: 2013,1759,1262,218,702,974
493: 1935,456,1827,1903,1185,2024
494: 1833,871,63,601,1096,1205,2024
495: 201,868,1290,1119,1679,582
496: 1642,1386,795
497: 1803,1346,972,899,577,158
498: 103,1391,1583,1292,1591,1022
499: 1653,1534,1429,62,371,1330
500: 1024,418,1663,1674,1431,1432
501: 1654,605,1127,1149,716,1575
502: 411,455,1523,1190,1584,1596
503: 190,895,1041,92,1502,281
504: 1922,1050,1110,1334,1306,671
505: 1055,1555,1252,100,830,1885
506: 483,521,288,1123,836,1540
507: 375,1869,901,839,1139,1078
508: 1440,217,1784,1231,1530,179
509: 2026,2004,1723,1969,70,616,1266
510: 42,954,1258,1518,1372,1418
511: 1654,1124,1048,612,1327,1107
512: 369,834,18,1638,1038,1200
513: 796,1872,1059,688,1060,145
514: 1238,1535,1902,1113,1175,604
515: 136,1190,1449,116,874,1424
516: 1257,644,1657,367,1819,1267
517: 1864,1336,1503,1167,1565,1845
518: 1360,1926,1001,1611,1672,1350
519: 1379,967,1542,408,1482,1276,756
520: 115,936,1445,1552,1145,1090
521: 483,506,1540,165,1230,1775
522: 672,216,2032,1553,301,20
523: 1715,1242,614,1708,384
524: 946,1102,1722,442,445,1980
525: 276,683,1305,1341,583,1762
526: 436,1341,1777,1040,1409,1637
527: 1821,1804,1103,1376,550,83
528: 738,1213,376,228,1835,1354
529: 1770,1915,1065,161,586,64
530: 691,662,1108,2043,1501,1099
531: 539,801,1138,361,156,431,1256
532: 226,551,1269,61,640,1401
533: 897,1856,1329,1283
534: 80,850,2021,1247,884,1300
535: 224,874,1358,895,1069,1249
536: 1833,601,351,1388,101,896
537: 2025,1434,62,903,1481,1330
538: 1473,1945,360,85,1887,1020
539: 373,531,361,156,1033,1256
540: 84,1865,1015,1456,1046,140
541: 711,551,160,1311,1187,1269
542: 2023,296,1321,475,1281,1395
543: 379,1487,106,447,1061,1618
544: 31,1105,1148,1362,1388,1635
545: 211,655,438,1673,572,1732
546: 295,1767,1895,1589,1744,894
547: 1897,444,1778,1178,1181,1416
548: 1396,710,713,1323,588,1518
549: 1443,1215,606,864,1853,1694
550: 1821,527,1376,326,932,1189
551: 226,1311,541,532,1086,1269
552: 1676,1172,862,383,1364,1604
553: 1822,478,390,87,219,1421
554: 998,1067,1818,1426,1520,1808
555: 2002,283,1428,964,1115,377
556: 407,706,1477,1315,2027,971
557: 1486,1156,1029,1608,844,108
558: 41,1357,1548,1407,1149,393
559: 829,470,1464,742,1713,1687
560: 790,1601,1310,1147,415,1343
561: 1763,1375,774,157,1045,617,1444
562: 1788,484,1901,1234,565,269
563: 1824,661,406,1176,645,1326
564: 1826,1521,1839,1141,638
565: 1788,562,484,1878,1855
566: 1805,1062,2020,1047,797,396
567: 1917,184,1912,1074,573,1225,249
568: 443,1847,439,984,1227,1260
569: 878,235,1262,978,1116,3
570: 336,678,1117,1280,1303,212
571: 276,1780,346,683,987,1363,1678
572: 655,1420,1673,545,904,1206
573: 1532,567,1912,1074,1225,311,1841
574: 329,638,1514,1141,403,1844
575: 372,63,1205,1724,1001,1350,1340
576: 1304,1782,181,1832,835,1825
577: 497,1203,899,118,158,1585
578: 1587,611,1197,1000,257,142
579: 1658,875,227,778,1351,362
580: 1665,759,1030,51,260,1277
581: 1739,1268,687,1667,945,340
582: 137,1204,299,1679,495,1119
583: 16,1762,1692,276,525,1241
584: 176,1521,1973,1039,632
585: 1244,1862,98,618,702,745
586: 1328,64,1915,529,287,692
587: 1394,291,1552,465,1617,936
588: 236,1518,1070,1418,1396,548
589: 1304,1512,381,1697,124,1435
590: 292,1787,765,1519,1165,2005
591: 1941,675,920,1279,1523,1596
592: 12,225,434,1643,1718,1592
593: 1927,274,1919,1495,7
594: 2045,413,21,1465,150,1560
595: 1776,1766,988,1705,1586,1201
596: 97,1707,454,255,1987,905
597: 1988,1983,1709,1733,1173,660
598: 768,476,243,1120,1712,883
599: 295,210,207,647,1143,1370,1767
600: 1010,2028,267
601: 1833,2024,494,536,351,1827
602: 342,725,1506,376,1835,1066
603: 860,150,1106,1896,761,1664
604: 1113,1680,1944,1238,514,856
605: 1654,501,1124,1127,129,170
606: 1443,1215,549,374,1670
607: 1881,1914,1348,53,770,332
608: 309,1689,1592,1368,12,1154
609: 1749,223,1402,1923,347,1392
610: 1971,1438,757,1956,315,1003
611: 1587,578,157,1975,1045,142
612: 861,1936,1781,1048,1124,511
613: 405,791,1068,1058,1557,281
614: 477,1242,523,1064,46,1708
615: 1824,37,661,1900,1720,363
616: 1266,2008,378,354,1723,509
617: 2000,336,1444,1303,1375,561
618: 1862,98,1800,585,1738,153,1828
619: 882,1836,126,35,1751,1067
620: 740,1403,1553,437,1049,273
621: 479,1361,983,56,1110,1334
622: 1125,652,1014,1909,1161,1246
623: 825,1349,690,1794,432,1606
624: 2031,729,149,1296,1477,1179
625: 934,1961,1259,1209,1618,1398
626: 1671,1261,1476,479,1118,194
627: 1899,1579,1301,1044,1522,845
628: 2030,279,1430,13,1307,1790
629: 1769,72,1847,1615,439,802
630: 1186,1468,685,1603
631: 943,1993,262,131,248,1510
632: 1039,1957,1634,584,1973
633: 1630,910,463,1264,841
634: 228,666,1731,1506,914,376
635: 1173,959,1527,1733,364,1803
636: 826,1873,1974,1447,1510,1551,262
637: 1316,824,827,1823,37,1900
638: 329,976,574,2003,564,1141
639: 800,769,1025,1151,1161,1137
640: 1401,1966,61,105,915,1727,532
641: 418,1558,1007,1786,1594,1223
642: 815,480,751,1229,1298,649
643: 130,2031,149,1232,458,206
644: 1257,516,1636,1932,1208,1267
645: 1609,1319,1326,1012,406,563
646: 1901,269,1588,1422,848,1057
647: 1651,599,1143,1767,1589,382
648: 482,2040,186,1145,477,1090
649: 642,751,1159,1298,1380,159
650: 1486,2,457,1029,1083,1198
651: 1935,999,448,763,1564,1248
652: 1125,343,622,1255,237,1909
653: 1245,414,1235,1297,5,1681
654: 1866,762,1299,238,290,1556
655: 438,1420,572,545,1814,1382
656: 1130,277,1026,1233,960,1649,1758
657: 787,110,260,742,470,1104
658: 270,1819,1157,1446,367,1098
659: 1204,1084,1160,1764,172
660: 1173,1480,803,1393,1988,597
661: 1824,615,363,563,1176,1832
662: 1996,26,1180,691,530,1108
663: 1969,1266,1567,1220,818,146
664: 1394,1493,465,893,1228,1421
665: 19,1337,306,1168,1047,396
666: 228,634,2021,1247,1100,1731
667: 1682,1661,1274,1251
668: 66,1276,756,1948,1408,1226
669: 1668,1115,1886,964,1021,1513
670: 911,721,121,1417,1697,1951
671: 423,1306,981,1699,504,1334
672: 16,522,1701,216,1692,2032,1938
673: 430,813,1728,1504,1000,1624
674: 1928,1470,1861,1761,43,119
675: 1941,810,591,1212,1279,1616
676: 943,322,49,131,1537,1613
677: 929,1577,427,723,1645,1411
678: 570,1442,741,1117,212,1780,258,1363
679: 398,1838,266,177,8,1669
680: 10,380,1400,471,1991
681: 2008,1631,855,1567,806,394
682: 1779,1868,2011,873,1182,275
683: 276,525,571,1363,1637,1341
684: 1034,1624,257,1373,1431,1432
685: 630,1468,737,1603,99,1883
686: 316,1771,345,1195,1807,421,1616
687: 1739,581,1367,831,340,1018
688: 78,1851,1059,513,1060,890
689: 1922,1050,1840
690: 623,1956,1349,1971,1794,1140
691: 1180,662,530,11,1099,1962
692: 1199,1072,287,586,333,1328
693: 1976,1965,925,1079,137,2041,299
694: 2014,870,27,1231,23,1095
695: 1449,1524,1424,1153,838,488
696: 1512,181,1690,67,1816,772
697: 211,1732,1177,885,1495,1568
698: 1641,857,1320,1344,434,1702
699: 19,1337,422,1652,2025,1166
700: 2023,475,1664,761,256,1747
701: 1876,1834,1768,902,1605,785
702: 1862,585,974,745,1773,218,492
703: 459,948,1192,1581,1352,1517
704: 0,1336,298,1981,1958,1319,1012
705: 762,1904,1184,849,318,238
706: 435,407,556,1477,1179,2006
707: 2016,1566,1995,433,1208,1636
708: 2030,1906,1248,13,1286,178
709: 1602,335,1771,1195,2039,45,1069,1820
710: 1489,1355,1396,548,1081,713
711: 160,1027,1311,541,1414,1324
712: 2002,1428,50,1472,1485,337
713: 386,93,1323,548,1081,710
714: 1979,1590,143,2022,1759,1545
715: 1412,486,1633,938,1849,1846
716: 1407,753,1327,1654,501,1149
717: 1516,1670,1645,472,1215,214
718: 898,385,1891,112,1672,327
719: 834,1829,2000,1375,774,77,1389
720: 1976,1965,303,1146,73,32
721: 387,1163,911,1717,670,121
722: 72,1831,1797,1131,1154,309
723: 1577,677,1860,214,76,1645
724: 1526,930,231,1867,1042,767
725: 602,15,330,342,1910,1506
726: 1219,744,1740,359
727: 1989,138,51,1030
728: 1109,308,1545,1194,2022
729: 624,1296,1307,1490,1790,1179
730: 1272,358,289,1381,939,1942
731: 1770,271,161,1297,1128,1451
732: 1384,263,1793,1635,1507,1362
733: 1541,1730,234,1536,1385,1464
734: 1644,78,135,1851,272
735: 2046,1604,1757,1650,996
736: 66,1020,1458,1948,1322,1659,1377
737: 1468,685,1869,739,1091,1883
738: 528,120,370,1213,228,1100
739: 1196,1091,1883,1291,737
740: 620,1837,1343,1403,437,1802,773
741: 678,1442,1117,436,1796,229,258
742: 657,260,1665,470,559,1713
743: 1525,1737,1578,932,1598,789
744: 1740,726
745: 1244,702,585,163,489,1773
746: 1076,1101,1019,1475,1071,71
747: 1111,1386,1700,795,754,1032
748: 1289,1404,1146,868,1119
749: 180,1623,4,344,1312,1729
750: 993,487,1037,1992,1374,1353
751: 815,642,649,1380,1559,1287
752: 1273,1939,1397,84,1359,1710
753: 716,1407,452,391,1327,880
754: 1484,1009,1032,1210,1700,747
755: 1471,280,133,1378,1721,128
756: 1482,66,1276,1253,668,519
757: 425,1406,1774,1438,610,315
758: 1813,810,458,1212,1232,1792
759: 935,1665,1511,1810,1030,580
760: 1888,1505,1755,1811,73,1347
761: 1896,1070,256,603,1664,700
762: 1640,654,705,1904,1299,238
763: 1935,456,651,1906,1105,1148,1248
764: 1473,360,1340,1688,1052,341
765: 590,1787,1002,1761,1188,1165
766: 2042,1622,1413,1387,187,1010
767: 1769,1797,724,231,1627,1042
768: 1629,476,1547,598,1120,1036
769: 111,1325,800,639,1257,1657,1025
770: 1274,397,332,1661,607,1348
771: 790,1259,1293,779,1666,447
772: 330,1934,696,1690,139,1816
773: 1147,919,437,1802,740,1837,1343
774: 1375,1200,1045,561,834,719
775: 1202,986,1236,960,1805,365
776: 1055,1252,1250
777: 232,435,1282,2006,462,279
778: 1658,1726,579,474,875,1685,1031
779: 771,366,1666,1487,447,1573
780: 971,1561,89,1447,102,1129
781: 1452,1742,1287,233,815,1799
782: 953,1122,348,1365,125,1764
783: 416,966,1295,451,1284,1439
784: 2047,1955,1454,30,840,1455
785: 1982,1459,1605,220,1834,701
786: 392,1662,2005,977,1461,1472
787: 2038,657,1530,110,1095,1104
788: 130,2031,1812,1953,1296,1573
789: 1737,743,1598,1371,1582,250
790: 771,1601,560,1293,415,1666
791: 613,1502,1068,1389,281,1736
792: 355,851,1693,1433,1318,246
793: 296,202,1281,1027,1414,1474,1889
794: 334,320,1159,1298,1632,1092
795: 1386,747,11,1032,496,1642
796: 1647,513,1872,1575,1127,1059
797: 1805,1062,2020,365,566,140
798: 1952,57,1669,398,988,1660
799: 231,1892,818,1689,1627,1054
800: 1325,639,769,1161,1246,808
801: 531,431,1256,1497,131,1613
802: 1933,300,1217,1769,629,1615,1308
803: 1173,1480,660,1527,1542,408
804: 1586,44,1776
805: 1549,1317,1260,1615,439,1308,1135
806: 394,164,1714,1112,681,855
807: 1483,52,1037,1023,364,959
808: 288,1123,1246,1695,1325,800
809: 305,916,1777,1040,1275,837
810: 1813,675,758,1212,1616,421
811: 854,379,1398,86,1897,1239
812: 1942,1715,1242,1894
813: 430,1265,1728,41,673,1548
814: 189,1406,1774,1285,25,1940
815: 480,642,751,1799,781,1287
816: 1365,422,1652,125,1562,1237
817: 2016,1164,488,1399,405,838,1162
818: 1892,146,799,663,1220,1054
819: 1745,937,229,1442,107,1986
820: 1171,1017,1332,240
821: 992,1209,1600,209,1620,934
822: 1860,1335,1216,2009,858,1997
823: 1130,54,1329,1233,188,1977
824: 1316,637,1823,310
825: 382,1911,623,1349,1606,95
826: 248,636,89,1211,1447,1510
827: 1263,1316,230,637,1900,167
828: 1594,931,114,1466,1612,328,1950
829: 559,1536,1464,913,401,1687
830: 1684,472,1411,100,505,1555
831: 2046,440,1739,1367,687,1757,1018
832: 1366,1760,1725,1508,134,1155
833: 1138,156,232,1282,1793,1507
834: 512,1829,1638,719,1200,774,77
835: 576,1832,1176,307,1890,1825
836: 483,506,847,109,1123,1994,1031
837: 1796,1134,1985,305,809,1040
838: 405,1058,1153,695,817,488
839: 1338,1078,901,507,2047,840
840: 2047,1454,784,901,247,839
841: 1128,1499,1630,633,271,1729
842: 1728,41,1357,1921,1463,1570
843: 58,2001,869,169,1683,1584
844: 108,1907,313,557,1608,1677
845: 1522,1207,1698,410,627,1044
846: 304,1569,1060,1899,890,1579
847: 109,836,1994,474,1031,1194
848: 1057,1167,1422,30,1845,646
849: 1760,318,1980,1184,1918,705
850: 534,80,1607,1908,24,1300
851: 355,975,792,324,1954,246
852: 1309,1960,1080,1844,1676,1514
853: 34,1703,489,1773,1979,1590
854: 811,379,1061,1286,178,1239
855: 59,1631,681,1112,952,806
856: 1238,332,1680,604,53,1170
857: 698,1320,12,434,1831,1154
858: 1324,1335,2009,822,1474,1533,1121
859: 1089,980,958,1543
860: 603,150,293,1546,1106,352
861: 1655,1970,1936,294,612,1781
862: 329,1676,1172,1815,1514,552
863: 1880,93,940,1278,369,1494
864: 1443,549,1853,1752,79,166
865: 1912,1225,1745,1986,1763,1978
866: 1801,1970,1133,135
867: 1995,21,1164,1399,1222,413
868: 1999,201,495,1119,748
869: 1819,58,843,2001,1157,1267
870: 694,27,1095,2015,2038,891
871: 372,1833,144,1205,2017,494
872: 335,1049,1063,1195,1302,273
873: 1489,1355,2011,1747,1182,682
874: 116,535,1358,1424,1249,515
875: 1726,1098,579,227,778,1446
876: 1087,1015,1671,1261,464,1456
877: 1947,1516,1670
878: 1759,1109,569,235,1262,1545
879: 1072,333,1294,1563
880: 1407,452,391,753,1570,1357
881: 1338,242,1332,1078,1588,400
882: 417,1931,401,619,1836,126,1687
883: 1712,268,598,243,1858,973
884: 1903,1185,1300,534,1314,1247
885: 168,1177,1914,1053,697,1732
886: 342,1910,1817,1923,1535,1175
887: 1927,1919,147,1972
888: 348,1852,306,323,244,1998
889: 1309,1080,1371,250,2004,441
890: 1569,1060,846,78,2007,688
891: 2038,1554,2015,1959,1077,870
892: 1740,1804,1103
893: 1394,1552,664,1493,2040,1150
894: 1984,1178,1744,1094,546,1895
895: 503,224,535,190,1041,1249
896: 199,101,1322,1833,144,536
897: 533,54,1329,1191
898: 718,1891,1213,112,1354,1169
899: 1791,497,1203,420,1346,577
900: 1005,1360,1926,14,1704,254
901: 1869,507,1091,247,839,840
902: 97,1768,1529,1876,905,701
903: 2025,537,1884,1481,1168,19
904: 1005,1926,1611,1206,1420,572
905: 1876,278,1987,282,97,596,902
906: 1994,1695,270,33,1726,1098,1031
907: 264,481,1155,2010
908: 77,1068,1437,1557,356,1829
909: 1214,304,1013
910: 245,633,949,463,1264,410
911: 387,721,670,1870,1417
912: 1440,217,233,1538,1339,1142
913: 401,1610,829,1536,1842,1491
914: 15,1515,1506,634,1731,1905
915: 105,5,1531,951,1727,61,640
916: 426,809,1777,1275,1574,1619
917: 1920,1188,1539,165,1002,1356
918: 1273,1082,1397,239,1884
919: 1147,1549,1317,1802,773,1750
920: 102,591,1279,1683,1523,1580,1561
921: 1028,1556,1866,457,1198
922: 22,1779,1441,1868,1245,414
923: 1870,310,1593
924: 1756,120,370,63,1929,1096
925: 1976,1079,693,1811,302,966
926: 1084,1679,953,319,1345,1290
927: 1450,1967
928: 1071,1051,1018,225,1367,1475
929: 1876,1577,427,278,677,1834
930: 1288,1526,2048,724,1583,1867
931: 1594,114,1223,828,1499,1612
932: 326,1578,743,1598,1189,550
933: 104,399,1140,48,1907,1614
934: 1004,1961,625,1209,821,1620
935: 1806,1991,1511,1810,759,1400
936: 1888,115,520,291,1552,587
937: 29,819,1745,1056,1134,229,311,1442
938: 486,68,715,1846,2015,1959
939: 1381,730,1942
940: 863,1880,386,962,941,93
941: 1786,1968,1880,962,1950,940
942: 205,259,1622,1982,1413,1605
943: 322,1993,676,631,131,1735,1613
944: 6,1861,1830,1254,119,1255
945: 1035,1667,402,2026,70,581,1268
946: 96,524,1722,1457,442
947: 1629,1462,1547,1112,321,1714
948: 703,459,973,1517,1156,1746
949: 1024,910,245,1663,463,1132
950: 425,1677,965,1144,1318,175
951: 5,1681,915,1328,1531,64
952: 1691,961,1112,321,59,855
953: 782,1122,319,1084,1764,926
954: 42,356,510,1437,252,1372
955: 1027,1311,1086,275,1281,1395
956: 1650,1538,1339,440,1051,468
957: 204,1243,1621,1711
958: 980,357,859,1183,1748,1543
959: 1753,635,1527,807,1023,364
960: 1805,1649,986,775,277,656
961: 1691,1952,1916,952,1036,321
962: 386,328,941,1950,940,1114
963: 83,1821,44,1075
964: 1879,283,555,1886,65,669,1115
965: 950,1318,246,175,1352,1882
966: 783,302,451,1439,925,1079
967: 1753,519,1542,1639,1482,9
968: 1955,1565,1455,338,2,457
969: 1890,285,222,307,1576,1765
970: 1434,371,1330,1656,1964,9
971: 89,780,1129,556,1315,2027
972: 284,1803,497,1346,1483,364
973: 948,1517,883,243,1858,1746
974: 1862,702,1738,1822,492,2013
975: 355,251,851,1308,324,1933
976: 329,638,1815,192,2003,982
977: 292,1011,786,2005,50,1472
978: 1871,569,235,2029,1585,3
979: 1641,208,2035,426,261,1574
980: 10,1089,380,357,958,859
981: 1202,91,423,671,1236,1699
982: 2014,1390,182,976,192,2003
983: 147,424,1361,621,1415,1110
984: 20,1227,443,568,1436,203
985: 1571,1479,1345,74,319,1369
986: 1621,775,1236,960,1243,277
987: 571,346,1789,1678,224,1041,1625
988: 1766,398,595,1201,1660,798
989: 1295,1193,1016,1741,1859,1675
990: 443,1831,1131,1320,1436,1930
991: 1289,1410,1404,32,1943
992: 1209,821,209,86,1984,1778
993: 1483,750,1037,284,2034,1374
994: 75,1772,451,1160,2041,1079
995: 205,2042,2043,1485,1622,337
996: 461,1650,1843,155,735,1604
997: 1288,164,2048,1714,1462,1854
998: 388,197,1751,1067,554,1808
999: 1935,24,651,1185,448,1300
1000: 1624,257,1197,673,1504,578
1001: 1360,518,1350,575,1340,1688
1002: 1787,1448,765,1356,917,1188
1003: 315,171,1158,610,1467,38,1956
1004: 934,491,1961,1469,1940,1620
1005: 904,1926,900,1206,1704,1476
1006: 1992,75,1562,1772,1353,1237
1007: 1034,1431,418,641,1786,1968
1008: 1648,1043,2018,222,139,1934,1515
1009: 1484,754,1224,1064,1708,1700
1010: 600,2028,267,766,1387,187
1011: 292,977,339,1496,1544,50
1012: 645,1609,1795,1958,1319,704
1013: 304,1899,1044,1214,909,395
1014: 1920,1125,622,288,1246,1540
1015: 876,464,1456,1939,540,84
1016: 989,1295,1284,2034,1741,1595
1017: 820,1332,400,240,1949,1234
1018: 340,928,225,1643,1367,831,687
1019: 1076,1452,123,746,1619,1101
1020: 85,736,1458,1473,1659,1377,538
1021: 195,1513,1224,1668,1484,669
1022: 1192,1581,1591,1850,498,103
1023: 52,807,1653,1753,959,1639
1024: 1663,949,500,39,1132,1674
1025: 1465,111,639,769,1257,1137
1026: 277,1856,1329,656,1233,1427
1027: 711,1311,955,1414,793,1281
1028: 1955,1454,921,467,1556,457
1029: 1486,1156,557,650,1083,1746
1030: 1810,759,580,727,1989,51
1031: 1726,1098,474,778,847,906,836,1994
1032: 11,754,1962,1210,747,795
1033: 539,373,361,1716,1379,1480,408
1034: 684,1007,183,1373,1431,1968
1035: 441,945,70,297,1268,1364
1036: 961,1916,2037,321,768,476,1547
1037: 1483,993,52,487,750,807,1429
1038: 42,369,512,1638,1258,1494
1039: 632,584
1040: 526,436,809,1777,837,1796
1041: 503,224,895,987,1678,92
1042: 1867,1217,724,767,1769,1797
1043: 1648,1008,207,1370,1515,1905
1044: 1013,1899,627,395,1207,845
1045: 1200,774,611,157,1975,561
1046: 1202,91,1456,540,365,140
1047: 1062,566,396,323,306,665
1048: 82,197,612,1781,1107,511
1049: 872,1302,273,1553,216,620
1050: 689,504,1922,1306,1840,154
1051: 928,440,1367,956,468,1101,1475
1052: 360,1688,764,14,1359,1710
1053: 1914,885,53,1170,438,1732
1054: 1526,1220,200,231,818,799
1055: 776,505,1555,1252
1056: 29,159,2044,1134,937,1985
1057: 848,0,1167,646,1126,269
1058: 613,405,838,281,190,1153
1059: 1127,170,688,1851,513,796
1060: 846,890,1579,145,688,513
1061: 854,379,543,389,106,1286
1062: 1805,1047,797,566,1649,1758,323
1063: 316,60,872,335,1195,273,1626
1064: 477,614,1708,482,1224,1009
1065: 1915,529,344,1312,161,1754
1066: 1113,1175,1835,17,602,342
1067: 1751,998,554,1818,619,126
1068: 613,908,77,791,1389,1557
1069: 224,535,1358,45,1625,1820,709
1070: 588,236,1896,761,256,1396
1071: 71,928,225,1718,746,1475
1072: 1199,879,692,333
1073: 22,253,328,1114,1466,368
1074: 1532,1917,567,128,573,1471
1075: 44,132,1686,963,1821,1189
1076: 746,1619,1019,71,208,1574
1077: 1450,1967,1959,450,891,1554
1078: 1338,839,242,1139,881,507
1079: 925,693,994,966,451,2041
1080: 1309,852,889,297,1676,441
1081: 368,1355,710,386,1114,713
1082: 1273,918,1865,1884,1168,2020,396
1083: 650,1029,1858,1746,1198,81
1084: 659,1204,1764,926,1679,953
1085: 458,102,206,1129,1212,1279
1086: 226,551,1311,955,275,1868
1087: 876,56,1261,1456,91,1699
1088: 1551,58,1157,1446,1873,227
1089: 2033,10,980,859
1090: 477,46,1145,648,520,1445
1091: 739,1196,247,1869,737,901
1092: 1491,350,1378,1632,334,794
1093: 188,1977,1122,319,1369,1998
1094: 171,209,38,1744,894,1984
1095: 694,870,1231,2038,787,1530
1096: 63,1929,1205,2024,494,924
1097: 1342,1853,1694,76,1997,485
1098: 1726,875,1031,270,658,1446,906
1099: 1962,317,377,1501,691,530
1100: 1314,228,1247,666,738,370
1101: 468,1452,746,1742,1019,1475,1051
1102: 524,445,1980,1184,1291,1937
1103: 892,1740,1804,359,527,1376
1104: 470,179,1385,787,657,1530
1105: 544,1906,1148,456,763,351,1388
1106: 860,603,293,1830,88,1664
1107: 452,1808,1327,1048,197,511
1108: 26,187,662,530,2042,2043
1109: 1871,1783,308,878,235,728,1545
1110: 504,1922,1415,1334,621,983
1111: 141,1333,1386,384,1700,747
1112: 952,321,855,947,806,1714
1113: 1175,1944,604,17,1066,514
1114: 386,962,328,368,1081,1073
1115: 1668,669,317,377,555,964
1116: 478,2013,1696,3,569,1262
1117: 336,570,678,1442,107,741
1118: 479,194,1361,1174,353,626
1119: 868,495,137,582,1146,748
1120: 312,94,768,1629,598,243
1121: 1474,1270,1533,404,1889,858
1122: 953,782,319,1093,1998,348
1123: 506,288,836,808,1994,1695
1124: 1654,605,511,129,1936,612
1125: 1920,343,622,652,1539,1014
1126: 1788,127,269,0,1057,298
1127: 501,605,1059,170,796,1575
1128: 841,1499,1612,1451,731,271
1129: 102,206,1085,1315,971,780
1130: 823,656,1233,1758,244,188
1131: 722,443,990,72,1831,1847
1132: 2036,39,90,1024,245,949
1133: 1970,1936,866,272,129,135
1134: 837,1796,1056,937,1985,229
1135: 251,117,1308,1615,1549,805
1136: 1949,1878,484,230
1137: 1151,1560,352,1465,639,1025
1138: 531,156,833,431,232,1528
1139: 242,1078,375,507
1140: 1971,104,1794,48,933,690
1141: 1521,1973,564,403,638,574
1142: 217,233,912,1541,1730,1799
1143: 1651,599,207,647,1648,285
1144: 425,950,1433,189,1406,1318
1145: 1552,2040,648,520,1090
1146: 1965,720,137,1119,748,1404
1147: 919,773,1750,1310,560,1343
1148: 2030,544,1906,1430,31,1105,763
1149: 501,716,1407,558,393,1575
1150: 2040,1240,153,186,1800,1493,893
1151: 1909,1546,352,1161,1137,639
1152: 221,1875,331,1837,1626,1403
1153: 190,1424,1249,838,1058,695
1154: 722,1831,309,608,12,857
1155: 907,481,2010,832,1725,134
1156: 557,1029,1746,1608,459,948
1157: 658,1819,58,869,1088,1446
1158: 315,1003,1600,171,25,1774
1159: 320,794,1298,649,159,2044
1160: 659,1204,2041,75,994,172
1161: 1151,1909,800,639,1246,622
1162: 405,1437,1557,817,1164,1399,252
1163: 387,721,1717
1164: 867,817,1399,1437,1162,252,1222
1165: 1519,454,1761,1928,590,765
1166: 2025,62,1534,699,422,1478
1167: 848,0,1336,1057,517,1845
1168: 903,1884,1082,396,19,665
1169: 1944,112,1354,286,17,898
1170: 438,1814,856,1680,53,1053
1171: 820,242,1332
1172: 1843,1815,862,192,552,1604
1173: 803,660,635,1527,597,1733
1174: 424,1118,1361,7,1568,353
1175: 1113,1066,886,342,1535,514
1176: 661,563,307,1326,1832,835
1177: 409,168,885,697,274,1495
1178: 894,547,444,1984,1778,1895
1179: 435,1790,706,1477,624,729
1180: 1996,691,662,11,1642
1181: 547,444,1416,1908,24,448
1182: 873,1747,682,475,1395,275
1183: 82,388,1453,1748,357,958
1184: 1102,1980,849,238,1937,705
1185: 1935,999,493,1903,884,1300
1186: 630,375,1468
1187: 160,541,1269,469,485,1342
1188: 1761,43,917,1539,1002,765
1189: 1578,932,1821,550,132,1075
1190: 502,515,411,136,1449,1596
1191: 1479,54,74,897
1192: 703,1581,1352,1882,1591,1022
1193: 989,1295,193,1439,1675,1617
1194: 474,1685,847,109,308,728,2022
1195: 686,709,316,872,335,1771,1063,421
1196: 739,1091,290,467,1937,247
1197: 184,249,1504,1587,578,1000
1198: 457,650,1083,1866,81,921
1199: 1072,692,287
1200: 774,1975,1045,512,834,18
1201: 1705,481,595,988,1660,134
1202: 91,981,775,1236,1046,365
1203: 1791,899,577,1585,1696,3
1204: 659,1084,1160,299,1679,582
1205: 372,871,63,575,1096,494,1724
1206: 1005,904,1673,572,194,1476
1207: 180,395,1719,1698,845,1044
1208: 707,1566,198,1932,644,1636
1209: 992,821,934,625,86,1398
1210: 1668,1484,754,1032,1962,317
1211: 248,826,89,1510,2027,1460,1497
1212: 675,810,458,758,1085,1279
1213: 898,528,120,1891,738,1354
1214: 909,1013,395
1215: 606,549,214,1694,1670,717
1216: 1860,1335,822,282,1577,278
1217: 1391,1933,300,802,1867,1042,1769
1218: 162,1381,303,358,1505,1410
1219: 1798,726,1957,152,359
1220: 394,200,1054,1567,663,818
1221: 469,1401,79,241,1966,166
1222: 252,1893,1372,413,867,1164
1223: 1594,931,1499,1630,1558,641
1224: 195,482,1021,1484,1009,1064
1225: 184,865,567,1912,573,249,1978
1226: 1384,263,1948,1408,199,668
1227: 301,20,55,984,1260,568
1228: 1859,664,1675,465,87,1421
1229: 334,480,642,1842,1298,234
1230: 1703,1979,1775,143,483,521
1231: 694,23,1095,1530,1784,508
1232: 130,643,1946,1792,458,758
1233: 1130,823,1329,656,1026
1234: 562,484,1901,1017,400,1949
1235: 114,1451,1297,653,253,414
1236: 1202,423,986,1621,981,775
1237: 75,172,125,1562,1006,816
1238: 514,397,332,1902,856,604
1239: 1897,1564,1416,811,854,178
1240: 195,1513,153,186,1150,1828
1241: 276,346,1789,583,1692,2039
1242: 1715,1894,523,46,614,812
1243: 204,957,1427,986,1621,277
1244: 98,65,585,163,745,1879
1245: 653,1441,922,414,5,1727
1246: 288,808,800,1161,622,1014
1247: 534,1314,2021,1100,666,884
1248: 708,1906,1564,178,651,763
1249: 535,874,190,895,1424,1153
1250: 449,185,776,1252,1785
1251: 1274,151,213,1749,1682,667
1252: 1055,776,505,449,1250,1885
1253: 446,1482,66,1964,756,1458
1254: 88,1321,202,1830,6,944
1255: 119,343,652,237,1830,944
1256: 539,801,373,531,1537,1613
1257: 111,769,644,1657,1025,516,1636
1258: 42,510,1038,1494,1323,1518
1259: 771,1961,625,1293,447,1618
1260: 805,55,1317,1227,439,568
1261: 1087,626,876,56,1671,479
1262: 1759,569,878,218,492,1116,2013
1263: 1316,230,827
1264: 1698,4,410,910,633
1265: 430,813,1548,1913,39,1674
1266: 616,2008,1567,663,1969,509
1267: 1819,2001,869,1932,644,516
1268: 1739,581,383,1364,1035,945
1269: 551,541,532,1187,469,1401
1270: 6,1470,404,1121,1889,1861
1271: 378,354,1572,1525,1737,177
1272: 115,730,358,289,1755,1445
1273: 918,1082,752,1397,84,1865
1274: 770,397,151,1251,667,1661
1275: 305,916,809,1559,123,1619
1276: 756,668,1408,1716,1379,519
1277: 51,110,260,1554,450,580
1278: 863,1880,1550,183,369,18
1279: 675,102,920,591,1085,1212
1280: 570,1303,1736,212,92,1502
1281: 296,793,542,1395,1027,955,1414
1282: 232,777,462,279,1362,1793,1507,833
1283: 349,1856,533
1284: 783,416,1295,1016,2034,1374
1285: 1433,189,814,466,1693,1940,1469
1286: 854,389,1061,178,708,13
1287: 1452,781,1559,123,815,751
1288: 1526,164,930,200,2048,997
1289: 991,748,1404
1290: 265,201,495,926,1679,1345
1291: 739,1883,1937,1102,445
1292: 498,324,1391,300,1954,1591
1293: 491,771,1961,790,1601,1259
1294: 105,333,1531,879,1877,1563
1295: 783,989,1193,1016,1284,1439
1296: 2031,624,729,1953,788,1490
1297: 731,1770,1451,1235,653,1681
1298: 334,642,794,1159,1229,649
1299: 1866,1640,654,268,762,81
1300: 999,24,884,1185,534,850
1301: 627,1579,145,1872,90,1522
1302: 1602,872,335,1049,1701,216
1303: 2000,617,336,570,1280,1736,1389
1304: 1512,1782,181,381,589,576
1305: 1341,261,1409,1313,1762,525
1306: 423,1711,671,504,1050,154
1307: 389,1490,729,628,13,1790
1308: 975,251,1135,1933,802,1615,805
1309: 473,1960,852,1080,250,889
1310: 1809,1750,1147,173,1601,560
1311: 711,551,1027,541,1086,955
1312: 344,1065,271,161,1729,749
1313: 174,2035,460,1305,261,1762
1314: 1247,1100,1903,884,370,1929
1315: 556,1477,149,206,1129,971
1316: 1263,824,827,637
1317: 1549,805,55,919,1802,1260
1318: 950,1433,189,965,1144,246,792
1319: 645,1012,127,704,298,406
1320: 857,698,1344,1930,990,1831
1321: 88,2023,296,202,542,1254
1322: 1948,199,896,144,1659,736
1323: 93,713,1258,1494,1518,548
1324: 2009,858,711,160,1414,1474
1325: 800,769,1657,33,808,1695
1326: 645,307,1609,1765,563,1176
1327: 716,452,753,1107,1654,511
1328: 586,333,1531,951,64,692
1329: 54,823,1856,1026,1233,897,533
1330: 1434,62,537,371,970,499
1331: 1658,1685,1405,122,1783,308
1332: 242,881,400,820,1171,1017
1333: 141,1111,1386
1334: 504,1110,621,56,671,1699
1335: 1216,858,822,282,1533,1987
1336: 1864,0,704,1167,1981,517
1337: 19,1852,699,306,665,1652
1338: 839,881,1078,1588,1422,2047
1339: 1440,461,1650,956,912,1538
1340: 1688,764,341,372,575,1001
1341: 526,1305,1409,525,683,1637
1342: 1097,1853,1187,469,166,485
1343: 415,740,1837,1147,773,560
1344: 1641,174,698,2035,1320,1930
1345: 1571,985,319,926,265,1290
1346: 284,497,420,972,899,1595
1347: 1811,302,193,291,1888,760
1348: 1881,607,770
1349: 1911,1467,825,623,1956,690
1350: 518,1001,1672,1724,385,575
1351: 579,227,1873,1993,262,362
1352: 703,175,459,1192,1882,965
1353: 1992,1478,1562,1006,487,750
1354: 1835,1169,17,898,528,1213
1355: 368,1489,2011,873,1081,710
1356: 1002,1448,325,917,165,1775
1357: 842,558,41,1407,1570,880
1358: 116,535,874,45,1069,345
1359: 752,1939,1710,14,1052,254
1360: 518,1926,900,14,1001,1688
1361: 479,424,1118,621,983,1174
1362: 462,544,31,1282,1793,732,1635
1363: 276,571,1780,683,258,1637,1678,678
1364: 1268,383,297,1676,552,1035
1365: 348,1852,1652,816,125,782
1366: 1419,1760,28,832,318,1508
1367: 440,831,687,1757,1051,928,1018
1368: 1892,608,1924,1689,47,1592
1369: 74,1977,319,1093,985
1370: 210,599,207,1043,490,1905
1371: 250,889,1737,789,354,2004,1723
1372: 252,1222,1893,1418,510,954
1373: 1034,684,1550,257,183,142
1374: 1992,993,750,2034,416,1284
1375: 774,561,2000,617,1444,719
1376: 1103,359,527,1963,550,326
1377: 1473,1659,341,2017,1020,736
1378: 1471,350,755,1632,1092,1721
1379: 519,1542,408,1716,1033,1276
1380: 751,649,1559,305,159,1985
1381: 162,939,1218,730,358
1382: 655,1420,1814,112,286,327
1383: 466,355,1809,251,117,1693
1384: 263,199,101,732,1226,1635
1385: 1541,470,733,179,1104,1464
1386: 1333,1111,747,795,496
1387: 1413,185,428,766,1010,2028
1388: 101,1635,544,1105,536,351
1389: 77,791,1068,2000,1303,1736,719
1390: 2014,155,982,23,1843,192
1391: 498,1583,300,1867,1217,1292
1392: 1749,1951,1402,609,121,213
1393: 1480,660,373,49,1537,1988
1394: 1552,664,587,465,893,2040
1395: 542,475,1281,1182,955,275
1396: 256,1489,548,710,588,1070
1397: 1273,918,752,239,1710,1945
1398: 811,379,1618,1209,625,86
1399: 867,817,2016,1995,1164,1162
1400: 380,680,1498,1806,935,1991
1401: 640,469,1966,1221,532,1269
1402: 1435,1951,609,67,347,1392
1403: 620,740,1837,1626,1152,273
1404: 1289,991,748,32,1146
1405: 362,1735,1597,1658,1331,122
1406: 425,189,814,757,1144,1774,315
1407: 716,753,880,1149,558,1357
1408: 263,1226,1863,1716,1276,668
1409: 526,1305,426,1341,1777,261
1410: 991,32,1943,303,162,1218
1411: 1645,472,830,427,100,677
1412: 486,1633,715,453
1413: 1982,1387,428,766,942,1622
1414: 711,1027,793,1281,1474,1324
1415: 1922,1972,1110,147,983
1416: 1897,1564,547,1239,1181,448
1417: 1870,1593,124,1697,911,670
1418: 588,236,1518,1893,1372,510
1419: 1366,28,318,2037,1904,429
1420: 655,572,1382,904,1611,327
1421: 390,87,553,664,1493,1228
1422: 1338,1588,2047,30,646,848
1423: 1988,1709,196,322,49,1597
1424: 874,1153,1249,515,695,1449
1425: 174,460,1436,1930,203,1938
1426: 113,133,1721,1818,554,1520
1427: 204,349,1243,277,1856,1026
1428: 2002,712,555,337,1501,377
1429: 52,487,499,1653,1037,1534
1430: 2030,462,279,628,31,1148
1431: 1034,684,1007,1432,418,500
1432: 684,1674,1624,1431,430,500
1433: 189,1144,1318,1285,792,1693
1434: 215,537,1481,1330,970,1656
1435: 1951,1402,67,1512,589,1697
1436: 1425,1930,443,990,984,203
1437: 908,1557,1162,356,954,1164,252
1438: 1971,48,313,610,425,757
1439: 783,302,966,1295,1193,193
1440: 461,217,1784,508,912,1339
1441: 61,922,1868,1245,1727,226
1442: 336,678,107,741,1117,819,937,229
1443: 606,549,864,1752,374
1444: 617,336,107,1986,1763,1375,561
1445: 115,520,1272,289,46,1090
1446: 658,1088,1157,1098,875,227
1447: 636,1561,826,89,780,1974,1510
1448: 1787,1002,1628,339,1356,325
1449: 515,411,695,1190,1524,1424
1450: 927,1967,1959,1077,68
1451: 114,1128,1612,1235,731,1297
1452: 781,123,1742,1101,1019,1287
1453: 35,388,1183,1751,1498,357
1454: 1955,1028,840,784,467,247
1455: 968,1955,30,1565,784,1845
1456: 1087,876,1015,540,91,1046
1457: 946,442,191,2010
1458: 85,446,66,1020,1253,736
1459: 1982,449,1885,428,785,220
1460: 407,2027,1528,1211,431,1497
1461: 205,259,1472,1485,786,1662
1462: 312,1629,947,1854,1714,997
1463: 842,1921,280,1570,1917,128
1464: 829,470,559,733,1536,1385
1465: 111,1025,433,21,594,1560,1137
1466: 114,828,328,253,1073
1467: 1911,38,1744,1956,1349,1003
1468: 1186,630,375,685,1869,737
1469: 491,1004,173,1285,466,1940
1470: 1270,1928,404,255,1861,674
1471: 755,1378,1632,1532,128,1074
1472: 1461,1485,977,786,712,50
1473: 360,1377,764,341,538,1020
1474: 1533,1121,1889,793,1414,1324,858
1475: 468,746,1101,1071,1051,928
1476: 626,1671,1704,1005,1206,194
1477: 706,556,1315,1179,624,149
1478: 1562,1353,1166,487,1534,422
1479: 1571,1191,985,74
1480: 803,660,408,1393,373,1033
1481: 1434,215,537,903,1884,239
1482: 1964,1253,756,9,967,519
1483: 993,52,807,1037,364,284,972
1484: 1668,1009,754,1210,1021,1224
1485: 205,1461,1472,995,337,712
1486: 2019,2,557,650,1029,108
1487: 543,106,447,779,1953,1573
1488: 1989,471
1489: 256,1355,1396,873,1747,710
1490: 389,106,1307,729,1953,1296
1491: 350,1092,913,1610,334,1842
1492: 1881,409,168
1493: 664,893,390,1421,1800,153,1150
1494: 369,1038,1258,863,93,1323
1495: 593,274,1177,697,7,1568
1496: 1011,1628,339,1743,1646,1544
1497: 131,1613,1460,248,1211,801,431
1498: 380,1400,357,1806,35,1453
1499: 931,841,1223,1128,1612,1630
1500: 264,1705,1586
1501: 2043,337,1428,1099,377,530
1502: 791,281,1280,1736,92,503
1503: 1864,517,1565,338,2019,399,1614
1504: 1728,673,1921,184,1197,1000
1505: 358,1755,760,303,73,1218
1506: 602,15,725,914,376,634
1507: 263,1793,732,1282,1863,156,833
1508: 1366,28,832,1660,134,57
1509: 310,1593,124,1823,1898,381
1510: 248,636,826,1873,1211,1447,262,631
1511: 1806,935,1665,759,1713,417,1836
1512: 1304,181,589,696,1435,67
1513: 195,1240,1021,1828,1886,669
1514: 329,1676,574,862,852,1844
1515: 15,1934,914,1043,1008,1905
1516: 1947,1684,1670,472,717
1517: 703,948,973,1581,94,243
1518: 588,1418,510,1258,1323,548
1519: 1707,1165,392,454,2005,590
1520: 452,391,1808,554,133,1426
1521: 176,584,1826,1973,564,1141
1522: 845,410,90,627,1301,245
1523: 502,1683,1584,1596,920,591
1524: 411,198,695,1449,1566,488
1525: 266,1737,1578,743,177,1271
1526: 1288,930,200,1054,724,231
1527: 1753,1173,959,803,635,1542
1528: 232,407,1460,2006,1138,431
1529: 97,1768,1707,902,392,1662
1530: 787,1231,1095,508,179,1104
1531: 105,915,333,1294,1328,951
1532: 1074,573,320,1471,1632,1841
1533: 1474,404,1121,1987,1335,858,282
1534: 487,499,1429,62,1166,1478
1535: 514,1902,223,1923,886,1175
1536: 829,234,733,1464,913,1842
1537: 49,676,1613,373,1256,1393
1538: 233,956,912,1339,468,1742
1539: 43,1920,917,1125,343,1188
1540: 521,506,288,1920,1014,165
1541: 1730,733,179,1385,217,1142
1542: 1753,1379,967,803,519,1527,408
1543: 1848,294,958,859,1748
1544: 2002,283,1646,50,1011,1496
1545: 1759,1109,878,235,728,714,2022
1546: 860,1151,293,237,1909,352
1547: 768,1629,476,947,1036,321
1548: 1265,558,813,41,1913,393
1549: 805,919,1317,117,1135,1750
1550: 183,1373,142,1975,18,1278
1551: 58,1088,169,636,1873,1974
1552: 1394,587,1145,893,2040,936,520
1553: 301,437,522,216,620,1049
1554: 2038,110,891,1277,1077,450
1555: 1055,505,40,1684,830
1556: 290,467,1866,654,1028,921
1557: 613,908,405,1068,1437,1162
1558: 1630,418,1663,463,641,1223
1559: 123,1287,751,1380,305,1275
1560: 150,352,1137,2045,594,1465
1561: 1580,780,1974,1447,102,920
1562: 1478,1006,1353,1237,422,816
1563: 1294,879,1877
1564: 1239,1416,178,651,448,1248
1565: 968,1455,1845,338,1503,517
1566: 707,2016,1208,488,198,1524
1567: 1266,2008,681,663,394,1220
1568: 7,1174,353,211,697,1495
1569: 304,846,890,2007
1570: 391,880,280,842,1357,1463
1571: 1479,1345,985,265
1572: 59,378,1631,1271,177,8
1573: 1812,1953,788,779,366,1487
1574: 916,426,1076,1619,208,979
1575: 1647,796,393,501,1127,1149
1576: 419,1765,95,285,969,1651
1577: 929,278,677,723,1860,1216
1578: 266,1525,932,743,1189,132
1579: 1060,1899,846,627,1301,145
1580: 1561,1974,102,920,1683,169
1581: 703,1192,1517,1022,94,1850
1582: 473,69,250,1598,789
1583: 498,103,1391,1867,930,2048
1584: 502,1683,455,1523,843,2001
1585: 118,2029,978,1203,577,3
1586: 1500,1705,804,1776,595
1587: 1978,578,611,157,1197,249
1588: 1338,881,1422,400,1901,646
1589: 382,1911,1744,546,647,1767
1590: 853,1773,714,1979,218,1759
1591: 1192,1882,1022,498,1954,1292
1592: 608,1924,1368,12,592,1643
1593: 923,1870,310,1417,1509,124
1594: 931,1223,828,641,1786,1950
1595: 284,2034,420,1346,1741,1016
1596: 502,1523,136,1190,1941,591
1597: 322,1735,1405,122,1423,196
1598: 326,932,743,789,69,1582
1599: 1996,26,267
1600: 171,821,209,1158,25,1620
1601: 491,173,790,560,1293,1310
1602: 709,335,1302,1701,2039,1789,1820
1603: 1734,99,630,685
1604: 2046,735,383,1172,1843,552,996
1605: 1982,785,1768,701,259,942
1606: 419,1795,432,95,825,623
1607: 295,210,1925,1908,80,850,490
1608: 175,459,1156,557,844,1677
1609: 645,419,1795,1765,1326,1012
1610: 913,1931,401,113,1491,350
1611: 518,904,1926,1672,327,1420
1612: 931,114,828,1128,1499,1451
1613: 943,1497,676,131,1537,801,1256
1614: 399,108,933,1907,2019,1503
1615: 629,439,1933,802,1308,1135,805
1616: 1941,675,810,686,1807,421
1617: 291,587,1675,465,1193,193
1618: 379,543,447,1398,625,1259
1619: 1076,123,1019,916,1275,1574
1620: 1600,821,25,1940,934,1004
1621: 423,986,1711,1236,957,1243
1622: 205,2042,766,942,995,1413
1623: 180,749,1719,344,412
1624: 1000,684,257,1432,430,673
1625: 224,1069,1820,346,1789,987
1626: 331,1152,1403,60,1063,273
1627: 231,309,1689,799,767,1797
1628: 1448,339,1743,1496,325,34
1629: 312,768,1462,1547,1120,947
1630: 1558,633,463,841,1223,1499
1631: 59,2008,378,681,855,1572
1632: 1471,1378,1092,320,794,1532
1633: 1412,715,1849,453,1826,1839
1634: 632,1957,152,36,1973,403
1635: 1384,1388,101,732,544,1362
1636: 111,1257,644,707,433,1208
1637: 683,258,1363,526,436,1341
1638: 42,356,512,834,1829,1038
1639: 1753,967,9,371,1653,1023
1640: 1712,268,762,1904,429,1299
1641: 208,979,698,2035,1344,1702
1642: 496,11,1180,795
1643: 340,1018,225,592,1924,1592
1644: 78,2007,734
1645: 472,717,1411,214,677,723
1646: 1879,283,1544,1743,1496,163
1647: 1913,796,2036,393,1872,1575
1648: 1043,1008,285,222,207,1143
1649: 960,1805,1062,1758,656
1650: 461,956,1339,996,440,735,1757
1651: 647,1143,1576,95,382,285
1652: 1852,1365,1337,699,422,816
1653: 52,499,1023,1429,1639,371
1654: 501,1124,605,511,716,1327
1655: 1848,861,1970,294
1656: 85,446,1887,1964,1434,215,970
1657: 1325,769,1257,33,516,367
1658: 579,778,1685,1331,362,1405
1659: 1377,144,2017,1322,1020,736
1660: 1508,134,1201,988,798,57
1661: 667,1274,770
1662: 1768,786,392,1529,259,1461
1663: 1024,418,1558,949,463,500
1664: 88,2023,700,761,603,1106
1665: 1511,759,580,260,742,1713
1666: 415,221,366,771,790,779
1667: 402,945,581,1924,47,340
1668: 1484,669,1210,317,1115,1021
1669: 798,1691,8,1952,679,398
1670: 1516,717,1215,606,877
1671: 626,876,1704,1261,464,1476
1672: 518,1611,327,1350,718,385
1673: 211,572,545,1206,194,353
1674: 1432,430,1265,39,1024,500
1675: 1859,465,1617,1228,989,1193
1676: 862,1514,552,852,1080,297,1364
1677: 425,950,1608,175,844,313
1678: 571,1780,987,1363,212,92,1041
1679: 1204,1084,926,582,495,1290
1680: 1944,604,286,856,1170,1814
1681: 5,951,64,1770,1297,653
1682: 667,1717,213,1251
1683: 1523,1584,920,1580,843,169
1684: 1947,1516,40,472,830,1555
1685: 1658,474,778,1331,1194,308
1686: 44,1776,1766,132,1075,1838
1687: 882,1713,417,401,829,559
1688: 1340,764,1052,1360,14,1001
1689: 309,1892,608,1627,1368,799
1690: 2018,139,1825,181,696,772
1691: 961,8,1952,1669,952,59
1692: 16,672,583,1701,2039,1241
1693: 466,355,792,1383,1433,1285
1694: 1215,1097,549,214,1853,76
1695: 906,1123,808,1994,270,1325,33
1696: 478,1116,219,3,1791,1203
1697: 589,1417,124,670,1435,1951
1698: 180,1207,845,4,1264,410
1699: 91,981,671,1087,56,1334
1700: 1111,384,747,1009,754,1708
1701: 672,216,1692,2039,1602,1302
1702: 71,434,1718,1641,208,698
1703: 853,34,1230,1979,1775,325
1704: 1671,464,1476,254,1005,900
1705: 264,1500,481,1586,1201,595
1706: 473,1960,69,1798,152,36
1707: 97,1519,596,392,454,1529
1708: 523,1064,614,1009,384,1700
1709: 1423,1857,1988,1983,597,196
1710: 752,1397,1359,1945,360,1052
1711: 423,1306,1621,154,957
1712: 1640,268,429,883,476,598
1713: 417,1687,742,1665,1511,559
1714: 806,164,997,1112,1462,947
1715: 1242,523,812
1716: 1863,361,1033,1408,1276,1379
1717: 1163,721,121,213,1682
1718: 1071,71,225,592,434,1702
1719: 180,395,1623,1207
1720: 1855,1824,1874,1900,167,615
1721: 113,350,755,133,1378,1426
1722: 96,946,524,445,1734,99
1723: 2004,509,1371,616,354
1724: 1756,385,63,575,1205,1350
1725: 1760,832,2010,1155,191,1918
1726: 1098,474,875,778,1031,906
1727: 5,915,1441,61,1245,640
1728: 842,813,41,673,1504,1921
1729: 271,1312,749,4,841
1730: 1541,234,733,1142,480,1799
1731: 634,2021,490,666,1905,914
1732: 211,438,697,545,885,1053
1733: 158,1983,597,1173,635,1803
1734: 1603,99,96,1722
1735: 943,322,1993,362,1597,1405
1736: 2000,1280,1303,791,1502,1389
1737: 1525,743,789,1371,354,1271
1738: 1862,1800,618,974,1822,390
1739: 2046,581,1268,383,831,687
1740: 892,1103,359,744,726
1741: 420,1595,1990,989,1016,1859
1742: 468,1452,781,1101,233,1538
1743: 1628,1496,34,489,163,1646
1744: 1589,1911,1467,38,1094,546,894
1745: 29,819,937,865,1912,311,1986
1746: 1156,1029,1858,1083,948,973
1747: 256,1489,873,1182,475,700
1748: 82,1183,958,294,1543,1781
1749: 223,609,1392,213,151,1251
1750: 1809,117,1310,1147,1549,919
1751: 35,388,1453,998,1067,619
1752: 1443,864,79,2012
1753: 967,959,1527,1542,1639,1023
1754: 412,1915,344,1065
1755: 1888,115,1272,358,1505,760
1756: 1724,120,924,385,1891,63
1757: 2046,440,1367,735,831,1650
1758: 1062,1649,323,1130,656,244
1759: 878,1262,1545,714,218,1590,492
1760: 1366,849,832,1725,318,1918
1761: 43,1188,1928,674,765,1165
1762: 16,583,1938,1313,460,1305,525
1763: 1978,157,561,865,1444,1986
1764: 659,1084,172,125,953,782
1765: 307,419,1609,1576,1326,969
1766: 1776,398,1686,595,1838,988
1767: 295,546,599,647,1895,1589
1768: 902,1529,1662,701,259,1605
1769: 767,629,72,1797,802,1217,1042
1770: 731,529,161,1297,1681,64
1771: 686,709,335,345,1195,45
1772: 1992,75,994,1006,416,451
1773: 853,489,218,1590,702,745
1774: 189,1406,814,757,315,1158,25
1775: 1703,1230,521,165,1356,325
1776: 44,1766,1686,595,804,1586
1777: 526,916,426,809,1040,1409
1778: 86,1897,547,1984,1178,992
1779: 22,682,922,1868,2011
1780: 571,258,1363,1678,678,212
1781: 861,294,612,82,1048,1748
1782: 1304,1898,381,576,1832,363
1783: 1871,1109,308,1331,122,314
1784: 1440,461,508,155,1231,23
1785: 2028,1250,185
1786: 1968,941,1950,1007,641,1594
1787: 590,292,1002,1448,339,765
1788: 562,127,1126,565,269,1855,1874
1789: 276,346,987,1241,2039,1602,1625,1820
1790: 435,1179,1307,729,279,628
1791: 1203,420,899,219,1696,1990
1792: 1946,1232,331,60,1813,758
1793: 732,1507,462,1362,1282,833
1794: 104,1140,148,432,623,690
1795: 419,1609,1958,432,1012,1606
1796: 837,1134,229,436,1040,741
1797: 767,1769,722,72,309,1627,1042
1798: 1219,152,1963,69,1706
1799: 815,480,233,1142,1730,781
1800: 618,1738,390,1493,153,1150
1801: 866,135
1802: 301,55,919,437,1317,773,740
1803: 497,972,635,158,1733,364
1804: 892,1103,527,83
1805: 960,1062,797,365,566,1649,775
1806: 935,1511,1400,1498,1836,35
1807: 686,345,421,116,1941,1616,136
1808: 1520,452,1107,197,998,554
1809: 466,117,1383,1750,1310,173
1810: 935,1991,759,1030,1989
1811: 1976,925,73,1347,302,760
1812: 130,788,1946,1573,366,1875
1813: 810,758,316,60,421,1792
1814: 1170,655,438,1382,1680,286
1815: 329,976,1172,862,192
1816: 1817,67,347,696,330,1910,772
1817: 1923,347,1816,886,1910
1818: 1931,126,1067,554,113,1426
1819: 658,869,1157,1267,516,367
1820: 45,1625,1069,2039,1789,709,1602
1821: 527,550,963,83,1075,1189
1822: 478,390,2013,553,974,1738
1823: 824,637,37,310,1509,1898
1824: 1874,661,406,1720,615,563
1825: 2018,1890,1690,181,576,835
1826: 453,176,1521,1839,564,1633
1827: 456,493,1903,601,2024,351
1828: 1240,1513,153,1886,98,618
1829: 356,834,1638,719,908,77
1830: 293,237,1106,88,1254,1255,944
1831: 722,990,1131,1154,857,1320
1832: 1782,576,835,661,363,1176
1833: 871,601,144,494,536,896
1834: 929,1876,427,220,701,785
1835: 1354,17,1066,602,376,528
1836: 882,417,619,1806,1511,35
1837: 415,221,740,1152,1343,1403,773
1838: 679,1766,398,132,1686,266
1839: 1826,564,1633,1849,2003
1840: 154,689,1050
1841: 29,2044,320,1532,573,311
1842: 334,1229,234,1536,913,1491
1843: 1172,192,1390,155,1604,996
1844: 1960,852,36,403,574,1514
1845: 30,1565,1455,848,1167,517
1846: 715,938,1849,2015,182,27
1847: 629,443,72,1131,439,568
1848: 1655,294,1543
1849: 1633,715,1846,1839,2003,182
1850: 312,94,1854,1581,1022,103
1851: 78,734,688,272,1059,170
1852: 348,888,1365,1337,306,1652
1853: 1342,1097,549,864,1694,166
1854: 312,1462,1850,2048,997,103
1855: 1874,167,1720,1878,1788,565
1856: 1329,1026,349,1427,1283,533
1857: 118,2029,1983,314,1709,196
1858: 1083,1746,268,81,883,973
1859: 1675,1228,1741,87,1990,989
1860: 1216,822,1997,76,1577,723
1861: 1270,6,1470,944,674,119
1862: 98,618,702,585,974,1738
1863: 361,156,1716,263,1408,1507
1864: 148,1336,1503,1981,517,104,399
1865: 1273,1082,540,84,2020,140
1866: 654,81,1299,1556,921,1198
1867: 1391,1583,300,1217,1042,930,724
1868: 1779,1441,682,922,226,1086,275
1869: 375,1468,737,901,507,1091
1870: 923,1593,1417,911
1871: 1783,1109,235,978,2029,314
1872: 1647,513,796,2036,90,1301,145
1873: 636,1510,1551,1088,262,227,1351
1874: 1855,1824,406,1720,1788,127
1875: 221,366,331,1152,1812,1946
1876: 929,278,905,1834,701,902
1877: 241,1966,105,1294,1563
1878: 1136,484,565,230,1855,167
1879: 283,1646,964,1244,65,163
1880: 863,1968,941,940,1278,183
1881: 1492,168,607,1914,1348
1882: 1192,1352,1591,1954,965,246
1883: 739,1291,99,445,685,737
1884: 903,1481,1168,918,1082,239
1885: 449,1459,100,220,505,1252
1886: 98,65,964,1513,1828,669
1887: 85,446,1656,1945,538,239,215
1888: 115,936,1755,760,291,1347
1889: 1474,1270,6,1121,793,202
1890: 2018,222,1825,969,307,835
1891: 898,1756,718,120,385,1213
1892: 818,146,1689,47,1368,799
1893: 236,2045,1222,1372,413,1418
1894: 1242,46,289,1942,812
1895: 295,546,1925,1767,894,444,1178
1896: 236,2045,761,1070,603,150
1897: 86,547,1239,1778,1416,811
1898: 1782,381,1823,37,363,1509
1899: 304,1013,846,627,1579,1044
1900: 37,167,1720,615,827,637
1901: 562,646,1234,269,1588,400
1902: 1238,1535,514,397,151,223
1903: 493,1827,884,1185,1314,1929,2024
1904: 1640,762,705,429,1419,318
1905: 490,1731,1043,1370,1515,914
1906: 2030,708,1105,1148,1248,763
1907: 844,108,48,933,1614,313
1908: 444,1181,1607,1925,850,24
1909: 1151,237,1546,1161,622,652
1910: 886,330,342,725,1817,1816
1911: 1589,382,1467,38,825,1744,1349
1912: 865,567,573,1225,311,1745
1913: 1647,2036,393,39,1265,1548
1914: 1881,168,607,885,53,1053
1915: 529,1065,287,1754,586
1916: 961,1952,57,2037,1036,28
1917: 184,567,128,1074,1921,1463
1918: 442,191,1980,1760,849,1725
1919: 1927,593,147,424,7
1920: 917,1125,1539,1014,165,1540
1921: 842,1728,1504,1463,1917,184
1922: 689,504,1050,1415,1110
1923: 1817,223,609,347,886,1535
1924: 47,1592,1368,1667,340,1643
1925: 295,1607,210,1895,444,1908
1926: 1005,1360,518,904,900,1611
1927: 593,1919
1928: 1470,255,674,1761,1165,454
1929: 1096,2024,1314,1903,924,370
1930: 1425,174,1320,1344,1436,990
1931: 882,1818,401,126,1610,113
1932: 198,455,1208,2001,1267,644
1933: 324,300,802,1217,1615,975,1308
1934: 15,330,1515,772,1008,139
1935: 456,999,493,651,1185,763
1936: 861,1970,612,1133,1124,129
1937: 1196,238,290,1291,1102,1184
1938: 203,16,672,1762,2032,1425,460
1939: 752,84,1359,1015,464,254
1940: 25,1620,814,1285,1004,1469
1941: 675,591,1616,1807,136,1596
1942: 812,730,289,1894,939
1943: 991,1410,162
1944: 1113,1680,604,1169,286,17
1945: 360,538,1887,1397,239,1710
1946: 130,1812,1232,1792,1875,331
1947: 1516,40,1684,877
1948: 199,1226,1322,66,736,668
1949: 240,1136,1017,484,1234
1950: 1786,962,328,941,1594,828
1951: 1435,1402,1392,1697,670,121
1952: 798,1691,961,57,1916,1669
1953: 788,1296,1573,1487,106,1490
1954: 324,1292,1882,1591,246,851
1955: 968,1454,1028,1455,784,457
1956: 1467,1349,690,1971,610,1003
1957: 632,1219,1634,152
1958: 1795,432,1012,148,704,1981
1959: 1450,1077,68,938,2015,891
1960: 1309,473,852,1706,1844,36
1961: 934,491,1004,625,1259,1293
1962: 11,1099,1032,1210,317,691
1963: 359,1376,1798,326,69
1964: 446,1482,1656,1253,9,970
1965: 1976,1146,693,720,137
1966: 640,1401,241,1877,1221,105
1967: 927,1450,138,1077,450
1968: 1786,1880,941,1034,1007,183
1969: 402,2026,663,509,1266,146
1970: 1655,861,1936,1133,866
1971: 1438,1140,48,610,1956,690
1972: 1415,147,887
1973: 584,1521,1141,403,632,1634
1974: 1580,636,1561,1447,1551,169
1975: 1200,611,1045,1550,142,18
1976: 1965,925,693,1811,720,73
1977: 74,188,1369,1093,54,823
1978: 1587,1763,157,865,1225,249
1979: 853,1703,714,1230,1590,143
1980: 1102,524,442,1184,1918,849
1981: 1864,0,148,1336,704,1958
1982: 1459,1413,428,1605,785,942
1983: 1857,118,158,1709,597,1733
1984: 894,1778,1178,992,209,1094
1985: 837,159,1056,1134,1380,305
1986: 107,1444,819,1745,865,1763
1987: 1533,404,255,1335,282,596,905
1988: 1423,1709,597,49,660,1393
1989: 1488,727,1810,1030
1990: 87,219,1791,420,1741,1859
1991: 935,1810,1400,680,471
1992: 1006,1374,1772,1353,750,416
1993: 943,262,362,631,1735,1351
1994: 847,906,1123,836,1695,1031
1995: 867,707,2016,433,21,1399
1996: 1599,26,1180,662
1997: 1860,2009,822,485,1097,76
1998: 244,188,1122,1093,348,888
1999: 201,868
2000: 617,1303,1736,1375,77,1389,719
2001: 843,869,1267,455,1584,1932
2002: 283,712,1428,555,1544,50
2003: 976,638,1839,1849,182,982
2004: 441,1723,509,70,1371,889
2005: 1519,786,392,590,292,977
2006: 232,435,407,706,777,1528
2007: 1644,78,1569,890
2008: 616,1266,378,1631,681,1567
2009: 1324,858,822,1997,485,160
2010: 907,1155,1457,191,1725
2011: 368,1355,873,22,1779,682
2012: 79,241,1752
2013: 1822,478,492,1116,1262,974
2014: 694,1390,182,982,27,23
2015: 938,1846,1959,870,27,891
2016: 817,707,1566,1995,488,1399
2017: 372,871,144,1659,1377,341
2018: 1008,1890,222,1690,139,1825
2019: 1486,2,338,1503,108,1614
2020: 797,566,396,140,1082,1865
2021: 534,80,1247,490,666,1731
2022: 714,143,1194,109,728,1545
2023: 88,1321,542,475,1664,700
2024: 601,1929,1096,494,493,1827,1903
2025: 62,537,903,1166,19,699
2026: 402,1969,945,509,70
2027: 407,556,1460,971,89,1211
2028: 600,1010,1785,185,1387
2029: 1857,118,314,1585,1871,978
2030: 708,1906,1430,628,31,1148,13
2031: 130,624,643,149,788,1296
2032: 203,16,522,672,216,1938,20
2033: 10,1089
2034: 284,1595,993,1374,1016,1284
2035: 1641,979,1313,174,1344,261
2036: 1913,1647,1872,39,1132,90
2037: 1916,1036,1419,28,429,476
2038: 787,110,891,1554,870,1095
2039: 1701,1692,1789,1241,709,1602,1820
2040: 648,186,1150,1394,1552,1145,893
2041: 1160,299,994,1079,693
2042: 2043,766,995,1622,187,1108
2043: 2042,995,337,1501,530,1108
2044: 29,1841,159,1056,320,1159
2045: 236,1896,594,1893,413,150,1560
2046: 1739,735,383,831,1604,1757
2047: 30,840,784,1338,839,1422
2048: 1288,930,997,1854,103,1583