0: 704,1336,1057,298,1126,1167
2: 968,2019,650,338,1486,457
3: 978,1116,1585,569,1696,1203
4: 1264,749,1729,180,1698,1312
5: 653,1727,1245,951,915,1681
6: 944,1861,1254,1889,1270,202
7: 1568,1174,1495,593,1919,424
8: 679,59,1669,1691,177,1572
9: 1964,371,970,1482,1639,967
10: 1089,2033,980,380,680
11: 1962,1642,691,1180,1032,795
12: 857,592,434,1154,608,1592
13: 2030,628,1307,1286,389,708
14: 254,900,1359,1052,1688,1360
15: 1515,1506,914,1934,725,330
16: 672,1692,1762,460,1938,583
17: 1169,1835,1354,1113,1066,1944
18: 1278,1550,1975,1200,369,512
19: 903,2025,699,1168,665,1337
20: 301,55,522,984,1227,203,2032
21: 867,594,413,1995,433,1465
22: 1779,2011,368,1073,253,922
23: 2014,694,1390,1784,155,1231
24: 1300,850,1181,1908,999,448
25: 1620,1600,1774,1940,814,1158
26: 1599,1996,267,662,1108,187
27: 182,2014,694,1846,2015,870
28: 57,1366,1508,1916,1419,2037
29: 311,1745,1056,2044,1841,937
30: 1455,1422,848,2047,784,1845
31: 462,1430,1148,544,1635,1362
32: 991,1404,1410,303,1146,720
33: 1695,1325,906,270,367,1657
34: 1628,489,1743,1703,325,853
35: 1836,1453,1751,1806,619,1498
36: 152,1634,1973,403,1844,1706
37: 615,363,1900,637,1823,1898
38: 1467,1003,1744,1094,1956,171
39: 1913,1024,1265,1674,1132,2036
40: 1555,1684,1947
41: 558,1357,842,1728,813,1548
42: 356,954,1638,1038,1258,510
43: 674,343,119,1539,1188,1761
44: 1686,1075,963,804,1776
45: 1358,1069,345,1820,709,1771
46: 614,1894,1242,1445,477,1090
47: 1667,402,1368,146,1892,1924
48: 1971,1438,313,1907,933,1140
49: 1423,1988,322,676,1393,1537
50: 977,1472,1011,1544,712,2002
51: 1030,1277,580,450,138,727
52: 807,1653,1023,487,1429,1037
53: 1170,856,1053,607,332,1914
54: 74,1329,823,1977,1191,897
55: 1802,301,20,919,1317,1260,1227
56: 1699,1261,1087,1334,479,621
57: 1660,798,28,1508,1916,1952
58: 1551,843,869,1088,169,1157
59: 1691,8,1572,1631,855,952
60: 316,1813,1063,331,1626,1792
61: 532,226,1727,1441,640
62: 1166,2025,499,1534,537,1330
63: 1756,1096,924,494,1724,1205
64: 951,1681,586,1328,1770,529
65: 964,283,1886,98,1244,1879
66: 1253,1948,1458,756,668,736
67: 1402,1435,347,1512,1816,696
68: 1450,1959,486,938
69: 326,1598,1582,1963,1798,473
70: 1035,441,2004,2026,1723,509
71: 1702,1718,208,1071,1076,746
72: 1131,629,1847,722,1797,1769
73: 303,720,1976,1811,760,1505
74: 54,1977,1369,1191,1479,985
75: 994,1237,1772,1160,1006,172
76: 1097,1997,1694,723,1860,214
77: 356,908,1829,1068,719,2000,1389
78: 2007,890,734,1644,688,1851
79: 1752,864,166,1221,2012,241
80: 534,850,2021,210,1607,490
81: 1198,1866,1299,1083,883,268,1858
82: 1781,1183,388,1748,197,1048
83: 1804,963,1821,527
84: 540,1865,1015,1939,752,1273
85: 538,1887,215,1020,1458,1656,446
86: 1897,811,1398,1778,992,1209
87: 1859,1228,553,1421,1990,219
88: 2023,293,1321,1106,1664,1830,1254
89: 971,826,1447,780,1211,2027
90: 245,1132,1872,1301,145,2036
91: 1456,1046,1699,1087,981,1202
92: 1280,212,1502,1678,1041,503
93: 863,1494,1323,713,940,386
94: 312,1581,1850,243,1120,1517
95: 382,1651,419,825,1576,1606
96: 946,1734,1722
97: 596,1987,1707,905,1529,902
98: 65,1886,1244,618,1828,585
99: 445,1883,1734,1722,1603,685
100: 220,427,1885,1411,830,505
101: 896,1388,1384,1635,1322,199
102: 1129,1580,1561,780,1279,920,1085
103: 2048,1850,1854,1022,498,1583
104: 1864,148,933,399,1140,1794
105: 1877,1966,640,915,1294,1531
106: 1490,543,1487,389,1953,1061
107: 819,1442,1986,336,1117,1444
108: 1614,2019,1486,844,557,1907
109: 143,483,2022,1194,847,836
110: 1554,2038,787,260,1277,657
111: 1636,769,1257,433,1025,1465
112: 1382,327,718,286,898,1169
113: 1818,1426,1721,350,1610,1931
114: 931,1466,1451,1612,1235,828
115: 1755,1272,1888,936,520,1445
116: 1807,874,1358,345,515,136
117: 1549,1809,1383,1135,1750,251
118: 158,577,1983,1857,1585,2029
119: 674,944,1861,343,43,1255
120: 1756,370,924,1213,738,1891
121: 721,1717,670,1392,1951,213
122: 1783,314,1331,1405,196,1597
123: 1275,1619,1019,1452,1287,1559
124: 589,381,1593,1417,1509,1697
125: 816,782,1365,1764,1237,172
126: 619,882,1931,401,1818,1067
127: 1319,298,1126,1874,1788,406
128: 280,1917,1463,755,1471,1074
129: 1936,605,1133,272,1124,170
130: 2031,1812,643,788,1946,1232
131: 943,248,1613,676,631,801,1497
132: 1838,1189,1686,1075,1578,266
133: 1426,1520,1721,280,391,755
134: 1660,1508,481,1201,832,1155
135: 1801,734,866,1133,272
136: 1190,1596,1807,116,515,1941
137: 299,582,1146,1965,1119
138: 727,1967,51,450
139: 2018,1008,1690,772,1934,330
140: 540,1865,1046,2020,797,365
141: 1111,384,1333
142: 1373,611,1550,1975,257,578
143: 483,1979,2022,109,714,1230
144: 1659,1322,871,2017,1833,896
145: 90,1872,1301,513,1060,1579
146: 402,47,1892,1969,663,818
147: 887,1972,983,1415,1919,424
148: 1864,432,104,1794,1981,1958
149: 2031,624,206,643,1477,1315
150: 1560,352,2045,594,1896,603,860
151: 223,1902,1251,1274,1749,397
152: 1634,1957,1219,36,1798,1706
153: 1800,618,1240,1150,1828
154: 1711,1050,1306,1840
155: 996,1784,461,1843,1390,23
156: 539,1138,531,361,1863,1507,833
157: 1045,561,1978,1763,1587,611
158: 1733,1803,497,577,118,1983
159: 1985,649,1380,1056,1159,2044
160: 485,2009,1187,711,541,1324
161: 1770,1312,271,1065,529,731
162: 1381,1218,1943,1410
163: 1879,489,1646,1743,745,1244
164: 394,200,1714,806,997,1288
165: 917,1775,1356,521,1920,1540
166: 864,1853,79,1221,469,1342
167: 1720,1900,230,1878,1855,827
168: 409,1492,1177,1881,1914,885
169: 1683,1551,58,843,1580,1974
170: 1059,1127,1851,605,129,272
171: 1158,38,1003,1094,1600,209
172: 75,1237,1160,125,1764,659
173: 466,1809,1310,1469,491,1601
174: 1425,1930,1313,1344,2035,460
175: 1677,1608,459,950,965,1352
176: 584,1826,1521,453
177: 679,8,1572,266,1271,1525
178: 854,1239,1286,1248,1564,708
179: 1104,1541,1530,217,1385,508
180: 749,1207,4,1698,1623,1719
181: 1304,1512,576,1690,1825,696
182: 27,2003,982,2014,1846,1849
183: 1373,1278,1550,1034,1968,1880
184: 1197,1504,1921,249,1917,567,1225
185: 1785,1250,428,2028,449,1387
186: 648,482,2040,1240,1150,195
187: 1108,1010,766,2042,26,267
188: 1130,823,1977,244,1998,1093
189: 792,1774,1433,814,1318,1406,1144
190: 281,1153,503,1058,1249,895
191: 2010,1725,1918,1457,442
192: 976,1815,982,1390,1172,1843
193: 1439,302,1193,1347,1617,291
194: 1206,1118,1476,1673,626,353
195: 1224,1021,1240,1513,482,186
196: 1709,1423,1857,1597,122,314
197: 1107,1048,388,82,998,1808
198: 1566,1208,1524,411,455,1932
199: 1948,1226,101,1384,1659,1322
200: 1220,394,164,1054,1288,1526
201: 1999,868,1290,495,265
202: 793,1889,1321,296,6,1254
203: 1425,1436,1938,984,20,2032
204: 349,1427,1243,957
205: 259,942,1461,1485,1622,995
206: 643,149,458,1085,1315,1129
207: 1648,1043,599,1370,1143
208: 1702,71,1641,1076,1574,979
209: 992,1600,821,1984,1094,171
210: 599,1370,295,1607,490,80
211: 1568,545,697,353,1732,1673
212: 1280,570,678,92,1780,1678
213: 1251,1749,1717,121,1392,1682
214: 1215,717,76,1694,723,1645
215: 85,1887,239,1656,1434,1481
216: 1302,672,1049,1701,2032,1553,522
217: 1541,179,508,1440,912,1142
218: 492,1759,1773,1590,702,1262
219: 87,553,1990,478,1791,1696
220: 1459,1834,785,427,1885,100
221: 366,1875,1837,1152,1666,415
222: 2018,1008,969,1890,1648,285
223: 1902,1749,151,609,1923,1535
224: 535,895,1069,1625,1041,987
225: 1018,928,1071,1643,1718,592
226: 1086,532,551,61,1441,1868
227: 579,875,1873,1446,1351,1088,262
228: 376,666,634,1100,528,738
229: 1796,819,1442,937,741,1134
230: 1136,1878,1263,827,167
231: 1526,724,767,1054,1627,799
232: 1528,1138,431,777,2006,1282,833
233: 1742,781,912,1538,1799,1142
234: 1730,733,480,1229,1842,1536
235: 1871,1109,1545,978,878,569
236: 1070,588,1418,1896,2045,1893
237: 1830,1255,1546,293,652,1909
238: 1184,1937,762,705,654,290
239: 1887,215,1397,1945,1884,918,1481
240: 820,1017,1949
241: 1221,2012,1877,1966,1563,79
242: 1078,1139,1171,1332,881
243: 598,1120,883,973,1517,94
244: 1758,323,888,1998,1130,188
245: 1522,90,1132,1301,949,910
246: 1882,1954,965,851,792,1318
247: 901,840,1454,1091,467,1196
248: 1510,631,131,826,1211,1497
249: 1197,184,1587,567,1978,1225
250: 1309,789,1582,1371,889,2004
251: 1308,975,355,1549,1383,1135,117
252: 1372,1164,1222,954,1437,1162
253: 414,922,1073,1466,1235,22
254: 1939,900,1359,464,14,1704
255: 596,1987,1470,404,1928,454
256: 1070,1489,1396,1747,700,761
257: 1373,142,1000,578,1624,684
258: 741,436,1637,1363,678,1780
259: 205,942,1768,1605,1662,1461
260: 1665,1277,580,110,657,742
261: 1409,1305,426,979,1313,2035
262: 1993,1510,631,636,227,1873,1351
263: 1384,1863,732,1507,1408,1226
264: 907,1500,1705,481
265: 1571,985,1345,1290,201
266: 1838,1578,132,679,177,1525
267: 1599,26,1010,187,600
268: 598,883,1858,1712,1640,1299,81
269: 562,1788,1901,646,1057,1126
270: 1695,906,33,658,1819,367,1726,1098
271: 161,1312,1729,731,1128
272: 1133,129,734,135,170,1851
273: 1403,1626,620,1049,872,1063
274: 409,1177,1495,593
275: 1395,1182,955,1779,682,1868,1086
276: 583,571,346,1789,1241,1363,683,525
277: 960,986,656,1427,1026,1243
278: 1216,929,1577,1876,282,905
279: 462,1790,1430,628,777,435,1282
280: 1463,391,128,1570,880,755,133
281: 613,190,791,503,1058,1502
282: 1987,905,1335,1533,1216,278
283: 555,65,964,1544,1879,2002
284: 1595,2034,1346,972,993,1483
285: 1648,1143,1651,1576,222,969
286: 1382,112,1944,1169,1680,1814
287: 1915,586,1199,692
288: 1014,1246,1540,506,1123,808
289: 1942,1894,1445,730,1272
290: 1556,654,1196,1937,238,467
291: 1347,1617,936,587,193,1888
292: 977,2005,1011,590,1787,1496,339
293: 88,1106,860,1546,1830,237
294: 1655,1848,861,1781,1543,1748
295: 1607,1895,1925,1767,599,210
296: 542,1281,1321,793,202
297: 1364,889,441,1080,1676,552
298: 704,127,1319,0,1126
299: 2041,582,137,1204,1965,693
300: 324,1391,1217,1933,975,1292
301: 1553,1802,20,55,437,522,1227
302: 1439,193,925,966,1347,1811
303: 73,720,1218,1505,1410,32
304: 1013,1899,846,1569,909
305: 1985,1380,1559,1275,809,837
306: 1047,323,888,665,1852,1337
307: 1176,1765,1326,835,969,1890
308: 1783,1109,1685,728,1331,1194
309: 722,1627,1154,608,1797,1689
310: 923,1593,1509,824,1823
311: 29,1745,1912,1841,573,937
312: 94,1462,1850,1854,1629,1120
313: 1438,425,1907,48,844,1677
314: 122,1871,1783,1857,196,2029
315: 757,610,1774,1406,1158,1003
316: 686,60,1195,421,1813,1063
317: 1962,1099,1115,377,1210,1668
318: 849,705,1904,1760,1366,1419
319: 1093,1122,1345,953,1369,926
320: 794,2044,1841,1532,1632,1159
321: 1112,961,1547,952,947,1036
322: 1423,49,1597,943,1735,676
323: 1047,1758,244,1062,306,888
324: 300,975,355,1292,1954,851
325: 1775,1703,1356,1448,1628,34
326: 550,932,1598,69,1963,1376
327: 1672,1382,112,1420,718,1611
328: 1073,1114,828,1950,962,1466
329: 976,574,638,1141,1514,1815
330: 772,1910,1934,725,139,15
331: 1875,1626,1152,60,1792,1946
332: 607,770,397,1238,53,856
333: 1294,1328,1531,1072,879,692
334: 1842,1092,1491,1229,1298,794
335: 709,1195,872,1771,1063,1302,1602
336: 570,1117,1303,107,1444,617
337: 2043,1428,1485,1501,712,995
338: 968,2019,2,1565,1503
339: 1628,1496,1448,1787,292,1011
340: 581,1018,687,1643,1667,1924
341: 1473,1377,2017,1340,372,764
342: 1910,886,725,602,1175,1066
343: 43,119,1255,1539,652,1125
344: 1754,749,412,1623,1065
345: 1807,116,1358,45,686,1771
346: 276,571,1625,1789,987,1241
347: 1402,609,67,1923,1817,1816
348: 782,1998,1852,1365,888,1122
349: 1283,1856,204,1427
350: 1610,1092,1491,1721,113,1378
351: 536,1388,1827,544,456,1105
352: 1151,150,1137,1560,1546,860
353: 1568,1174,211,1118,194,1673
354: 1271,1737,1723,378,616,1371
355: 324,975,251,851,1693,1383
356: 42,77,954,1437,908,1829,1638
357: 1183,958,380,980,1453,1498
358: 1755,1218,730,1505,1272,1381
359: 1963,1740,1103,1376,726,1219
360: 538,1710,1945,764,1473,1052
361: 539,531,156,1863,1716,1033
362: 1658,579,1351,1735,1993,1405
363: 615,37,661,1832,1782,1898
364: 635,959,807,1803,972,1483
365: 775,1202,797,1805,1046,140
366: 221,1875,1666,779,1573,1812
367: 516,1657,658,1819,270,33
368: 22,1355,2011,1081,1073,1114
369: 863,1494,512,1038,1278,18
370: 1929,120,924,1314,1100,738
371: 1330,9,970,1639,1653,499
372: 575,1205,1340,871,2017,341
373: 1393,1480,1033,1537,539,1256
374: 1443,606
375: 1139,507,1869,1468,1186
376: 602,228,1506,634,528,1835
377: 1428,1501,555,1115,317,1099
378: 1271,354,616,1631,1572,2008
379: 543,1618,1061,811,854,1398
380: 680,1400,10,980,1498,357
381: 589,1782,1304,124,1898,1509
382: 1651,825,95,1911,1589,647
383: 2046,1739,552,1604,1364,1268
384: 141,1111,523,1708,1700
385: 1724,1350,1891,1756,1672,718
386: 1114,940,962,713,93,1081
387: 1163,911,721
388: 1183,82,1453,1751,998,197
389: 1286,1490,106,1061,13,1307
390: 1493,1800,1738,1822,553,1421
391: 280,1570,880,1520,133,452,753
392: 2005,786,1519,1707,1662,1529
393: 1149,558,1647,1575,1913,1548
394: 1220,200,681,1567,164,806
395: 1013,1044,1214,1207,1719
396: 1082,1168,665,2020,1047,566
397: 1902,1274,151,1238,770,332
398: 679,1669,1838,1766,798,988
399: 1864,104,933,1614,1503
400: 1234,1017,1901,1332,1588,881
401: 913,1610,1931,1687,829,882,126
402: 945,1667,146,47,1969,2026
403: 1973,36,1844,574,1141
404: 1121,1533,1270,1470,1987,255
405: 613,838,1058,1162,1557,817
406: 645,563,1874,127,1319,1824
407: 2006,706,556,2027,1528,1460
408: 1379,1480,803,1033,1542,519
409: 274,1492,168,1177
410: 1264,1698,1522,845,633,910
411: 502,1190,1449,455,1524,198
412: 1623,1754,344
413: 21,2045,867,594,1222,1893
414: 653,253,922,1245,1235
415: 1666,790,560,1343,221,1837
416: 783,451,1992,1374,1284,1772
417: 1687,1511,882,1713,1836
418: 1431,641,500,1007,1558,1663
419: 1795,1576,95,1606,1765,1609
420: 1595,1741,1346,899,1791,1990
421: 686,316,1195,1813,1807,810,1616
422: 1166,699,1478,816,1652,1562
423: 671,1711,1306,981,1621,1236
424: 147,983,1919,1361,1174,7
425: 1438,757,313,1144,1677,950,1406
426: 1409,1777,261,1574,979,916
427: 1834,220,100,1411,929,677
428: 185,449,1387,1982,1459,1413
429: 1712,1419,1640,2037,476,1904
430: 813,1624,1265,1674,1432,673
431: 1528,801,1138,531,1460,232,1497
432: 148,1794,1958,1795,623,1606
433: 707,1995,21,1636,111,1465
434: 12,1702,1718,698,857,592
435: 1179,2006,706,279,1790,777
436: 258,1796,741,1040,1637,526
437: 740,1553,620,1802,301,773
438: 1170,1053,1814,655,545,1732
439: 568,629,1260,1847,1615,805
440: 1051,1367,1757,831,1650,956
441: 1035,1364,297,70,889,2004
442: 946,1457,524,191,1918,1980
443: 1131,568,990,1847,984,1436
444: 1181,1895,1908,1178,1925,547
445: 99,1102,1883,1291,1722,524
446: 1656,1964,970,1253,1458,85
447: 771,779,1259,543,1487,1618
448: 999,651,1564,1181,1416,24
449: 1250,185,428,1459,1252,1885
450: 51,1277,1967,1077,138,1554
451: 783,1079,966,416,994,1772
452: 1327,1107,1520,1808,391,753
453: 1412,1633,176,1826
454: 1928,1519,1165,596,1707,255
455: 502,411,1584,198,2001,1932
456: 1935,493,763,1105,351,1827
457: 1028,1198,921,1955,968,2,650
458: 1212,758,1085,206,643,1232
459: 1156,1608,175,948,703,1352
460: 1425,1762,1313,174,1938,16
461: 1440,1339,1650,996,1784,155
462: 279,1430,31,777,1362,1282,1793
463: 1558,633,1630,910,1663,949
464: 254,1939,1671,1704,876,1015
465: 1617,1394,587,1228,664,1675
466: 1809,1383,173,1433,1469,1285,1693
467: 247,1454,1196,1028,1556,290
468: 1475,1742,1101,956,1538,1051
469: 1221,1401,1269,1342,1187,166
470: 1104,657,1385,1464,742,559
471: 1991,680,1488
472: 1516,717,1411,1645,1684,830
473: 1960,1706,1309,1798,69,1582
474: 1726,778,1031,847,1685,1194
475: 1395,1182,542,1747,2023,700
476: 1712,2037,768,429,1036,1547
477: 1090,648,482,1064,614,46
478: 1116,2013,1696,553,219,1822
479: 56,1261,621,1118,626,1361
480: 815,642,1730,1799,234,1229
481: 1705,1201,264,907,1155,134
482: 477,648,186,1224,1064,195
483: 143,109,1230,506,836,521
484: 562,1878,565,1234,1136,1949
485: 1342,1097,2009,1997,160,1187
486: 1412,715,938,68
487: 1478,750,1353,1429,1037,52,1534
488: 817,2016,1566,695,1524,838
489: 163,1743,34,1773,745,853
490: 1731,1905,1370,210,80,2021
491: 1293,1961,1601,1469,173,1004
492: 218,1759,974,702,1262,2013
493: 1935,456,1185,1903,2024,1827
494: 63,1096,1833,601,1205,871
495: 1679,582,1290,868,201,1119
496: 1386,795,1642
497: 899,1803,158,577,972,1346
498: 103,1022,1583,1292,1591,1391
499: 62,1534,1330,371,1653,1429
500: 1431,418,1024,1674,1432,1663
501: 1149,716,1654,605,1127,1575
502: 1190,411,1584,1596,455,1523
503: 190,281,1041,92,1502,895
504: 671,1050,1306,1110,1334,1922
505: 1555,1055,830,1252,1885,100
506: 1123,836,1540,288,483,521
507: 1078,1139,375,1869,901,839
508: 179,1530,217,1440,1784,1231
509: 1723,616,70,2026,1266,1969
510: 1258,42,954,1372,1518,1418
511: 1327,1654,1107,1048,612,1124
512: 369,1038,834,18,1200,1638
513: 1059,688,796,1060,1872,145
514: 1238,1535,1113,1175,604,1902
515: 116,874,1424,1190,1449,136
516: 367,1257,644,1657,1267,1819
517: 1845,1167,1565,1503,1336,1864
518: 1360,1350,1001,1672,1926,1611
519: 1276,756,1379,408,1542,1482,967
520: 936,1552,1090,1145,115,1445
521: 1775,165,506,1540,483,1230
522: 1553,301,20,672,1049,216,2032
523: 384,1715,1708,614,1242
524: 946,1722,442,445,1102,1980
525: 683,1305,1341,1762,276,583
526: 1637,1409,1341,1777,436,1040
527: 1103,1376,83,1804,1821,550
528: 1835,1213,1354,738,376,228
529: 1770,161,1915,1065,64,586
530: 2043,1501,1108,691,1099,662
531: 539,801,1138,1256,361,156,431
532: 1269,226,551,61,1401,640
533: 1283,1856,1329,897
534: 80,1300,884,850,2021,1247
535: 224,874,1249,1358,895,1069
536: 1833,896,351,601,1388,1827
537: 62,903,2025,1434,1330,1481
538: 85,1887,360,1945,1473,1020
539: 1256,531,361,156,373,1033
540: 1865,1015,1456,1046,84,140
541: 711,1311,1269,551,160,1187
542: 296,1395,475,1281,2023,1321
543: 379,1487,106,1618,1061,447
544: 351,1388,1105,31,1148,1635,1362
545: 211,1732,438,655,1673,572
546: 1895,1767,1589,1744,894
547: 1897,1416,1778,1181,444,1178
548: 588,1396,710,1518,1323,713
549: 1694,1443,606,864,1853,1215
550: 326,932,1821,527,1376,1189
551: 1311,1086,532,1269,541,226
552: 383,1604,1676,862,1364,297
553: 87,1421,219,478,390,1822
554: 998,1818,1426,1067,1520,1808
555: 1115,964,283,1428,377,2002
556: 407,706,1477,2027,1315,971
557: 844,1156,1608,1029,108,1486
558: 41,1149,393,1407,1357,1548
559: 742,1687,829,1713,470,1464
560: 790,1601,415,1147,1310,1343
561: 1045,1375,774,1444,157,617,1763
562: 269,484,1788,565,1234,1901
563: 1176,1326,406,645,1824,661
564: 1826,1521,1839,638,1141
565: 562,1878,484,1788,1855
566: 1047,1062,2020,396,797,1805
567: 1912,1225,1074,573,1917,184,249
568: 439,443,1260,1847,984,1227
569: 978,3,1262,1116,878,235
570: 1280,336,678,1117,212,1303
571: 276,346,987,1363,683,1780,1678
572: 1206,1673,904,655,1420,545
573: 1841,1074,1532,311,567,1912
574: 329,1141,1514,403,1844,852
575: 1724,1205,1350,1001,1340,372
576: 1782,1304,181,1832,1825,835
577: 899,497,158,118,1585,1203
578: 1197,1587,1000,611,142,257
579: 1658,875,227,778,1351,362
580: 1030,1665,51,260,1277,759
581: 340,687,1268,1739,945,1667
582: 1679,299,495,137,1204,1119
583: 276,1241,1762,525,16,1692
584: 176,1521,1973,1039,632
585: 618,1862,745,702,98,1244
586: 64,1328,1915,529,287,692
587: 1617,1394,936,291,1552,465
588: 1070,1396,548,1518,1418,236
589: 381,1304,1512,124,1435,1697
590: 1519,1165,1787,765,292,2005
591: 1941,675,1279,920,1596,1523
592: 12,1718,434,225,1643,1592
593: 1927,274,1495,7,1919
594: 21,2045,413,150,1465,1560
595: 1586,1776,1705,1201,1766,988
596: 1987,1707,255,905,97,454
597: 1709,1988,1173,660,1733,1983
598: 243,1120,883,268,1712,768
599: 1370,1143,647,207,210,295,1767
600: 1010,2028,267
601: 536,1833,1827,1096,2024,494
602: 376,1506,342,725,1066,1835
603: 1106,761,1664,860,1896,150
604: 1238,514,1113,1944,856,1680
605: 129,1124,1654,501,170,1127
606: 1443,549,374,1670,1215
607: 1348,1881,770,332,1914,53
608: 309,1154,1689,1592,1368,12
609: 1392,1402,347,1923,223,1749
610: 1971,1438,315,757,1003,1956
611: 142,1975,1587,578,1045,157
612: 511,1048,1781,861,1936,1124
613: 405,281,791,1058,1068,1557
614: 1242,46,477,1064,523,1708
615: 1720,363,37,1824,661,1900
616: 1723,378,354,509,1266,2008
617: 1375,561,1444,2000,336,1303
618: 1800,1828,153,1738,585,1862,98
619: 1836,35,1751,126,882,1067
620: 740,1553,437,1049,273,1403
621: 56,1334,479,983,1361,1110
622: 1014,1246,652,1125,1161,1909
623: 825,1606,1349,432,690,1794
624: 2031,149,1296,729,1179,1477
625: 1209,934,1961,1259,1398,1618
626: 1671,1118,194,1476,1261,479
627: 1579,1044,1899,845,1522,1301
628: 2030,279,13,1790,1430,1307
629: 439,72,1847,1769,1615,802
630: 1603,1468,1186,685
631: 943,1993,248,1510,262,131
632: 1634,1039,584,1973
633: 841,463,1630,910,1264,410
634: 376,228,1731,666,1506,914
635: 1527,364,959,1173,1733,1803
636: 826,1447,1974,1551,1510,262,1873
637: 1316,824,827,1823,37,1900
638: 976,329,1141,1839,564,2003
639: 1025,1151,1137,769,800,1161
640: 1401,105,1966,1727,915,532,61
641: 1786,418,1007,1558,1223,1594
642: 815,480,1229,1298,649,751
643: 130,2031,206,149,1232,458
644: 1636,516,1932,1257,1267,1208
645: 1326,1609,406,563,1012,1319
646: 1901,1588,1422,848,269,1057
647: 599,1143,382,1651,1589,1767
648: 477,1090,482,1145,186,2040
649: 1298,1380,751,159,1159,642
650: 2,1486,1198,457,1083,1029
651: 1935,999,763,1248,448,1564
652: 1125,622,1909,343,1255,237
653: 414,5,1245,1297,1451,1235,1681
654: 1556,1866,290,1299,238,762
655: 1382,1420,438,1814,545,572
656: 1758,1649,277,960,1026,1130,1233
657: 1104,470,110,787,260,742
658: 1819,1157,367,1098,1446,270
659: 2041,1084,1204,1764,1160,172
660: 1393,1173,1480,803,597,1988
661: 615,363,1824,1832,1176,563
662: 1996,26,530,1108,691,1180
663: 1220,1266,818,1567,146,1969
664: 1228,1421,1493,1394,465,893
665: 1168,396,19,1047,306,1337
666: 228,1731,634,2021,1247,1100
667: 1682,1251,1274,1661
668: 1408,1253,1948,66,1276,756,1226
669: 1513,1115,964,1886,1668,1021
670: 911,721,121,1417,1951,1697
671: 1306,423,504,981,1699,1334
672: 16,1701,216,1692,2032,1938,522
673: 1504,1728,1000,813,1624,430
674: 1861,1470,43,119,1928,1761
675: 1941,1212,810,1616,1279,591
676: 943,1613,131,1537,49,322
677: 1411,723,929,1645,1577,427
678: 570,1117,212,1780,258,1442,741,1363
679: 1669,398,177,8,1838,266
680: 471,380,1991,1400,10
681: 2008,394,1567,1631,855,806
682: 873,1779,2011,1868,1182,275
683: 1637,1341,525,276,571,1363
684: 1431,1034,1624,1432,1373,257
685: 630,1603,1468,99,737,1883
686: 316,1195,1771,421,1807,345,1616
687: 581,1018,1367,340,1739,831
688: 1059,1851,513,1060,890,78
689: 1922,1840,1050
690: 1140,1794,1971,623,1349,1956
691: 1962,11,1180,1099,530,662
692: 1199,1072,287,333,586,1328
693: 1976,1965,925,1079,2041,299
694: 27,2014,23,1095,870,1231
695: 488,1524,1424,838,1153,1449
696: 772,1816,1512,181,1690,67
697: 1568,1495,885,211,1732,1177
698: 1702,857,1641,434,1320,1344
699: 1166,19,2025,422,1652,1337
700: 2023,761,1664,256,1747,475
701: 1768,1605,902,1876,1834,785
702: 218,492,1773,974,745,585,1862
703: 459,948,1517,1581,1192,1352
704: 1336,1319,0,298,1981,1958,1012
705: 1184,849,238,762,318,1904
706: 1179,435,2006,407,556,1477
707: 2016,1566,1995,433,1208,1636
708: 1906,1248,178,1286,2030,13
709: 1195,335,1771,2039,1602,1820,45
710: 1489,1396,548,713,1355,1081
711: 1311,541,1027,1324,1414,160
712: 337,1428,1485,2002,50,1472
713: 1323,93,386,548,710,1081
714: 143,1979,2022,1545,1759,1590
715: 1412,486,1633,938,1849,1846
716: 1149,501,1407,753,1327,1654
717: 214,1670,1516,1215,472,1645
718: 1672,112,327,898,1891,385
719: 1375,834,774,2000,1389,77,1829
720: 303,73,1146,1976,1965,32
721: 387,1163,911,1717,670,121
722: 309,1831,1154,1797,1131,72
723: 677,1645,1860,1577,76,214
724: 1526,231,767,930,1042,1867
725: 1910,342,330,602,15,1506
726: 1740,359,744,1957,1219
727: 138,1030,1989,51
728: 1109,308,2022,1545,1194
729: 1790,1307,1490,624,1296,1179
730: 358,1272,1942,289,939,1381
731: 1297,1128,1451,1612,1770,161,271
732: 1384,263,1635,1362,1507,1793
733: 1730,234,1541,1385,1464,1536
734: 1644,135,272,1851,78
735: 2046,1172,1604,1757,996,1843
736: 1020,1659,1377,1948,1458,66
737: 739,1883,1468,685,1869,1091
738: 528,1213,228,1100,370,120
739: 1196,737,1883,1291,1091
740: 620,773,437,1343,1403,1837
741: 258,1796,229,1442,436,678,1117
742: 559,1713,1665,260,657,470
743: 789,932,1598,1578,1525,1737
744: 1740,726
745: 1773,702,489,163,585,1862,1244
746: 1076,1019,1071,1475,1101,71
747: 1386,795,754,1032,1111,1700
748: 868,1119,1289,1404
749: 180,4,1623,1312,1065,344
750: 1992,487,993,1353,1374,1037
751: 649,1380,1287,1559,815,642
752: 1939,1359,1710,1397,84,1273
753: 1407,716,1327,452,391,880
754: 1009,1484,1210,1032,1700,747
755: 280,128,1721,133,1471,1378
756: 1253,66,1276,668,519,1482
757: 1438,315,425,610,1144,1406
758: 1212,810,458,1813,1792,1232
759: 1030,1665,580,935,1810,1511
760: 1755,1505,1888,1347,73,1811
761: 700,603,1664,256,1070,1896
762: 238,705,1904,1640,654,1299
763: 1935,456,1105,1906,1248,651
764: 1688,1340,1473,341,1052,360
765: 590,1188,1165,1787,1761,1002
766: 1010,1622,2042,187,1413,1387
767: 724,231,1042,1627,1797,1769
768: 1712,476,1547,1629,598,1120
769: 111,1257,1657,1025,639,1325,800
770: 1348,1661,607,332,1274,397
771: 1666,1293,779,447,790,1259
772: 1816,1934,696,330,139,1690
773: 740,1802,919,437,1147,1343
774: 719,1045,1375,561,834,1200
775: 960,1202,1236,986,1805,365
776: 1252,1055,1250
777: 462,279,1790,435,2006,1282,232
778: 1658,1726,579,474,875,1031,1685
779: 1666,771,447,366,1487,1573
780: 971,1129,1561,89,1447,102
781: 1742,1452,233,815,1799,1287
782: 125,348,1365,1764,1122,953
783: 1439,451,966,416,1295,1284
784: 1455,2047,30,840,1454,1955
785: 1459,1834,220,1982,701,1605
786: 977,2005,392,1461,1472,1662
787: 2038,110,1095,1104,657,1530
788: 130,2031,1812,1296,1953,1573
789: 1598,1582,743,250,1737,1371
790: 1666,771,1293,1601,560,415
791: 613,281,1736,1502,1389,1068
792: 1433,189,1318,1693,246,851
793: 1474,1889,1414,202,296,1027,1281
794: 320,1632,1092,334,1298,1159
795: 1386,496,747,1642,11,1032
796: 1647,1059,1127,513,1575,1872
797: 1805,365,140,2020,1062,566
798: 1660,57,988,1669,398,1952
799: 1627,1689,818,1054,1892,231
800: 1246,1161,769,639,1325,808
801: 1138,1256,531,1460,431,1497,1613,131
802: 1615,1217,1933,1042,1769,629
803: 1173,408,1480,660,1542,1527
804: 1586,1776,44
805: 1615,1308,439,1260,1549,1135,1317
806: 1112,855,1714,394,681,164
807: 52,364,959,1023,1483,1037
808: 1695,1325,1123,1246,800,288
809: 1275,916,305,1777,837,1040
810: 1212,675,1616,758,421,1813
811: 86,1897,854,1398,1239,379
812: 1942,1894,1242,1715
813: 1548,430,1265,41,1728,673
814: 1774,1940,1433,189,1285,1406,25
815: 642,1799,480,781,1287,751
816: 125,1652,1365,422,1237,1562
817: 1399,2016,488,405,838,1162
818: 1220,663,1054,146,1892,799
819: 229,1442,937,107,1745,1986
820: 240,1171,1017,1332
821: 992,1620,1209,1600,209,934
822: 2009,1997,1335,858,1216,1860
823: 1130,188,54,1329,1977,1233
824: 1316,637,1823,310
825: 382,95,623,1606,1349,1911
826: 636,89,1447,1211,2027,248,1510
827: 1263,1316,637,230,167,1900
828: 1594,328,1950,931,1466,114
829: 1687,559,1464,913,1536,401
830: 1555,1684,505,1411,472,100
831: 2046,1739,1757,440,1367,687
832: 1760,1725,1155,134,1366,1508
833: 1282,1507,1793,1138,156,232
834: 719,774,1200,1829,1638,512
835: 1825,1890,1832,1176,307,576
836: 1994,1031,506,847,1123,483,109
837: 1796,1134,1040,809,1985,305
838: 405,1153,1058,817,695,488
839: 901,840,1078,507,1338,2047
840: 901,247,1454,839,2047,784
841: 633,1630,1499,1264,1729,1128
842: 1463,1570,41,1357,1921,1728
843: 1683,58,2001,869,169,1584
844: 1677,1608,557,108,313,1907
845: 627,1044,1522,1207,1698,410
846: 1579,304,1899,1569,1060,890
847: 1994,1031,836,474,109,1194
848: 1422,30,1845,1167,646,1057
849: 1184,1980,318,705,1760,1918
850: 534,80,1300,24,1607,1908
851: 246,1954,324,355,792,1693
852: 1080,1844,1960,1676,574,1514
853: 1773,1590,1979,1703,489,34
854: 811,1239,178,1286,379,1061
855: 1112,952,806,59,1631,681
856: 53,1170,1680,1238,604,332
857: 12,698,434,1320,1831,1154
858: 1121,1324,1335,1533,1474,822,2009
859: 1089,980,1543,958
860: 293,1106,603,150,352,1546
861: 1655,294,1781,612,1936,1970
862: 1514,1815,1676,1172,552,1604
863: 369,1494,1880,93,1278,940
864: 1752,1443,549,166,1853,79
865: 1745,1978,1912,1986,1763,1225
866: 1133,1970,1801,135
867: 21,1164,413,1222,1399,1995
868: 1999,748,201,1119,495
869: 1819,58,843,2001,1157,1267
870: 2038,891,2015,1095,27,694
871: 144,2017,494,1833,1205,372
872: 1195,335,1063,1302,1049,1602,273
873: 1355,682,2011,1747,1489,1182
874: 116,535,1249,1358,1424,515
875: 1726,1098,579,227,778,1446
876: 1015,1456,1671,464,1261,1087
877: 1670,1516,1947
878: 1262,569,1109,235,1545,1759
879: 1072,333,1294,1563
880: 280,391,1570,1407,753,1357
881: 1338,1332,1588,400,1078,242
882: 1687,417,1836,619,126,1931,401
883: 243,598,268,973,1858,1712,81
884: 534,1314,1300,1247,1185,1903
885: 697,1732,1914,1053,168,1177
886: 1910,1817,342,1923,1535,1175
887: 1972,147,1919,1927
888: 244,323,306,1998,1852,348
889: 297,441,2004,250,1080,1309
890: 1569,2007,1060,78,688,846
891: 1554,2038,2015,870,1959,1077
892: 1740,1103,1804
893: 2040,664,1493,1150,1394
894: 1984,1744,1094,1895,546,1178
895: 224,535,1249,1041,190,503
896: 536,1833,1388,101,1322,144
897: 1191,533,54,1329
898: 1169,1213,1354,1891,112,718
899: 497,577,1791,1203,420,1346
900: 254,14,1926,1360,1005,1704
901: 247,840,1091,839,507,1869
902: 701,1768,1529,1876,905,97
903: 19,2025,537,1168,1884,1481
904: 1005,1206,572,1420,1926,1611
905: 596,1876,282,1987,97,278,902
906: 1994,1031,1695,270,33,1726,1098
907: 264,481,2010,1155
908: 356,77,1437,1829,1068,1557
909: 1214,1013,304
910: 463,633,1522,245,949,410
911: 387,721,670,1870,1417
912: 233,1538,1440,1339,217,1142
913: 1842,1536,1610,401,1491,829
914: 15,1731,1905,1515,1506,634
915: 951,1531,5,1727,105,640
916: 1275,809,1574,1619,426,1777
917: 1356,1002,165,1920,1539,1188
918: 1082,1884,1273,1397,239
919: 1802,55,773,1317,1549,1750,1147
920: 1279,591,1523,1580,1561,102,1683
921: 1028,1556,1198,1866,457
922: 414,253,1441,1245,1868,22,1779
923: 1870,310,1593
924: 63,1929,1756,370,1096,120
925: 302,1079,966,1976,1811,693
926: 319,1345,953,1290,1679,1084
927: 1450,1967
928: 1051,225,1018,1367,1071,1475
929: 677,1577,278,1876,1834,427
930: 1288,1526,724,1583,1867,2048
931: 114,1612,1499,1223,1594,828
932: 550,326,1598,743,1189,1578
933: 104,399,1140,1614,1907,48
934: 625,1620,1209,1004,821,1961
935: 1991,1400,1810,759,1511,1806
936: 520,587,291,1552,115,1888
937: 819,229,1442,1134,1056,311,29,1745
938: 486,715,68,1959,1846,2015
939: 1381,730,1942
940: 941,386,962,863,1880,93
941: 940,1950,962,1786,1968,1880
942: 1982,205,259,1605,1622,1413
943: 1735,1993,1613,676,631,131,322
944: 1830,6,1861,119,1255,1254
945: 1667,402,1035,1268,2026,581
946: 96,1457,1722,524,442
947: 1112,1547,1714,321,1629,1462
948: 1156,459,703,973,1746,1517
949: 245,1132,1024,463,910,1663
950: 1677,175,965,425,1144,1318
951: 64,915,1681,1328,1531,5
952: 1112,855,961,321,59,1691
953: 319,1122,926,782,1764,1084
954: 42,356,1437,510,252,1372
955: 1395,1027,1281,275,1311,1086
956: 468,1538,1339,1650,1051,440
957: 1711,1621,204,1243
958: 1543,1183,1748,357,980,859
959: 1527,635,364,807,1753,1023
960: 775,277,986,1805,1649,656
961: 952,321,1916,1691,1952,1036
962: 328,941,1114,940,1950,386
963: 83,1821,44,1075
964: 555,65,1115,669,283,1886
965: 1882,246,1352,175,950,1318
966: 1439,925,302,783,1079,451
967: 1639,1753,519,1542,9,1482
968: 2,338,1565,1955,457,1455
969: 222,1890,1765,307,1576,285
970: 1656,1434,446,1964,1330,371,9
971: 1129,89,780,556,2027,1315
972: 1803,497,364,1483,284,1346
973: 243,883,1746,1858,1517,948
974: 492,702,2013,1738,1862,1822
975: 1308,324,1933,300,355,251
976: 638,329,192,1815,2003,982
977: 292,2005,786,50,1472,1011
978: 3,1585,569,2029,1871,235
979: 1574,208,1641,2035,426,261
980: 1089,10,859,380,958,357
981: 671,423,1699,91,1202,1236
982: 182,2003,2014,1390,976,192
983: 147,1415,424,1361,1110,621
984: 568,443,1227,203,1436,20
985: 1571,1479,265,74,1345,1369
986: 775,277,960,1236,1621,1243
987: 571,1625,346,1789,1041,1678,224
988: 1660,798,595,1201,1766,398
989: 1016,1741,1859,1675,1193,1295
990: 1131,443,1831,1320,1436,1930
991: 1289,1943,1404,1410,32
992: 1209,821,209,1984,86,1778
993: 750,1483,1374,1037,284,2034
994: 75,1772,1160,1079,451,2041
995: 1622,2042,205,337,2043,1485
996: 1650,155,461,1843,735,1757
997: 2048,1462,1854,1714,164,1288
998: 1067,1808,554,1751,388,197
999: 1935,651,448,1300,24,1185
1000: 1197,1504,673,578,1624,257
1001: 1688,1360,518,575,1350,1340
1002: 917,1356,1448,1188,1787,765
1003: 1158,1467,38,1956,171,315,610
1004: 1620,934,1940,1469,491,1961
1005: 1206,1476,1704,904,1926,900
1006: 75,1237,1772,1562,1992,1353
1007: 1431,1786,641,1034,418,1968
1008: 2018,222,139,1648,1043,1934,1515
1009: 754,1484,1224,1064,1708,1700
1010: 766,187,2028,1387,267,600
1011: 292,977,50,1544,1496,1646,339
1012: 1609,645,704,1319,1958,1795
1013: 304,1044,1899,395,1214,909
1014: 1246,1920,1125,622,1540,288
1015: 876,540,1456,84,1939,464
1016: 989,1595,1741,2034,1284,1295
1017: 1234,1332,400,240,820,1949
1018: 225,1367,340,928,687,1643
1019: 1076,123,746,1619,1101,1452
1020: 1473,736,1377,1458,538,85
1021: 1484,1224,1668,195,1513,669
1022: 1581,103,1850,498,1591,1192
1023: 52,959,807,1639,1653,1753
1024: 1674,39,1132,949,500,1663
1025: 639,1465,1137,111,769,1257
1026: 1856,1427,277,656,1233
1027: 1281,955,711,1311,793,1414
1028: 1556,921,457,1454,467,1955
1029: 1156,557,1083,1746,650,1486
1030: 1989,51,580,759,727,1810
1031: 1994,847,906,836,1726,1098,474,778
1032: 1962,11,754,1210,747,795
1033: 1379,373,408,1480,539,361,1716
1034: 1431,1968,684,1007,1373,183
1035: 1364,70,1268,441,2026,945
1036: 2037,476,1916,961,1547,321
1037: 487,993,750,1483,1429,52,807
1038: 369,1494,512,1258,42,1638
1039: 632,584
1040: 837,1796,436,809,526,1777
1041: 987,92,1678,224,895,503
1042: 724,767,1867,1769,1217,802
1043: 1648,1370,207,1008,1905,1515
1044: 627,1013,1899,395,845,1207
1045: 1375,561,774,157,611,1975,1200
1046: 91,540,1456,140,1202,365
1047: 323,1062,306,566,665,396
1048: 197,511,1107,612,1781,82
1049: 1302,216,1553,620,522,273,872
1050: 154,1306,504,689,1922,1840
1051: 440,1367,928,1475,468,956
1052: 1359,14,1688,764,1710,360
1053: 53,438,1170,1914,885,1732
1054: 1220,200,818,1526,231,799
1055: 1555,505,1252,776
1056: 1985,159,2044,937,1134,29
1057: 0,1126,646,848,1167,269
1058: 613,190,405,281,838,1153
1059: 170,1127,688,796,1851,513
1060: 890,688,513,145,1579,846
1061: 1286,379,543,389,106,854
1062: 1047,1758,323,1649,566,797,1805
1063: 316,60,1195,872,335,273,1626
1064: 1009,1224,477,482,614,1708
1065: 161,1312,1915,529,749,344
1066: 1113,1175,342,602,17,1835
1067: 998,1818,554,1751,619,126
1068: 77,908,1557,1389,613,791
1069: 224,535,1358,45,1625,1789,1820
1070: 256,588,1396,1896,236,761
1071: 225,928,1475,1718,71,746
1072: 1199,879,692,333
1073: 328,1114,1466,22,368,253
1074: 1471,1532,573,1917,128,567
1075: 1189,1686,44,132,963,1821
1076: 1574,746,1619,1019,71,208
1077: 1450,1967,1959,1554,891,450
1078: 1139,507,242,839,1338,881
1079: 925,451,966,994,1160,2041,693
1080: 1960,852,1309,1676,297,889
1081: 1355,368,713,1114,386,710
1082: 1168,2020,1884,1273,918,396,1865
1083: 1198,81,1746,1858,650,1029
1084: 1679,1204,659,1764,953,926
1085: 1212,458,1279,206,1129,102
1086: 1311,226,551,1868,275,955
1087: 56,1699,1261,876,91,1456
1088: 1551,58,1157,227,1873,1446
1089: 2033,10,980,859
1090: 477,648,1145,520,46,1445
1091: 901,247,739,737,1869
1092: 350,1491,334,794,1378,1632
1093: 319,1122,1369,1998,188,1977
1094: 1984,38,1744,894,171,209
1095: 2038,787,870,694,1231,1530
1096: 63,1929,924,2024,494,601
1097: 1342,76,485,1997,1694,1853
1098: 1726,875,1446,658,1031,906,270
1099: 1962,317,691,1501,377,530
1100: 1314,1247,228,666,738,370
1101: 1475,1742,1452,468,746,1019
1102: 445,1291,524,1184,1937,1980
1103: 892,1740,527,359,1376,1804
1104: 179,657,1530,470,1385,787
1105: 456,763,1906,1148,351,544
1106: 88,293,603,1664,860
1107: 1327,197,511,452,1048,1808
1108: 2042,187,2043,530,26,662
1109: 1871,1783,308,235,728,1545,878
1110: 983,1415,1334,621,1922,504
1111: 141,384,1700,1386,1333,747
1112: 855,1714,952,947,321,806
1113: 514,1175,604,1066,1944,17
1114: 1073,328,386,962,1081,368
1115: 555,669,964,377,1668,317
1116: 478,3,1262,2013,569,1696
1117: 336,570,678,1442,741,107
1118: 194,626,1174,353,1361,479
1119: 748,868,495,582,137
1120: 243,598,768,1629,312,94
1121: 1533,404,858,1474,1889,1270
1122: 319,1093,953,782,1998,348
1123: 1994,506,1695,836,808,288
1124: 1936,605,129,1654,511,612
1125: 1014,1920,1539,652,622,343
1126: 1057,127,0,298,269,1788
1127: 170,1059,796,1575,605,501
1128: 731,1612,841,1499,1729,271
1129: 971,1561,780,102,206,1085,1315
1130: 188,823,1233,1758,244,656
1131: 443,990,72,1847,722,1831
1132: 90,245,2036,949,1024,39
1133: 1936,866,1970,129,272,135
1134: 837,1796,229,937,1985,1056
1135: 1549,117,1308,805,251,1317
1136: 230,1949,1878,484
1137: 1025,1151,639,1465,1560,352
1138: 1528,801,531,156,431,232,833
1139: 1078,375,507,242
1140: 104,933,690,1794,1971,48
1141: 574,638,329,564,403
1142: 1730,1799,1541,217,233,912
1143: 1648,599,285,647,207,1651
1144: 425,757,950,189,1318,1406
1145: 1090,648,2040,520,1552
1146: 720,1965,137,1404,32
1147: 1549,1750,1310,919,773,560,1343
1148: 2030,1430,31,1105,1906,544
1149: 501,393,1407,716,558,1575
1150: 1493,1800,1240,153,893,186,2040
1151: 639,1137,352,1546,1161,1909
1152: 221,1875,331,1403,1837,1626
1153: 190,838,1058,1249,1424,695
1154: 722,309,1831,608,12,857
1155: 2010,1725,832,907,481,134
1156: 1608,557,459,1029,948,1746
1157: 658,1819,58,869,1088,1446
1158: 1003,171,315,1774,1600,25
1159: 1298,649,159,320,794,2044
1160: 994,75,172,1079,2041,659
1161: 1246,800,622,1909,1151,639
1162: 1437,1557,405,1399,817,252,1164
1163: 387,721,1717
1164: 252,867,1222,1437,1162,1399
1165: 1928,1519,590,1761,765,454
1166: 62,2025,699,1534,422,1478
1167: 848,517,1845,1336,1057,0
1168: 1082,665,1884,396,19,903
1169: 17,898,1354,1944,112,286
1170: 53,438,856,1680,1053,1814
1171: 242,820,1332
1172: 735,1604,192,1815,862,1843
1173: 803,660,597,1527,635,1733
1174: 1568,7,353,1118,424,1361
1175: 1535,514,1113,1066,886,342
1176: 307,1326,563,661,1832,835
1177: 409,274,168,697,1495,885
1178: 1895,444,1925,1984,894,547,1778
1179: 435,706,1477,624,729,1790
1180: 1642,11,691,1996,662
1181: 1908,444,547,1416,24,448
1182: 1395,475,275,873,682,1747
1183: 388,958,1748,357,82,1453
1184: 1937,849,238,1980,705,1102
1185: 1300,884,1903,1935,999,493
1186: 630,1468,375
1187: 1342,485,160,1269,541,469
1188: 1761,765,1539,43,917,1002
1189: 1075,1578,132,1821,550,932
1190: 502,411,1449,1596,136,515
1191: 897,74,54,1479
1192: 1591,1882,1352,1581,1022,703
1193: 1439,193,1295,989,1675,1617
1194: 2022,109,474,847,1685,308,728
1195: 686,709,316,872,335,1771,421,1063
1196: 739,1291,1937,247,467,290
1197: 1504,184,249,1587,1000,578
1198: 1866,921,81,457,1083,650
1199: 1072,692,287
1200: 18,1975,1045,834,774,512
1201: 1705,595,481,134,1660,988
1202: 775,1236,365,91,1046,981
1203: 3,1791,1585,1696,899,577
1204: 1679,2041,1084,299,582,659
1205: 575,1724,372,63,494,871
1206: 1005,194,1476,1673,572,904
1207: 180,1698,1044,395,845,1719
1208: 707,1566,198,1636,1932,644
1209: 992,625,821,934,86,1398
1210: 754,1484,1668,1962,317,1032
1211: 826,89,2027,1460,1497,248
1212: 675,810,458,1279,758,1085
1213: 898,528,1354,738,1891,120
1214: 909,1013,395
1215: 214,1670,717,1694,606,549
1216: 1860,1577,278,1335,822,282
1217: 1391,1933,300,802,1042,1867
1218: 358,1505,303,1410,162,1381
1219: 152,1957,1798,1963,359,726
1220: 663,394,200,818,1567,1054
1221: 241,1401,1966,469,166,79
1222: 252,1372,1164,867,413,1893
1223: 1558,1630,1499,641,1594,931
1224: 1009,1484,1021,1064,195,482
1225: 865,567,1978,1912,184,249
1226: 1408,199,1948,668,1384,263
1227: 568,1260,984,301,20,55
1228: 1859,87,664,1421,1675,465
1229: 642,234,480,1842,334,1298
1230: 143,483,1979,1775,1703,521
1231: 1784,694,23,1095,1530,508
1232: 130,1792,643,1946,458,758
1233: 1130,1329,823,656,1026
1234: 1017,1901,400,1949,562,484
1235: 1466,1451,114,653,414,253
1236: 775,1202,986,423,981,1621
1237: 75,1006,172,1562,816,125
1238: 514,604,1902,397,332,856
1239: 1897,811,854,1416,178,1564
1240: 1150,1828,153,1513,186,195
1241: 276,583,346,1789,2039,1692
1242: 812,614,1894,46,523,1715
1243: 204,1427,1621,277,986,957
1244: 65,98,745,1879,163,585
1245: 653,414,5,922,1727,1441
1246: 1014,800,622,288,1161,808
1247: 534,1314,884,2021,1100,666
1248: 763,1906,651,1564,708,178
1249: 535,874,895,1424,190,1153
1250: 1785,185,449,1252,776
1251: 213,1274,1749,151,1682,667
1252: 1885,1055,505,1250,449,776
1253: 1458,66,756,668,446,1964,1482
1254: 1830,944,6,88,1321,202
1255: 1830,944,343,119,237,652
1256: 539,801,531,1613,373,1537
1257: 1636,111,516,769,644,1657,1025
1258: 1494,1038,1323,510,42,1518
1259: 771,1293,1961,447,625,1618
1260: 439,568,1227,805,55,1317
1261: 56,1087,479,1671,626,876
1262: 1116,2013,878,569,218,492,1759
1263: 1316,827,230
1264: 1729,4,1698,410,841,633
1265: 1913,813,1548,430,1674,39
1266: 663,2008,1567,616,509,1969
1267: 516,1932,644,1819,2001,869
1268: 1035,1364,383,1739,945,581
1269: 532,541,551,1401,469,1187
1270: 1121,404,1889,6,1861,1470
1271: 1525,1737,378,354,177,1572
1272: 1755,115,730,358,289,1445
1273: 1082,918,752,1397,1865,84
1274: 1251,151,397,667,1661,770
1275: 809,123,1619,916,305,1559
1276: 1408,756,668,519,1716,1379
1277: 51,260,580,450,1554,110
1278: 18,1550,183,369,863,1880
1279: 1212,675,920,591,1085,102
1280: 1736,570,92,212,1303,1502
1281: 296,1395,542,1027,955,793,1414
1282: 1507,1793,833,462,279,777,232
1283: 349,1856,533
1284: 1016,2034,1374,783,416,1295
1285: 1940,1433,1469,814,1693,466
1286: 389,1061,854,178,708,13
1287: 751,1559,781,1452,815,123
1288: 1526,930,200,164,2048,997
1289: 991,1404,748
1290: 1345,926,1679,495,265,201
1291: 1196,739,445,1102,1883,1937
1292: 1591,1954,498,324,1391,300
1293: 491,771,1961,790,1601,1259
1294: 333,1531,879,1877,105,1563
1295: 1439,783,1193,1016,989,1284
1296: 2031,624,788,1490,1953,729
1297: 731,1451,1770,653,1681
1298: 649,1159,642,1229,334,794
1299: 654,1866,81,762,1640,268
1300: 534,884,850,24,1185,999
1301: 1522,90,245,145,627,1579
1302: 1049,1602,1701,216,872,335
1303: 1280,1736,336,570,2000,617
1304: 589,381,1782,1512,576,181
1305: 1409,1341,525,261,1762,1313
1306: 671,154,1711,1050,423,504
1307: 729,13,1790,628,1490,389
1308: 1615,1933,975,805,251,1135
1309: 250,1080,1960,473,1582,889
1310: 1809,173,1750,1147,1601,560
1311: 711,1086,541,551,1027,955
1312: 161,271,1065,749,1729,4
1313: 1762,174,2035,460,1305,261
1314: 884,1247,1100,1903,1929,370
1315: 556,1477,206,149,971,1129
1316: 1263,824,827,637
1317: 1802,55,919,805,1260,1549,1135
1318: 792,1433,189,950,246,965,1144
1319: 704,127,298,406,645,1012
1320: 698,857,1831,990,1930,1344
1321: 88,2023,296,542,1254,202
1322: 1659,144,896,101,199,1948
1323: 1494,1258,713,93,548,1518
1324: 858,1474,1414,711,2009,160
1325: 1695,808,33,769,1657,800
1326: 1176,1765,307,1609,645,563
1327: 1654,511,1107,452,716,753
1328: 64,951,333,586,1531,692
1329: 54,823,1233,533,897
1330: 1434,371,970,62,499,537
1331: 122,1783,1685,308,1405,1658
1332: 1017,400,881,1171,242,820
1333: 1386,141,1111
1334: 56,1699,621,1110,671,504
1335: 1533,858,822,282,1216
1336: 704,0,1981,517,1167,1864
1337: 1852,1652,665,19,699,306
1338: 1588,881,1078,839,1422,2047
1339: 1440,1650,461,956,912,1538
1340: 1688,575,1001,372,764,341
1341: 1637,526,1409,683,1305,525
1342: 485,1097,1187,469,166,1853
1343: 1837,1147,740,773,560,415
1344: 1930,174,2035,698,1641,1320
1345: 319,1290,1369,926,265,985
1346: 1595,284,420,899,497,972
1347: 291,193,302,1811,760,1888
1348: 1661,1881,607,770
1349: 825,623,1911,690,1467,1956
1350: 518,575,1724,1001,385,1672
1351: 579,227,1873,362,1993,262
1352: 1882,1192,965,175,459,703
1353: 1992,487,1478,750,1006,1562
1354: 17,898,528,1169,1835,1213
1355: 873,2011,1081,368,1489,710
1356: 917,1775,325,1002,165,1448
1357: 41,1407,558,842,1570,880
1358: 116,535,874,45,1069,345
1359: 254,1939,752,1052,14,1710
1360: 1688,518,1001,1926,900,14
1361: 983,424,1174,1118,479,621
1362: 1635,732,1793,462,31,544
1363: 276,571,1637,683,258,678,1780,1678
1364: 1035,297,1268,441,383,552
1365: 816,782,1852,125,348,1652
1366: 28,1508,1760,832,318,1419
1367: 1051,440,1018,928,687,831
1368: 47,1892,1924,608,1689,1592
1369: 319,1093,1345,74,1977,985
1370: 1043,599,207,210,1905,490
1371: 1737,1723,354,789,250,2004
1372: 252,1222,1893,954,510,1418
1373: 142,1550,257,183,1034,684
1374: 1992,993,750,2034,1284,416
1375: 719,1045,561,774,2000,617
1376: 1963,527,1103,359,550,326
1377: 1473,1020,1659,736,2017,341
1378: 1471,1632,350,1092,1721,755
1379: 408,1033,1542,1276,519,1716
1380: 1985,649,751,159,305,1559
1381: 162,939,1218,730,358
1382: 655,112,327,1420,286,1814
1383: 466,1809,117,355,251,1693
1384: 263,1635,732,101,199,1226
1385: 1104,1541,179,470,1464,733
1386: 496,1333,747,795,1111
1387: 185,428,2028,1010,766,1413
1388: 536,896,351,101,544,1635
1389: 719,2000,1736,791,77,1068
1390: 982,2014,23,192,155,1843
1391: 1217,300,498,1583,1867,1292
1392: 1951,1402,609,121,213,1749
1393: 373,1480,660,1537,49,1988
1394: 587,1552,465,664,893,2040
1395: 1182,542,475,1281,275,955
1396: 256,1070,1489,588,548,710
1397: 1710,1945,239,752,1273,918
1398: 86,811,625,1209,379,1618
1399: 817,2016,1995,1162,1164,867
1400: 935,380,1991,680,1806,1498
1401: 1221,1966,640,469,532,1269
1402: 1392,1951,609,1435,67,347
1403: 273,1837,1626,1152,740,620
1404: 1289,991,32,1146,748
1405: 122,1331,1735,1658,362,1597
1406: 1774,189,814,315,425,757,1144
1407: 1149,716,753,558,1357,880
1408: 1276,668,1226,1716,263,1863
1409: 526,1305,426,1341,1777,261
1410: 1943,991,32,303,1218,162
1411: 677,1645,472,427,100,830
1412: 453,486,1633,715
1413: 1622,766,1982,942,428,1387
1414: 1324,793,1474,1027,1281,711
1415: 1972,147,983,1110,1922
1416: 1897,547,1239,1181,448,1564
1417: 1870,1593,124,911,670,1697
1418: 588,1518,236,510,1372,1893
1419: 2037,429,1366,28,318,1904
1420: 1382,655,327,1611,572,904
1421: 87,1228,553,664,1493,390
1422: 848,2047,30,1338,1588,646
1423: 1709,49,1988,196,322,1597
1424: 874,1249,515,1153,1449,695
1425: 203,1436,1930,174,460,1938
1426: 1818,1520,1721,554,133,113
1427: 349,1856,204,1026,1243,277
1428: 337,1501,712,377,2002,555
1429: 487,1037,52,1653,499,1534
1430: 2030,462,279,628,31,1148
1431: 1034,418,684,500,1007,1432
1432: 1624,430,1674,1431,684,500
1433: 792,189,814,1318,1285,1693,466
1434: 1656,1330,970,215,1481,537
1435: 1951,1402,67,1697,589,1512
1436: 203,1425,1930,443,990,984
1437: 356,954,908,1162,1557,252,1164
1438: 1971,425,757,313,610,48
1439: 193,302,783,1193,966,1295
1440: 1339,1784,461,217,508,912
1441: 922,1727,1245,1868,226,61
1442: 819,229,937,741,107,678,1117
1443: 1752,606,864,549,374
1444: 561,617,107,1986,1763,336
1445: 289,46,520,1090,115,1272
1446: 1098,875,227,658,1088,1157
1447: 636,1561,826,89,780,1974,1510
1448: 1356,325,1002,1787,1628,339
1449: 1190,411,1424,515,695,1524
1450: 927,68,1967,1959,1077
1451: 731,1297,114,1612,1235,653
1452: 1742,781,1101,123,1019,1287
1453: 35,1751,1498,1183,388,357
1454: 247,840,467,1955,1028,784
1455: 30,784,1845,1955,968,1565
1456: 876,91,540,1015,1046,1087
1457: 946,442,191
1458: 1253,66,1020,736,85,446
1459: 785,220,1885,1982,428,449
1460: 1528,801,431,1497,407,2027,1211
1461: 786,1472,205,259,1662,1485
1462: 312,1854,997,1714,947,1629
1463: 842,280,1917,128,1570,1921
1464: 470,1385,829,559,733,1536
1465: 1025,1137,1560,433,21,594,111
1466: 114,1235,1073,328,828,253
1467: 38,1003,1744,1956,1349,1911
1468: 630,1186,685,737,375,1869
1469: 1940,1285,466,173,1004,491
1470: 674,1861,404,1270,1928,255
1471: 1074,1532,1378,1632,128,755
1472: 977,786,1461,50,1485,712
1473: 1020,1377,341,764,538,360
1474: 1121,1324,858,793,1889,1414
1475: 1101,468,1051,928,1071,746
1476: 1005,1671,1206,194,626,1704
1477: 1179,706,556,1315,624,149
1478: 487,1353,1166,1534,422,1562
1479: 1571,985,74,1191
1480: 1393,373,408,803,660,1033
1481: 1884,215,239,1434,903,537
1482: 1964,9,1253,756,519,967
1483: 993,1037,364,807,972,284
1484: 1009,754,1224,1210,1668,1021
1485: 337,712,1461,1472,205,995
1486: 108,2019,2,650,557,1029
1487: 543,106,1953,1573,779,447
1488: 1989,471
1489: 256,1396,710,873,1355,1747
1490: 389,106,1953,1296,729,1307
1491: 1842,913,350,1610,1092,334
1492: 409,168,1881
1493: 1800,1150,390,664,1421,893
1494: 369,863,1038,1323,1258,93
1495: 1568,697,7,274,1177,593
1496: 1544,1628,1646,1743,339,292,1011
1497: 801,1460,431,1211,248,1613,131
1498: 1453,35,1806,380,1400,357
1499: 841,1630,1223,931,1128,1612
1500: 1586,1705,264
1501: 337,2043,1428,377,530,1099
1502: 1280,1736,92,281,791,503
1503: 1614,2019,338,1565,517,1864,399
1504: 1197,184,1921,1728,673,1000
1505: 1755,760,1218,358,303,73
1506: 602,376,15,914,634,725
1507: 263,1863,732,1282,1793,833,156
1508: 134,1660,57,1366,28,832
1509: 310,1593,1823,381,124,1898
1510: 248,262,631,636,826,1447,1873
1511: 417,1713,1665,759,935,1836,1806
1512: 589,1304,181,1435,67,696
1513: 669,1886,1240,1828,1021,195
1514: 574,329,1815,862,852,1676
1515: 15,1905,914,1008,1043,1934
1516: 877,1670,717,472,1684,1947
1517: 243,973,94,1581,948,703
1518: 588,548,1418,1323,1258,510
1519: 590,1165,454,1707,2005,392
1520: 1426,1808,554,133,452,391
1521: 176,584,1826,1973,564
1522: 245,1301,627,845,910,410
1523: 502,1584,1596,920,591,1683
1524: 1566,695,488,198,411,1449
1525: 1271,1737,1578,266,743,177
1526: 1288,724,231,930,200,1054
1527: 635,959,1753,1173,803,1542
1528: 1138,1460,431,232,2006,407
1529: 1768,1662,902,1707,97,392
1530: 1104,179,508,787,1095,1231
1531: 951,915,333,1294,1328,105
1532: 320,1471,1841,1074,1632,573
1533: 1121,1335,404,858,282,1987
1534: 62,1166,499,487,1478,1429
1535: 514,1175,1923,886,223,1902
1536: 1842,913,1464,829,234,733
1537: 1393,373,1256,1613,676,49
1538: 1742,468,233,956,912,1339
1539: 1920,1125,343,43,917,1188
1540: 1014,1920,288,506,165,521
1541: 179,217,1385,1730,1142,733
1542: 1379,408,803,519,1527,1753,967
1543: 958,1748,859,1848,294
1544: 1879,1496,1646,50,1011,283,2002
1545: 2022,714,1109,235,728,878,1759
1546: 1151,352,293,860,1909,237
1547: 947,321,1629,768,476,1036
1548: 1913,813,1265,41,393,558
1549: 1135,117,1750,1147,805,251,919,1317
1550: 1373,1278,18,142,1975,183
1551: 58,1088,169,636,1974,1873
1552: 1394,936,520,587,1145,2040
1553: 620,301,437,522,1049,216
1554: 2038,110,891,1077,1277,450
1555: 40,1055,1684,830,505
1556: 1028,654,1866,290,921,467
1557: 1437,908,1162,1068,613,405
1558: 463,1630,1223,1663,641,418
1559: 1380,1287,751,305,1275,123
1560: 150,1465,1137,352,2045,594
1561: 1129,1580,1447,780,1974,102,920
1562: 1237,1006,422,1478,1353,816
1563: 1294,879,2012,1877,241
1564: 1248,651,448,1239,1416,178
1565: 968,338,1503,1455,517,1845
1566: 707,2016,1208,488,1524,198
1567: 1220,663,1266,2008,394,681
1568: 1174,697,1495,7,211,353
1569: 2007,890,304,846
1570: 842,280,1463,391,880,1357
1571: 1479,265,985
1572: 59,177,8,1271,378,1631
1573: 1487,1953,779,366,1812,788
1574: 1076,979,1619,916,208,426
1575: 1647,1127,796,1149,501,393
1576: 1651,419,95,1765,969,285
1577: 1216,723,929,677,1860,278
1578: 1189,132,266,932,743,1525
1579: 627,1899,846,1060,1301,145
1580: 1561,1974,102,920,1683,169
1581: 94,1850,1022,1517,703,1192
1582: 789,1598,69,250,473,1309
1583: 930,1867,2048,103,498,1391
1584: 502,455,1523,1683,843,2001
1585: 978,3,1203,2029,577,118
1586: 1500,804,1776,1705,595
1587: 1197,249,578,1978,157,611
1588: 1338,1901,400,881,646,1422
1589: 1744,382,1911,647,546,1767
1590: 218,1759,1773,853,1979,714
1591: 1292,1882,1954,1192,1022,498
1592: 608,1368,1924,1643,12,592
1593: 923,1870,310,1417,1509,124
1594: 828,1950,1786,641,1223,931
1595: 1016,284,1741,2034,420,1346
1596: 502,1190,1523,136,1941,591
1597: 1423,196,322,1735,122,1405
1598: 326,789,932,69,1582,743
1599: 1996,26,267
1600: 1620,821,209,25,1158,171
1601: 491,1293,790,560,173,1310
1602: 1302,2039,1701,1820,709,872,335
1603: 630,685,1734,99
1604: 735,383,2046,1172,552,862
1605: 1982,259,942,701,1768,785
1606: 419,825,1795,95,623,432
1607: 295,1908,1925,210,80,850
1608: 844,1677,1156,557,175,459
1609: 1765,1326,645,1012,419,1795
1610: 913,350,1931,401,1491,113
1611: 1672,327,1420,1926,518,904
1612: 731,931,1128,1451,114,1499
1613: 943,676,131,801,1256,1497,1537
1614: 108,2019,1503,933,399,1907
1615: 1308,1933,802,805,439,629
1616: 1941,675,810,686,421,1807
1617: 587,291,465,1675,193,1193
1618: 379,543,625,447,1259,1398
1619: 1076,1275,1574,123,1019,916
1620: 1600,1004,821,934,25,1940
1621: 1711,423,1236,986,957,1243
1622: 766,2042,995,1413,205,942
1623: 412,1719,749,180,344
1624: 430,1432,673,1000,257,684
1625: 346,1789,1820,987,224,1069
1626: 331,273,1403,1152,60,1063
1627: 309,1797,1689,799,231,767
1628: 1496,1743,339,34,325,1448
1629: 1547,947,768,1120,312,1462
1630: 841,463,1558,633,1499,1223
1631: 378,59,1572,855,2008,681
1632: 320,794,1471,1532,1378,1092
1633: 453,1412,715,1849,1826,1839
1634: 152,632,1957,36,1973
1635: 1384,1362,732,31,1388,101,544
1636: 111,1257,644,707,433,1208
1637: 526,683,1341,258,436,1363
1638: 42,356,1829,834,512,1038
1639: 1653,1753,967,1023,371,9
1640: 1712,429,762,1904,1299,268
1641: 1702,698,208,979,1344,2035
1642: 11,1180,496,795
1643: 225,1018,340,1924,1592,592
1644: 734,2007,78
1645: 1411,723,677,214,717,472
1646: 1544,1879,1496,163,1743,1011
1647: 796,1575,393,1913,1872,2036
1648: 1043,1143,285,207,222,1008
1649: 1758,1062,656,960,1805
1650: 1339,996,461,1757,440,956
1651: 382,1576,95,1143,285,647
1652: 816,1852,1365,1337,699,422
1653: 52,1639,1023,371,499,1429
1654: 1327,511,605,1124,501,716
1655: 1848,861,294,1970
1656: 1434,446,1964,970,85,1887,215
1657: 516,367,769,1257,1325,33
1658: 579,778,362,1685,1331,1405
1659: 736,1322,1377,144,2017,199,1948
1660: 134,798,57,988,1508,1201
1661: 1348,770,667,1274
1662: 259,1768,1529,392,786,1461
1663: 463,1558,1024,949,418,500
1664: 88,2023,700,1106,761,603
1665: 260,580,759,742,1511,1713
1666: 771,779,790,415,221,366
1667: 945,402,47,1924,581,340
1668: 1484,1210,1021,1115,669,317
1669: 679,1691,398,8,1952,798
1670: 877,1516,1215,717,606
1671: 1476,626,1704,464,1261,876
1672: 327,718,1611,518,1350,385
1673: 1206,194,572,545,211,353
1674: 1024,430,1265,39,1432,500
1675: 1859,1228,989,1193,1617,465
1676: 1080,852,1514,862,297,552
1677: 844,1608,175,950,425,313
1678: 92,212,1780,571,1041,987,1363
1679: 1084,495,582,1204,1290,926
1680: 1170,856,1814,604,1944,286
1681: 64,951,1297,1770,653,5
1682: 667,1717,213,1251
1683: 843,169,920,1584,1523,1580
1684: 40,1555,830,1947,1516,472
1685: 308,1331,1658,474,778,1194
1686: 1838,44,1075,1766,132,1776
1687: 417,829,882,559,1713,401
1688: 1360,1001,1340,764,1052,14
1689: 309,1627,608,799,1368,1892
1690: 2018,139,1825,181,772,696
1691: 59,1669,8,1952,961,952
1692: 16,2039,672,1701,583,1789,1241
1693: 792,1433,1285,851,355,466,1383
1694: 549,1853,76,1097,214,1215
1695: 1994,1325,906,1123,808,270,33
1696: 478,3,1116,1791,1203,219
1697: 1951,1435,1417,589,124,670
1698: 1264,180,1207,4,410,845
1699: 56,1087,1334,91,671,981
1700: 1111,384,1708,1009,754,747
1701: 1302,2039,672,1602,216,1692
1702: 1718,698,71,208,1641,434
1703: 1775,325,1979,1230,853,34
1704: 1005,1671,1476,254,900,464
1705: 1500,1586,595,481,1201,264
1706: 1844,1960,473,152,36,1798
1707: 596,97,1519,454,392,1529
1708: 523,384,1700,1009,1064,614
1709: 1423,1857,597,1988,196,1983
1710: 1397,360,1945,752,1359,1052
1711: 154,1306,423,1621,957
1712: 1640,768,476,429,598,883,268
1713: 742,1687,417,1511,559,1665
1714: 1112,947,806,164,1462,997
1715: 523,812,1242
1716: 1408,1276,1863,361,1379,1033
1717: 1163,721,121,1682,213
1718: 1702,71,592,434,225,1071
1719: 1623,395,180,1207
1720: 615,1824,167,1900,1874,1855
1721: 1426,133,113,350,1378,755
1722: 96,946,1734,524,99,445
1723: 354,616,1371,509,70,2004
1724: 575,1205,1350,385,63,1756
1725: 2010,1760,191,1918,832,1155
1726: 1098,474,875,778,1031,906,270
1727: 5,1441,1245,915,61,640
1728: 1504,1921,673,842,41,813
1729: 1264,4,841,1128,1312,271
1730: 1799,1142,234,733,480,1541
1731: 666,1905,490,914,634,2021
1732: 545,697,885,211,438,1053
1733: 1803,158,1983,1173,597,635
1734: 96,1722,1603,99
1735: 943,1993,362,322,1597,1405
1736: 1280,1303,1502,2000,1389,791
1737: 1271,1525,354,1371,789,743
1738: 1800,618,390,1862,1822,974
1739: 383,2046,831,1268,581,687
1740: 892,1103,359,726,744
1741: 1016,989,1595,420,1859,1990
1742: 781,1101,1452,468,233,1538
1743: 1628,489,1496,1646,163,34
1744: 1589,1467,38,1094,894,1911,546
1745: 311,29,865,1912,1986,819,937
1746: 973,1858,1083,1156,1029,948
1747: 873,256,1489,700,1182,475
1748: 1781,1543,1183,958,82,294
1749: 223,213,1251,151,1392,609
1750: 1549,1809,117,1147,1310,919
1751: 1453,35,619,388,998,1067
1752: 1443,864,79,2012
1753: 1527,959,1639,967,1023,1542
1754: 344,412,1915
1755: 115,760,358,1505,1272,1888
1756: 63,120,924,1891,1724,385
1757: 735,2046,831,1650,996,440
1758: 244,323,1649,1062,656,1130
1759: 218,492,1590,714,1545,1262,878
1760: 1725,1918,832,1366,849,318
1761: 1928,1188,1165,765,674,43
1762: 1313,460,1305,525,16,583
1763: 865,1978,1986,561,1444,157
1764: 782,125,172,953,1084,659
1765: 307,1326,1609,419,1576,969
1766: 1838,1686,1776,595,988,398
1767: 295,1895,546,1925,1589,599,647
1768: 259,701,1605,1662,1529,902
1769: 1797,767,1042,802,629,72
1770: 161,529,731,1297,64,1681
1771: 686,709,1195,335,45,345
1772: 994,75,1006,1992,451,416
1773: 218,745,1590,702,853,489
1774: 189,814,1406,315,1158,25
1775: 1703,1356,325,165,521,1230
1776: 1586,804,595,1686,44,1766
1777: 526,1409,426,809,916,1040
1778: 86,1897,547,1984,992,1178
1779: 22,682,2011,922,1868,275
1780: 678,212,1678,258,571,1363
1781: 1748,82,861,294,1048,612
1782: 381,1304,576,1898,363,1832
1783: 122,1871,1109,308,314,1331
1784: 1440,155,461,1231,23,508
1785: 1250,185,2028
1786: 641,1968,1007,1594,941,1950
1787: 590,765,1002,1448,339,292
1788: 1874,562,269,1855,565,127,1126
1789: 276,1625,346,1820,987,1241,2039,1692,1069
1790: 279,729,628,1307,777,1179,435
1791: 1696,1203,899,420,1990,219
1792: 1946,1232,331,60,1813,758
1793: 1362,732,1282,1507,833,462
1794: 432,104,148,690,1140,623
1795: 419,1606,1958,432,1609,1012
1796: 837,229,741,436,1134,1040
1797: 722,309,1627,1769,767,72
1798: 152,1219,1963,69,473,1706
1799: 815,1730,1142,480,781,233
1800: 1493,618,1150,390,153,1738
1801: 135,866
1802: 301,55,919,773,437,1317
1803: 1733,497,158,972,635,364
1804: 83,892,527,1103
1805: 775,960,797,365,1649,1062,566
1806: 1836,35,1498,935,1400,1511
1807: 116,345,686,421,1941,1616,136
1808: 998,1520,554,197,1107,452
1809: 466,1383,117,173,1750,1310
1810: 935,1991,1030,1989,759
1811: 73,1976,925,302,1347,760
1812: 130,788,1946,366,1875,1573
1813: 316,60,421,1792,810,758
1814: 438,1170,1680,1382,655,286
1815: 976,329,1514,192,862,1172
1816: 772,1910,1817,696,67,347
1817: 1910,1816,886,347,1923
1818: 1426,1067,554,113,126,1931
1819: 658,869,1157,516,367,1267,270
1820: 1625,1789,2039,1602,709,45,1069
1821: 83,963,527,1189,1075,550
1822: 390,1738,478,2013,974,553
1823: 824,637,37,310,1509,1898
1824: 615,1720,661,1874,406,563
1825: 2018,1690,835,1890,576,181
1826: 176,1521,1839,564,453,1633
1827: 536,351,601,456,493,2024
1828: 618,1240,153,1513,1886,98
1829: 356,77,908,1638,719,834
1830: 944,1255,1254,237,88,293
1831: 722,1154,857,1320,1131,990
1832: 363,661,1176,1782,576,835
1833: 536,896,601,494,871,144
1834: 785,220,427,1876,929,701
1835: 17,528,1354,602,376,1066
1836: 35,1806,619,417,1511,882
1837: 1343,221,1403,1152,740,415
1838: 1686,1766,132,266,679,398
1839: 1826,564,1633,1849,638,2003
1840: 689,154,1050
1841: 320,2044,1532,573,311,29
1842: 913,1536,1491,334,234,1229
1843: 996,155,192,1390,735,1172
1844: 1960,852,1706,36,403,574
1845: 1455,848,517,30,1167,1565
1846: 182,27,715,938,1849,2015
1847: 439,1131,568,629,443,72
1848: 1655,294,1543
1849: 1633,715,1839,182,2003,1846
1850: 312,94,1581,103,1854,1022
1851: 170,1059,688,272,734,78
1852: 348,1652,1365,1337,306,888
1853: 1694,864,549,166,1342,1097
1854: 312,2048,1462,103,1850,997
1855: 1874,1878,1788,565,1720,167
1856: 1283,349,1427,1026,533
1857: 1709,196,314,118,1983,2029
1858: 883,268,973,1746,81,1083
1859: 87,1228,1990,1675,989,1741
1860: 1216,723,1577,76,822,1997
1861: 674,944,6,1470,119,1270
1862: 618,1738,585,974,745,702
1863: 263,1507,361,156,1408,1716
1864: 104,148,399,517,1503,1336,1981
1865: 540,84,140,1082,2020,1273
1866: 1556,1198,654,921,1299,81
1867: 724,1583,930,1042,1391,1217
1868: 922,1441,1779,682,275,1086,226
1869: 375,507,1468,737,901,1091
1870: 923,1593,1417,911
1871: 1783,1109,314,235,978,2029
1872: 90,145,2036,1647,796,513
1873: 227,1351,636,1551,1088,1510,262
1874: 1788,1855,127,1720,1824,406
1875: 221,366,331,1152,1812,1946
1876: 905,929,278,701,902,1834
1877: 241,105,1966,1294,1563
1878: 484,1855,565,230,1136,167
1879: 1544,1646,163,65,283,1244
1880: 863,1278,183,1968,941,940
1881: 1348,607,1914,1492,168
1882: 1591,246,1954,1192,965,1352
1883: 739,99,445,737,1291,685
1884: 1082,1168,918,1481,239,903
1885: 1459,220,1252,100,505,449
1886: 1513,65,669,964,98,1828
1887: 538,85,215,1945,239,1656
1888: 1755,115,760,1347,936,291
1889: 1121,793,1474,1270,202,6
1890: 2018,222,1825,835,969,307
1891: 898,1213,1756,120,718,385
1892: 1368,146,47,818,1689,799
1893: 1372,2045,413,1222,1418,236
1894: 1942,812,289,1242,46
1895: 295,546,444,1178,1925,1767,894
1896: 1070,236,2045,150,761,603
1897: 86,811,547,1239,1416,1778
1898: 381,1782,1823,363,37,1509
1899: 627,1579,1013,304,1044,846
1900: 615,1720,37,167,827,637
1901: 1234,1588,400,646,562,269
1902: 223,151,397,1238,1535,514
1903: 1314,884,1185,493,1929,2024
1904: 762,318,705,1419,1640,429
1905: 1731,490,1515,914,1043,1370
1906: 763,1105,1248,708,2030,1148
1907: 313,48,108,1614,844,933
1908: 1607,1181,444,1925,850,24
1909: 652,622,1161,1151,1546,237
1910: 1817,1816,886,342,725,330
1911: 382,825,1349,1589,1467,1744
1912: 311,1745,865,567,1225,573
1913: 1548,1265,39,393,1647,2036
1914: 1881,607,53,1053,168,885
1915: 1065,529,1754,287,586
1916: 57,28,1952,2037,1036,961
1917: 1463,128,1074,567,184,1921
1918: 1760,191,1725,442,849,1980
1919: 887,147,424,7,1927,593
1920: 1014,1539,1125,1540,917,165
1921: 1504,184,1728,842,1917,1463
1922: 689,1415,1110,1050,504
1923: 609,347,1817,886,223,1535
1924: 1667,1368,47,340,1643,1592
1925: 295,1607,1895,1908,444,1178,1767
1926: 1611,1360,518,1005,904,900
1927: 593,887,1919
1928: 1165,1761,454,674,1470,255
1929: 370,1096,924,2024,1314,1903
1930: 1425,1436,174,1344,1320,990
1931: 1610,401,882,126,1818,113
1932: 644,1267,455,1208,198,2001
1933: 1615,1308,1217,300,802,975
1934: 772,330,139,1008,15,1515
1935: 456,999,493,763,651,1185
1936: 1133,1970,129,1124,861,612
1937: 1184,238,1196,1102,1291,290
1938: 203,1425,460,16,672,2032
1939: 254,752,1359,464,1015,84
1940: 1469,814,1285,1620,1004,25
1941: 675,1616,591,1807,1596,136
1942: 812,1894,289,730,939
1943: 991,1410,162
1944: 1113,604,17,1169,1680,286
1945: 538,1887,1710,1397,360,239
1946: 130,1812,1792,1232,1875,331
1947: 40,1684,877,1516
1948: 199,66,668,1226,1659,736,1322
1949: 1136,240,1234,1017,484
1950: 1594,328,941,828,962,1786
1951: 1392,1402,1435,1697,670,121
1952: 1669,1691,798,57,1916,961
1953: 1490,1487,106,1573,788,1296
1954: 1292,1591,1882,246,851,324
1955: 1454,1028,457,1455,784,968
1956: 1467,38,1003,690,1971,610,1349
1957: 152,1634,1219,726
1958: 704,1981,432,148,1012,1795
1959: 68,1450,1077,938,891,2015
1960: 1080,1844,473,852,1706,1309
1961: 491,1293,1259,625,1004,934
1962: 317,11,691,1099,1032,1210
1963: 359,1376,1219,1798,326,69
1964: 1656,446,9,970,1482,1253
1965: 1146,720,1976,693,299,137
1966: 1221,1877,241,1401,105,640
1967: 927,1450,1077,138,450
1968: 1786,1034,1007,183,1880,941
1969: 402,146,509,2026,663,1266
1970: 1936,866,1133,1655,861
1971: 1438,610,48,690,1140,1956
1972: 887,147,1415
1973: 584,1521,403,1634,632,36
1974: 1580,636,1561,1447,1551,169
1975: 611,18,142,1550,1200,1045
1976: 73,720,1811,1965,693,925
1977: 74,188,54,823,1093,1369
1978: 865,1763,1225,249,1587,157
1979: 143,714,1230,1703,1590,853
1980: 1184,849,524,442,1918,1102
1981: 704,1336,1958,1864,148
1982: 942,1605,1459,785,1413,428
1983: 1733,158,118,1709,1857,597
1984: 1094,894,992,209,1178,1778
1985: 1380,1056,159,305,837,1134
1986: 1745,865,1763,819,107,1444
1987: 596,282,255,905,97,1533,404
1988: 1709,1423,49,597,1393,660
1989: 1030,727,1488,1810
1990: 1859,87,219,1791,1741,420
1991: 471,935,680,1400,1810
1992: 750,1353,1374,1772,1006,416
1993: 943,1735,262,631,1351,362
1994: 1031,847,1695,906,1123,836
1995: 1399,707,2016,433,21,867
1996: 1599,26,662,1180
1997: 76,485,1097,822,2009,1860
1998: 348,244,888,188,1093,1122
1999: 868,201
2000: 719,1375,617,1389,1736,1303,77
2001: 843,869,1584,455,1932,1267
2002: 1428,712,1544,50,555,283
2003: 182,982,1839,1849,976,638
2004: 70,889,441,250,1723,1371
2005: 292,977,392,786,1519,590
2006: 435,407,706,777,1528,232
2007: 1569,890,78,1644
2008: 1266,681,1567,378,616,1631
2009: 485,822,1997,160,1324,858
2010: 191,1725,1155,907
2011: 873,22,1779,1355,682,368
2012: 241,1563,1752,79
2013: 478,1262,1116,492,974,1822
2014: 182,27,982,694,1390,23
2015: 891,870,938,1959,27,1846
2016: 1399,817,707,1566,1995,488
2017: 1659,1377,871,144,341,372
2018: 222,139,1008,1690,1825,1890
2019: 108,1614,2,338,1486,1503
2020: 1082,396,1865,140,797,566
2021: 534,80,1247,1731,666,490
2022: 143,109,714,1545,1194,728
2023: 88,700,1321,1664,542,475
2024: 1929,1096,1903,493,601,1827
2025: 62,1166,19,903,699,537
2026: 1035,70,509,945,402,1969
2027: 407,556,971,826,89,1211,1460
2028: 1785,185,1387,1010,600
2029: 978,1585,1857,1871,314,118
2030: 13,1430,628,1148,1906,708
2031: 130,624,643,149,788,1296
2032: 672,216,203,1938,20,522
2033: 1089,10
2034: 1016,1595,284,1284,993,1374
2035: 1313,174,1344,1641,979,261
2036: 90,1132,1872,1647,1913,39
2037: 1419,476,429,1036,28,1916
2038: 1554,110,891,787,1095,870
2039: 1602,1701,1692,1789,1820,1241,709
2040: 648,1145,893,186,1150,1394,1552
2041: 299,1204,659,994,1160,1079,693
2042: 1108,1622,766,187,995,2043
2043: 337,1501,530,1108,2042,995
2044: 320,1841,1056,159,1159,29
2045: 594,413,1893,1896,236,150,1560
2046: 735,383,1739,1604,1757,831
2047: 1422,30,784,840,839,1338
2048: 103,1854,997,1288,1583,930