0: 30,127,104,148,108,240
2: 247,238,243,30,108,81
3: 118,235,143,219,87,218
4: 90,180,245,114
5: 253,105,64,61,226,22
6: 119,43,202,255,97
7: 147,211,168
8: 59,177,164,132,57,28
9: 66,85,215,158,52,62
10: 138,51,82,35,197
11: 195,65,141,26,205
12: 203,174,200,47,71,72
13: 31,106,86,206,178,232
14: 120,194,254,63,239,144
15: 223,210,139,181,228,17
16: 212,208,20,174,229,92
17: 228,112,53,120,15,223
18: 249,157,93,42,183,142
19: 84,62,140,244,172,215
20: 45,212,203,16,174,216
21: 256,198,252,111,150,236
22: 253,5,226,93,256,236
23: 155,192,225,233,182,27
24: 80,86,171,178,207,210
25: 48,117,189,173,209
26: 205,11
27: 234,217,110,182,179,23,233
28: 134,238,57,243,8,164
29: 128,107,229,123,159,208
30: 0,108,240,247,2,242
31: 13,178,232,156,199,101
32: 125,73,137,201
33: 198,111,58,227,109,237
34: 43,143,163,165,98,218
35: 126,234,113,51,10,197
36: 152,176,69,250,192,70
37: 124,67,230,167
38: 104,148,48,207,95,171
39: 90,245,142,145,41,184
40: 100,214,220
41: 129,145,126,133,184,39
42: 18,77,157,93,252,236
43: 119,6,34,163,165
44: 83,69,132,177
45: 212,20,216,224,60,136
46: 162,141,186
47: 155,71,70,146,200,12
48: 25,175,189,104,38
49: 196,158,131,248,156,66
50: 65,163,100,97,187,205
51: 138,68,10,179,234,35
52: 118,158,9,62,75,219
53: 112,17,168,223,151
54: 204,188
55: 221,72,117,251,203,216
56: 154,147,91,211,194,254
57: 134,28,191,132,8
58: 116,169,102,198,33,227
59: 103,146,8,177,164,250
60: 45,216,221,149,136,130
61: 105,166,241,5,226
62: 19,172,9,215,52,75
63: 101,144,80,228,120,14
64: 253,105,161,5,114
65: 11,195,98,50,163,205
66: 156,85,199,9,158,49
67: 124,37,121,167,222,181
68: 138,51,179,110
69: 83,44,152,36,177,250
70: 47,155,192,36,146,250
71: 47,155,225,208,12,174
72: 55,251,231,200,12,203
73: 193,137,162,115,32
74: 244,188,125,201
75: 193,137,219,52,62,172
76: 214,220,255,160,79,166
77: 92,157,42,224,190,252
78: 170,145,90,180
79: 76,214,166,241
80: 24,178,210,228,63,101
81: 246,175,2,243,94,108
82: 10,197,135
83: 44,69,152
84: 19,140,254,239,215,91
85: 66,199,239,9,144,215
86: 106,24,13,171,178,209
87: 193,219,115,3,153,218
88: 256,150,226,202,160
89: 130,248,169,102,206,232
90: 4,180,245,39,78,145
91: 154,56,204,254,84,140
92: 77,107,229,157,212,16
93: 18,42,183,236,253,22
94: 103,164,243,246,81,231
95: 207,222,139,148,38
96: 99,134,191
97: 100,220,255,6,50
98: 153,195,65,218,34,163
99: 96,134,247,238
100: 40,220,97,50,187
101: 63,199,144,31,80,178
102: 116,58,136,89,130,169
103: 146,59,200,164,94,231
104: 0,148,108,38,48,175
105: 64,161,241,61,5
106: 13,86,206,149,209,173
107: 128,29,249,229,92,157
108: 0,30,104,2,81,175
109: 143,237,165,33,122,227
110: 182,68,179,27
111: 21,198,150,33,237
112: 53,120,211,194,17,168
113: 126,234,35,217,133,159
114: 4,245,183,253,64
115: 73,193,162,87,153,186
116: 58,136,102,224,190,198
117: 25,221,55,251,189,173
118: 235,3,196,158,52,219
119: 43,6,202,237,165,150
120: 228,112,194,17,14,63
121: 213,124,67,223,181
122: 235,196,131,227,143,109
123: 217,159,225,233,208,29
124: 213,37,121,67
125: 74,244,172,137,201,32
126: 113,35,133,197,129,41
127: 0,148,240,167,230
128: 29,184,249,107,133,159
129: 197,135,170,145,41,126
130: 136,89,102,60,206,149
131: 196,122,49,227,248,169
132: 44,57,8,177
133: 126,113,159,41,128,184
134: 99,96,238,57,28,191
135: 197,170,129,82
136: 116,130,102,45,224,60
137: 73,193,75,172,125,32
138: 51,68,10
139: 15,207,222,210,95,181
140: 84,19,244,188,204,91
141: 11,195,186,46
142: 245,39,183,18,184,249
143: 109,34,165,235,3,122,218
144: 63,85,199,239,101,14
145: 78,170,129,41,90,39
146: 103,59,200,250,47,70
147: 154,7,56,211
148: 0,127,104,38,167,95
149: 106,206,221,173,60,130
150: 21,256,88,111,119,202,237
151: 223,53
152: 176,36,83,69
153: 195,186,98,218,115,87
154: 147,56,204,91
155: 47,192,225,71,23,70
156: 66,199,31,232,248,49
157: 18,77,249,107,92,42
158: 118,196,52,49,66,9
159: 123,113,217,133,128,29
160: 76,255,88,166,226,202
161: 105,64
162: 73,115,186,46
163: 43,34,65,98,50
164: 103,59,8,94,28,243
165: 119,43,143,109,34,237
166: 241,61,76,160,79
167: 127,148,230,37,67,222
168: 112,53,211,7
169: 58,89,248,102,131,227
170: 78,135,129,145
171: 24,86,209,38,207
172: 62,19,244,125,75,137
173: 25,221,117,106,149,209
174: 208,12,203,20,16,71
175: 48,246,81,189,104,108
176: 152,182,36,192
177: 59,8,250,44,69,132
178: 31,80,24,13,86,101
179: 51,68,110,234,27
180: 4,90,78
181: 15,223,222,139,121,67
182: 110,176,192,23,27
183: 245,114,142,18,93,253
184: 128,249,133,41,39,142
185: 187
186: 153,195,141,162,115,46
187: 185,205,100,50
188: 74,140,244,54,204
189: 25,48,246,117,251,175
190: 198,252,224,77,116
191: 96,134,57
192: 155,23,70,176,182,36
193: 73,75,137,219,115,87
194: 112,120,211,254,14,56
195: 11,153,65,141,186,98
196: 118,235,158,122,131,49
197: 135,129,10,82,126,35
198: 21,190,252,111,33,116,58
199: 156,66,85,101,144,31
200: 103,146,47,72,231,12
201: 74,125,32
202: 119,6,88,150,255,160
203: 12,20,174,216,72,55
204: 154,54,91,140,188
205: 26,187,11,65,50
206: 106,13,149,232,89,130
207: 210,95,139,38,24,171
208: 16,174,225,71,123,29,229
209: 106,86,171,25,173
210: 15,207,139,80,24,228
211: 112,194,168,147,7,56
212: 45,20,16,224,229,92
213: 124,121
214: 40,76,220,79
215: 85,239,9,84,62,19
216: 45,203,20,60,221,55
217: 123,234,113,159,27,233
218: 153,98,3,143,34,87
219: 193,75,87,118,3,52
220: 40,100,76,214,255,97
221: 55,117,173,216,60,149
222: 95,139,181,167,67
223: 15,181,121,151,53,17
224: 45,212,77,116,136,190
225: 155,71,23,233,123,208
226: 61,5,22,256,88,160
227: 122,131,58,169,33,109
228: 120,17,15,210,80,63
229: 29,107,92,212,208,16
230: 127,167,37
231: 72,246,251,103,200,94
232: 31,13,206,89,248,156
233: 225,23,123,217,27
234: 113,35,217,27,51,179
235: 118,3,196,122,143
236: 21,256,252,93,42,22
237: 119,109,165,111,150,33
238: 99,134,247,2,28,243
239: 85,144,215,254,14,84
240: 0,30,127,242
241: 105,166,61,79
242: 247,30,240
243: 238,2,28,164,94,81
244: 74,19,140,172,188,125
245: 4,90,114,39,183,142
246: 81,251,175,189,231,94
247: 99,238,2,242,30
248: 89,169,232,156,131,49
249: 128,18,184,107,157,142
250: 146,59,177,69,36,70
251: 72,246,55,117,189,231
252: 21,190,198,236,77,42
253: 64,5,22,93,114,183
254: 194,14,239,56,91,84
255: 76,220,97,160,6,202
256: 21,88,150,236,226,22