0: 704,1057,1126,298,1167,1336
2: 457,650,968,1486,2019,338
3: 569,1116,1696,978,1203,1585
4: 180,633,1264,1698,749,1729
5: 653,915,1727,951,1245,1681
6: 944,1254,202,1861,1889,1270
7: 424,1919,1174,593,1495,1568
8: 177,679,1572,59,1691,1669
9: 967,371,1482,1639,970,1964
10: 2033,1089,680,380,980
11: 795,662,1032,1180,691,1962
12: 434,857,1718,1592,1831,608,1154
13: 389,1061,1286,1307,178,708,628
14: 900,254,1052,1359,1360,1688
15: 914,1506,1515,330,725,1934
16: 672,583,460,2032,1692,1701,1762,1938
17: 1944,1169,1354,1066,1835,1113
18: 369,512,1200,1278,1975,1550
19: 2025,699,665,903,1168,1337
20: 203,522,2032,301,984,1227
21: 867,594,433,1560,1995,1465
22: 368,1779,2011,253,1073,1466
23: 2014,694,1784,155,1231,1390
24: 999,651,1185,1300,448,1181,1908
25: 1600,1158,1774,814,1940,1620
26: 1996,267,1108,187,662
27: 182,2015,1846,870,2014,694
28: 1916,2037,1036,1366,1419,57,1508
29: 311,2044,1056,1134,1841,937,1745
30: 2047,784,1455,848,1422,1845
31: 2030,462,544,1148,1362,1430
32: 991,303,1289,1404,1410
33: 808,1695,1657,1325,270,367,906
34: 853,1703,489,325,1628,1743,1773
35: 1806,619,1836,1453,1498,1751
36: 152,1634,1706,1844,1960,403
37: 637,1900,615,363,1898,1823
38: 1003,171,1094,1467,1744,1911,894
39: 1024,1132,1674,1913,2036,1265
40: 1947,830,1555,1684
41: 558,813,1548,1357,842,1728
42: 1638,510,1038,1258,356,954,1372
43: 674,119,343,1188,1539,1761
44: 804,1776,963,1686,1075
45: 535,1069,1358,1820,345,1771
46: 614,477,1090,1445,1242,1894
47: 146,402,1924,1368,1667,1892,340
48: 313,1438,1907,1140,933,610,1971
49: 322,676,1393,1988,1423,1537
50: 977,1011,1472,1544,712,2002
51: 138,727,450,1277,580,1030
52: 487,1037,1429,1483,807,1023,1653
53: 607,332,856,1053,1170,1238
54: 74,1191,1977,823,897
55: 301,437,1802,1227,1260,1317
56: 621,479,1261,1334,1699,1087
57: 798,1952,1660,1508,28,1916
58: 843,869,1088,1157,169,1551
59: 8,1572,1691,952,855,1631
60: 316,872,1063,1626,331,1813,1792
61: 915,1727,1441,226,640,532
62: 499,1166,1534,1330,2025,537
63: 1756,575,924,1096,1205,1724
64: 951,1681,1770,529,586,1328
65: 964,98,669,585,1886,1879,163,1244
66: 668,736,1948,1253,1458,756
67: 347,1816,1435,696,1512,1402
68: 486,938,1959,1450
69: 1963,473,1706,1798,326,1598,1582
70: 1035,2004,441,509,945,2026
71: 208,1702,1071,1475,746,1076
72: 722,629,1131,1769,1797,1847
73: 303,720,1811,1976,760,1505
74: 54,985,1191,1479,1977,1369
75: 994,172,1237,1772,1006,1992
76: 723,214,1997,1097,1860,1694
77: 908,719,1068,1389,1829,2000
78: 734,1851,1644,688,890,2007
79: 2012,1752,864,166,241
80: 534,490,850,1607,1731,2021
81: 1083,1866,1198,1299,268,1858
82: 197,1048,1781,1183,1748,388
83: 1821,1804
84: 540,1865,1015,1273,1939,752,1397
85: 446,538,1020,1458,1887,1656
86: 811,1398,821,1209,992,1778,1897
87: 219,553,1228,1421,1859,1990
88: 2023,1106,1254,1664,1830,1321
89: 826,780,1211,1447,971,1460,2027
90: 245,1522,2036,1872,1301,1132
91: 365,1046,1202,1456,981,1699,1087
92: 212,987,1678,1280,503,1502,1041
93: 863,1258,1323,1494,940,386,713
94: 243,312,1517,1581,1120,1850
95: 382,419,825,1576,1606,1651
96: 946,1734,1722
97: 1768,902,1529,1707,905,596
98: 65,618,153,585,1828,1886,1244
99: 685,737,1883,1603,1722,445
100: 830,505,427,1411,220,1885
101: 199,896,536,732,1384,1388,1635
102: 920,591,1085,1129,1212,1279,1561,1580
103: 498,1022,1583,2048,1850,1391,1854
104: 1864,399,1140,1981,148,1794
105: 915,1531,1294,1966,640,1877
106: 543,389,1061,1487,1953,1490
107: 819,336,1986,1117,1444,1763
108: 2019,1614,1486,844,1907,557
109: 2022,847,1194,483,143,836
110: 657,260,787,1554,1277,2038
111: 1465,769,1025,1137,1257,433,1636
112: 898,1382,327,718,286,1169
113: 1818,1931,350,1426,1610,1721
114: 828,1466,1451,1612,253,1235
115: 936,1755,1888,520,1445,1272
116: 874,1424,1358,345,1807,1616,515,136,1190
117: 251,1383,1809,1135,1549,1750
118: 577,1857,2029,158,1983,1585
119: 674,43,343,1861,652,944,1255
120: 1891,1213,738,370,1756,924
121: 721,213,1951,670,1717,1392
122: 196,1597,1405,1783,1331,314
123: 1559,1275,1619,1287,1452,1019
124: 381,589,1417,1509,1593,1697
125: 659,816,172,1237,1764,782,1365
126: 1818,1931,1067,882,619,1751
127: 406,1874,1319,1126,298,1788
128: 755,1471,280,1074,1463,1917
129: 272,1133,1936,170,605,1124
130: 2031,643,788,1946,1232,1812
131: 943,676,1613,248,631,1497
132: 1075,1189,1578,1686,1838,266
133: 1426,1520,1721,755,280,391
134: 1155,1725,481,832,1201,1660
135: 272,734,866,1133,1801
136: 515,1190,1596,1807,116,1941,1616
137: 693,1965,299,1119,582,1146
138: 51,727,450,1967
139: 2018,222,1690,1008,1648,772,1934
140: 365,2020,797,540,1046,1865
141: 1333,384,1111
142: 257,578,611,1975,1373,1550
143: 483,1230,2022,109,714,1979
144: 2017,896,536,1322,871,1833
145: 513,1872,1060,1301,1579,796
146: 663,818,402,47,1368,1892
147: 887,424,1415,1919,1972,983
148: 432,1958,1794,104,1981
149: 2031,624,643,1315,1477,206
150: 860,603,352,1560,2045,1896
151: 1749,1251,223,1274,397,1902
152: 1957,36,1219,1634,1706,1798
153: 98,618,1240,1828,1800,1150,1493
154: 1306,1711,1840,1050
155: 23,461,1784,1390,996,1843
156: 539,1863,531,361,1507,833,1138
157: 1978,611,1045,1587,561,1763
158: 1803,577,118,497,1983,1733
159: 1380,320,649,2044,1056,1159,1985
160: 711,541,1324,485,1187,2009
161: 731,271,1770,1312,1065,529
162: 1218,1381,1943,1410
163: 489,1646,1244,1743,65,1879
164: 1288,806,394,200,1714,997
165: 521,1356,1540,1775,1920,917
166: 241,1221,1342,79,864,1853
167: 827,1900,1720,1855,1878,565
168: 274,1177,1914,1492,1881,409
169: 1551,1974,1580,920,1683,58,843
170: 272,1851,129,605,1127,1059
171: 315,1003,38,209,1094,1158
172: 659,75,994,125,1160,1237
173: 491,1004,1601,1310,1469,466,1809
174: 2035,1344,1930,460,1313,1425
175: 950,844,965,1608,1677,459,1352
176: 453,584,1521,1826
177: 266,679,8,1271,1525,1572
178: 13,1564,1239,1286,708,1248,1906
179: 1541,1104,1385,508,1530,217
180: 4,1207,1698,1719,1623,749
181: 576,2018,696,1304,1825,1512,1690
182: 982,1846,1849,27,2003,2014
183: 1373,1550,1034,1880,1278,1968
184: 567,1504,1917,1921,249,1197,1225
185: 449,1250,1785,428,1387,2028
186: 482,648,1150,195,1240,2040
187: 1010,2042,1108,766,26,267
188: 244,1998,1093,1130,1233,1977,823
189: 1144,1406,1285,1433,1774,814
190: 281,895,1153,1249,613,791,1058
191: 442,1155,1457,1725,1918,2010
192: 1172,1815,1843,976,982,1390
193: 302,1347,1439,1193,291,1617
194: 626,353,1206,1476,1673,1118
195: 1021,1240,1513,1828,482,1224,186
196: 122,1423,1597,1709,1857,314
197: 82,1808,1048,1107,388,998
198: 411,455,1208,1524,1932,1566
199: 101,896,1226,1322,1384,1659,1948
200: 1288,394,164,1220,1054,1526
201: 265,868,1999,495,1290
202: 296,793,1321,6,1254,1889
203: 20,2032,1425,1436,1938,984
204: 957,1243,1427,349
205: 995,1622,942,259,1461,1485
206: 458,1085,1129,643,149,1315
207: 1008,285,599,1043,1143,1370,1648
208: 71,979,1641,1702,1076,1574
209: 1600,171,1094,1158,821,1984,992
210: 490,599,1370,1767,295,1607
211: 697,1568,1732,353,545,1673
212: 1780,678,1678,92,570,1280
213: 1749,121,1251,1682,1717,1392
214: 723,717,76,1215,1645,1694
215: 239,1434,1887,1656,918,1481,1884
216: 522,672,1553,1701,1049,1302,1602
217: 508,1440,1541,179,233,912,1142
218: 745,1590,1773,492,702,1759
219: 87,553,478,1696,1791,1990
220: 427,100,1885,1459,1834,785
221: 415,366,1152,1403,1666,1837,1875
222: 2018,1890,139,969,1008,285,1648
223: 886,609,1535,1923,151,1902
224: 503,535,895,1041,1625,1069
225: 1071,928,1018,592,1643,1718
226: 61,1441,1868,1086,532,551
227: 875,1088,1446,262,1873,1351,579
228: 634,376,528,1100,666,738
229: 819,1117,1442,1796,1134,937,741
230: 1136,1878,827,1263
231: 767,799,1627,1054,724,930,1526
232: 833,777,1138,1282,2006,1528
233: 781,912,1799,1142,1538,217
234: 480,733,1842,1229,1536,1730
235: 1109,569,878,1262,1545,1871,978,728
236: 588,2045,1896,1893,1070,1418,1518,413
237: 293,652,1255,1546,622,1909
238: 654,762,705,1184,1937
239: 215,1945,1887,1397,918,1884
240: 1017,1949
241: 166,1966,1221,79,1877
242: 820,1139,1332,881,1078
243: 94,883,973,1517,598,1120
244: 888,188,1998,323,1130,1758
245: 410,910,1522,90,949,1132
246: 851,792,1882,1954,965,1318
247: 901,840,1454,1196,1091,467
248: 631,826,1211,1497,1510,131
249: 1978,578,1197,1225,1587,184,567
250: 889,789,1309,1371,1582,473
251: 355,975,117,1308,1383,1135
252: 1164,1222,1399,1162,1437,954
253: 22,1779,114,1466,1235,414
254: 464,900,14,1939,1359,1704
255: 404,1987,596,454,1470,1928
256: 761,1070,1396,700,1747,1489
257: 142,1000,578,1373,684,1624
258: 741,1780,678,1363,1637,436,1442
259: 1768,942,1461,1529,1605,1662,205
260: 110,657,742,1713,1277,580,1665
261: 979,2035,426,1409,1313,1305
262: 636,631,1873,1510,227,1993,1351
263: 732,1226,1384,1863,1507,1408
264: 1500,1705,907,481
265: 201,1290,1345,1571
266: 177,679,1525,132,1578,1838
267: 1996,1599,26,600,1010,187
268: 883,1858,1640,1299,1712,81
269: 646,562,1057,1126,1788,1901
270: 658,367,1098,1695,33,906,1726
271: 731,841,161,1128,1312,1729
272: 135,734,1133,1851,170,129,1059
273: 1152,1403,620,872,1049,1302,1626
274: 168,1177,1495,409,593
275: 682,873,1868,1182,955,1086,1395
276: 571,683,987,1363,346,583,1241,525
277: 960,656,986,1026,1243,1427
278: 282,905,1216,1577,902,1876,929
279: 435,777,1790,1307,462,628,1430
280: 755,128,391,1463,1570,133
281: 503,1502,190,895,613,791,1058
282: 278,905,1216,1335,1987,1533
283: 555,2002,1646,1544,964,1879
284: 993,2034,1346,1595,972,1483
285: 207,1143,1648,1651,1576,222,969
286: 1382,112,1944,1169,1680,1814
287: 1915,586,692,1199
288: 506,1014,1123,1540,808,1246
289: 730,1942,1272,1445,1894
290: 654,1937,739,1196,467,1556
291: 936,1888,587,1617,193,1347
292: 590,1787,977,1011,339,2005
293: 860,1106,1255,1830,237,1546
294: 1543,1748,1848,1655,861,1781
295: 1925,546,1607,1895,210,1767
296: 793,202,1027,1281,1414,542,1321
297: 1035,441,1080,1676,1364
298: 0,704,1126,127,1319
299: 1160,1204,2041,693,137,582
300: 1867,1217,1292,1391,1933,324,802
301: 55,437,1802,1227,522,1553,20
302: 1811,925,966,193,1347,1439
303: 32,1404,1410,720,73,1218,1505
304: 1569,909,846,1899,1013
305: 837,809,1559,1275,1380,1985
306: 888,1852,323,665,1047,1337
307: 1176,1326,1765,835,1890,969
308: 728,1783,1194,1331,1685,1109
309: 722,608,1154,1627,1689,1797
310: 923,1509,1593,1823,824
311: 29,573,2044,1912,1841,937,1745
312: 94,1629,1120,1462,1850,1854
313: 425,844,48,1438,1677,1907,933
314: 1857,2029,196,122,1783,1871
315: 757,1003,610,171,1158,1774
316: 686,60,1063,1195,1813,421
317: 377,1099,1115,1962,1668,1210
318: 849,705,1904,1760,1366,1419
319: 985,1369,953,1345,926
320: 159,2044,1159,1841,1532,1632,794
321: 961,1036,1547,947,952,1112
322: 943,49,676,1423,1597,1735
323: 888,244,306,1047,1062,1758
324: 975,851,1933,1954,300,1292
325: 853,34,1703,1448,1628,1356,1775
326: 550,1376,932,1598,1963,69
327: 1382,718,112,1672,1420,1611
328: 828,931,962,1950,1073,1466,1594
329: 976,638,574,1514,862,1815
330: 725,1817,772,1910,1934,15
331: 1152,1875,60,1626,1946,1792
332: 607,397,53,1238,1348,770
333: 692,879,1072,1294,1328,1531
334: 794,1842,1092,1229,1298,1491
335: 709,872,1063,1195,1302,1602,1771
336: 617,570,107,1117,1303,1375,1444
337: 712,1485,1428,1501,2043,995
338: 517,2019,1503,1565,2,968
339: 292,1787,1011,1496,1448,1628
340: 687,592,1643,581,1924,47,1667
341: 372,1340,2017,1377,764,1473
342: 886,725,1910,1175,1066,602,1113
343: 43,119,1539,652,1255,1125
344: 412,1754,1065,1623,749,1312
345: 686,1195,1807,1771,45,1358,116
346: 276,571,987,1241,1625,1789
347: 67,609,1816,1817,1923,1402
348: 888,1852,782,1998,1122,1365
349: 1283,1856,204,1427
350: 113,1610,1721,1378,1092,1491
351: 456,1105,1388,1827,601,536
352: 860,150,1546,1560,2045,1137,1151
353: 194,1673,211,1568,1174,1118
354: 616,378,1271,1737,789,1723,1371
355: 975,251,851,792,1383,1693
356: 908,1437,954,1829,42,1638
357: 958,980,1183,380,1453,1498
358: 730,1218,1381,1505,1272,1755
359: 1103,1376,1740,726,1963,1219
360: 764,1052,1710,538,1945,1473
361: 539,1863,373,531,156,1716,1033,1408
362: 1993,1735,1405,1351,1658,579
363: 37,615,661,1898,1832,1782
364: 807,959,1023,635,1803,972,1483
365: 91,140,797,1046,1202,1805
366: 221,779,1666,1875,1573,1812
367: 270,658,1267,1819,516,1657,33
368: 22,2011,1081,1355,1073,1114
369: 863,512,18,1038,1258,1278,1494
370: 1314,1929,1100,738,120,924
371: 9,1639,1653,970,1330,499
372: 341,575,1205,1340,871,2017
373: 539,361,1480,1033,1256,1393,1537
374: 1443,606
375: 507,1186,1468,1869,1139
376: 602,228,634,528,1506,1835
377: 317,555,1099,1115,1428,1501
378: 616,354,1271,1572,1631,2008
379: 811,854,543,1061,1618,1398,625
380: 1400,1498,680,10,980,357
381: 124,1898,589,1509,1304,1782
382: 95,825,1911,1589,647,1651
383: 552,1268,1364,1604,2046,1739
384: 523,1700,1708,1111,141
385: 718,1891,1672,1756,1350,1724
386: 962,1114,93,940,713,1081
387: 1163,911
388: 1183,1453,1751,998,197,82
389: 13,106,1061,1286,1307,1490
390: 1822,1800,664,1738,553,1421,1493
391: 280,1570,133,1520,753,880
392: 786,2005,1519,1529,1662,1707
393: 558,1647,1913,1575,1149,1548
394: 806,164,200,681,1220,1567
395: 1013,1214,1719,1044,1207
396: 665,1047,1082,1168,2020,566
397: 332,1902,1238,151,1274,770
398: 798,988,1669,1766,1838,679
399: 1864,104,1140,933,1614,1503
400: 1017,1234,1332,881,1588,1901
401: 1931,1610,829,882,1687,913
402: 1969,663,146,2026,47,1667
403: 574,1973,1141,36,1634,1844
404: 255,1121,1987,1533,1270,1470
405: 613,1068,1058,1557,817,838,1162
406: 645,563,1824,1874,127,1319
407: 706,556,1460,2006,1528,2027,971
408: 1480,1716,1033,1379,803,1542,519
409: 1492,274,168
410: 845,910,245,1264,1522,1698
411: 502,198,455,1190,1449,1524
412: 1754,344,1623
413: 867,594,1164,1222,236,1893,1418
414: 653,1245,1235,922,1779,253
415: 221,560,771,790,1343,1666,1837
416: 1284,1374,1992,1772,451,783
417: 882,1836,1511,1687,559,1713
418: 1007,500,1558,1431,1663,641
419: 95,1576,1606,1795,1609,1765
420: 1346,1595,1741,1791,1990,899
421: 1813,675,810,1616,686,316
422: 1166,1478,1562,699,1652,816
423: 1306,1621,1711,671,981,1236
424: 147,1919,983,7,1174,1361
425: 950,313,1438,1144,1677,1406
426: 916,1409,1574,1777,979,261
427: 929,100,1411,220,677,1834
428: 1413,1387,1982,1459,449,185
429: 476,2037,1419,1712,1640,1904
430: 1624,1432,1674,813,1265,673
431: 1138,1460,1528,1211,1497,801,531
432: 1958,148,623,1606,1794,1795
433: 707,21,1636,1995,1465,111
434: 857,698,12,1702,1718,1592
435: 706,777,279,2006,1790,1179
436: 741,258,1637,526,1796,1040
437: 301,55,1802,1553,740,620,773
438: 885,1732,1053,1170,1814,655
439: 802,805,568,1260,1615,1847,629
440: 468,956,1650,1051,1367,1757
441: 1035,889,2004,1080,70,297
442: 191,1457,1918,946,524,1980,1102
443: 568,984,1847,1131,990,1436
444: 547,1925,1178,1181,1908,1895
445: 99,1883,1722,524,1102,1291
446: 85,970,1964,1253,1458,1887,1656
447: 1259,1293,771,779,543,1618,1487
448: 547,1181,1564,1416,999,24,651,1248
449: 1250,1252,185,1885,1459,428
450: 138,51,1967,1077,1554,1277
451: 966,1079,783,416,994,2041,1772
452: 1808,1107,1327,753,554,1520
453: 176,1412,1826,1633
454: 1165,1928,255,596,1519,1707
455: 502,411,198,2001,1584,1932
456: 763,351,1105,1935,493,1827,601
457: 921,2,1955,650,1028,1198,968
458: 810,758,1085,1212,206,643,1232
459: 703,948,1156,1352,175,1608
460: 16,1313,1425,1762,1938,525,174,2035
461: 1784,155,1339,996,735,1843,1650
462: 31,1362,1430,777,279,1282,1793
463: 910,633,1264,949,1558,1663,1630
464: 1939,254,1671,1704,876,1015
465: 664,1228,1394,1675,587,1617
466: 1285,1383,1693,1809,173,1469
467: 921,1028,1556,290,247,1454,1196
468: 956,1742,1101,1538,440,1051
469: 1401,1187,1221,1269,1342
470: 657,559,742,1104,1385,1464
471: 1989,1991,680,1488,1810
472: 1411,1684,677,717,1645,1516
473: 69,1706,1960,250,1309,1582
474: 847,778,1031,1194,1658,1685,1726
475: 1395,542,700,1182,1747,2023
476: 429,768,2037,598,1036,1547,1712
477: 482,46,614,1064,648,1090
478: 1822,219,553,2013,1116,1696
479: 56,621,1261,1118,626
480: 234,642,1229,1730,815,1799
481: 907,1155,134,264,1705,1201
482: 477,1064,1224,186,648,195
483: 521,506,143,1230,836,847,109
484: 1949,1136,1234,1878,565,562
485: 1187,1342,160,2009,1997,1097
486: 68,715,938,1412
487: 52,750,1037,1353,1429,1478,1534
488: 817,2016,838,1566,695,1524
489: 853,34,163,745,1244,1743,1773
490: 210,1370,1607,1731,1905,2021,80
491: 1004,1961,173,1601,1259,1293
492: 2013,702,878,1262,1759,974,218
493: 1935,2024,999,1185,1827,1903,456
494: 601,1096,1205,1833,2024,1827,1929
495: 868,201,1119,1290,1679,582
496: 795,1642,1386
497: 1803,577,158,972,899,1346
498: 103,1022,1583,1591,1850,1292,1391
499: 62,1429,1534,1330,371,1653
500: 1024,418,1431,1432,1663,1674
501: 716,1575,1149,605,1654,1127
502: 411,455,1190,1584,1596,1523,591
503: 1502,224,281,895,1041,92
504: 671,1922,1110,1334,1306,1050
505: 830,100,1555,1885,1055,1252
506: 483,521,288,1123,1540,836,1994
507: 839,901,1078,375,1869,1139
508: 1784,1530,1231,1440,217,179
509: 2004,1723,70,1969,2026,1266
510: 42,1038,1258,1323,954,1372,1518
511: 612,1048,1107,1124,1327,1654
512: 369,18,1638,1038,1200,834
513: 688,1127,145,1059,1060,796
514: 856,604,1902,1238,1535,1175
515: 136,1190,1449,1596,874,1424,116
516: 367,1267,1819,644,1657,1257
517: 1864,338,1336,1503,1565,1167,1845
518: 1611,1926,1672,1350,900,1360
519: 967,1482,1542,408,1276,1379,756
520: 936,115,1090,1145,1445,1272
521: 483,506,165,1230,1540,1775
522: 672,1553,20,2032,216,301
523: 614,384,1708,1715,1242
524: 946,442,1722,445,1102
525: 583,460,1313,1762,276,683,1341,1305
526: 1040,1409,1777,1341,1637,436
527: 1821,1804,550,1103,1376
528: 228,376,1835,738,1213,1354
529: 1915,1065,161,1770,64,586
530: 691,1099,1501,2043,1108,662
531: 539,801,361,156,1256,431,833,1138
532: 1401,640,1269,551,61,226
533: 897,1283,1856,1329
534: 884,1185,1247,1300,80,850,2021
535: 224,874,895,45,1069,1249,1358
536: 144,101,896,351,1388,601,1833
537: 2025,903,1481,1330,1434,62
538: 85,1945,1020,1473,1887,360
539: 801,373,531,361,156,1033,1256
540: 140,84,1046,1865,1015,1456
541: 711,160,1311,1187,1269,551
542: 296,475,1281,1395,1321,2023
543: 379,106,1061,1618,447,1487
544: 31,1105,1148,1362,1388,1635
545: 655,572,1420,1673,211,1732
546: 295,894,1895,1744,1589,1767
547: 448,444,1178,1181,1778,1897,1416
548: 588,713,710,1396,1518,1323
549: 1853,1215,1694,864,1443,606
550: 527,326,1189,1376,932
551: 532,1269,226,541,1086,1311
552: 862,383,1172,1364,1604,1815
553: 1822,390,87,219,1421,478
554: 1818,998,1067,1426,1520,452,1808
555: 377,1115,283,1428,2002,964
556: 407,706,2027,1315,1477,971
557: 844,1608,1486,1029,1156,108
558: 393,41,1149,1407,1548,880,1357
559: 470,742,1464,1713,829,417,1687
560: 415,790,1343,1147,773,1601,1310
561: 774,1375,1444,1763,157,1045
562: 269,1788,1901,484,1234,565
563: 645,1824,661,406,1176,1326
564: 1839,638,1141,1521,2003,1826
565: 484,1878,562,1788,167,1855,1874
566: 2020,797,665,396,1047,1062
567: 184,1074,1917,573,1912,249,1225
568: 439,443,984,1227,1260,1847
569: 878,235,1116,1262,1871,978,3
570: 336,1117,1280,1303,1442,212,678
571: 276,1780,683,987,1363,1678,346
572: 904,655,545,1206,1420,1673
573: 311,1912,1841,1532,567,1074
574: 329,403,638,1141,1844,1514
575: 372,63,1001,1205,1340,1724,871
576: 835,1832,181,1304,1825,1782
577: 118,497,158,899,1203,1585
578: 142,1000,257,249,611,1197,1587
579: 778,1658,1726,227,875,362,1351
580: 51,1277,759,1030,260,1665
581: 340,687,1643,1739,1268,945,1667
582: 495,1119,1679,299,1204,137
583: 16,1241,1692,1762,525,276,683
584: 176,1039,632,1973,1521
585: 98,65,618,1862,702,745,1244
586: 692,1328,1915,287,529,64
587: 936,291,1617,1552,465,1394
588: 548,236,1070,1396,1418,1518
589: 1435,124,381,1697,1304,1512
590: 292,1787,2005,1519,765,1165
591: 1941,675,102,920,1279,502,1596,1523,1683
592: 340,225,1643,1718,1592,1924
593: 1919,1927,7,274,1495
594: 867,21,1560,413,2045,1893
595: 988,1201,1766,1776,1705,1586
596: 905,255,1987,454,97,1707
597: 1983,1733,1988,1709,660,1173
598: 768,476,1712,1120,243,883
599: 210,207,647,1143,1370,1767
600: 1010,2028,1599,267
601: 494,1833,2024,1827,456,351,536
602: 1066,376,1506,1835,342,725
603: 860,150,1106,1664,1896,761
604: 1113,514,856,1680,1175,1944
605: 1124,1654,170,129,501,1127
606: 374,1443,1670,549,1215
607: 332,53,1053,1348,1881,1914
608: 309,1154,1689,1924,1368,1592,12
609: 347,223,1923,1749,1392,1402
610: 757,315,1003,1971,1956,48,1438
611: 142,578,157,1975,1045,1587
612: 861,511,1048,1124,1781,1936
613: 405,791,1068,1058,1389,1557,190,281
614: 523,46,477,1064,1708,1242
615: 37,1900,1720,363,1824,661
616: 378,354,1723,1371,2008,1266
617: 336,1303,1375,1444,719,2000
618: 98,153,585,1828,1862,1800,1738
619: 882,35,1836,1453,1751,126,1067
620: 740,1403,273,437,1553,1049
621: 56,479,1110,1118,1334,1361
622: 1909,1161,1246,652,237,1014,1125
623: 432,825,1349,690,1606,1794
624: 2031,729,149,1296,1477,1179
625: 934,1961,1209,1259,379,1618,1398
626: 194,1671,1476,479,1261,1118
627: 845,1044,1522,1301,1579,1899
628: 2030,708,1430,13,1307,279,1790
629: 72,1769,1217,802,439,1615,1847
630: 685,1603,1468,1186
631: 262,248,1510,943,1993,131
632: 1957,1634,1039,584,1973
633: 910,4,1264,463,1630,841,1729
634: 914,228,376,1506,1731,666
635: 959,364,1527,1173,1803,1733
636: 262,826,1873,1551,1447,1510,1974
637: 824,37,1316,1900,1823
638: 329,976,564,574,1141,2003
639: 800,769,1909,1025,1137,1151,1161
640: 1966,1401,532,915,105,61
641: 1223,1786,1594,1007,418,1558
642: 480,1229,1298,751,815,649
643: 130,2031,149,1232,458,758,206
644: 1267,516,1208,1932,1636,1257
645: 563,406,1319,1326,1012,1609
646: 848,269,1057,1422,1588,1901
647: 1589,599,1143,1767,1651,382
648: 482,477,186,2040,1090,1145
649: 1380,159,1159,751,642,1298
650: 2,457,1083,1198,1486,1029
651: 1935,999,24,448,1564,763,1248
652: 1255,237,622,1909,1125,119,343
653: 5,1245,1681,1235,414,1297
654: 762,238,290,1937,1299,1866,1556
655: 572,545,1420,1814,1382,438,1732
656: 960,277,1026,1233,1758,1130
657: 110,470,742,260,1104,787
658: 270,367,1098,1157,1446,1819
659: 172,125,1084,1160,1204,1764
660: 1393,1988,1480,803,1173,597
661: 563,1824,1176,615,363,1832
662: 11,1180,691,530,1108,26
663: 1969,818,146,402,1220,1567
664: 893,465,390,1228,1394,1421,1493
665: 396,19,1047,1168,1337,566,306
666: 228,634,1100,1731,2021,1247
667: 1661,1274,770,1251,1682
668: 66,1226,1948,1276,1408,756
669: 964,65,1513,1668,1886,1115
670: 721,121,1951,911,1417,1697
671: 981,504,1334,1699,423,1306
672: 16,522,2032,1692,1701,1938,216,1602
673: 1000,1504,1728,813,430,1624
674: 43,119,1470,1928,1761,1861
675: 1941,810,421,591,1212,1279,1616
676: 943,322,49,1537,1613,131
677: 929,427,472,1411,723,1577,1645
678: 741,1780,212,258,570,1117,1442
679: 266,177,8,398,1669,1838
680: 471,1991,10,380,1400
681: 806,394,855,1631,2008,1266,1567
682: 922,275,1779,2011,873,1868,1182
683: 276,571,1341,1363,1637,1305,583,525
684: 1034,1624,1431,1432,257,1373
685: 630,737,99,1603,1468
686: 316,345,1195,1807,1771,421,1616
687: 340,831,1018,1643,1739,581,1268
688: 513,890,1059,1060,1851,78
689: 1922,1840,1050
690: 623,1349,1794,1140,1971,1956
691: 530,1099,1962,11,662,1180
692: 586,1072,1199,333,1328,287
693: 925,1965,137,1079,299,2041
694: 23,2014,1095,1231,27,870
695: 1449,1524,1424,1153,1058,838,488
696: 181,1512,1690,67,1816,772
697: 211,885,1177,1495,1568,1732
698: 434,857,1320,1344,1641,1702
699: 2025,19,1337,1652,422,1166
700: 256,761,1747,2023,1664,475
701: 1768,785,902,1876,1605,1834
702: 492,974,745,1773,218,585,1862
703: 459,948,1517,1192,1581,1352
704: 0,298,1981,1336,1319,1012,1958
705: 849,318,1980,762,238,1184,1904
706: 435,407,556,2006,1477,1179
707: 2016,433,1636,1995,1566,1208
708: 2030,628,1906,13,1286,178
709: 1820,335,2039,1195,1302,1602,1771,1701
710: 548,713,1396,1081,1355,1489
711: 541,160,1027,1311,1324,1414
712: 337,1485,1428,2002,50,1472
713: 548,710,93,1323,1114,386,1081
714: 1545,1759,728,2022,143,1590,1979
715: 486,938,1846,1849,1633
716: 501,1149,1407,1327,1654
717: 214,1215,1645,1670,472,1516
718: 898,327,112,1891,1672,385
719: 77,1829,2000,617,774,1375,834
720: 303,1146,1404,73,1965,1976
721: 121,911,670,1717,1163
722: 309,72,1831,1131,1154,1797
723: 1577,214,76,1645,1860,677
724: 1583,930,1867,1526,767,231,1042
725: 330,342,1910,602,15,1506
726: 744,1740,359,1957,1219
727: 138,51,1989,1810,1030
728: 2022,308,1194,714,1109,235,1545
729: 624,1296,1490,1179,1307,1790
730: 939,1381,1942,358,289,1272
731: 161,271,1770,1128,1297,1451
732: 101,1384,263,1362,1635,1793,1507
733: 234,1536,1730,1541,1385,1464
734: 135,272,1851,78,1644
735: 996,1604,2046,461,1757,1650
736: 66,1377,1659,1948,1020,1458
737: 685,99,1883,1468,1091,1869
738: 228,528,1100,370,1213,120
739: 1883,1091,1291,290,1937,1196
740: 1343,1403,1837,620,773,437,1802
741: 678,258,1637,436,1796,229,1442
742: 657,470,559,260,1713
743: 1525,1737,932,1598,1578
744: 726,1740
745: 489,1244,1773,218,702,585,1862
746: 1101,1019,1475,71,1076,1619
747: 795,754,1032,1111,1386,1700
748: 1146,1289,1404,868,1119
749: 1312,1729,180,4,1623,344
750: 487,1992,1037,1353,993,2034,1374
751: 815,1287,642,1559,1380,649
752: 1939,1710,1359,1397,84,1273
753: 452,1327,1520,391,1407,880
754: 747,1032,1210,1009,1484,1700
755: 1471,128,280,133,1721,1378
756: 1253,668,66,1276,1379,1482,519
757: 315,610,1774,1438,1406
758: 1813,810,458,1212,1792,643,1232
759: 1991,1810,1030,580,935,1665
760: 1755,1888,1811,1347,73,1505
761: 1896,256,1070,700,603,1664
762: 1640,654,238,705,1904,1299
763: 456,1105,1148,1248,1906,1935,651
764: 360,1052,1688,341,1340,1473
765: 1002,1165,1188,1761,590,1787
766: 1010,2042,187,1413,1387,1622
767: 231,1042,1627,1769,1797,724
768: 476,598,1547,1629,1120
769: 111,800,639,1657,1025,1257,1325
770: 667,1661,1348,1274,397,332
771: 415,790,779,1666,447,1259,1293,1487
772: 330,1816,1817,1934,696,1690,139
773: 560,740,1343,1837,1147,919,437,1802,1317
774: 561,1375,1045,719,1200,834
775: 960,1236,986,1649,1805,1202
776: 1055,1250,1252
777: 232,435,279,1282,2006,462,1430
778: 474,1031,1658,1685,1726,579,875
779: 366,771,1666,447,1487,1953,1573
780: 826,89,1447,971,1085,1129,1561,2027
781: 233,815,1799,1742,1287,1452,1538
782: 348,1122,1365,953,125,1764
783: 966,451,1439,416,1284,1295
784: 2047,30,840,1454,1955,1455
785: 701,1982,1605,220,1459,1834
786: 977,392,1472,2005,1461,1662
787: 110,657,1104,2038,1530,1095
788: 130,2031,1953,1296,1573,1812
789: 250,1371,1582,1598,354,1737
790: 415,560,771,1343,1666,1601,1293
791: 613,1068,1389,1736,1502,190,281
792: 355,246,851,1433,1693,1318
793: 296,202,1027,1414,1474,1889
794: 334,1092,1298,320,1159,1632
795: 496,747,11,1642,1180,1386
796: 1127,513,145,1872,1647,1575
797: 365,140,2020,566,1062,1649,1805
798: 398,1952,57,988,1660,1669
799: 231,1627,1689,818,1054,1892,1526
800: 639,769,808,1161,1246,1325
801: 539,531,1256,431,1138,1497,1613
802: 439,1615,300,1217,629,1769,1308,1933
803: 1527,1542,1173,408,1480,660
804: 44,1586
805: 439,1135,1260,1317,1549,1615
806: 394,164,855,681,1112,1631,1714
807: 959,1023,364,1653,52,1483
808: 800,1695,1246,1325,33,1994,288,1123
809: 305,916,837,1040,1275,1777
810: 1813,675,458,421,758,1212,1279
811: 854,379,86,1239,1398,1416,1897
812: 1715,1242,1894,1942
813: 41,1548,1265,1728,673,430
814: 25,1774,189,1406,1285,1433,1940,1469
815: 751,781,1799,1287,480,642
816: 125,1237,1652,422,1562,1365
817: 2016,838,488,1399,1162,405
818: 663,146,1220,1054,1892,799
819: 107,229,1986,1117,1442,1745,1134,937
820: 1171,242,1332,1017
821: 1600,209,1158,934,1209,1620,992,86
822: 2009,858,1216,1335,1997,1860
823: 54,1977,1233,188,897,1329
824: 637,1316,310,1823
825: 382,95,623,1349,1606,1911
826: 248,636,89,780,1211,1447,1510
827: 1263,1900,167,230,1878
828: 931,114,328,1073,1466,1594,1612
829: 559,1464,1687,913,1536,401
830: 505,100,1411,1555,1684,40
831: 687,1018,1367,1739,1757,2046
832: 1760,1725,134,1660,1508,1366
833: 232,1138,1282,1793,531,156,1507
834: 512,1638,1200,774,1375,719,1829
835: 576,1832,1890,1825,307,1176
836: 483,506,1123,847,1994,109,1031
837: 305,809,1796,1040,1056,1134,1985
838: 817,488,1153,405,1058,695
839: 2047,507,901,840,1078,1338
840: 839,2047,901,247,784,1454
841: 1630,271,1128,1499,1729,633
842: 1463,1504,1570,1728,1921,41,1357
843: 58,869,2001,1584,1523,1683,169
844: 175,313,1608,1677,1907,557,108
845: 410,627,1044,1207,1522,1698
846: 890,1060,1579,1899,304,1569
847: 2022,1994,474,109,1031,1194,1685,483,836
848: 646,1057,1422,1167,1845,30
849: 318,1980,705,1760,1918,1366
850: 1925,1607,1908,534,1300,80
851: 355,246,975,792,1954,324
852: 1080,1309,1844,1960,1514,1676
853: 34,1703,489,325,1590,1979,1773
854: 811,379,1061,1239,1286,1398
855: 806,952,681,1112,1631,1714,59
856: 53,514,604,1170,1238,1680
857: 434,698,1320,12,1831,1154
858: 822,2009,1121,1335,1533,1474,1324
859: 958,980,1543,1089
860: 603,150,293,1106,352,1546
861: 612,1781,294,1655,1970,1936
862: 1514,552,1676,1364,1815,329
863: 369,1880,93,1278,1494,940,941
864: 1752,79,166,549,1853,1443
865: 1986,1745,1763,1912,1978,1225
866: 135,1970,1133,1801
867: 594,21,1164,1399,413,1995
868: 201,1999,495,1119,748
869: 58,843,1157,1267,1819,2001,1584
870: 2015,27,891,2038,694,1095
871: 372,575,1205,1833,2017,144
872: 60,335,1049,1063,1302,1626,273
873: 682,275,2011,1182,1355,1747,1489
874: 535,895,1424,1249,1358,116,515
875: 227,1098,1446,1351,778,1726,579
876: 1015,1456,1671,464,1261,1087
877: 1670,1947,1516
878: 492,569,235,1262,1545,1759
879: 1072,333,1294,1563
880: 558,1407,1357,753,391,1570
881: 1078,1338,242,1332,400,1588
882: 417,619,1836,1687,1931,126,401
883: 243,973,268,1858,598,1712
884: 534,1185,1247,1300,1314,1903
885: 438,697,1177,1732,1914,1053
886: 223,342,1535,1910,1923,1175
887: 147,1919,1927,1972
888: 348,244,1852,1998,323,306
889: 2004,250,441,1080,1309,1371
890: 688,846,1060,78,1569,2007
891: 2015,1959,870,1077,1554,2038
892: 1740,1804,1103
893: 664,1150,1394,1493,2040,1552
894: 1984,546,1178,1895,38,1094,1744
895: 503,224,535,874,190,281,1249
896: 144,199,101,536,1322,1384,1388,1833
897: 533,1329,54,823
898: 718,112,1891,1169,1213,1354
899: 577,497,1203,420,1346,1791
900: 14,254,1360,1005,1926,1704,518
901: 839,507,840,247,1091,1869
902: 97,701,1768,1876,278,905
903: 2025,19,1481,1168,537,1884
904: 1005,572,1206,1420,1611,1926
905: 282,278,1987,596,97,902
906: 1994,1031,1726,270,1098,1695,33
907: 1155,2010,481,264
908: 77,356,1068,1389,1437,1557,1829
909: 304,1013,1214
910: 410,245,633,1264,463,949
911: 721,670,1417,1870,387,1163
912: 233,956,1142,1538,1339,1440,217
913: 1842,1491,1536,829,1610,401
914: 634,15,1506,1515,1731,1905
915: 5,105,1727,61,951,1531,640
916: 1076,426,809,1275,1574,1619,1777
917: 165,1356,1920,1002,1188,1539
918: 1082,1884,1397,215,239,1273
919: 1802,1317,1549,1750,1147,773
920: 102,591,1279,1561,1523,1683,169,1580
921: 467,457,1028,1866,1198,1556
922: 682,1779,1868,1245,414,1441
923: 310,1593,1870
924: 1756,63,1096,370,1929,120
925: 1811,302,693,966,1965,1079,1976
926: 1290,1345,1679,953,1084,319
927: 1967,1450
928: 1071,1051,1018,225,1475,1367
929: 427,677,1834,278,1577,1876
930: 724,1583,2048,1867,1526,1288,231
931: 828,328,1223,1594,1499,1612
932: 326,550,1189,1598,1578,743
933: 399,1140,1614,48,313,1907
934: 1961,625,1209,1620,1600,821
935: 1806,1665,1400,1511,1991,759
936: 291,1888,587,520,115,1145,1552
937: 29,311,1134,819,229,1986,1745
938: 486,68,715,2015,1846,1959
939: 730,1381,1942
940: 863,1880,93,1494,962,941,1950,386
941: 1968,962,1950,1786,863,1880,940
942: 259,1982,1605,1413,1622,205
943: 322,1993,676,1735,131,631
944: 6,1254,1255,1830,119,1861
945: 2026,1667,1035,70,1268,581
946: 96,524,442,1457
947: 1112,1462,1714,321,1547,1629
948: 703,459,973,1156,1517,1746
949: 910,245,463,1024,1132,1663
950: 425,175,965,1144,1318,1677
951: 5,915,64,1681,1531,1328
952: 855,1112,1691,59,961,321
953: 782,1122,1084,1764,319,926
954: 356,1437,42,510,252,1222,1372
955: 1086,1027,1281,1311,1395,275,1182
956: 468,912,1538,1650,440,1339
957: 204,1621,1711,1243
958: 859,980,1183,1543,357,1748
959: 807,1023,364,635,1527,1753
960: 775,277,656,986,1649,1758
961: 1916,1036,321,1691,1952,952
962: 328,941,1950,1073,1114,386,940
963: 44,1821,1075
964: 669,65,1886,1879,555,1115,283
965: 175,950,1318,1352,246,1882
966: 925,302,451,1079,1439,783
967: 9,1482,1542,1639,1753,519
968: 2,1955,457,1455,338,1565
969: 1890,222,307,1765,1576,285
970: 446,1964,1330,1434,1656,9,371
971: 89,780,1315,1129,407,556,2027
972: 1803,497,364,1483,284,1346
973: 243,948,883,1517,1746,1858
974: 2013,492,702,1262,1822,1738,1862
975: 355,251,851,1308,1933,324
976: 329,638,2003,982,192,1815
977: 292,1011,50,786,1472,2005
978: 569,235,1871,3,2029,1585
979: 208,2035,261,1641,1076,426,1574
980: 859,958,357,10,1089,380
981: 671,1699,91,1202,423,1236
982: 182,976,2003,192,2014,1390
983: 147,424,1415,1922,1110,1361
984: 443,568,1227,203,20,1436
985: 74,1479,1571,319,1369,1345
986: 960,1236,775,277,1243,1621
987: 276,571,1780,1678,346,92,1041,1625,1789
988: 798,595,398,1201,1660,1766
989: 1016,1295,1675,1741,1859,1193
990: 1320,1930,1831,1131,443,1436
991: 32,1289,1410,1943
992: 1984,1778,209,821,1209,86
993: 284,2034,1374,1595,750,1037,1483
994: 75,172,1160,2041,1772,451
995: 2042,1622,205,337,1485,2043
996: 735,1172,1604,1843,461,155
997: 1288,164,1462,1714,2048,1854
998: 554,1067,1751,388,197,1808
999: 1935,493,24,651,1185,1300,448
1000: 257,578,1197,673,1504,1624
1001: 575,1340,1350,1724,1360,1688
1002: 765,1188,1356,917,1448,1787
1003: 315,610,171,38,1467,1956
1004: 491,1961,173,1940,1469,1620
1005: 904,1206,1476,1926,1704,900
1006: 1992,1353,1478,1562,75,1237
1007: 1034,418,1431,641,1968,1786
1008: 207,1043,1648,222,139,1934,1515
1009: 1064,1224,1484,1700,1708,754
1010: 600,766,187,1387,2028,267
1011: 292,977,50,339,1496,1544
1012: 645,1319,1609,704,1958,1795
1013: 395,1214,1899,304,909,1044
1014: 288,1125,1540,1920,622,1161,1246
1015: 876,540,84,1456,464,1939
1016: 989,2034,1284,1295,1595,1741
1017: 240,1949,1234,400,820,1332
1018: 687,831,928,225,1367,1643
1019: 1742,1101,1452,746,123,1076,1619
1020: 85,538,1458,1473,736,1377,1659
1021: 195,1513,1668,1224,1484,1210
1022: 498,103,1591,1850,1192,1581
1023: 807,959,364,1639,1653,1753,52
1024: 500,1132,1663,1674,39,949
1025: 1465,111,639,769,1137,1151,1257
1026: 277,656,1233,1427,1856,1329
1027: 955,711,296,793,1281,1311,1414
1028: 921,467,1955,457,1556,1454
1029: 1156,1746,650,1083,1486,557
1030: 1810,759,51,727,580
1031: 847,1994,474,778,906,1726,836
1032: 747,11,754,1210,1962
1033: 539,408,373,361,1480,1716,1379
1034: 684,1007,1431,183,1373,1968
1035: 441,70,297,1268,1364,945
1036: 28,961,1916,476,2037,321,1547
1037: 52,487,750,1353,1429,1483,993
1038: 42,369,512,1638,510,1258,1494
1039: 584,632
1040: 526,837,809,1796,1777,1637,436
1041: 503,224,1625,987,1678,92
1042: 767,1769,1797,724,1867,1217
1043: 1008,207,1370,1648,1515,1905
1044: 845,627,1207,1899,1013,395
1045: 611,157,1975,774,561,1200
1046: 365,91,140,540,1456,1087
1047: 665,396,566,1062,323,306
1048: 197,612,82,511,1107,1781
1049: 872,1302,1553,216,1403,620,273
1050: 154,1306,1840,1922,504,689
1051: 928,1475,1367,468,1101,440
1052: 14,360,764,1710,1359,1688
1053: 607,53,1170,885,438,1914
1054: 818,1220,1892,200,1526,231,799
1055: 776,1252,505,1555
1056: 29,159,2044,1134,1985,837,1796
1057: 646,848,0,269,1126,1167
1058: 613,405,190,281,1153,695,838
1059: 688,1127,513,272,1851,170
1060: 688,513,846,890,145,1579
1061: 854,379,543,13,389,106,1286
1062: 1649,1758,797,566,1047,323
1063: 316,60,872,335,1195,1302,1626
1064: 482,614,477,1009,1224,1708
1065: 1754,1915,344,529,161,1312
1066: 602,1835,342,1175,1113,17
1067: 1818,554,126,998,619,1751,1808
1068: 613,908,405,77,791,1389,1557
1069: 224,535,45,1625,1358,1789,1820
1070: 588,236,1896,256,761,1396
1071: 928,225,1475,1718,71,1702
1072: 692,879,1199,333
1073: 828,962,328,1466,1114,22,368
1074: 1471,567,128,1917,573,1532
1075: 1821,132,1189,44,963,1686
1076: 916,1574,1619,1475,1019,746,71,208,979
1077: 450,1967,1450,1554,1959,891
1078: 839,507,881,1338,242,1139
1079: 925,693,966,451,2041
1080: 889,852,441,1309,297,1676
1081: 368,1355,1114,386,713,710
1082: 396,918,1168,1884,2020,1865,1273
1083: 81,650,1198,1029,1746,1858
1084: 659,1204,1764,953,926,1679
1085: 458,102,1129,1212,1279,1561,206,780
1086: 955,1311,275,1868,226,551
1087: 56,1261,1699,876,91,1046,1456
1088: 227,58,1157,1446,1873,1551
1089: 2033,10,859,980
1090: 520,1145,1445,46,477,648
1091: 737,1883,739,1869,901,247,1196
1092: 334,794,1491,350,1378,1632
1093: 188,1998,1122,1977,1369
1094: 171,38,209,1744,894,1984
1095: 694,1530,1231,870,2038,787
1096: 63,924,1205,494,2024,1929
1097: 1853,76,1997,1694,485,1342
1098: 270,658,875,1446,906,1726
1099: 691,317,377,530,1501,1962
1100: 228,666,738,370,1247,1314
1101: 468,1742,1452,1019,746,1051,1475
1102: 1980,1184,1291,524,442,445
1103: 527,1804,1376,359,892,1740
1104: 657,470,179,787,1385,1530
1105: 763,544,456,351,1148,1388
1106: 860,88,603,293,1664,1830
1107: 197,452,511,1808,1048,1327
1108: 2042,187,530,2043,662,26
1109: 235,1545,1871,728,308,1783
1110: 1922,504,621,1334,1361,983
1111: 747,1386,384,1700,141,1333
1112: 947,806,952,855,1714,321
1113: 604,342,1175,1066,17,1944
1114: 962,1073,386,713,368,1081
1115: 317,377,555,964,669,1668
1116: 2013,569,1262,1696,3,478
1117: 819,336,570,107,229,1986,1303,1442,678
1118: 621,479,1361,194,626,353,1174
1119: 868,495,582,137,748,1146
1120: 768,598,1629,94,243,312
1121: 858,404,1533,1474,1889,1270
1122: 348,782,1998,1093,953,1764
1123: 506,288,836,808,1695,1994
1124: 605,612,511,1654,1936,129
1125: 1014,1920,622,652,343,1539
1126: 0,269,1057,298,1788,127
1127: 513,1059,796,605,170,501,1575
1128: 731,841,271,1451,1499,1612
1129: 102,1085,1561,206,1315,780,971
1130: 244,188,656,1233,1758
1131: 722,72,1831,990,443,1847
1132: 1024,39,2036,245,90,949
1133: 135,272,866,1970,1936,129
1134: 29,1056,937,837,1796,819,229
1135: 805,1549,1615,251,117,1308
1136: 230,484,1949,1878
1137: 1465,111,639,1025,1151,1560,352
1138: 232,431,833,1282,1528,801,531,156
1139: 242,507,1078,375
1140: 104,399,933,48,690,1794,1971
1141: 403,564,638,574,1973,1521
1142: 233,912,1799,217,1541,1730
1143: 285,599,207,647,1648,1651
1144: 425,950,189,1318,1406,1433
1145: 936,2040,520,1090,1552,648
1146: 748,1404,720,1965,137,1119
1147: 560,1343,773,919,1750,1310
1148: 2030,763,544,31,1105,1906
1149: 393,716,501,558,1575,1407
1150: 893,1800,1493,153,1240,2040,186
1151: 639,1909,1025,1137,1161,352,1546
1152: 221,331,1403,1837,1875,273,1626
1153: 190,1424,1249,1058,695,1449,838
1154: 722,309,1831,608,1689,857,12
1155: 907,191,1725,2010,481,134
1156: 459,948,1029,1746,1608,557
1157: 658,58,869,1088,1446,1819
1158: 315,1600,171,209,25,1774,821
1159: 320,649,159,2044,794,1298
1160: 659,994,172,299,1204,2041
1161: 622,800,639,1909,1151,1246,1014
1162: 817,252,1164,1399,405,1437,1557
1163: 387,721,911,1717
1164: 867,252,1222,1399,413,1995,1162
1165: 765,454,1928,1761,590,1519
1166: 422,62,1478,1534,1562,2025,699
1167: 848,0,1057,1845,517,1336
1168: 665,396,19,903,1082,1884
1169: 898,17,286,112,1944,1354
1170: 53,856,1053,1680,1814,438
1171: 820
1172: 552,192,996,1604,1815,1843
1173: 803,635,1527,660,597,1733
1174: 424,7,1568,353,1118,1361
1175: 886,342,1535,1066,1113,514,604
1176: 307,563,661,1326,835,1832
1177: 885,274,697,168,1495,1914
1178: 894,547,444,1984,1778,1895
1179: 624,729,1477,435,706,1790
1180: 795,11,662,1642,691
1181: 448,547,444,1908,1897,1416,24
1182: 682,275,873,1747,955,475,1395
1183: 958,357,1748,388,1453,82
1184: 1980,238,705,1102,1291,1937
1185: 999,493,534,24,884,1300,1903
1186: 630,1468,375
1187: 469,485,1269,1342,541,160
1188: 43,765,1002,1539,1761,917
1189: 132,550,1075,932,1578
1190: 502,515,411,136,1449,1596,116
1191: 54,74,1479
1192: 703,1581,1352,1022,1591,1882
1193: 193,1439,989,1295,1675,1617
1194: 728,2022,847,474,109,308,1685
1195: 686,709,316,335,345,1063,1771
1196: 247,1091,739,290,467
1197: 1000,249,578,1587,184,1504,1921
1198: 921,81,457,650,1083,1866
1199: 692,1072,287
1200: 512,18,834,774,1975,1045
1201: 595,988,1660,1705,481,134
1202: 365,91,981,1236,775,1805
1203: 577,899,1585,1696,3,1791
1204: 659,299,1084,1160,1679,582
1205: 372,63,575,1096,494,871,1833
1206: 1005,194,904,572,1476,1673
1207: 845,180,1044,1698,395,1719
1208: 198,1932,707,1636,1566,644
1209: 934,625,821,992,86,1398
1210: 754,1032,1021,1668,317,1962,1484
1211: 248,826,89,1497,431,1460,2027
1212: 675,810,458,102,758,1085,1279
1213: 898,1891,1354,120,528,738
1214: 1013,395,909
1215: 549,717,214,1694,1670,606
1216: 822,282,278,1335,1577,1860
1217: 300,1867,1391,629,1042,1769,1933,802
1218: 162,1381,358,1505,303,1410
1219: 1963,1957,152,1798,726,359
1220: 663,818,1567,1054,394,200
1221: 166,1966,1401,241,469,1342
1222: 252,1164,413,954,1372,1418
1223: 641,931,1594,1558,1630,1499
1224: 482,1009,1064,1484,195,1021
1225: 1978,249,1587,1912,184,567,865,1745
1226: 668,199,1384,263,1948,1408
1227: 301,568,55,984,1260,20
1228: 465,664,87,1421,1675,1859
1229: 334,480,234,642,1842,1298
1230: 483,521,143,1775,1703,1979
1231: 23,694,1784,508,1530,1095
1232: 130,2031,643,1946,1812,458,758,1792
1233: 656,1026,188,1130,1329,823
1234: 484,1017,1949,400,562,1901
1235: 653,414,114,1297,1451,253
1236: 775,986,981,1202,423,1621
1237: 75,816,172,125,1006,1562
1238: 397,332,53,514,856,1902
1239: 811,854,1564,1286,1416,178,1897
1240: 195,153,1513,1828,1150,186
1241: 583,1692,1701,276,346,2039,1789
1242: 812,1715,1894,523,46,614
1243: 277,986,1427,957,204,1621
1244: 489,163,745,98,65,585,1879
1245: 653,5,1727,414,1441,922
1246: 622,800,808,1161,288,1014
1247: 534,884,1314,1100,2021,666
1248: 763,1906,448,1564,178,1935,651
1249: 535,874,190,895,1424,1153
1250: 776,449,1252,185
1251: 1749,213,1682,151,667,1274
1252: 776,449,1055,1250,505,1885
1253: 446,1964,1458,756,66,1482
1254: 88,944,6,1830,202,1321
1255: 293,652,944,1830,237,119,343
1256: 539,801,373,531,1537,1613
1257: 111,769,1657,1025,1636,516,644
1258: 42,369,93,510,1038,1323,1494
1259: 491,447,1961,625,1293,771,1618
1260: 439,805,568,55,1227,1317
1261: 56,479,1087,626,1671,876
1262: 2013,492,569,878,235,1116,1759,974
1263: 827,1316,230
1264: 410,910,4,633,1698,463
1265: 813,1913,1548,430,1674,39
1266: 1969,1567,616,1723,509,681,2008
1267: 367,869,1819,516,644,2001,1932
1268: 383,1364,1035,945,687,1739,581
1269: 1401,469,532,1187,551,541
1270: 404,1121,1889,6,1470,1861
1271: 177,378,354,1525,1572,1737
1272: 730,358,289,1755,520,115,1445
1273: 84,1865,752,1397,918,1082
1274: 667,770,1251,151,397
1275: 305,123,916,809,1559,1619
1276: 1716,1379,1408,668,756,519
1277: 51,450,1554,580,110,260
1278: 863,369,1880,18,1494,183,1550
1279: 1941,675,810,102,920,591,1085,1212
1280: 570,1303,212,92,1502,1736
1281: 955,296,1027,1311,1395,542
1282: 232,833,777,1138,1793,2006,462,1362,1507
1283: 533,349,1856
1284: 1016,416,2034,1295,1374,783
1285: 466,1433,1693,189,814,1940,1469
1286: 854,13,389,1061,1239,178,708
1287: 751,781,815,1452,123,1559
1288: 164,200,997,930,2048,1526
1289: 991,32,748,1404
1290: 265,201,495,1345,926,1679
1291: 1102,1184,1937,1883,445,739
1292: 498,1591,300,1391,1954,324
1293: 491,447,1961,1601,1259,771,790
1294: 879,333,105,1531,1563,1877
1295: 1016,989,1284,1439,783,1193
1296: 2031,624,729,1953,788,1490
1297: 731,1770,1451,653,1681,1235
1298: 334,642,794,1229,649,1159
1299: 1640,654,762,81,1866,268
1300: 999,534,24,884,1185,850,1908
1301: 145,1872,1579,627,1522,90
1302: 709,872,335,1049,1063,1602,1701,216,273
1303: 617,336,570,1117,1280,1736,2000
1304: 576,181,1512,1782,381,589
1305: 683,1341,261,1409,1313,525
1306: 154,423,1711,1050,671,504
1307: 13,389,729,1490,628,279,1790
1308: 975,251,1933,802,1135,1615
1309: 889,852,250,1080,473,1960
1310: 173,1601,1809,1750,560,1147
1311: 955,711,541,1086,1027,1281,551
1312: 749,161,271,1729,344,1065
1313: 460,1762,525,174,2035,261,1305
1314: 370,884,1247,1903,1929,1100
1315: 149,1477,1129,206,556,971
1316: 824,637,1263
1317: 805,55,919,1802,1260,1549,773
1318: 950,965,1144,246,792,1433
1319: 645,406,127,1012,704,298
1320: 857,990,698,1344,1930,1831
1321: 296,202,542,88,2023,1254
1322: 2017,144,199,896,1659,1948
1323: 93,510,1258,1494,548,713,1518
1324: 711,160,1414,2009,858,1474
1325: 800,769,808,1695,1657,33
1326: 645,307,563,1176,1609,1765
1327: 452,511,1107,1654,753,716,1407
1328: 586,692,333,64,951,1531
1329: 533,897,1856,1026,1233,823
1330: 970,1434,371,537,499,62
1331: 308,1783,1658,1685,122,1405
1332: 820,242,881,1017,400,1588
1333: 141,1111,1386
1334: 671,504,56,621,1110,1699
1335: 822,282,858,1216,1533
1336: 1864,517,1981,0,704,1167
1337: 699,665,19,1652,1852,306
1338: 839,2047,881,1078,1422,1588
1339: 461,1784,1440,956,912,1650
1340: 372,341,575,1001,764,1688
1341: 683,1363,1637,1305,526,1409,525
1342: 166,469,485,1187,1221,1853,1097
1343: 415,560,740,790,1403,1837,1147,773
1344: 174,698,2035,1320,1930,1641
1345: 265,1290,926,985,1571,319
1346: 284,420,1595,497,972,899
1347: 1811,302,193,291,1888,760
1348: 1661,770,607,332,1881
1349: 825,623,690,1911,1467,1956
1350: 1001,1724,1672,385,518,1360
1351: 1993,362,262,1873,227,875,579
1352: 703,459,1192,175,965,1608,1882
1353: 1006,487,750,1992,1037,1478
1354: 898,17,1169,1213,528,1835
1355: 368,2011,873,1081,1489,710
1356: 165,1775,917,1002,325,1448
1357: 558,41,880,842,1570,1728
1358: 535,874,45,1069,116,345,1807
1359: 14,1939,254,752,1052,1710
1360: 900,14,1688,1001,1350,518
1361: 621,1110,1118,424,983,1174
1362: 462,544,31,1635,1282,1793,732
1363: 276,571,1780,683,258,1341,1637
1364: 552,862,1268,383,1676,1035,297
1365: 348,1852,782,1652,816,125
1366: 28,1419,1760,832,1508,849,318
1367: 1051,831,928,1018,1757,440
1368: 146,1924,47,1892,608,1689
1369: 985,74,1977,319,1093
1370: 210,490,599,207,1043,1905
1371: 889,789,2004,250,1723,616,354
1372: 1418,1518,954,42,510,1222
1373: 142,257,183,1550,1034,684
1374: 993,416,2034,1284,750,1992
1375: 617,336,774,561,1444,719,2000,834
1376: 527,326,550,1103,359,1963
1377: 736,2017,1659,341,1020,1473
1378: 350,1721,1092,1632,755,1471
1379: 408,1716,1033,1276,756,1542,519
1380: 649,159,1985,751,305,1559
1381: 939,162,730,1218,358
1382: 327,286,112,1814,655,1420
1383: 466,355,251,117,1693,1809
1384: 199,101,896,732,1226,263,1635
1385: 1541,470,179,1104,1464,733
1386: 496,795,747,1111,1333
1387: 1010,766,428,1413,2028,185
1388: 544,351,1105,1635,101,896,536
1389: 613,908,77,791,1068,1736,2000,1502
1390: 23,2014,155,982,192,1843
1391: 498,103,1583,300,1867,1217,1292
1392: 1749,213,121,1951,1402,609
1393: 49,1988,1537,660,373,1480
1394: 893,465,664,587,1552
1395: 955,475,1281,542,275,1182,1747
1396: 548,588,256,710,1070,1489
1397: 752,1710,1945,239,84,1273,918
1398: 811,854,379,86,1618,625,1209
1399: 867,817,2016,252,1164,1995,1162
1400: 1806,380,935,1498,1991,680
1401: 1966,469,640,532,1221,1269
1402: 1951,1392,1435,347,67,609
1403: 221,740,1152,1343,1837,620,273,1049,1626
1404: 32,748,303,1146,1289,720
1405: 122,362,1597,1735,1331,1658
1406: 425,189,1438,1144,757,1774,814
1407: 716,558,1149,880,1327,753
1408: 1863,361,1716,1276,668,1226,263
1409: 526,426,1777,261,1341,1637,1305
1410: 991,32,303,162,1218,1943
1411: 830,427,472,100,1684,677,1645
1412: 453,486,715,1633
1413: 766,428,1387,1622,942,1982
1414: 711,296,793,1027,1324,1474
1415: 147,1972,983,1922
1416: 811,1564,1239,448,547,1181,1897
1417: 124,1593,1697,1870,911,670
1418: 588,236,1893,1372,1518,1222,413
1419: 28,429,2037,1366,318,1904
1420: 904,655,572,545,1611,1382,327
1421: 390,664,87,553,1228,1493
1422: 646,848,1588,2047,30,1338
1423: 322,49,196,1988,1597,1709
1424: 874,1153,1249,116,515,695,1449
1425: 203,460,1436,1938,174,1930
1426: 113,1818,554,133,1520,1721
1427: 277,1026,1243,204,349,1856
1428: 337,712,377,555,1501,2002
1429: 52,487,499,1037,1534,1653
1430: 2030,462,628,31,777,279
1431: 1034,684,1007,418,500,1432
1432: 430,684,1624,500,1431,1674
1433: 792,1285,1693,189,1144,1318,814
1434: 215,970,1330,1656,1481,537
1435: 589,1697,1512,1951,1402,67
1436: 203,1425,990,1930,443,984
1437: 908,356,1557,954,252,1162
1438: 425,48,313,1406,757,610,1971
1439: 302,966,193,783,1193,1295
1440: 1784,508,1339,217,912
1441: 1727,61,1245,226,922,1868
1442: 819,570,229,1117,741,678,258
1443: 374,606,1752,864,549
1444: 617,336,107,561,1375,1763
1445: 520,115,1090,46,289,1272,1894
1446: 658,227,875,1088,1098,1157
1447: 636,826,89,780,1974,1580,1561
1448: 325,1628,1356,1002,1787,339
1449: 515,411,695,1190,1524,1424,1153
1450: 927,1967,1077,68,1959
1451: 731,1128,1297,1612,114,1235
1452: 781,1742,1101,1287,1019,123,1559
1453: 35,619,1498,1751,1183,357,388
1454: 840,247,784,467,1955,1028
1455: 1955,968,30,784,1845,1565
1456: 876,91,540,1046,1015,1087
1457: 191,442,2010,946
1458: 85,446,1020,1253,736,66
1459: 220,1885,785,1982,428,449
1460: 431,407,1528,2027,89,1211,1497
1461: 259,1662,786,1472,1485,205
1462: 947,1714,997,1629,312,1854
1463: 842,128,280,1570,1917,1921
1464: 470,559,1385,829,733,1536
1465: 111,1025,1137,433,21,1636,1560
1466: 828,114,328,1073,22,253
1467: 1003,38,1956,1744,1349,1911
1468: 685,630,737,1869,1186,375
1469: 1004,173,1940,466,1285,1693,1809,814
1470: 674,1928,1861,404,255,1270
1471: 755,128,1074,1378,1532,1632
1472: 977,50,786,1461,712,1485
1473: 538,1020,341,1377,360,764
1474: 858,1121,1889,793,1324,1414
1475: 1071,1051,928,1101,746,71,1076
1476: 1005,194,626,1671,1206,1704
1477: 624,149,1315,1179,706,556
1478: 422,1006,487,1166,1353,1534,1562
1479: 985,74,1191,1571
1480: 408,373,1033,1393,660,803
1481: 903,537,1884,215,1434
1482: 9,967,519,1964,1253,756
1483: 52,1037,807,364,972,284,993
1484: 1009,1224,1021,1668,754,1210
1485: 337,712,1472,1461,995,205
1486: 2,650,1029,2019,108,557
1487: 1953,1573,447,771,779,543,106
1488: 471,1989
1489: 873,1355,1747,256,710,1396
1490: 729,1953,1296,389,106,1307
1491: 913,334,1842,1092,350,1610
1492: 1881,409,168
1493: 893,390,1800,664,1150,1421,153
1494: 863,369,93,1038,1258,1278,1323,940
1495: 274,697,1177,1568,7,593
1496: 1011,339,1544,1646,1628,1743
1497: 248,1211,431,1460,801,1613,131
1498: 1806,35,380,1400,1453,357
1499: 1630,841,1128,1612,931,1223
1500: 264,1705,1586
1501: 337,377,530,1099,1428,2043
1502: 503,281,92,1280,791,1389,1736
1503: 1864,517,2019,338,399,1614,1565
1504: 842,184,1728,1921,1000,1197,673
1505: 1218,358,1755,760,303,73
1506: 602,914,634,376,15,725
1507: 1863,156,833,1282,1793,732,263
1508: 57,1660,1760,832,28,1916,1366
1509: 310,124,1898,381,1593,1823
1510: 262,248,636,631,826,1873
1511: 1806,417,935,1665,1836,1713
1512: 181,696,1304,1435,589,67
1513: 195,1021,669,1240,1668,1828,1886
1514: 862,1676,1844,329,574,852
1515: 914,15,1905,1008,1043,1934
1516: 1947,717,877,1670,472,1684
1517: 94,703,243,948,973,1581
1518: 548,588,236,1372,1418,510,1323
1519: 590,392,2005,454,1165,1707
1520: 554,133,1426,452,1808,753,391
1521: 564,1973,1141,1826,176,584
1522: 410,845,245,627,90,1301
1523: 502,1584,1596,1683,920,591,843
1524: 411,198,695,1449,488,1566
1525: 266,177,743,1271,1737,1578
1526: 724,930,1288,200,1054,231,799
1527: 959,803,635,1542,1753,1173
1528: 232,431,407,1138,1460,2006,2027
1529: 97,1768,259,1662,1707,392
1530: 508,1095,1231,179,1104,787
1531: 915,105,951,333,1294,1328
1532: 573,320,1841,1632,1471,1074
1533: 282,858,404,1121,1335,1987
1534: 487,499,62,1166,1429,1478
1535: 886,223,1923,1175,514,1902
1536: 913,234,733,1842,1464,829
1537: 49,676,1393,1613,373,1256
1538: 468,233,781,956,912,1742
1539: 43,343,1188,1125,1920,917
1540: 521,506,165,288,1014,1920
1541: 179,1385,217,1142,733,1730
1542: 967,803,1527,1753,519,408,1379
1543: 859,958,294,1748,1848
1544: 1011,50,1496,1646,283,2002
1545: 714,1109,878,235,1759,728,2022
1546: 860,293,352,237,1909,1151
1547: 768,476,2037,1036,321,1629,947
1548: 393,558,813,41,1913,1265
1549: 805,919,1135,1317,1750,117
1550: 142,183,1975,1373,18,1278
1551: 169,636,1873,1974,58,1088
1552: 936,2040,587,1145,893,1394
1553: 522,216,301,437,620,1049
1554: 450,1077,1277,2038,891,110
1555: 830,505,40,1055
1556: 921,467,1028,1866,654,290
1557: 613,908,405,1068,1437,1162
1558: 418,1663,463,641,1223,1630
1559: 305,123,1275,751,1287,1452,1380
1560: 594,21,2045,1465,1137,150,352
1561: 102,920,1085,1129,780,1447,1974,1580
1562: 422,1006,1166,1478,816,1237
1563: 1877,879,1294
1564: 1239,1416,178,448,651,1248,1906
1565: 517,338,1503,1455,968,1845
1566: 707,2016,488,198,1208,1524
1567: 1969,663,1220,1266,394,681,2008
1568: 211,697,1495,353,7,1174
1569: 304,2007,846,890
1570: 842,280,391,1463,880,1357
1571: 985,1479,265,1345
1572: 177,378,8,1271,59,1631
1573: 1487,1953,788,1812,366,779
1574: 916,1076,426,1619,208,979
1575: 393,501,1647,1149,1127,796
1576: 419,95,1765,969,285,1651
1577: 723,1860,278,1216,1876,929,677
1578: 132,1189,932,266,743,1525
1579: 846,145,1060,1301,1899,627
1580: 169,1447,1974,102,920,1561,1683
1581: 94,703,1517,1192,1022,1850
1582: 789,250,1598,473,69
1583: 498,103,724,930,2048,1867,1391
1584: 502,2001,455,1523,1683,843,869
1585: 577,118,2029,1203,978,3
1586: 804,1776,1705,1500,595
1587: 1978,249,578,611,157,1197,1225
1588: 646,1422,1901,1332,881,1338,400
1589: 647,1767,382,1911,1744,546
1590: 853,1979,1773,218,714,1759
1591: 498,1022,1292,1192,1882,1954
1592: 592,1718,1924,608,434,12
1593: 923,310,124,1417,1509,1870
1594: 641,828,931,328,1950,1223,1786
1595: 284,1016,993,2034,420,1346,1741
1596: 502,515,136,1190,1523,1941,591
1597: 322,196,122,1423,1735,1405
1598: 326,932,69,743,1737,789,1582
1599: 1996,267,600
1600: 209,1158,25,821,934,1620
1601: 491,173,1293,1310,560,790
1602: 709,335,2039,1302,672,1692,1701,216
1603: 685,630,99,1734
1604: 552,996,735,383,1172,2046
1605: 701,1768,942,785,259,1982
1606: 432,419,95,825,623,1795
1607: 295,850,1925,210,490,80
1608: 175,844,1677,557,459,1156,1352
1609: 645,1326,1012,1765,419,1795
1610: 113,1931,350,401,913,1491
1611: 904,1420,1926,518,327,1672
1612: 1128,1451,1499,828,931,114
1613: 676,1537,131,1497,801,1256
1614: 2019,399,108,933,1503,1907
1615: 802,439,805,1135,629,1308,1933
1616: 1941,675,421,686,1807,116,136
1617: 291,587,1675,465,193,1193
1618: 379,543,1398,447,625,1259
1619: 123,916,1076,1275,1574,1019,746
1620: 934,1004,1961,1940,1600,25,821
1621: 957,423,1711,1236,986,1243
1622: 2042,766,1413,995,205,942
1623: 1719,180,749,412,344
1624: 430,684,1432,1000,257,673
1625: 224,1041,1069,1789,987,346,1820
1626: 60,872,1063,331,1152,1403,273
1627: 767,231,799,309,1689,1797,1892
1628: 34,325,1448,1743,339,1496
1629: 768,1547,1120,947,1462,312
1630: 841,1499,1558,633,463,1223
1631: 806,855,681,2008,378,1572,59
1632: 320,1532,794,1092,1378,1471
1633: 715,1849,453,1839,1826
1634: 632,152,36,403,1973
1635: 544,1362,1388,101,732,1384
1636: 707,433,1208,644,1465,111,1257
1637: 741,1780,683,258,1341,1363,436,526,1040,1409
1638: 42,512,1038,834,356,1829
1639: 9,967,371,1023,1653,1753
1640: 762,1904,1299,429,1712,268
1641: 208,979,698,2035,1344,1702
1642: 496,795,1180
1643: 340,687,1018,225,592,581,1924
1644: 734,78
1645: 723,717,214,472,1411,677
1646: 163,1743,1496,1544,1879,283
1647: 393,1913,2036,1575,1872,796
1648: 1008,285,207,1043,1143,222,139
1649: 960,1062,775,1758,1805,797
1650: 956,440,735,461,1339,1757
1651: 285,647,1143,382,95,1576
1652: 699,1337,422,1852,1365,816
1653: 807,371,1023,1639,52,499,1429
1654: 605,511,1124,1327,716,501
1655: 294,1848,861,1970
1656: 85,446,215,970,1964,1434,1887
1657: 769,1257,1325,33,367,516
1658: 474,778,1331,1685,579,362,1405
1659: 736,2017,199,1322,1377,1948,1020
1660: 798,57,988,1201,1508,134,832
1661: 667,1348,770
1662: 1768,259,1461,1529,786,392
1663: 1024,418,500,1558,463,949
1664: 88,603,2023,1106,761,700
1665: 935,1511,580,759,260,1713
1666: 415,221,366,771,790,779
1667: 945,402,2026,47,340,581
1668: 1021,669,1513,317,1115,1484,1210
1669: 798,1691,398,1952,679,8
1670: 877,606,717,1215,1516
1671: 626,1476,1704,464,1261,876
1672: 327,718,385,1350,1611,518
1673: 194,353,572,545,1206,211
1674: 430,1024,500,1432,39,1265
1675: 989,1859,465,1228,1193,1617
1676: 1514,862,1364,852,1080,297
1677: 425,175,950,844,313,1608,1907
1678: 571,1780,212,987,92,1041
1679: 495,1290,926,582,1084,1204
1680: 856,604,1170,1814,286,1944
1681: 653,5,64,951,1770,1297
1682: 213,1251,1717,667
1683: 1584,1523,920,591,169,1974,1580,843
1684: 830,472,1411,1947,1516,40
1685: 847,474,308,778,1194,1331,1658
1686: 44,1776,132,1075,1766,1838
1687: 882,417,559,829,401
1688: 14,764,1052,1360,1001,1340
1689: 799,309,608,1154,1627,1368,1892
1690: 2018,181,696,1825,139,1816,772
1691: 1952,1669,8,59,961,952
1692: 16,672,583,1241,1701,1762,2039,1602
1693: 466,355,792,1285,1383,1433,1469
1694: 549,1853,214,76,1097,1215
1695: 808,1325,33,270,1994,906,1123
1696: 1116,3,1203,1791,219,478
1697: 1435,124,589,1417,1951,670
1698: 410,845,180,4,1207,1264
1699: 671,981,56,1334,1087,91
1700: 384,1009,1708,747,754,1111
1701: 16,672,1241,1692,216,709,2039,1302,1602
1702: 71,434,208,698,1641,1071,1718
1703: 853,34,325,1979,1230,1775
1704: 1005,1671,1476,1926,464,900,254
1705: 1586,264,1500,481,595,1201
1706: 473,152,36,69,1798,1960
1707: 97,1529,454,596,392,1519
1708: 523,614,384,1009,1064,1700
1709: 196,1988,1423,1857,1983,597
1710: 360,752,1052,1359,1397,1945
1711: 957,154,423,1306,1621
1712: 429,476,598,1640,883,268
1713: 559,742,260,417,1665,1511
1714: 947,806,164,855,1112,1462,997
1715: 812,1242,523
1716: 1863,408,361,1033,1276,1379,1408
1717: 721,213,121,1682,1163
1718: 1071,225,592,1592,434,12,1702
1719: 395,1623,180,1207
1720: 1900,167,615,1855,1824
1721: 113,350,133,1426,1378,755
1722: 99,445,96,1734,524
1723: 2004,1371,509,616,354,1266
1724: 1756,63,575,1001,1350,385
1725: 191,1760,1155,1918,134,832
1726: 474,778,1031,906,579,270,875,1098
1727: 5,915,61,1245,1441
1728: 842,1504,1921,813,41,1357,673
1729: 841,749,271,1312,4,633
1730: 480,234,733,1541,1799,1142
1731: 914,634,1905,2021,666,490,80
1732: 211,885,438,697,655,545
1733: 1803,158,1983,597,635,1173
1734: 96,1603,1722
1735: 943,322,1993,362,1597,1405
1736: 791,1389,2000,1280,1303,1502
1737: 354,743,1271,1525,1598,789
1738: 1822,390,1800,974,618,1862
1739: 687,831,581,1268,383,2046
1740: 892,744,726,1103,359
1741: 1016,989,420,1595,1859,1990
1742: 468,781,1101,1452,1538,1019
1743: 34,489,1646,163,1628,1496
1744: 38,1094,1467,1911,1589,894,546
1745: 819,865,1986,29,311,1912,937,1225
1746: 948,973,1029,1156,1858,1083
1747: 873,1182,1489,256,700,475,1395
1748: 958,294,1183,1543,82,1781
1749: 213,1251,1392,151,609
1750: 919,1549,117,1809,1310,1147
1751: 35,619,1453,388,126,998,1067
1752: 2012,79,864,1443
1753: 967,959,1023,1527,1542,1639
1754: 412,1915,344,1065
1755: 1888,115,760,358,1505,1272
1756: 63,924,1724,1891,120,385
1757: 831,1367,735,2046,1650,440
1758: 960,1062,656,1649,244,323,1130
1759: 714,492,878,1262,1545,1590,218
1760: 1725,1918,832,1508,849,318,1366
1761: 674,43,765,1165,1188,1928
1762: 16,583,460,1313,1692,1938,525
1763: 865,107,561,1986,1444,1978,157
1764: 659,125,1084,782,1122,953
1765: 307,1326,1609,419,1576,969
1766: 595,398,988,1838,1776,1686
1767: 1589,210,599,647,295,546
1768: 97,701,259,902,1529,1605,1662
1769: 767,629,72,1042,1797,1217,802
1770: 731,161,1297,529,64,1681
1771: 686,709,1820,335,345,1195,45
1772: 75,994,1992,416,451
1773: 853,34,489,745,1590,218,702
1774: 757,315,1158,25,814,189,1406
1775: 521,165,1230,1356,1703,325
1776: 44,1586,1686,595,1766
1777: 526,916,426,809,1040,1409
1778: 547,1984,1178,992,1897,86
1779: 22,922,682,2011,253,414
1780: 571,212,678,258,987,1363,1637,1678
1781: 861,612,82,1048,294,1748
1782: 576,1832,1304,363,1898,381
1783: 308,1331,122,314,1109,1871
1784: 23,461,508,155,1231,1339,1440
1785: 185,2028
1786: 641,1968,941,1950,1594,1007
1787: 590,292,339,765,1002,1448
1788: 562,269,1126,565,1874,127
1789: 1625,1069,1241,987,346,1820,2039
1790: 435,279,1307,729,1179,628
1791: 420,1990,899,1203,1696,219
1792: 1813,758,331,60,1946,1232
1793: 833,1282,462,1362,732,1507
1794: 432,148,623,690,104,1140
1795: 432,419,1958,1606,1012,1609
1796: 837,1040,1056,1134,741,436,229
1797: 767,722,309,72,1042,1627,1769
1798: 1963,152,69,1219,1706
1799: 233,781,815,1142,480,1730
1800: 390,1738,1150,1493,618,153
1801: 135,866
1802: 301,55,919,437,1317,740,773
1803: 497,158,972,1733,364,635
1804: 1821,527,1103,83,892
1805: 775,1649,365,797,1202
1806: 35,935,1836,1400,1498,1511
1807: 686,345,1358,116,1941,1616,136
1808: 197,452,1107,554,998,1067,1520
1809: 466,117,1383,1750,173,1310,1469
1810: 471,1989,1991,759,1030,727
1811: 925,302,1347,1976,760,73
1812: 130,788,1946,1232,1573,366,1875
1813: 810,421,758,1792,316,60
1814: 1170,1680,1382,286,438,655
1815: 552,192,862,1172,329,976
1816: 347,67,1817,772,696,1690
1817: 347,330,1816,772,1910,1923
1818: 113,554,1931,126,1067,1426
1819: 658,367,869,1157,1267,516
1820: 709,2039,1771,45,1625,1069,1789
1821: 527,1804,1075,83,963
1822: 390,1738,553,478,2013,974
1823: 310,1898,1509,824,637,37
1824: 563,661,406,1874,1720,615,1855
1825: 576,835,2018,1890,181,1690
1826: 1839,564,1521,453,176,1633
1827: 2024,493,1903,456,351,601,494
1828: 195,98,618,153,1240,1513,1886
1829: 908,77,719,356,1638,834
1830: 88,293,944,1106,1254,1255
1831: 722,1131,1154,857,990,1320,12
1832: 576,835,1782,363,661,1176
1833: 601,1205,494,871,144,896,536
1834: 929,427,220,701,785,1876
1835: 1066,602,376,528,17,1354
1836: 882,1806,35,417,619,1511
1837: 415,221,740,1152,1343,1403,773
1838: 398,1766,1686,132,266,679
1839: 564,2003,1826,1849,1633
1840: 154,1050,689
1841: 29,311,573,320,2044,1532
1842: 913,334,234,1229,1491,1536
1843: 192,996,1172,461,155,1390
1844: 36,1960,403,574,852,1514
1845: 848,1167,30,1455,517,1565
1846: 715,938,182,2015,1849,27
1847: 439,443,568,629,72,1131
1848: 294,1543,1655
1849: 715,182,1846,1633,1839,2003
1850: 498,103,1022,1854,94,312,1581
1851: 272,734,170,78,688,1059
1852: 348,888,1365,306,1337,1652
1853: 549,1097,1694,166,1342,864
1854: 103,2048,1850,1462,997,312
1855: 167,1720,565,1824,1874
1856: 533,1283,349,1329,1026,1427
1857: 118,2029,1983,314,196,1709
1858: 883,973,268,1746,81,1083
1859: 989,1675,1741,1990,87,1228
1860: 723,1577,76,1997,822,1216
1861: 674,119,1470,944,6,1270
1862: 618,585,702,974,745,1738
1863: 361,156,1716,1507,1408,263
1864: 517,104,399,1981,1336,1503
1865: 140,2020,540,84,1273,1082
1866: 921,81,1198,1556,654,1299
1867: 724,1583,300,930,1217,1391,1042
1868: 922,682,275,1441,226,1086
1869: 737,1468,1091,507,901,375
1870: 923,1417,1593,911
1871: 1109,569,235,978,1783,2029,314
1872: 145,1301,796,1647,2036,90
1873: 262,636,1551,1510,227,1088,1351
1874: 1824,406,127,565,1788,1855
1875: 221,366,331,1152,1946,1812
1876: 701,902,278,1577,929,1834
1877: 1563,105,1294,1966,241
1878: 230,484,1136,565,827,167
1879: 964,65,1646,163,1244,283
1880: 863,1278,940,183,1968,941
1881: 1492,1348,607,168,1914
1882: 246,1954,1192,1352,1591,965
1883: 737,99,445,1091,739,1291
1884: 918,903,1481,1082,1168,215,239
1885: 505,100,220,1459,449,1252
1886: 964,98,669,65,1513,1828
1887: 85,446,215,538,1945,239,1656
1888: 936,1755,291,115,760,1347
1889: 1121,1474,1270,6,793,202
1890: 835,2018,222,1825,969,307
1891: 898,718,1213,120,385,1756
1892: 818,146,47,1368,1054,799,1627,1689
1893: 236,2045,1896,1418,594,413
1894: 812,1242,1445,46,1942,289
1895: 295,894,444,1925,546,1178
1896: 236,2045,761,1893,1070,603,150
1897: 547,1181,1778,811,86,1239,1416
1898: 381,1509,1823,37,363,1782
1899: 846,1579,304,627,1044,1013
1900: 827,637,37,167,1720,615
1901: 646,562,269,1588,1234,400
1902: 397,514,1238,151,223,1535
1903: 2024,493,884,1185,1314,1827,1929
1904: 318,1640,762,705,429,1419
1905: 914,1515,1731,490,1043,1370
1906: 2030,763,708,1148,1248,1564,178
1907: 844,48,313,1677,108,933,1614
1908: 850,444,1925,1181,24,1300
1909: 622,639,1151,1161,652,237,1546
1910: 886,330,342,725,1817,1923
1911: 382,825,1349,38,1467,1744,1589
1912: 311,573,567,865,1745,1225
1913: 393,1647,2036,1548,1265,39
1914: 885,168,1177,607,1053,1881
1915: 1754,287,1065,529,586
1916: 28,961,2037,1036,1952,57,1508
1917: 184,567,128,1074,1463,1921
1918: 191,1760,442,1725,849,1980
1919: 887,147,424,1927,7,593
1920: 165,1014,1125,1540,917,1539
1921: 842,184,1463,1504,1728,1917,1197
1922: 504,1110,1415,983,689,1050
1923: 347,886,223,609,1535,1817,1910
1924: 47,1368,340,592,1643,1592,608
1925: 295,850,444,1607,1908,1895
1926: 1005,904,1611,1704,518,900
1927: 887,1919,593
1928: 674,454,1470,1165,1761,255
1929: 2024,370,1314,1903,924,1096,494
1930: 990,174,1320,1344,1425,1436
1931: 113,1818,126,1610,401,882
1932: 198,2001,455,1208,1267,644
1933: 975,1308,324,300,1217,802,1615
1934: 330,772,139,1008,15,1515
1935: 999,493,651,763,456,1248
1936: 1970,1133,129,861,612,1124
1937: 654,238,1184,1291,290,739
1938: 203,16,672,460,2032,1425,1762
1939: 464,254,752,1359,84,1015
1940: 1004,1469,1620,1285,25,814
1941: 675,591,1279,1616,1807,136,1596
1942: 939,730,289,812,1894
1943: 162,991,1410
1944: 17,286,1169,1113,604,1680
1945: 538,239,1887,360,1710,1397
1946: 130,1232,1812,331,1875,1792
1947: 1516,40,877,1684
1948: 668,736,66,199,1226,1322,1659
1949: 240,484,1017,1136,1234
1950: 962,328,941,1786,1594,940
1951: 121,670,1392,1402,1435,1697
1952: 798,1691,57,1669,961,1916
1953: 1487,788,1296,1490,1573,779,106
1954: 246,851,1882,324,1591,1292
1955: 457,1455,1028,968,784,1454
1956: 1003,610,1971,1467,1349,690
1957: 632,152,1219,726
1958: 432,148,1795,704,1981,1012
1959: 68,938,2015,891,1077,1450
1960: 473,36,1706,1844,852,1309
1961: 934,491,1004,625,1259,1293,1620
1962: 691,317,1099,11,1032,1210
1963: 69,1219,1798,326,1376,359
1964: 446,970,1253,1656,9,1482
1965: 925,693,137,1976,1146,720
1966: 1401,241,640,1221,105,1877
1967: 927,138,450,1077,1450
1968: 941,1786,183,1034,1007,1880
1969: 663,402,2026,1266,1567,509
1970: 866,1133,1936,1655,861
1971: 610,1956,1140,48,1438,690
1972: 887,147,1415
1973: 403,1141,1521,584,632,1634
1974: 169,636,1551,1447,1580,1561,1683
1975: 142,611,1045,1550,18,1200
1976: 1811,925,1965,720,73
1977: 54,74,823,1369,188,1093
1978: 249,157,1225,1587,865,1763
1979: 853,1703,1590,143,1230,714
1980: 849,705,1102,1184,442,1918
1981: 1864,104,1336,704,1958,148
1982: 942,785,1605,1459,428,1413
1983: 1857,118,158,597,1733,1709
1984: 894,1178,992,1778,209,1094
1985: 1380,159,2044,1056,305,837
1986: 819,865,107,1117,1745,1763,937
1987: 282,905,404,255,596,1533
1988: 49,1393,1423,1709,660,597
1989: 471,1488,1810,727
1990: 420,1741,1791,1859,87,219
1991: 471,680,1810,759,935,1400
1992: 1006,750,1353,416,1374,75,1772
1993: 943,362,1735,1351,262,631
1994: 847,1031,906,808,1695,506,1123,836
1995: 867,707,2016,433,21,1164,1399
1996: 1599,26,267
1997: 76,1097,1860,485,822,2009
1998: 348,888,244,188,1093,1122
1999: 868,201
2000: 77,719,1389,1736,617,1303,1375
2001: 455,1584,1932,843,869,1267
2002: 712,555,283,1428,50,1544
2003: 1839,976,564,638,182,982,1849
2004: 889,441,1723,1371,70,509
2005: 590,292,977,786,392,1519
2006: 232,435,407,706,777,1282,1528
2007: 1569,78,890
2008: 681,1631,616,378,1266,1567
2009: 822,858,160,1324,485,1997
2010: 907,191,1155,1457
2011: 22,368,682,1779,873,1355
2012: 1752,79
2013: 492,1116,1262,974,1822,478
2014: 23,694,1390,182,982,27
2015: 938,1846,1959,27,891,870
2016: 817,707,488,1399,1995,1566
2017: 144,1322,1377,1659,372,341,871
2018: 1890,181,222,1825,1690,139
2019: 338,108,1614,1503,2,1486
2020: 140,797,1865,566,396,1082
2021: 1731,666,490,534,1247,80
2022: 728,847,109,1194,143,714,1545
2023: 88,1664,700,475,542,1321
2024: 493,1827,1903,1929,601,1096,494
2025: 699,19,903,537,62,1166
2026: 1969,945,402,1667,70,509
2027: 407,556,1460,1528,89,780,1211,971
2028: 600,1010,1387,1785,185
2029: 1857,118,1585,314,1871,978
2030: 708,628,31,1148,1430,1906
2031: 130,624,643,149,788,1232,1296
2032: 203,16,522,672,20,1938
2033: 10,1089
2034: 284,1016,993,1284,1374,1595,750
2035: 979,174,261,1344,1641,460,1313
2036: 1647,1913,1872,1132,39,90
2037: 28,429,1916,476,1036,1419,1547
2038: 1554,891,870,1095,110,787
2039: 709,1820,1602,1241,1692,1701,1789
2040: 1145,1552,893,1150,186,648
2041: 994,299,1160,693,451,1079
2042: 1108,766,187,995,1622,2043
2043: 337,530,1501,2042,1108,995
2044: 29,311,320,159,1056,1159,1985,1841
2045: 236,1896,1893,594,1560,150,352
2046: 735,383,1604,831,1739,1757
2047: 839,30,840,784,1338,1422
2048: 103,1583,930,1854,1288,997