0: 17,10,18
2: 22,31,20
3: 11,18,25
4: 20,32,23,31,28,8
5: 16,10,17
6: 7,25,19,27,21,12
7: 28,6,11,8,25,27
8: 28,7,31,14,27,4
9: 14,24,15,19,27
10: 26,16,23,5,0,17
11: 28,26,3,7,18,25
12: 30,21,6,25
13: 20,32
14: 9,24,27,22,31,8
15: 9,19,29
16: 32,23,10,5
17: 0,10,5
18: 26,3,11,0
19: 9,15,27,29,21,6
20: 13,32,4,2,31
21: 29,19,6,12,30
22: 2,31,14,24
23: 16,32,4,28,26,10
24: 14,9,22
25: 3,7,6,11,12
26: 28,10,11,18,23
27: 14,9,19,7,6,8
28: 26,7,11,8,23,4
29: 21,15,19
30: 12,21
31: 2,22,14,20,4,8
32: 13,16,20,23,4