0: 298,269,104,148,338
2: 459,457,467,81,108,338
3: 118,219,478,235,314,492
4: 180,412,344,410,245,463
5: 64,105,333,61,275,414
6: 202,255,454,119,292,43
7: 409,353
8: 59,177,378,57,476,132
9: 66,361,408,446,371,499,364
10: 357,380,471
11: 377,337,317,384,496
12: 47,174,443,434,72,309
13: 178,106,86,279,448,389
14: 194,254,360,385,372
15: 207,210,490,139,330,285,376
16: 203,20,261,276,346,460
17: 228,112,120,376,342,286
18: 142,183,257,369,157,512
19: 215,422,62,396,306,348
20: 437,203,16,216,301,346
21: 198,252,111,352,413,433
22: 368,386,414,93,328,253
23: 192,182,461,155,27,508
24: 210,80,295,444,456,448
25: 425,48,315,189,466,491
26: 496,267,337
27: 179,110,508,182,23,486
28: 481,57,134,476,318,429
29: 311,159,305,320,436,229
30: 242,507,290,457,269
31: 101,263,351,462,178,279
32: 73,137,495,303
33: 270,506,288,367,111,433
34: 489,339,218,143,165,325
35: 388,380,401,417,113,126
36: 441,176,329,152,403,473
37: 363,381,230,167,310
38: 48,315,432,399,171,382
39: 90,41,393,430,245,500
40: 505,472
41: 184,280,39,393,430
42: 77,512,369,356,405,510
43: 165,343,483,6,119,292
44: 266,326,398,132
45: 276,346,335,345,212,224
46: 141,289,477
47: 12,340,434,383,402,309
48: 425,38,25,313,315,399
49: 196,158,131,322,373,408
50: 205,377,283,392,163
51: 260,417,138,450,471
52: 284,497,364,487,499
53: 168,332,397,438,286
54: 349,277
55: 415,251,117,439,437,301
56: 91,423,464,479,504,424
57: 481,28,476,132,8
58: 102,169,502,367,455,227
59: 8,378,476,321,164,394
60: 273,216,335,331,316,421
61: 105,469,5,226,275,485
62: 215,422,19,487,371,499
63: 120,494,385,370,372,144
64: 333,5,253,271,161,414
65: 489,195,163,98,317,377
66: 9,199,263,361,408,446
67: 381,121,181,347,124,213
68: 450,486,110
69: 473,266,354,359,326,152
70: 250,509,441,297,383,402
71: 225,174,460,208,426,434
72: 231,309,439,12,443
73: 32,137,303,358,291,302
74: 188,319
75: 284,416,422,487,172,451
76: 404,160,282,166,278,485
77: 42,281,336,503,512,405
78: 272,304,145,170
79: 374,166,241,469
80: 24,210,456,490,493,370
81: 459,243,94,2,467,268
82: 294,357
83: 359,326
84: 91,254,464,140,396,239
85: 215,371,239,341,446,360
86: 106,209,13,448,379,444
87: 193,478,420,153,390,465
88: 256,150,475,293,296
89: 102,169,407,458,206,248
90: 39,393,501,145,410,245
91: 84,56,423,464,140,365
92: 229,107,258,212,336,503
93: 183,328,369,510,22,386
94: 459,243,81,246,312,498
95: 207,382,419,432,222,307,285
96: 99,442
97: 220,255,454,282,259,392
98: 489,153,195,65,218,390
99: 96,375,247,445
100: 259,428,220,427,505,449
101: 144,199,31,263,351,494
102: 58,136,89,169,502,458
103: 300,231,200,164,312,498
104: 148,108,313,338,399,0
105: 241,469,333,61,5
106: 13,86,447,149,366,379,389
107: 157,229,92,249,336,311
108: 175,104,313,338,459,2
109: 474,506,308,325,483,143
110: 27,179,260,68,450,486
111: 21,352,433,237,33,288
112: 120,17,385,327,438,286
113: 334,401,234,35,126,133
114: 463,328,418,253,344,271
115: 289,477,186,358,291,465
116: 136,502,316,345,190,411
117: 415,221,251,355,55,173,466
118: 3,219,497,196,158,314
119: 202,6,293,43,237,343
120: 228,112,63,17,385,370
121: 67,347,213,151,223
122: 196,314,322,362,474,308
123: 233,480,159,305,468,208
124: 387,310,213,381,67
125: 201,244,299,319,172,348
126: 391,452,133,388,35,113
127: 230,167,298,406,484
128: 311,320,350,184,249
129: 511,452,501,197,135,170
130: 421,458,206,331,149,366
131: 262,248,49,322,373,431
132: 57,398,44,177,8,266
133: 126,280,391,113,334,350
134: 481,442,28,318,445
135: 197,294,129,272,170
136: 116,102,502,316,421,458
137: 32,73,495,302,451,299
138: 450,51,471
139: 181,222,330,347,285,15
140: 84,91,396,306,365,323
141: 46,384,477,482
142: 18,430,500,183,257,418
143: 218,492,34,109,308,325,235
144: 199,101,341,63,494,372
145: 78,304,170,410,90,501
146: 402,200,309,394,509
147: 353,424,504
148: 104,432,399,298,406,419,0
149: 106,366,389,435,130,206
150: 256,88,352,413,237,293
151: 397,121
152: 359,403,69,473,36
153: 195,98,390,87,465,186
154: 204,423,504
155: 192,23,297,383,340,440
156: 263,462,361,232,373,431
157: 249,107,336,512,18,257
158: 49,196,408,118,497,364
159: 29,123,480,305,320,334
160: 404,76,296,226,485
161: 271,64,287,333
162: 303,358,289
163: 489,65,339,50,377,283
164: 103,200,312,394,59,321
165: 43,325,483,292,339,34
166: 79,214,374,485,469,76
167: 230,127,406,363,37,307
168: 53,332,438,409,274
169: 58,89,102,262,248,227
170: 78,272,145,135,129,501
171: 382,295,444,38,315,209
172: 125,299,422,348,75,451
173: 221,117,466,491,447,379
174: 12,71,460,443,434,203
175: 425,108,313,459,246,189
176: 182,36,329,403,453
177: 8,266,354,378,132
178: 13,279,448,456,31,351
179: 27,470,217,110,508,260
180: 4,412,304,395,410
181: 363,381,67,222,139,347
182: 192,176,23,486,453,27
183: 18,142,93,328,369,418
184: 280,41,128,350,249,430,257
185: 449,187,428,267
186: 477,482,115,153,195,465
187: 205,337,428,185,267
188: 74,244,319,323,277
189: 355,466,324,246,425,175,25
190: 411,488,345,281,224,116
191: 481,264,442
192: 182,23,297,329,155
193: 87,416,420,291,302,465
194: 14,254,211,464,479,385,327
195: 153,65,98,317,482,186
196: 49,158,122,314,322,118
197: 388,294,135,129,452
198: 21,411,252,488,433,455
199: 144,66,101,263,341,446
200: 103,146,231,164,309,394
201: 125,265,299,319,495
202: 404,6,255,293,296,119
203: 20,16,301,174,460,443
204: 349,277,154,365,423
205: 50,187,259,337,392,428
206: 89,130,407,458,149,435
207: 15,210,95,382,295,285
208: 468,225,71,426,123,305
209: 86,379,315,491,171,444
210: 15,207,24,80,295,490
211: 194,479,438,327,274
212: 92,258,503,224,45,276
213: 387,124,121,67
214: 374,472,166,427,278
215: 62,19,396,371,239,85
216: 437,273,60,20,346,335
217: 470,179,508,234,233
218: 489,98,390,492,143,34
219: 3,118,284,478,497,420
220: 97,282,427,278,100,259
221: 415,117,173,273,331,447,366
222: 363,181,307,139,285,95
223: 342,397,121,330,347
224: 281,212,503,45,345,190
225: 468,71,208,340,440,434
226: 275,475,61,160,485
227: 262,362,58,169,367,270
228: 120,17,376,370,490
229: 92,107,258,29,311,436
230: 167,127,37
231: 103,300,200,72,309,439
232: 279,435,407,156,462,431
233: 123,480,461,217,508,468
234: 470,217,401,113,480,334
235: 3,314,308,492,143
236: 256,510,386,356,413
237: 288,343,111,352,150,293,119
238: 467,268,318,445,290,247
239: 215,396,85,84,254,360
240: 400,484,242
241: 105,469,79
242: 507,30,240
243: 94,81,268,321,429,312
244: 125,188,319,323,306,348
245: 500,463,90,39,410,4
246: 459,94,498,175,189,324
247: 375,507,290,99,238,445
248: 262,131,431,89,169,407
249: 157,107,128,311,184,257
250: 473,509,354,70,441
251: 355,55,117,324,300,439
252: 21,198,356,405,488,413
253: 114,328,271,22,414,64
254: 14,84,194,360,464,239
255: 404,202,6,97,454,282
256: 150,88,236,368,386,475,413
257: 18,430,142,184,157,249
258: 229,92,212,436,261,276
259: 100,205,392,428,220,97
260: 51,470,179,110,417,450
261: 16,276,460,426,436,258
262: 248,227,131,322,362,169
263: 156,66,199,31,101,462,361
264: 191,481,398
265: 201,495
266: 44,69,177,354,326,132
267: 26,187,185
268: 243,238,467,81,318,429
269: 298,400,0,30,457,338
270: 474,33,506,367,227,362
271: 344,161,114,253,64
272: 78,170,135
273: 437,60,216,331,415,221
274: 409,353,168,438,211
275: 226,368,414,475,61,5
276: 45,16,261,346,258,212
277: 54,204,365,188,323
278: 214,427,76,220,282
279: 178,232,13,389,435,31,462
280: 184,41,391,133,350
281: 77,503,224,190,405,488
282: 404,76,220,255,97,278
283: 50,392,454,292,163,339
284: 75,52,219,497,416,420,487
285: 222,139,15,207,95
286: 53,342,438,112,17
287: 333,161
288: 237,33,506,343,483,111
289: 46,477,115,162,358
290: 507,30,247,457,238,467
291: 73,358,302,465,193,115
292: 6,454,43,165,339,283
293: 202,296,119,150,88,237
294: 82,197,135
295: 171,207,24,210,382,444
296: 404,202,160,293,88
297: 441,192,329,383,155,70
298: 127,400,406,269,0,148
299: 201,125,172,137,495,451
300: 103,231,498,439,251,324
301: 437,203,20,439,443,55
302: 73,137,291,451,193,416
303: 32,162,73,358
304: 78,395,145,410,180
305: 29,123,159,436,208,426
306: 19,396,348,140,244,323
307: 363,222,167,406,419,95
308: 474,109,122,314,235,143
309: 146,402,231,200,72,47,12
310: 124,381,37
311: 29,128,320,229,249,107
312: 103,164,498,243,94,321
313: 425,175,104,108,48,399
314: 196,122,308,3,118,235
315: 38,48,25,491,171,209
316: 116,136,421,60,335,345
317: 195,65,377,11,384,482
318: 238,268,445,429,134,28
319: 201,74,125,188,244
320: 29,128,311,159,334,350
321: 243,429,476,59,164,312
322: 262,49,196,122,131,362
323: 188,244,140,306,277,365
324: 189,251,355,246,300,498
325: 109,165,483,143,34
326: 83,359,44,69,266
327: 112,385,438,194,211
328: 114,183,93,418,253,22
329: 441,192,176,36,297
330: 139,347,15,223,342,376
331: 273,60,221,366,130,421
332: 168,53,397
333: 64,105,287,5,161
334: 113,480,159,320,350,234,133
335: 45,60,216,346,345,316
336: 157,92,77,107,503,512
337: 187,205,11,26
338: 104,108,457,2,269,0
339: 489,163,34,165,292,283
340: 47,225,440,434,383,155
341: 144,199,446,372,360,85
342: 223,286,330,17,376
343: 43,237,288,483,119
344: 4,412,271,114,463
345: 45,335,224,116,316,190
346: 45,20,16,216,276,335
347: 121,67,181,139,330,223
348: 422,19,306,125,244,172
349: 54,204
350: 128,320,334,184,280,133
351: 31,101,456,178,493,494
352: 21,111,413,150,237
353: 7,409,274,147,424
354: 69,473,177,250,266,378
355: 189,251,117,466,324
356: 252,405,413,42,510,236
357: 82,10,388,380
358: 162,73,303,291,289,115
359: 83,326,152,69
360: 14,254,372,341,239,85
361: 156,66,9,263,408,373
362: 262,227,122,322,270,474
363: 381,37,181,222,307,167
364: 52,497,9,408,158,499
365: 204,277,91,423,140,323
366: 106,447,149,221,331,130
367: 433,455,58,227,270,33
368: 256,22,275,386,414,475
369: 18,183,93,42,512,510
370: 228,493,120,63,494,80
371: 215,62,499,85,9,446
372: 63,385,144,341,14,360
373: 49,131,431,156,361,408
374: 79,214,166
375: 507,247,99
376: 228,17,330,15,490,342
377: 50,11,65,163,317
378: 59,177,8,509,354,394
379: 106,209,86,447,173,491
380: 10,35,357,471,417
381: 363,37,67,181,310,124
382: 171,207,95,295,38,432
383: 297,155,70,402,47,340
384: 141,482,317,11,496
385: 112,120,63,327,372,14,194
386: 256,510,22,236,368,93
387: 124,213
388: 197,35,357,126,452
389: 106,13,149,279,435
390: 153,98,218,492,87,478
391: 126,511,280,452,133
392: 50,205,259,283,97,454
393: 511,90,41,39,501
394: 146,200,164,59,509,378
395: 304,180
396: 215,19,239,306,84,140
397: 151,53,223,332
398: 264,132,44
399: 38,104,148,48,313,432
400: 240,298,484,269
401: 470,417,234,35,113
402: 146,309,509,70,383,47
403: 152,176,36
404: 202,76,255,160,282,296
405: 252,356,488,42,77,281
406: 167,127,298,419,148,307
407: 89,206,232,435,248,431
408: 66,9,361,49,158,373,364
409: 7,353,274,168
410: 304,145,90,245,180,4
411: 190,198,488,455,116,502
412: 180,4,344
413: 21,252,352,356,256,150,236
414: 22,275,368,253,64,5
415: 221,55,117,437,273
416: 193,75,284,420,302,451
417: 51,470,260,401,35,380
418: 142,114,500,183,463,328
419: 406,148,432,307,95
420: 193,219,87,284,478,416
421: 136,130,316,458,60,331
422: 62,19,487,348,75,172
423: 56,91,504,204,154,365
424: 353,147,56,479,504
425: 175,48,25,313,189
426: 71,460,208,305,436,261
427: 214,472,278,220,100,505
428: 100,187,205,259,185,449
429: 243,268,321,318,28,476
430: 142,500,257,184,41,39
431: 248,131,373,232,407,156
432: 38,148,399,419,95,382
433: 21,198,367,111,455,33
434: 47,12,225,71,174,340
435: 232,149,279,389,407,206
436: 29,305,426,261,229,258
437: 273,20,216,301,415,55
438: 168,53,286,112,327,274,211
439: 300,231,72,443,251,55,301
440: 468,225,340,461,155
441: 36,297,329,473,250,70
442: 191,134,96,445
443: 12,174,72,439,203,301
444: 171,24,295,209,86,448
445: 238,318,99,134,442,247
446: 66,9,199,341,371,85
447: 106,366,379,221,173
448: 178,13,86,24,444,456
449: 185,505,100,428
450: 68,138,51,110,260
451: 137,302,75,416,299,172
452: 126,511,129,391,197,388
453: 176,182,486
454: 6,255,97,292,283,392
455: 411,198,367,433,58,502
456: 24,80,178,448,493,351
457: 2,467,30,290,269,338
458: 136,89,130,102,421,206
459: 94,2,81,246,175,108
460: 71,174,426,203,16,261
461: 23,508,468,440,233
462: 156,31,263,232,279
463: 245,114,500,418,4,344
464: 84,194,56,91,254,479
465: 291,193,87,153,115,186
466: 189,355,117,173,491,25
467: 457,238,2,81,268,290
468: 225,208,440,461,123,233
469: 241,105,61,79,166,485
470: 179,217,260,401,417,234
471: 10,380,138,51
472: 214,427,40,505
473: 69,250,354,152,441,36
474: 270,109,506,308,122,362
475: 256,88,226,275,368
476: 57,28,59,8,321,429
477: 46,141,289,482,115,186
478: 3,219,87,420,390,492
479: 194,56,211,464,424
480: 123,233,159,334,234
481: 191,57,134,264,28
482: 141,384,477,186,195,317
483: 43,109,165,506,288,343,325
484: 240,127,400
485: 166,226,469,61,76,160
486: 182,453,68,27,110
487: 422,62,499,75,52,284
488: 190,411,198,252,405,281
489: 65,163,339,98,218,34
490: 15,210,80,228,376
491: 173,466,25,315,209,379
492: 218,390,143,3,478,235
493: 494,370,80,456,351
494: 493,63,370,144,101,351
495: 32,137,201,265,299
496: 26,11,384
497: 118,52,219,284,364,158
498: 103,300,312,94,246,324
499: 62,487,371,9,52,364
500: 430,142,245,463,418,39
501: 511,90,129,393,145,170
502: 116,58,136,102,411,455
503: 92,77,281,212,336,224
504: 56,423,147,424,154
505: 40,449,472,427,100
506: 270,474,109,33,288,483
507: 242,375,30,290,247
508: 27,179,217,23,461,233
509: 250,70,378,146,402,394
510: 236,386,42,93,369,356
511: 129,391,393,452,501
512: 157,42,77,336,18,369