0: 848,269,517,298,704
2: 338,457,968,108,557,650
3: 219,899,978,577,569,478
4: 845,410,180,910,749,633
5: 915,653,61,951,414,922
6: 674,404,793,944,202,119
7: 147,887,593,353,983,424
8: 59,952,798,177,679
9: 446,1023,967,756,371,970
10: 980,380,680
11: 747,754,317,691,662
12: 434,592,309,608,722,857
13: 854,178,708,811,389,628
14: 904,900,518,1001,764,360,254
15: 139,772,1008,330,914
16: 460,20,203,525,583,672
17: 738,898,528,602,604,286
18: 512,774,142,611,183,863
19: 62,422,537,699,665,903
20: 984,16,203,301,522,672
21: 867,352,594,433,707,111
22: 368,682,962,828,253,414
23: 27,508,694,461,982,155
24: 444,448,850,534,999,651
25: 1004,315,209,757,814,934
26: 267,662,187,530
27: 23,870,694,182,938,982
28: 832,57,961,429,318,476
29: 229,837,159,320,937,311
30: 848,646,839,784,840
31: 544,351,763,708,279,462
32: 991,303,748,720
33: 270,367,808,906,769,516
34: 325,339,853,745,489,163
35: 882,417,935,357,380,619
36: 632,152,473,403,574,852
37: 824,381,637,615,363
38: 825,690,1003,171,382,546
39: 393,813,1024,90,796,245
40: 472,830,877
41: 1000,813,673,880,558,842
42: 908,512,369,356,834,510,954
43: 765,917,343,652,119,674
44: 963,804,595,398,132
45: 346,335,345,709,224,535,987
46: 289,477,520,523,812
47: 146,402,608,340,581,592
48: 399,690,313,933,425,610
49: 373,322,196,597,660,676
50: 555,283,1011,977,712,786
51: 138,727,450,759,260,580
52: 487,750,807,499,993,972
53: 168,332,607,856,885,438
54: 74,823,897
55: 301,568,805,919,773,437
56: 91,876,671,479,621,626
57: 988,832,28,961,798
58: 169,227,636,920,869,843,658
59: 952,177,8,378,855,806
60: 273,316,872,331,421,758
61: 915,640,5,922,226,532
62: 19,371,422,487,537,499
63: 120,924,494,385,575
64: 653,586,951,161,529,731
65: 489,964,669,98,585
66: 446,668,756,199,1020,736
67: 696,589,670,121,347
68: 927,486,891
69: 359,326,152,473,932,789
70: 889,441,509,297,945,402
71: 434,225,928,746,208,698
72: 439,629,722,443,309,767
73: 302,720,925,760,358,303
74: 188,823,319,54,985
75: 416,993,750,994,451
76: 549,485,160,822,723,214
77: 908,834,719,791,613,617
78: 272,688,734,890
79: 241,166,864
80: 210,490,850,666,634,534
81: 268,921,654,883,973,650
82: 958,388,861,197,612
83: 527,892
84: 140,396,918,1015,540,752
85: 1020,538,446,215,239,970
86: 992,854,379,547,811,821
87: 420,989,664,553,193,465
88: 944,202,542,700,293,603
89: 248,826,556,780,971,407
90: 627,145,410,796,245,39
91: 876,56,671,365,540,981
92: 503,212,791,617,678,570
93: 940,863,369,510,713,386
94: 103,243,312,1022,703,948
95: 825,432,419,382,647,969
96: 524,946
97: 902,259,905,596,701,392
98: 153,195,585,618,65,1021
99: 685,737,739,524,445
100: 427,830,220,505,449,785
101: 896,544,536,732,263,199
102: 780,810,458,920,591,675
103: 312,997,94,930,1022,498
104: 399,148,338,517,933,704
105: 915,333,640,879,241
106: 389,729,779,788,543
107: 157,937,865,336,819,561
108: 2,338,313,557,844,933
109: 483,847,143,714,728,836
110: 870,787,891,450,260,657
111: 639,433,352,21,769,516
112: 327,718,655,898,286
113: 913,126,133,350,554,401
114: 841,731,271,931,828,253
115: 289,520,936,760,358,730
116: 345,874,535,136,686,515
117: 919,173,560,355,251,466
118: 314,196,158,978,577,597
119: 652,674,944,6,43
120: 738,370,898,63,924,385,718
121: 721,213,670,67,609
122: 322,314,196,362,308,778
123: 815,1019,781,751,305,916
124: 310,911,670,381,589
125: 953,172,348,782,659,816
126: 113,554,882,401,619,998
127: 298,406,167,562,563,565
128: 184,567,842,280,755,573
129: 866,170,861,605,612
130: 366,149,788,331,643,758
131: 248,943,631,676,431,801
132: 398,679,266,963,44,550
133: 113,280,350,554,755,391
134: 191,481,907,832,442,849
135: 272,866
136: 591,675,686,116,502,515
137: 693,720,925,495,299,748
138: 727,450,51,927
139: 181,15,772,222,285,1008
140: 396,365,84,540,566,797
141: 384,523,614
142: 578,611,684,257,18,183
143: 853,483,109,714,521,325
144: 896,494,536,601,575,871
145: 627,846,90,796,890,513
146: 799,402,818,608,47,663
147: 7,887,983
148: 104,432,399,623,1012,704
149: 130,729,788,206,624,643
150: 352,236,761,594,603,860
151: 397,223,609,213,667
152: 359,726,632,69,36,473
153: 195,98,893,390,618,186
154: 957,423,504,689
155: 982,192,735,996,23,461
156: 732,833,263,531,539,361
157: 249,107,578,865,611,561
158: 118,364,577,597,635,497
159: 649,751,305,320,29,837
160: 541,485,76,822,858,711
161: 529,344,731,271,64
162: 991,303,358,730
163: 489,964,283,339,1011,34
164: 997,947,855,806,200,394
165: 521,325,1002,917,1014,343
166: 79,241,469,549,864,485
167: 127,563,565,827,615
168: 409,53,607,274,885
169: 636,58,826,780,920,843
170: 688,513,129,605,501
171: 315,209,38,1003,546,992,894
172: 125,659,994,816,1006
173: 790,117,560,1004,466,491
174: 990,979,460,203,698,857
175: 459,246,950,703,965,844
176: 403,584,453,564,638
177: 59,8,679,266,378,743
178: 448,708,811,13,763,651
179: 733,787,508,217,470,657
180: 395,4,845,412,749
181: 696,139,835,772,576,222
182: 564,715,938,976,982,27
183: 1007,941,863,142,684,18
184: 128,249,567,842,1000
185: 776,1010,600
186: 648,587,482,153,195,893
187: 1010,995,530,766,26
188: 888,74,244,823,319,782
189: 425,757,814,950,792,965
190: 874,281,895,838,695
191: 907,134,442,946
192: 976,982,329,155,552,996
193: 302,783,87,989,291,465
194: 479,626,1005,211,572,353
195: 153,98,1021,186,482,1009
196: 322,314,118,49,597,122
197: 998,511,452,612,388,82
198: 433,411,455,488,644,707
199: 736,896,101,263,66,668
200: 231,394,818,164,997,930
201: 265,868,495,582,926
202: 296,793,944,6,542,88
203: 984,16,990,174,460,20
204: 957,986,277,349
205: 712,942,995,766,786,259
206: 149,624,556,971,458,643
207: 210,285,490,599,647,1008
208: 71,746,916,979,698,426
209: 171,25,315,934,821,992
210: 490,850,207,599,80,295
211: 572,697,545,353,194
212: 503,224,92,987,571,678
213: 721,121,151
214: 717,677,723,549,606,76
215: 918,903,239,85,537,970
216: 872,335,522,620,672,709
217: 733,179,508,912,233,480
218: 853,878,714,492,745,702
219: 420,899,3,478,553
220: 427,100,929,902,701,785
221: 415,771,331,740,273,366
222: 139,181,835,307,285,969
223: 151,397,609,886,342,514
224: 503,212,895,535,987,45,346
225: 71,434,1018,340,592,928
226: 275,922,61,955,551,532
227: 262,636,579,58,658,875
228: 666,738,376,370,634,528
229: 29,436,837,741,819,937
230: 827,484,565
231: 200,799,818,767,930,724
232: 431,833,407,531,706,777
233: 480,815,956,781,217,912
234: 334,913,733,829,480,642
235: 569,308,878,728,314,978
236: 150,413,761,548,588,594
237: 293,652,800,860,622,639
238: 290,762,654,705,739
239: 215,918,752,360,85,538
240: 820,484,1017
241: 79,469,166,105,640
242: 839,881,507,820
243: 312,598,768,94,883,948
244: 888,960,188,323,656,823
245: 90,410,910,39,949,1024
246: 1022,175,324,703,851,965
247: 737,901,840,739,290
248: 89,131,631,826,431,407
249: 184,157,567,578,865,1000
250: 354,889,441,852,789,473
251: 802,805,975,355,919,117
252: 867,413,954,405,356,817
253: 653,414,828,731,114,22
254: 1015,752,900,14,360,464
255: 905,596,454,282,674,404
256: 700,475,710,873,761,548
257: 1000,430,673,684,142,578
258: 571,436,678,526,683,741
259: 97,701,392,205,942,786
260: 742,580,657,450,51,110
261: 979,460,525,426,526,683
262: 362,943,227,631,636,579
263: 156,732,101,199,361,668
264: 804,481,907,595
265: 985,201,926
266: 132,177,679,550,932,743
267: 26,600
268: 429,81,762,654,883,598
269: 848,400,646,0,298
270: 658,367,33,906,875
271: 161,344,749,841,731,633,114
272: 688,734,78,135
273: 60,872,620,221,331,740
274: 168,409,885,697,593
275: 922,226,475,682,873,955
276: 525,583,571,683,346,987
277: 960,656,775,349,204,986
278: 902,905,282,822,723,929
279: 462,777,708,435,628,31
280: 133,755,880,391,128,842
281: 503,190,895,791,613,838
282: 278,255,905,858,404,822
283: 964,163,555,50,1011
284: 993,1016,972,899,497
285: 207,647,969,1008,139,222
286: 856,438,604,17,112
287: 692,529
288: 800,622,808,506,1014
289: 46,115,520,939,812,730
290: 921,238,654,247,467
291: 587,936,760,465,193,302
292: 1011,1002,765,917,977,590
293: 652,603,237,860,944,88
294: 861,866
295: 210,850,599,546,444,894
296: 955,793,202,542,551,711
297: 862,552,383,945,441,70
298: 406,127,562,400,0,269
299: 495,582,659,994,137,693
300: 629,724,802,975,498,324
301: 568,55,984,20,437,522
302: 193,783,73,966,925,291,760
303: 162,991,32,73,720,358
304: 1013,846,909
305: 123,159,751,916,837,809
306: 888,323,665,566,699,348
307: 835,222,419,645,661,969
308: 847,235,728,778,314,122
309: 799,608,767,12,72,722
310: 824,911,124
311: 937,567,865,320,573,29
312: 103,243,997,947,768,94
313: 108,844,933,950,48,425
314: 118,196,978,122,235,308
315: 171,25,209,610,757,1003
316: 60,872,335,345,421,686
317: 377,1021,669,691,754,11
318: 429,762,705,832,849,28
319: 953,782,926,188,74,985
320: 794,573,159,649,29,311
321: 476,947,768,855,961,952
322: 196,49,122,362,943,676
323: 888,960,244,797,306,566
324: 246,1022,498,851,300,975
325: 521,165,339,34,1002,853,143
326: 359,892,69,932,527,550
327: 112,904,718,518,572,655
328: 940,931,941,641,962,828
329: 976,862,192,552,638,574
330: 886,347,725,15,772
331: 221,273,60,130,366,758
332: 53,607,770,856,397,514
333: 915,105,586,951,692,879
334: 794,913,350,234,642,649
335: 45,316,872,216,345,709
336: 107,819,570,617,561,719
337: 712,995,530,377,555,691
338: 2,968,517,108,933,104
339: 325,1011,34,1002,163
340: 225,1018,581,592,687,47
341: 764,372,1020,538,871,736
342: 602,223,604,886,514,725
343: 165,917,1014,43,652,622
344: 412,161,749,271
345: 45,316,335,116,535,686
346: 45,709,276,583,224,987
347: 330,609,886,696,67,772
348: 782,125,816,699,888,306
349: 277,656,897,204,533
350: 113,334,794,913,133,755
351: 544,31,536,456,601,763
352: 150,594,21,111,860,639
353: 7,593,424,697,211,194,479
354: 250,616,889,378,743,789
355: 851,792,251,975,466,117
356: 908,405,42,252,954
357: 980,958,380,388,619,35
358: 115,760,73,162,303,730
359: 726,744,892,326,152,69
360: 764,538,14,752,254,239
361: 408,519,668,156,263,539
362: 262,943,579,322,122,778
363: 835,576,615,661,37,381
364: 158,635,959,807,972,497
365: 140,540,91,981,775,797
366: 130,779,788,221,771,331
367: 270,658,33,516,869,644
368: 22,710,682,873,386,962
369: 512,42,93,863,510
370: 666,228,738,120,884,924
371: 62,537,499,970,9,1023
372: 764,341,575,871,1001
373: 49,660,801,539,676,408
374: 606,864
375: 630,685,737,507,901
376: 228,634,528,914,602,725
377: 317,964,555,669,691,337
378: 354,616,743,59,177,806
379: 854,86,625,821,543
380: 980,357,10,35,935
381: 124,37,363,576,589
382: 599,647,546,825,38,95
383: 297,831,552,996,945,687
384: 141,614,1009,747,754
385: 718,518,1001,120,63
386: 368,710,940,93,962,713
387: 923,911,721
388: 357,958,82,619,998,197
389: 106,729,543,628,854,13
390: 153,974,893,618,664
391: 753,880,452,280,133,554
392: 97,259,590,596,977,786
393: 39,813,716,558,501,796
394: 200,818,663,681,164,806
395: 1013,845,180,909
396: 665,140,918,84,566,903
397: 151,223,514,667,332,770
398: 132,798,679,44,988,595
399: 104,48,148,623,690,933
400: 1017,646,881,269,298,562
401: 882,829,559,113,913,126
402: 146,47,663,509,70,581
403: 584,176,638,574,632,36
404: 674,858,793,6,255,282
405: 908,356,613,817,838,252
406: 298,127,645,563,1012,704
407: 232,431,706,556,248,89
408: 361,519,803,539,373,660
409: 168,274
410: 4,627,845,90,910,245
411: 502,198,455,488,515,695
412: 344,749,180
413: 867,252,236,588,594,954
414: 653,5,253,922,22,682
415: 221,790,771,773,740,560
416: 75,993,1016,989,783,451
417: 742,35,882,580,935,559
418: 931,1007,641,949,500,463
419: 645,1012,432,95,307,969
420: 219,1016,87,899,989,553
421: 810,675,686,758,316,60
422: 19,62,487,1006,699,816
423: 154,957,986,981,504,671
424: 7,353,983,479,621
425: 189,610,757,313,950,48
426: 526,809,208,916,979,261
427: 472,830,677,100,929,220
428: 942,1010,766,449,785
429: 268,318,762,28,476,598
430: 500,1024,673,684,257
431: 232,801,407,531,248,131
432: 825,148,623,95,419,1012
433: 198,644,707,21,516,111
434: 71,12,225,592,698,857
435: 729,624,628,279,706,777
436: 229,837,258,526,741,809
437: 773,740,301,55,522,620
438: 53,856,885,545,286,655
439: 72,568,629,802,805,443
440: 468,1018,928,831,735,956
441: 250,889,70,852,297,862
442: 191,134,849,524,946,445
443: 72,439,568,722,984,990
444: 24,448,894,547,850,295
445: 705,524,442,849,99,739
446: 9,66,756,85,1020,970
447: 790,771,625,491,779,543
448: 24,444,178,547,811,651
449: 776,505,785,100,428
450: 138,51,927,891,110,260
451: 783,966,693,75,416,994
452: 998,753,197,391,511,554
453: 176,564,715
454: 590,255,596,674,765
455: 502,411,198,869,644,843
456: 493,999,351,601,763,651
457: 2,968,467,650,921,784
458: 780,971,810,102,643,206
459: 175,703,948,973,557,844
460: 16,979,174,261,203,525
461: 23,508,912,155,735,956
462: 732,279,833,777,544,31
463: 841,633,949,910,931,418
464: 876,626,1005,900,1015,254
465: 291,587,87,893,664,193
466: 1004,814,355,792,117,173
467: 457,840,921,290,784
468: 440,928,746,1019,956,781
469: 241,166,541,532,485,640
470: 742,829,559,657,733,179
471: 727,759,680
472: 40,427,717,830,877,677
473: 152,69,36,250,852,789
474: 906,875,579,847,778,836
475: 700,275,256,873,955,542
476: 321,598,768,28,961,429
477: 46,520,648,482,614
478: 974,492,553,569,219,3
479: 56,194,621,626,353,424
480: 233,815,642,733,217,234
481: 988,907,595,134,832,264
482: 477,648,186,195,1009
483: 143,109,836,506,521,1014
484: 240,1017,230,562,565
485: 469,166,541,549,76,160
486: 68,715,891,938
487: 52,62,422,1006,750,499
488: 411,198,817,838,695,707
489: 65,964,163,34,745,585
490: 210,207,1008,80,634,914
491: 1004,625,934,447,790,173
492: 974,478,702,569,218,878
493: 999,494,456,601,884,924
494: 144,493,601,63,924,575
495: 299,582,137,868,201,748
496: 747,795
497: 284,972,899,364,158,577
498: 1022,324,103,930,300,724
499: 52,62,371,487,807,1023
500: 949,430,1024,684,1007,418
501: 605,716,513,170,393,796
502: 411,455,515,843,136,591
503: 212,224,92,281,895,791
504: 154,423,983,671,621,689
505: 776,449,830,100
506: 808,906,288,483,836
507: 375,901,242,839
508: 23,787,179,217,694,912,461
509: 681,616,889,70,402,663
510: 588,954,713,369,42,93
511: 753,197,452,605,612,716
512: 18,369,42,834,774,863
513: 688,890,170,501,145,796
514: 397,223,604,342,332,856
515: 502,411,695,116,874,136
516: 367,33,769,433,644,111
517: 338,968,848,0,704,104
518: 385,904,327,718,14,1001
519: 408,361,967,668,756,803
520: 46,289,477,115,648,936
521: 325,165,1014,483,143
522: 216,620,672,301,20,437
523: 141,614,46
524: 96,946,442,99,445
525: 16,276,460,261,583,683
526: 426,436,258,683,809,261
527: 83,963,550,892,326
528: 17,228,738,376,602
529: 161,586,64,287
530: 187,995,337,691,26,662
531: 232,156,431,801,833,539
532: 469,541,226,640,61,551
533: 897,349
534: 666,884,850,80,24,999
535: 224,874,895,45,345,116
536: 144,896,544,351,101,601
537: 19,62,371,970,215,903
538: 764,360,85,341,1020,239
539: 156,801,531,408,361,373
540: 140,365,84,1015,91,876
541: 469,532,485,160,551,711
542: 955,296,202,88,700,475
543: 106,389,779,625,447,854,379
544: 351,101,31,536,732,462
545: 885,697,438,211,655
546: 382,599,295,38,171,894
547: 992,444,448,86,894,811
548: 236,761,588,713,256,710
549: 166,606,864,485,76,214
550: 527,963,326,932,132,266
551: 955,296,711,226,541,532
552: 297,862,329,192,996,383
553: 974,478,664,219,420,87
554: 113,126,133,998,391,452
555: 377,964,283,50,712,337
556: 206,624,971,407,706,89
557: 2,973,108,650,844,459
558: 753,880,716,393,41,813
559: 742,470,882,829,417,401
560: 415,919,790,117,173,773
561: 719,774,157,107,336,611
562: 298,127,565,484,400
563: 406,167,127,645,661
564: 176,453,638,182,715,976
565: 167,127,562,484,230,827
566: 665,140,396,323,797,306
567: 184,128,249,311,865,573
568: 439,301,55,805,443,984
569: 235,878,978,3,492,478
570: 678,741,819,336,92,617
571: 678,258,683,276,212,987
572: 904,1005,327,211,655,194
573: 794,755,320,128,311,567
574: 403,638,36,852,862,329
575: 372,871,63,144,494,1001
576: 696,363,181,835,589,381
577: 118,158,978,899,497,3
578: 157,249,142,611,1000,257
579: 262,362,227,474,875,778
580: 742,260,417,935,51,759
581: 340,687,945,402,47
582: 953,495,299,659,926,201
583: 16,276,525,346,672,709
584: 403,176,632
585: 98,745,618,702,65,489
586: 333,951,64,529,692
587: 291,648,186,936,465,893
588: 510,413,236,548,954,713
589: 696,67,576,124,670,381
590: 596,454,392,292,765,977
591: 136,102,920,675,502,843
592: 434,12,225,340,608,47
593: 7,887,353,274,697
594: 867,150,413,352,236,21
595: 988,481,804,264,44,398
596: 97,590,255,905,454,392
597: 118,196,158,49,635,660
598: 243,476,768,268,429,883
599: 210,382,207,647,546,295
600: 1010,185,267
601: 144,493,494,351,536,456
602: 604,342,725,17,376,528
603: 293,860,150,761,700,88
604: 602,342,514,17,856,286
605: 511,612,716,501,170,129
606: 549,864,374,717,214
607: 168,53,332,770
608: 146,799,309,47,12,592
609: 151,223,886,347,121
610: 425,315,757,48,690,1003
611: 157,142,578,18,561,774
612: 197,511,605,82,861,129
613: 281,791,908,405,77,838
614: 141,384,523,1009,477
615: 637,827,167,37,363
616: 354,681,889,509,378
617: 92,791,570,336,77,719
618: 153,974,98,390,585,702
619: 357,388,35,882,126,998
620: 273,872,216,522,437,740
621: 56,671,479,983,424,504
622: 652,800,288,237,1014,343
623: 825,432,399,148,690
624: 435,729,149,206,556,706
625: 934,491,821,447,379,543
626: 464,876,56,194,479,1005
627: 1013,845,846,90,145,410
628: 389,435,729,708,13,279
629: 72,439,300,724,802,767
630: 375,685
631: 262,248,943,131,636,826
632: 726,152,36,403,584
633: 749,841,271,463,4,910
634: 666,228,376,914,490,80
635: 364,158,597,660,959,803
636: 262,169,227,631,58,826
637: 827,615,824,37
638: 403,176,564,574,976,329
639: 111,800,237,860,352,769
640: 915,105,61,241,469,532
641: 931,328,1007,418,941
642: 480,815,649,751,334,234
643: 810,458,758,130,149,206
644: 433,198,869,455,367,516
645: 406,419,661,563,1012,307
646: 848,400,881,30,269
647: 285,382,207,599,969,95
648: 477,520,186,587,936,482
649: 159,642,751,334,794,320
650: 2,457,973,557,921,81
651: 999,456,763,24,448,178
652: 293,119,237,622,343,43
653: 5,951,64,253,414,731
654: 268,921,238,290,81,762
655: 112,327,572,438,545
656: 960,277,244,823,897,349
657: 742,260,470,110,787,179
658: 270,367,875,869,227,58
659: 953,172,299,582,125,994
660: 373,49,597,635,408,803
661: 645,563,363,835,307
662: 795,26,691,530,11
663: 394,146,402,818,681,509
664: 974,893,390,553,87,465
665: 396,566,903,19,699,306
666: 228,370,634,884,534,80
667: 151,397,770
668: 66,361,519,756,263,199
669: 317,65,377,964,1021
670: 911,124,67,589,721,121
671: 91,56,621,981,423,504
672: 216,522,709,16,20,583
673: 1000,430,41,813,1024,257
674: 404,6,119,43,255,454
675: 136,810,102,421,591,686
676: 943,131,801,373,322,49
677: 472,427,717,723,929,214
678: 571,258,741,570,212,92
679: 398,132,798,177,8,266
680: 471,759,935,10,380
681: 616,509,806,394,663
682: 275,368,922,22,873,414
683: 571,258,526,276,261,525
684: 430,500,257,142,1007,183
685: 375,630,737,99
686: 136,421,675,316,345,116
687: 1018,340,581,831,383,945
688: 272,78,890,513,170
689: 983,154,504
690: 825,48,399,38,623,1003,610
691: 317,377,530,337,11,662
692: 287,333,586
693: 137,966,925,451,299,994
694: 23,870,787,27,508
695: 411,488,515,838,874,190
696: 181,67,772,576,589,347
697: 274,885,545,211,593,353
698: 979,174,857,71,434,208
699: 19,422,665,306,348,816
700: 475,256,761,603,542,88
701: 902,97,259,220,942,785
702: 974,492,745,585,618,218
703: 459,246,1022,175,948,94
704: 406,1012,0,517,104,148
705: 445,238,318,762,849
706: 232,407,777,435,624,556
707: 433,198,817,488,867,21
708: 178,13,628,31,763,279
709: 45,346,335,216,672,583
710: 368,256,873,386,548,713
711: 858,296,793,551,541,160
712: 205,995,337,786,555,50
713: 510,548,588,93,710,386
714: 853,143,218,109,878,728
715: 486,938,453,564,182
716: 753,511,605,558,501,393
717: 472,877,677,214,606
718: 112,385,327,518,120,898
719: 77,561,834,774,336,617
720: 73,137,925,32,303,748
721: 213,121,387,670
722: 72,443,309,12,990,857
723: 677,929,214,76,822,278
724: 300,629,930,231,767,498
725: 602,330,886,342,376
726: 359,744,632,152
727: 138,471,51,759
728: 847,235,308,109,878,714
729: 106,389,435,149,788,624,628
730: 939,289,115,358,162
731: 161,271,114,653,64,253
732: 156,833,263,462,544,101
733: 179,217,470,829,480,234
734: 272,78
735: 831,155,996,461,440,956
736: 341,199,1020,871,896,66
737: 375,685,901,99,247,739
738: 17,228,370,120,898,528
739: 737,99,247,445,238
740: 415,221,773,437,273,620
741: 229,436,678,258,819,570
742: 260,470,417,580,559,657
743: 354,378,789,932,177,266
744: 359,726,892
745: 585,702,853,218,34,489
746: 71,468,928,208,1019,916
747: 496,384,11,795
748: 32,495,137,720,868
749: 412,344,633,271,4,180
750: 52,487,1006,75,993
751: 123,815,159,642,649,305
752: 918,84,1015,254,239,360
753: 880,391,511,452,716,558
754: 384,1009,11,317,1021
755: 280,794,133,350,573,128
756: 9,446,66,967,519,668
757: 425,189,25,315,610,814
758: 810,421,643,331,60,130
759: 471,727,51,580,935
760: 291,115,936,358,302,73
761: 150,236,548,700,256,603
762: 268,429,238,318,654,705
763: 351,31,456,651,178,708
764: 360,341,372,538,14,1001
765: 292,917,43,590,454
766: 205,187,942,428,1010,995
767: 231,799,309,72,629,724
768: 321,243,312,476,947,598
769: 808,33,516,111,800,639
770: 332,607,667,397
771: 415,221,447,790,779,366
772: 696,139,181,15,330,347
773: 415,919,437,740,560,55
774: 18,512,561,834,719,611
775: 960,277,797,365,986,981
776: 505,449,185
777: 232,279,833,462,706,435
778: 847,308,362,579,474,122
779: 106,366,788,543,447,771
780: 971,458,102,920,169,89,826
781: 233,123,815,1019,956,468
782: 953,319,348,125,888,188
783: 193,302,966,451,416,989
784: 848,30,457,968,467
785: 449,701,100,220,942,428
786: 712,205,977,259,392,50
787: 110,870,179,508,694,657
788: 130,106,729,779,366,149
789: 354,250,743,69,473,932
790: 415,447,771,173,560,491
791: 503,92,281,613,617,77
792: 355,851,965,189,814,466
793: 858,404,296,202,6,711
794: 334,350,755,320,573,649
795: 662,496,747
796: 90,145,501,513,393,39
797: 960,323,775,140,365,566
798: 398,8,679,988,57
799: 231,146,309,818,608,767
800: 288,237,622,639,808,769
801: 431,531,539,131,676,373
802: 439,251,300,629,805,975
803: 408,959,967,519,635,660
804: 264,44,595
805: 439,251,568,55,802,919
806: 164,855,59,681,378,394
807: 52,499,1023,959,364,972
808: 33,906,506,769,800,288
809: 426,436,837,526,305,916
810: 458,102,421,643,675,758
811: 854,448,178,86,547,13
812: 939,46,289
813: 393,39,41,1024,673,558
814: 189,1004,25,757,466,792
815: 233,480,123,642,781,751
816: 172,348,125,422,1006,699
817: 488,838,707,405,867,252
818: 200,231,394,146,799,663
819: 229,741,570,937,107,336
820: 240,242,1017,881
821: 209,625,934,992,379,86
822: 76,160,858,278,282,723
823: 188,74,244,656,897,54
824: 310,37,637
825: 432,38,623,95,690,382
826: 248,169,89,631,636,780
827: 637,230,615,167,565
828: 931,328,962,114,22,253
829: 470,401,559,733,913,234
830: 40,472,427,100,505
831: 735,996,383,440,1018,687
832: 481,134,849,28,57,318
833: 232,156,732,462,531,777
834: 908,512,42,77,719,774
835: 363,181,576,307,222,661
836: 483,847,109,474,906,506
837: 29,229,436,809,159,305
838: 817,488,695,190,281,613,405
839: 242,881,30,507,901,840
840: 901,247,839,30,467
841: 633,271,114,463,931
842: 184,128,280,880,1000,41
843: 502,869,455,920,591,169,58
844: 108,313,557,459,950,175
845: 395,4,1013,627,410,180
846: 304,1013,627,145,890
847: 308,109,728,778,836,474
848: 646,0,30,269,784,968,517
849: 134,832,442,445,318,705
850: 210,80,295,24,444,534
851: 355,246,324,792,965,975
852: 250,441,36,473,574,862
853: 143,218,714,325,34,745
854: 379,86,811,13,389,543
855: 321,164,947,806,59,952
856: 53,332,438,286,604,514
857: 990,174,698,434,12,722
858: 404,793,711,160,822,282
859: 980,958
860: 293,603,237,639,150,352
861: 82,294,612,866,129
862: 297,329,552,574,441,852
863: 940,183,93,941,18,512,369
864: 79,166,549,606,374
865: 157,249,937,311,107,567
866: 135,129,861,294
867: 413,252,594,21,817,707
868: 201,495,748
869: 455,644,843,58,658,367
870: 110,787,27,694,891,938
871: 341,575,372,736,144,896
872: 273,316,60,335,216,620
873: 275,368,475,256,710,682
874: 190,895,535,116,515,695
875: 270,658,474,906,227,579
876: 464,91,56,626,1015,540
877: 40,472,717
878: 569,235,218,714,728,492
879: 333,105
880: 753,391,558,280,842,41
881: 242,400,1017,646,839,820
882: 35,417,401,559,619,126
883: 268,81,243,598,973,948
884: 666,370,534,924,493,999
885: 168,53,274,697,438,545
886: 223,330,609,342,347,725
887: 7,147,593
888: 188,244,323,306,348,782
889: 354,250,616,441,509,70
890: 688,78,513,846,145
891: 68,927,486,450,110,870
892: 359,744,326,83,527
893: 153,390,664,186,587,465
894: 992,444,547,171,546,295
895: 503,224,874,190,281,535
896: 144,101,536,199,871,736
897: 656,823,349,533,54
898: 17,738,120,112,718
899: 219,284,420,1016,497,3,577
900: 904,1005,14,464,254
901: 375,737,507,247,840,839
902: 97,278,905,701,929,220
903: 665,215,396,918,19,537
904: 1005,900,327,518,14,572
905: 902,97,278,255,596,282
906: 270,474,808,33,506,875,836
907: 191,481,134,264
908: 405,42,356,77,834,613
909: 395,304,1013
910: 4,410,245,949,633,463
911: 387,310,923,124,670
912: 508,217,461,233,956
913: 113,334,350,234,829,401
914: 376,634,15,490,1008
915: 333,105,640,61,5,951
916: 123,1019,305,746,208,426,809
917: 292,165,1002,765,343,43
918: 215,396,84,903,752,239
919: 117,773,560,251,55,805
920: 780,102,591,843,169,58
921: 290,81,654,457,467,650
922: 275,226,682,61,5,414
923: 387,911
924: 370,120,63,884,493,494
925: 302,73,137,966,693,720
926: 953,319,582,265,985,201
927: 68,891,138,450
928: 71,468,440,225,1018,746
929: 427,677,723,220,902,278
930: 103,997,200,231,498,724
931: 328,418,641,828,841,114,463
932: 326,69,550,266,743,789
933: 338,108,313,104,48,399
934: 1004,25,209,625,491,821
935: 35,417,580,759,380
936: 291,115,520,648,587,760
937: 311,107,865,29,229,819
938: 715,486,182,870,27
939: 812,730,289
940: 328,93,941,962,863,386
941: 940,328,1007,183,641,863
942: 205,428,766,259,701,785
943: 262,362,131,631,676,322
944: 202,6,88,293,119
945: 297,383,70,581,687
946: 96,524,191,442
947: 321,164,312,997,768,855
948: 459,703,883,243,94,973
949: 500,1024,910,245,418,463
950: 175,965,313,844,425,189
951: 915,653,333,586,5,64
952: 59,961,8,321,855
953: 319,582,782,125,659,926
954: 510,413,252,588,42,356
955: 296,542,551,275,226,475
956: 233,781,735,912,461,468,440
957: 154,204,986,423
958: 859,980,357,388,82
959: 1023,967,803,364,635,807
960: 277,244,323,656,775,797
961: 952,28,57,321,476
962: 940,328,828,368,22,386
963: 527,44,550,132
964: 65,377,489,163,555,669,283
965: 246,950,175,851,792,189
966: 302,783,693,925,451
967: 9,1023,959,519,756,803
968: 2,338,457,517,848,784
969: 285,647,419,95,307,222
970: 371,537,85,9,446,215
971: 780,458,206,556,89
972: 284,993,497,364,52,807
973: 557,650,81,883,459,948
974: 492,390,478,618,664,702,553
975: 251,300,802,355,324,851
976: 982,329,192,564,638,182
977: 292,1011,590,392,50,786
978: 314,118,577,569,235,3
979: 174,460,261,698,208,426
980: 859,357,958,10,380
981: 986,423,91,671,365,775
982: 976,192,155,182,23,27
983: 7,147,424,621,689,504
984: 990,20,203,301,568,443
985: 265,74,319,926
986: 204,957,981,423,277,775
987: 212,224,276,571,45,346
988: 481,595,57,398,798
989: 416,420,1016,87,193,783
990: 984,174,203,857,722,443
991: 162,32,303
992: 86,894,547,171,209,821
993: 75,416,284,1016,972,52,750
994: 172,299,659,75,693,451
995: 712,205,187,530,766,337
996: 831,192,155,552,735,383
997: 103,164,312,947,930,200
998: 197,452,388,619,126,554
999: 493,456,651,24,884,534
1000: 41,673,257,184,249,578,842
1001: 385,518,14,764,575,372
1002: 292,325,165,339,1011,917
1003: 38,690,171,315,610
1004: 25,814,934,466,491,173
1005: 904,900,572,464,194,626
1006: 422,487,750,172,816
1007: 183,418,941,641,500,684
1008: 285,490,207,139,15,914
1009: 384,614,754,195,1021,482
1010: 187,428,600,766,185
1011: 292,339,1002,977,163,283,50
1012: 406,419,645,704,432,148
1013: 395,304,627,845,846,909
1014: 521,165,343,288,622,483
1015: 84,540,752,254,464,876
1016: 416,284,420,993,899,989
1017: 400,881,240,820,484
1018: 440,225,340,687,928,831
1019: 123,781,916,468,746
1020: 85,341,538,736,446,66
1021: 317,669,195,98,1009,754
1022: 246,498,324,703,103,94
1023: 9,959,967,371,807,499
1024: 39,949,430,500,813,673,245