0: 269,1057,1126,704,1167,1336,298
2: 457,650,1198,968,1029,2019,338,1486,1565
3: 577,2029,1203,1585,569,1116,1696,978
4: 180,633,1264,1698,749,1729
5: 653,915,951,1245,1441,1531,1681,1727
6: 944,1254,202,793,1270,1861,1889
7: 147,1919,1495,1568,1174,424
8: 177,679,1572,1691,1952,1669,59,952
9: 967,371,1482,1639,970,1964
10: 380,680,2033,1089
11: 1032,1180,691,662,1210,1962
12: 434,857,1592,722,309,1831,608,1154
13: 389,1286,1307,1490,708,628,2030
14: 900,254,1052,1359,1360,1688,1704
15: 725,914,1506,1515,772,1934,330
16: 203,672,583,2032,1692,1701,1762,1938
17: 898,1944,1113,1169,1354,1835,1066
18: 369,512,1038,1200,1278,1975,1550
19: 2025,699,665,903,1168,1337,537,422
20: 203,522,2032,1436,301,984,1227
21: 867,707,594,433,1465,1560,1995,1137
22: 368,414,2011,1114,1779,253,1073,1466
23: 2014,694,1784,155,27,1231,1390
24: 999,534,651,1185,1300,448,850,1181,1908
25: 757,1600,1158,1774,1004,814,1940,1620
26: 267,187,662,1108,1996
27: 23,2014,694,870,182,2015,1846
28: 1916,2037,1366,1419,1508
29: 311,2044,1056,1134,1841,937,1745
30: 2047,784,646,848,1422,1845,1455
31: 462,544,1105,1148,1362,1430,2030
32: 991,303,1289,1404,1410
33: 1695,1657,1325,270,367,516,906
34: 853,489,163,325,1628,1743,1773,1703
35: 357,619,1836,1453,1498,1806
36: 152,1634,1706,1844,403,1960
37: 637,1900,615,1720,1898,1823,363
38: 1003,171,1094,1467,1911,1589,1744
39: 1024,1132,1265,1647,1913,2036,245,90
40: 830,1555,1684,1947
41: 393,558,813,1548,1357,1728,673
42: 510,1038,1258,356,1638,954,1372
43: 674,119,343,1188,1539,1761,1861,1928
44: 1776,963,1075,1686
45: 535,1069,1358,1789,1820,345,1771
46: 614,477,1242,1894,1090,1445
47: 146,402,1368,1667,1924,340,592
48: 313,1907,1438,399,933,1140,690,1971
49: 322,676,1393,1988,1423,1537,1597
50: 977,1011,786,1472,1544,2002,712
51: 138,727,450,1030,1554,580,1277
52: 487,1037,1429,1483,807,1653,993
53: 607,332,856,1053,1170,1238
54: 74,1191,1329,823,897
55: 805,301,919,437,1802,1227,1260,1317,773
56: 621,479,1261,1334,1699,626,876,1087
57: 798,1952,988,1660,1508,961,1916
58: 843,869,1088,1157,1683,2001,169,1551
59: 952,855,1631,177,8,1572,1691
60: 316,1063,1626,331,1792,1813,421,758
61: 915,1441,1727,1868,226,640,532,1401
62: 1166,1534,1330,371,499,2025,537
63: 1756,575,1096,1205,1724,924
64: 951,1297,1328,1681,529,1770,586
65: 964,669,1115,1886,1244,1879
66: 668,736,1948,756,1253,1458
67: 347,1402,1816,1435,696,1512,1951
68: 486,938,1959
69: 1963,1706,1798,326,1598,473,1582
70: 889,441,2004,1035,945,509,2026
71: 208,1076,1641,1702,1718,1071,1475,746
72: 722,1131,1769,1797,1847,443
73: 720,1347,1976,1811,1505,760,303
74: 54,985,1191,1479,823,1369,1977
75: 1237,1006,1353,1992,994,172,1772
76: 723,214,1997,1097,1694,1860
77: 908,834,1068,1389,1829,2000,719
78: 688,890,734,1644,1851,2007
79: 166,864,241,2012,1752
80: 1731,2021,490,850,1607,534,1247
81: 1299,1083,1198,1866,883,268,1858
82: 197,388,1048,1781,294,1748,1183
83: 1804
84: 540,1015,1273,1865,1939,752,1397
85: 446,538,1020,1458,1656,1887,1945
86: 811,1209,1398,1897,992,821,1778
87: 664,219,553,1228,1421,1675,1859,1990
88: 293,2023,1106,1254,1321,1664,1830
89: 826,780,1211,1447,971,1974,2027,1129
90: 245,1522,2036,1872,1301,1132,39
91: 365,981,1046,1087,1202,1699,1236
92: 503,1502,1041,212,1678,1280,1736
93: 863,386,1323,1494,940,962,713
94: 243,1120,1517,1581,312,1850
95: 382,419,825,623,1606,647,1651,1576
96: 946,1734
97: 902,1529,1707,1768,905,1987,596
98: 153,1828,1886,585,618,1244,1862
99: 685,737,1883,1722,445,1291
100: 830,505,427,1411,1885,220,1834
101: 199,896,536,732,1322,1384,1388,1635
102: 458,920,591,1085,1212,1279,1561,1580
103: 498,1022,930,2048,1850,1391,1854,1583
104: 1864,399,1981,148,1140,1794
105: 915,1294,1531,640,1877,1966
106: 379,543,389,1061,1487,1953,1296,1490,1573
107: 819,336,865,1986,1117,1444,1763
108: 844,1608,1907,557,1029,2019,1486,1614
109: 2022,847,836,1194,483,143,1230
110: 657,1277,787,2038,1077,1554
111: 769,1025,1137,1257,1636,433,1465,516
112: 898,327,718,1169,1382,1672
113: 1818,1931,133,1426,1610,1721,913,350
114: 828,253,1466,1612,1128,1235,1451
115: 936,1888,520,1145,1272,1445,1755
116: 874,1358,1424,345,1807,1616,515,136,1190
117: 466,251,1383,1809,919,1135,1549,1750
118: 577,1857,2029,158,1983,1585
119: 674,43,343,1539,1861,652,944,1255
120: 1756,924,738,370,1891,1213
121: 1749,721,213,1951,670,1717,1392,1402
122: 196,1597,1735,314,1783,1331,1405
123: 305,916,1019,1275,1380,1559,1287,1452
124: 589,1417,1509,1593,1697,1435
125: 659,172,1764,1365,1237,816,782
126: 1818,554,1931,1067,1751,619,882
127: 406,1874,1319,1824,298,269,1126,1788,565
128: 755,280,1074,1463,1917,1921,1378,1471
129: 605,1124,1936,170,272,1133
130: 2031,643,149,788,1946,1232,1812
131: 248,631,1497,943,676,1613
132: 266,1578,1838,1075,1189,1686
133: 113,1426,1520,1721,755,280,391
134: 907,1155,1725,481,832,1201,1660
135: 272,734,866,1133,1644,1801
136: 515,1190,1596,1807,116,1941,591,1616
137: 693,1965,299,495,1119,1146
138: 51,727,450,1967
139: 1008,285,1648,1934,2018,772,1825,222
140: 365,797,540,1046,1805,1865,2020
141: 1111,1333,1386,384
142: 257,684,578,611,1975,1373,1550
143: 483,1230,1775,1703,2022,109,714,1979
144: 2017,896,536,1322,601,1205,871,1833
145: 513,1872,1060,1301,1579,796
146: 1969,663,818,402,47,1368,1892
147: 887,7,1415,1919,1972,983,424,1361
148: 432,1958,1140,1794,1795,104,1981
149: 130,2031,624,643,1232,1315,206
150: 860,603,1106,1560,2045,1896,761,352
151: 223,609,1902,1749,1251,1392,1274,397
152: 726,632,36,1219,1634,1706,1798
153: 195,98,186,1240,1828,618,1800,1150,1493
154: 689,1306,1711,1840,1050,504
155: 23,461,1784,1390,996,1843,735
156: 539,1863,531,361,1033,1507,833,1138
157: 1978,578,611,1045,1587,561,1763
158: 577,118,497,1983,1733,1803
159: 320,649,2044,1159,1985,751,305,1380
160: 711,541,1324,485,1187,2009,858,1997
161: 731,271,1065,1312,1770,344
162: 1218,1381,991,1410,1943
163: 34,489,1646,1244,1628,1743,1879,283
164: 806,394,200,1714,997,1220,1288
165: 521,1356,1540,1775,1920,917,1002
166: 79,864,241,469,1221,1342,1853
167: 827,1900,1878,565,1874,1720,1855
168: 409,274,1177,1914,1881
169: 636,1974,1551,920,1683,1580,58,843
170: 605,129,1124,272,501,1127,1059
171: 315,1003,38,209,1094,1158,1467,1984,1744
172: 659,994,125,1160,1237,75
173: 491,1004,1310,1469,1601,466,1809
174: 2035,1320,1344,1641,1930,460,1313,1425
175: 950,844,965,1352,1608,1677,459
176: 584,453,1521,1826
177: 266,679,8,1271,1525,1572,59
178: 1564,1239,1286,448,763,708,1248,1906,2030
179: 1104,1385,508,1530,217,1541
180: 4,1207,1698,1719,749,1623
181: 576,835,2018,696,1304,1512,1690,1825
182: 1846,1849,2003,1839,982,2014,27
183: 1880,1278,1373,1550,1034,1968
184: 842,567,1504,1917,1921,1000,249,1197
185: 428,1387,2028,449,1250
186: 153,1240,2040,1150,648,482,477
187: 1010,2042,267,26,1108
188: 244,823,1093,1130,1233,1977,1998
189: 1144,1406,1285,1433,1774,814
190: 281,895,1153,1249,1424,613,1058
191: 1155,1457,1725,1918,2010,442
192: 552,976,1172,1815,1843,982,2003,1390
193: 302,1347,1439,1193,1295,465,291,1617
194: 626,353,1206,1476,1673,479,1118
195: 1021,669,153,1240,1513,1828,482,1224
196: 122,1423,1597,1709,314,1783,1857
197: 82,388,1048,1107,998,1808
198: 411,644,455,1524,1932,1208,1566
199: 101,896,1226,1322,1384,1659,263,1948
200: 394,164,997,1220,1054,1526,1288
201: 265,868,1999,495,1290
202: 6,1254,1321,296,793,1889
203: 16,20,2032,1425,1436,1938,1930,984
204: 349,1243,1427,957,1621
205: 942,259,1662,1461,1472,1485,1622,995
206: 458,1085,1129,643,149,1315,556,971
207: 1008,285,599,647,1043,1143,1370,1648
208: 71,979,1076,1641,1702,426,1574,1619
209: 315,1600,171,1094,1158,992,821,1984
210: 490,599,1370,1767,295,1925,1607
211: 353,572,545,1673,697,1568,1732
212: 1780,678,1678,570,1280,1303,92
213: 1749,121,1251,1682,1717
214: 723,717,677,76,1215,1645,1694
215: 918,239,1434,1481,1656,1887,1945,1884
216: 872,1049,1302,1602,522,672,1701,1553,620
217: 233,912,1142,1339,508,1440,179,1541
218: 745,1590,1773,492,702,1759
219: 87,553,1203,478,1116,1696,1791,1990
220: 701,785,1459,1834,1876,427,100,1885
221: 415,366,331,1152,1403,1666,1837,1875
222: 2018,1890,1825,969,285,1648,139
223: 886,609,1535,1902,1923,151
224: 503,535,895,1041,1625,1069
225: 1071,928,1018,592,1643,1592,1718
226: 955,551,1311,1086,1868,61,1441,532,1269
227: 875,1088,1157,1446,262,1351,1873,579
228: 634,376,528,1100,1835,666,738
229: 819,937,1442,1796,1056,1134,741,258,436
230: 1136,1878,827,1263
231: 767,799,1627,1054,724,1526
232: 407,706,833,777,1138,1282,1528,2006
233: 217,781,912,1799,1142,1538
234: 334,480,733,1842,1229,1536,1730
235: 569,878,1262,1545,1871,978,728,1109
236: 588,2045,1896,1893,1070,1418,413
237: 293,652,1255,1830,622,1909,1546
238: 762,705,1184,1937,1904,654
239: 215,918,1887,1945,752,1710,1397
240: 1017,1949
241: 166,79,1221,1877,1966
242: 820,881,1078,1332
243: 94,883,973,1120,1517,598,1712
244: 888,188,323,1130,1998,1758
245: 410,910,1522,90,949,1132,39
246: 851,792,1318,1954,1882,965,1352
247: 901,840,1091,467,1196,1454
248: 631,826,131,1211,1447,1497,1510,943
249: 1197,1225,1587,1912,184,567,1917,1921
250: 354,889,789,473,1080,1309,1371,1582
251: 355,975,117,1308,1383,1135,1549
252: 867,1164,1222,1399,1162,356,1437,954
253: 828,1466,114,1235,22,414,1779,653
254: 464,14,1939,752,1710,1359,1704,1015
255: 404,1987,596,454,1470,1928
256: 548,1896,761,1070,1396,1489,700,1747,1664
257: 142,1000,684,578,1197,1373,1624
258: 741,1780,678,1363,1637,436,526,229,1442
259: 205,942,1529,1605,1662,1768,1461
260: 580,657,742,1277,1713,1665
261: 426,1409,979,2035,1313,1341,1305
262: 636,631,1351,1510,1873,227,943,1993,362
263: 199,732,1226,1384,1863,361,1507,1408
264: 907,481,1500,1705
265: 201,1290,1345,1571
266: 177,679,132,743,1525,1578,1838
267: 1010,187,26,1996,1599
268: 883,1858,1640,1712,81,1299
269: 646,0,562,1057,1126,1788,1901,127
270: 658,367,1098,906,1695,33,1726
271: 731,841,161,1128,1312,1729
272: 135,734,1133,1851,129,170,1059
273: 872,1049,1063,1626,331,1152,1403,620
274: 409,593,697,168,1177,1495
275: 922,682,873,1086,1182,1868,955,1395
276: 571,683,987,346,525,583,1241
277: 960,775,656,986,1026,1243,1427
278: 282,905,1216,1335,1577,902,1876
279: 435,777,1307,1790,462,628,1430,2030
280: 755,128,1463,1570,391,133
281: 503,1502,190,895,1249,613,791
282: 278,905,1216,1335,1987,1533
283: 1544,2002,1646,163,1879,964,555
284: 2034,1595,993,972,1346,1483
285: 969,207,1143,1648,1651,139,1576,1890,222
286: 655,1944,1169,1382,1814,1680
287: 1199,586,529,1915
288: 506,1014,1123,1540,800,808,1246
289: 939,730,1942,1272,1445,1242,1894
290: 467,1196,1556,739,1937,654
291: 936,1888,760,1617,587,302,193,1347
292: 590,977,1011,2005,1496,1787,339
293: 860,88,1106,1255,1830,237,1909,1546
294: 958,1543,1655,1748,1848,861,82,1781
295: 894,444,1925,546,1607,1895,210,1767
296: 793,1027,1281,1311,1414,542,1321,202
297: 441,1080,1676,862,1035,1364
298: 406,127,1319,0,1126,1788,704
299: 582,1160,1204,2041,693,137,495
300: 498,1867,1217,1292,1391,1933,324,802
301: 55,437,1802,1227,522,20,1553
302: 925,966,193,1347,1439,1811,291
303: 32,1404,1410,720,73,1505,1218
304: 1569,846,909,1013
305: 123,837,809,1275,1380,1559,159,1985
306: 665,1047,1337,348,888,323,1852
307: 661,1176,1326,1765,835,1832,1890,969
308: 728,847,778,1783,1109,1331,1685
309: 722,608,1154,1627,1689,1797,12
310: 923,1509,1593,1823,824
311: 29,573,1912,1532,1841,567,937,865,1745
312: 1850,1854,1629,1462,94,1120
313: 425,48,1677,1907,1438,933
314: 196,122,1783,1109,1857,2029,1871
315: 757,1003,610,171,209,1158
316: 686,60,335,1063,1195,1626,1813,421
317: 377,1099,1210,1962,669,1115,1668
318: 849,1980,705,1904,1760,1366,1419
319: 1369,953,926,985,1345
320: 794,649,159,2044,1159,1985,1532,1841
321: 961,1036,1547,947,952,855,1112
322: 943,1993,49,676,1423,1537,1597,1735
323: 888,244,1130,1047,1062,306,1758
324: 975,851,1308,1933,1954,300,1292,1391
325: 853,34,1448,1628,1743,1356,1775,1703
326: 550,1376,1963,69,932,1598
327: 655,718,112,1382,1672,904,1420,1611
328: 828,962,1950,1073,1466,1786,1594
329: 1514,862,976,1815,638,574,1141
330: 1816,1817,1910,772,1934,725,15
331: 221,1152,1875,60,1626,273,1946,1792
332: 607,397,53,1238,770,1348
333: 951,1294,1328,1531,692,879
334: 234,642,1842,1092,1229,1298,1491
335: 709,316,1820,872,345,1063,1195,1302,1602,1771
336: 617,107,1117,1303,1375,1444,1763
337: 712,530,1428,1501,2043,1485
338: 517,2019,1486,1503,1565,1614,968,2
339: 292,1496,1787,765,1002,1448,1628
340: 687,592,1643,581,47,1667,1924
341: 372,1340,871,2017,1377,764,1473
342: 886,1535,1910,725,602,1066,1175,1113
343: 43,119,1539,652,1255,1125
344: 161,1065,1312,1623,412,1754,1915
345: 686,335,1195,1807,1771,45,1358,116,1616
346: 276,571,987,2039,1241,1625,1789
347: 67,609,1402,1816,1817,1923,696
348: 888,782,1122,1852,1998,1652,306,1365
349: 204,1427,1856,533
350: 913,1092,1491,113,1610,1721,1632,1378
351: 601,763,456,1105,1388,1827,536
352: 1137,1151,1546,1560,2045,860,150
353: 194,211,1174,1206,1673,1568,1118
354: 789,250,1371,1723,1271,1737,616
355: 975,251,851,792,1383,1693
356: 908,1437,1638,1829,954,42,252
357: 35,380,1453,1498,958,980,1089,1183
358: 730,1218,1381,1505,1272,1755
359: 1963,726,1219,1798,1740,1103,1376
360: 764,1052,1710,1359,538,1473,1945
361: 539,1863,408,156,1716,1033,1276,1408,263
362: 1993,1735,262,1351,1658,579,1405
363: 1832,1782,37,615,661,1898,381
364: 807,959,635,497,972,1803,1483
365: 91,140,797,540,1046,1202,1805
366: 221,771,1666,1875,779,1946,1573,1812
367: 270,658,1267,1819,516,1657,33
368: 22,2011,873,1081,1114,1355,1779,1073
369: 863,512,18,1038,1258,1278,1494
370: 1314,1903,1929,1100,738,120,924
371: 9,499,1639,970,1964,1330,1434,62
372: 575,1001,1205,1340,871,341,2017,764
373: 539,408,1033,1256,1480,1393,1537,660
374: 1443,606
375: 507,1139,1869,1186,1468
376: 725,602,228,634,528,1506,1835
377: 317,555,1099,1428,1501,964,1115
378: 1271,1572,616,1631,2008
379: 811,854,543,106,1061,1209,1398,625,1618
380: 357,10,1400,1498,680,980,1089
381: 1898,589,1509,1304,363,1782
382: 95,825,1349,1911,647,1651,1589
383: 552,1035,1364,1604,2046,831,1268,1739
384: 523,1700,1708,141,1111
385: 1756,1350,518,1724,718,1891,1672
386: 93,1323,940,962,1950,713,710,1081,1114
387: 911,1163
388: 197,82,1748,1183,998,1751
389: 854,13,106,1061,1286,1307,1490
390: 1822,1800,664,553,1421,1493,1738,974
391: 880,280,1463,1570,753,133,1520
392: 590,977,786,2005,1519,1529,1662,1707
393: 813,1647,41,1913,1149,1548,1575
394: 806,164,200,681,2008,1220,1567
395: 1214,1719,1044,1207
396: 665,566,1082,1168,1884,1865,2020
397: 332,514,1238,770,1902,151,1274
398: 798,988,1669,1766,1686,1838
399: 1864,104,933,1503,1614,48,1140
400: 562,1332,1588,1901,881,1017,1234
401: 913,829,1842,1687,882,1931,1610
402: 1969,663,146,2026,47,1667
403: 574,1141,1973,36,1634,1844
404: 255,1121,1987,1533,1889,1470,1270
405: 613,1437,1557,1058,817,838,1162
406: 645,563,1874,127,1319,1012,1824,298
407: 232,706,556,1460,1477,1528,2006,2027
408: 373,361,1716,1033,1379,1480,803,1542
409: 274,168,1177,1492
410: 845,910,245,1264,1522,1698
411: 502,198,695,455,1190,1449,1524
412: 1754,1719,1623,344
413: 867,594,1164,1222,236,1893,1418
414: 22,922,1779,253,1235,653,1245
415: 221,560,771,790,1343,1666,1837
416: 783,1284,1374,750,1992,1772,451
417: 1836,1511,1687,882,559,1713
418: 1007,500,1431,1663,1558,641,1223
419: 95,1606,1795,1609,1765,1326,969,1651,1576
420: 1016,1595,1741,1791,1859,1990,899,1203,1346
421: 1813,675,810,1212,1616,686,316,60,1195
422: 2025,699,19,1652,816,1166,1562
423: 1306,1621,1711,671,981,1236
424: 983,1118,1361,1174,147,7,1919
425: 950,313,1144,1677,1406,1438
426: 916,809,261,1409,1574,1619,1777,208,979
427: 830,100,1411,929,677,220,1834
428: 1387,185,1413,1982,1459,449
429: 476,2037,598,1419,1640,1712,1904
430: 1265,1432,1674,673,813,1624
431: 1138,1460,1528,1497,801,531,1613
432: 1958,148,623,1606,1794,1795
433: 707,21,1208,1465,1995,644,111,1257,1636
434: 857,698,12,1592,1702,1718
435: 706,777,279,1477,1179,2006,729,1790
436: 741,258,1637,526,1796,1040,229
437: 301,55,1802,522,1553,740,773,1403,620,1049
438: 1053,1170,655,1814,885,1732,1914
439: 802,443,805,568,1260,1615,629,1847
440: 468,956,1650,1051,1367,1757
441: 889,297,1080,70,1676,2004,1035,945
442: 191,1457,1918,946,1980,1102,524
443: 439,568,984,72,1131,1847,990,1436
444: 295,850,547,1925,1178,1181,1908,1895
445: 1102,1184,1291,524,99,1722
446: 85,970,1964,1253,1458,1656,1887
447: 1259,1293,1618,771,779,543,1487
448: 1181,1564,1416,178,24,651,1248
449: 1250,1252,1459,1885,428,185
450: 138,51,1077,1450,1554,1967,1277
451: 966,1079,783,416,2041,1772
452: 1107,1327,753,1520,1808
453: 176,1826,1412,1633
454: 1470,1165,1928,255,596,590,1519,1707
455: 502,411,198,1190,1524,1584,1932,2001
456: 601,763,351,1105,1148,1935,493,1827
457: 921,650,1028,1198,968,1955,2
458: 810,102,758,1085,1129,1212,206,643,1232
459: 703,948,1156,1192,175,1352,1608
460: 1313,1425,1762,1938,174,2035,1930
461: 1784,155,1440,996,735,1650,1339
462: 544,31,1362,1430,777,279,1282,1793
463: 949,1663,1558,910,633,1264,1630
464: 1939,254,1704,1671,1261,876,1015
465: 1228,1394,1193,1675,193,1617,587
466: 117,1285,1383,1693,1809,173,1469
467: 921,290,1028,1196,1454,1556,247
468: 956,1742,1101,1538,440,1051
469: 166,485,1187,1221,1269,1342,1401,541
470: 657,559,742,1104,1385,1464,733
471: 1989,1991,680,1488,1810
472: 1411,1516,1684,717,677,1645
473: 852,250,1309,1582,1960,69,1706,1798
474: 847,778,1031,1658,1685,1726,579,875
475: 1281,1395,542,1489,700,1182,1747,2023
476: 429,768,2037,598,1036,1547,1712
477: 482,46,614,1064,186,648,1090
478: 2013,1116,1262,1696,974,1822,219,553
479: 56,621,1261,1118,1334,1361,194,626
480: 234,642,1229,1730,815,1799,1142
481: 907,134,264,1201,1705
482: 477,1064,1224,195,186,1240
483: 521,506,143,1230,2022,836,109
484: 1949,1136,1234,1878,562,565
485: 469,1187,1342,160,2009,1997,1097
486: 68,715,938,1412
487: 52,1037,1166,1353,1429,1478,1534,1562
488: 695,1449,1524,817,2016,838,1566
489: 34,163,745,1244,1743,1773,1879,585
490: 210,1043,1370,1607,1731,1905,80
491: 1004,1961,173,1259,1293,1310,1601,1620
492: 2013,702,878,1262,1759,974,218
493: 1935,2024,999,1185,1827,1903,456
494: 1096,1205,1833,2024,1827,1929,601
495: 868,201,1119,1290,582,299,137
496: 795,1642,1333,1386
497: 577,158,972,899,1346,1803,364
498: 103,1022,300,1292,1391,1583,1591
499: 371,1023,1639,1653,1330,62,1429,1534
500: 1024,418,949,1431,1432,1663,1674
501: 716,1127,1149,1575,605,1654,170
502: 411,455,1190,1584,1596,1523,2001,591
503: 1502,224,281,895,92,1041,1678
504: 671,1110,1922,154,1306,1050
505: 830,100,1555,1885,1055,1252
506: 483,521,288,1123,1230,1540,1994,836
507: 839,901,1078,1139,1869,375
508: 1231,1440,1530,179,217,1541
509: 1969,2026,1266,70,2004,1723
510: 42,1258,1323,1494,954,1372,1518
511: 605,612,1048,1107,1124,1327,1654
512: 369,18,1038,1200,834,774,1638
513: 688,145,1059,1060,796,1127,1575
514: 397,856,604,1175,1238,1535,1902
515: 136,1190,1449,1596,874,1424,116
516: 367,1267,1819,644,111,1657,1257,1636,33
517: 1864,338,1845,1167,1336,1503,1565
518: 385,1350,1672,1611,1926,900,1360
519: 967,1482,1542,756,1276,1379
520: 936,648,1888,115,1090,1145,1272,1445
521: 483,506,165,1230,1356,1540,1775,1920
522: 672,20,2032,1701,1553,301,437,216
523: 614,384,1242,1708,1715
524: 445,1102,946,442,1722
525: 276,683,1341,1305,583,1241,1313,1762
526: 258,1341,1637,436,1040,1409,1777
527: 1821,1804,550,1103,1189,1376
528: 228,376,1100,1835,738,1213,1354
529: 1065,1770,1915,64,287,586
530: 691,337,662,1108,1501,2043
531: 539,801,156,1256,431,833,1138
532: 640,1269,1401,61,551,226
533: 897,1283,349,1329,1856
534: 24,884,1247,1300,850,1607,80,2021
535: 224,874,895,45,1069,1249,1358
536: 144,101,896,601,351,1388,1635,1833
537: 2025,19,903,1330,1434,1481,62
538: 85,1020,1473,1887,1945,360,764
539: 801,373,531,361,156,1033,1256
540: 365,140,84,1046,1015,1456,1865
541: 711,551,160,1027,469,1187,1269
542: 296,475,1281,1395,700,2023,1321
543: 379,106,1061,447,1618,1487,1953
544: 462,31,1105,1148,1362,1388,1635,732
545: 211,572,1420,1673,655,1732
546: 295,894,1744,1895,1767,1589
547: 444,1178,1181,1908,1778,1895,1416,1897
548: 588,713,256,710,1070,1396,1518
549: 606,1097,1215,1694,864,1853,1443
550: 527,326,1189,1376,932,1578
551: 955,711,541,226,1027,1311,1086,532,1269
552: 192,862,383,1172,1364,1604,1815
553: 1822,390,87,219,1421,478,1696,1990
554: 1818,126,998,1067,1426,1520,1808
555: 377,1428,283,1544,2002,964,1115
556: 407,706,1477,1315,1129,206,971,2027
557: 844,108,1608,1029,1156,1746,1486
558: 41,1149,1407,1548,880,1357,1570
559: 470,742,1464,1713,417,1687,829
560: 415,790,1343,1147,1750,1310,1601
561: 1375,1444,1763,157,1045,774,1200
562: 269,400,1788,1901,565,484,1234
563: 645,661,406,1176,1326,1824
564: 638,1141,1521,2003,1826,1839
565: 562,1788,484,1878,167,1874,127,1855
566: 665,396,1047,1062,797,2020
567: 184,1074,1917,311,573,1912,249,1225
568: 439,443,805,984,1227,1260,1847
569: 878,235,1116,1262,1545,1871,978,3
570: 1117,1280,1303,1442,1780,212,678
571: 276,1780,683,987,1363,1637,1678,346
572: 904,211,545,1206,1420,1673
573: 311,1912,1471,1532,1841,567,1074
574: 403,638,1141,1973,1844,1514,329
575: 372,63,1205,1340,1724,871
576: 835,1832,181,1304,1782,1825
577: 3,118,497,158,899,1203,1346,1585
578: 142,1000,257,611,157,1197,1587
579: 474,778,1658,1726,1351,227,875,1446,362
580: 260,1277,51,1030,759,1665
581: 340,687,1268,1643,1739,945,1667
582: 299,1204,1679,926,495,1290
583: 16,2039,1241,1692,1762,276,525
584: 176,1039,1521,1973,632
585: 98,1886,618,702,489,745,1244,1862
586: 287,692,529,64,1328
587: 936,291,1145,1552,1617,465,1394
588: 548,236,1070,1372,1418,1518
589: 124,381,1509,1697,1435,1304,1512
590: 292,977,392,2005,1519,1787,765,454,1165
591: 1941,675,102,920,1279,1683,502,136,1596,1523
592: 340,225,1643,47,1924,1592,1718
593: 274,1495,1919,1927
594: 867,21,1164,1560,413,1995,2045,1893
595: 988,1201,1705,1766,1776,1586
596: 905,255,1987,454,1519,97,1707
597: 1983,1733,1988,1709,660,635,1173
598: 429,768,476,1629,1712,243,883,1120
599: 210,207,647,1143,1370,1767
600: 1010,2028,1785,1599
601: 456,351,1388,2024,1827,494,1833,144,536
602: 725,376,1506,1835,1066,342,1910
603: 860,150,1106,1664,2045,1896,761
604: 514,856,1170,1175,1680,1944,1113
605: 129,511,1124,1654,170,716,501,1127
606: 549,1215,1670,1694,864,374,1443
607: 332,53,1053,770,1881,1348
608: 309,1154,1689,1368,1924,12,1592
609: 347,223,1402,1923,151,1749,1392
610: 757,315,1003,1956,1971,1406,1438
611: 142,578,157,1975,1045,1550,1587,1200
612: 861,511,1048,1124,1781,1936
613: 405,791,1068,1557,1058,1502,190,281,1153
614: 523,46,477,1064,1708
615: 661,1720,37,363
616: 378,1271,354,1371,1723,2008,1266
617: 336,1280,1303,1375,1444,2000,719
618: 98,153,1828,585,1862,1800,1738
619: 35,1836,1453,882,126,1067,1751
620: 740,1403,437,1802,1553,216,1049,273
621: 983,56,479,1110,1118,1334,1361
622: 800,1909,1161,1246,652,237,1014,1125
623: 432,95,825,1349,1606,1794,1956
624: 2031,729,149,1296,1315,1477,1179
625: 934,1961,821,1259,1618,379,1209,1398
626: 194,1206,1476,1671,56,479,1261,1118
627: 845,1522,1899,1301,1579
628: 708,1430,2030,13,1307,1790,279
629: 1042,1769,1847,1217,802,439,1615
630: 1186,1468,1603
631: 262,248,826,131,1510,943,1993
632: 152,1634,1957,584,1039
633: 4,1264,463,1499,1630,841,1729
634: 914,228,376,1100,1506,1731,1905,666,2021
635: 959,364,1527,1753,1173,597,1733,1803
636: 262,169,826,1447,1510,1974,1873,1551,1088
637: 824,37,1263,1316,1900,1823
638: 564,574,1141,2003,1839,976,329
639: 800,769,1909,1025,1137,1151,1161,1546
640: 532,1221,1401,1966,915,105,61,1727
641: 1968,941,1223,1786,1594,1007,418,1558
642: 334,480,1229,1298,751,815,649
643: 130,149,1232,1315,810,458,758,1085,206
644: 198,1932,433,1208,1267,516,1636
645: 563,406,1176,1319,1326,1012,1609
646: 848,269,1057,1422,1588,1901,30
647: 599,207,1143,1767,1651,1589,382,95
648: 520,1090,1145,1552,2040,186,477
649: 794,320,159,1159,642,1298,751,1380
650: 457,1083,1198,2,1029,1746,1486
651: 1935,999,24,448,1181,1908,1248
652: 1255,237,622,1909,1125,119,343
653: 5,1245,1297,1681,253,1235,414
654: 762,238,1937,290,1299,1556,1866
655: 327,286,1382,1814,438,1732,545,1420
656: 960,277,1026,1329,1758,1130,1233
657: 110,470,742,260,1104,1277,787,1554
658: 270,367,869,1098,1157,1446,1819
659: 994,172,125,1084,1160,1204,1679,1764
660: 1393,1988,373,1480,803,1173,597
661: 307,563,615,1176,1832,363
662: 691,530,1108,26,11,1180
663: 1969,818,146,402,1220,1567,1892,681
664: 893,390,87,1228,1394,1421,1493
665: 699,396,566,19,1047,1168,1337,306
666: 228,634,1100,1731,2021,1247,1314
667: 1661,1274,1251,1682,770
668: 66,1226,1948,756,1276,1408,1253
669: 195,964,65,1115,1513,1668,1828,1886,317
670: 721,121,1951,1417,1697,1435
671: 504,1110,1334,1699,981,423,1306
672: 16,522,2032,1692,1701,1938,1553,216,1602
673: 430,1432,1504,1728,813,41,1000,1624
674: 43,119,1470,1270,1761,1861,1928
675: 1941,1813,810,421,591,1212,1279,1616,686
676: 943,322,1993,49,1537,1613,131,1256
677: 723,214,1645,1577,427,472,1411,929
678: 741,1780,212,258,1363,570,1442
679: 266,177,8,1525,1838,1952,1669
680: 471,1991,10,380,1400
681: 806,394,2008,663,1220,1266,1567
682: 922,275,2011,873,1182,1779,1868
683: 276,571,1341,1363,1637,1305,525
684: 142,257,1373,1624,1034,1431,1432
685: 737,99,1883,1468,1603
686: 316,345,1195,1807,1771,675,421,1616
687: 340,831,1018,1268,1643,1739,581
688: 78,513,890,1059,1060,1851
689: 154,1840,1050,1922
690: 1140,1349,1794,48,1956,1971
691: 530,662,1099,1108,1501,1962,11
692: 879,1072,1199,586,333,1328
693: 925,137,1079,1965,299,1160,2041
694: 23,2014,1784,27,1095,1231,870,1530
695: 411,488,1449,1524,1153,1424,1058,838
696: 181,1304,1512,1690,347,67,1816
697: 885,274,1177,1495,1568,1732,211
698: 434,857,1320,1344,1641,1702
699: 2025,665,19,1337,1652,422,1852
700: 256,761,1489,1747,2023,1664,475,542
701: 785,902,220,1605,1768,1834,1876
702: 2013,492,1759,974,218,745,1862,1738,585
703: 459,948,1517,1192,1581,1352
704: 0,1126,1981,1167,1336,1319,298,1958
705: 849,318,1980,762,238,1102,1184,1904
706: 232,435,407,556,1477,1179,2006
707: 2016,433,21,1208,1465,1995,1566
708: 628,1906,2030,13,1564,1286,178
709: 1820,335,1302,1602,1771,2039,1701,1789
710: 548,713,1396,1489,386,1081,1355
711: 541,551,160,1027,1311,1324,1414,1187
712: 337,1428,1485,50,1472,2002
713: 548,710,1518,93,386,1323,1081
714: 878,1545,1759,2022,1194,143,1590,1979
715: 486,938,1412,1846,1849,1633
716: 501,1149,1407,605,1327,1654
717: 214,1215,1645,1670,472,1516
718: 898,327,112,1891,1213,1672,385
719: 77,834,774,1829,2000,617,1375
720: 73,1976,1811,1965,303,1146,1404
721: 121,1163,670,1717,911,1417
722: 309,72,1831,1131,1154,1797,990,12
723: 677,214,76,1645,1860,1216,1577,929
724: 930,1867,1526,1583,767,231,1042
725: 602,376,15,1506,330,342,1910
726: 359,152,1219,1957,1740
727: 138,51,1030,1989,1810
728: 2022,308,1109,1194,1685,235,1545
729: 2031,624,1296,1490,1790,1307,435,1179
730: 939,1381,1942,358,289,1272
731: 161,271,1065,1128,1451,1770,1297
732: 101,1384,263,544,1362,1635,1793,1863,1507
733: 234,1536,1541,1730,470,1385,1464
734: 135,272,1644,1851,78
735: 996,2046,461,155,1757,1650,1339
736: 66,1322,1377,1659,1948,1020,1458
737: 685,99,1883,1468,1869,1091
738: 228,528,1100,370,1213,1354,120
739: 1291,1937,1883,1091,290,1196
740: 773,1343,1403,1837,620,437,1802
741: 678,258,436,1796,819,229,1442
742: 657,470,559,260,1104,1713
743: 266,932,1525,1578,1598,1737,789
744: 726,1740
745: 218,489,1244,1773,1862,702,585
746: 1019,1574,1619,1475,1101,71,1076
747: 795,754,1032,1111,1386,1700
748: 1146,1289,1404,868,1119
749: 1312,1623,1729,180,4
750: 1037,1353,1478,1992,416,2034,1374,993
751: 642,815,1287,1380,1559,649,159
752: 1939,254,1710,1359,1397,239,84,1273
753: 1520,1327,452,880,391,1407
754: 747,1032,1111,1210,1009,1484,1700
755: 128,280,1463,1378,133,1721,1471
756: 1276,668,66,1964,1253,1482,519
757: 315,1003,610,1158,25,1774,1406,1438
758: 1813,810,458,60,643,1946,1232,1792
759: 935,1665,1030,1991,1810,580
760: 291,1505,1888,1755,73,1347,1811
761: 1896,256,1070,700,603,150,1664
762: 238,705,1904,654,1640,1299
763: 456,351,1105,1148,1248,1906,178,1935
764: 360,1052,1688,372,1340,341,538,1473
765: 1002,1165,1188,1761,917,590,1787,339
766: 1010,2042,1387,1622,995,1413
767: 231,1042,1627,1769,1797,724,1867
768: 476,598,1036,1547,1629,947,1120
769: 111,800,639,1657,1025,1161,1257,1325
770: 607,397,332,1238,667,1661,1348,1274
771: 415,366,790,1666,779,447,1293,1601,1487
772: 2018,1690,1934,139,330,1816,1817,15
773: 740,1343,1147,55,919,437,1802,1317
774: 834,719,561,1375,1045,512,1200
775: 960,277,986,1649,1236,1202,1805
776: 1055,1250,1252
777: 232,435,279,1282,2006,462,1430
778: 474,308,1331,1658,1685,579,1405
779: 366,771,1666,447,1487,1573,1812
780: 826,89,1447,971,1974,1129,1561,1580
781: 233,815,1799,1742,1287,1452,1538
782: 348,1122,953,125,1084,1764,1365
783: 416,989,1284,1295,966,451,1439
784: 1028,1454,1955,2047,30,840,1455
785: 701,220,1982,1459,1605,1834
786: 977,50,392,1461,1472,2005,1662
787: 110,657,1104,2038,1095,1530
788: 130,2031,1953,1946,1296,1573,1812
789: 354,250,1371,1582,743,1598,1737
790: 415,560,771,1343,1666,1293,1310,1601
791: 613,1068,1389,1736,1502,281
792: 355,246,851,1285,1318,1383,1433,1693
793: 296,1027,1414,1474,6,202,1121,1889
794: 320,649,1159,1471,1532,1632,1092,1298
795: 496,747,1642,1180,1386
796: 513,145,1872,1647,2036,1127,1575
797: 365,140,1805,2020,566,1062,1649
798: 398,1952,57,988,1669
799: 231,1627,1689,818,1054,1892,1526
800: 622,639,769,808,1909,1161,1246,1325,288
801: 539,531,1256,431,1138,1497,1613
802: 439,1135,1615,300,1217,629,1042,1308,1933
803: 408,1379,1480,660,1527,1542,1753,1173
804: 1500,1586
805: 439,568,55,919,1135,1260,1317,1549,1615
806: 394,164,855,681,1112,1631,1714,2008
807: 959,1023,364,1653,972,52,1483
808: 800,1695,1161,1246,1325,288,1123,1994
809: 305,916,426,837,1040,1275,1777
810: 1813,675,458,421,758,1085,1212,643,1232,1792
811: 854,379,86,1564,1209,1239,1398,1416,1897
812: 1715,1242,1942
813: 393,41,1913,1548,1728,430,1265,1674,673
814: 1940,1469,189,1285,1433,25,1774
815: 781,1799,1287,480,642,751,1559
816: 1237,1006,1562,1652,422,125,1365
817: 2016,838,1399,1995,1162,405,1058,488
818: 663,146,1220,1567,1054,1892,799
819: 937,107,229,1986,1117,1442,1134,741
820: 1171,242,1017,1332
821: 934,625,1620,1600,209,992,86,1209
822: 2009,858,1216,1335,1533,1997,1860
823: 188,1233,1977,1329,54,74
824: 637,1316,310,1823
825: 382,95,623,1349,1606,1911,1651
826: 248,636,631,89,780,1211,1447,1497,1510,1974
827: 1263,1900,167,230,1878
828: 931,253,328,1073,1466,1594,1612,114
829: 913,1842,1536,401,559,1464,1687
830: 40,505,427,100,1411,1555,1684
831: 687,1018,1367,1739,1757,383,2046
832: 1660,1508,1760,134,1725,1366
833: 232,1138,1282,1528,1793,531,156,1507
834: 77,774,1638,1829,719,512,1038,1200
835: 576,1832,1890,181,1825,307
836: 847,109,1031,483,506,1994
837: 305,809,1796,1040,1275,1056,1985
838: 817,2016,1153,405,1058,695,488
839: 2047,507,901,840,1078,1338
840: 839,2047,901,247,1338,784,1454
841: 271,1128,1729,633,1499,1612,1630
842: 184,1357,1463,1504,1570,1728,1921
843: 58,869,1683,1584,1523,2001,169,1551
844: 175,108,1608,1677,1907,557
845: 410,627,1044,1207,1522,1698,1899
846: 890,1579,304,1569,1899,1013
847: 2022,836,474,109,308,1031,1685
848: 646,1057,1422,30,1845,1167,1455
849: 318,1980,705,1760,1725,1918,1366
850: 444,1925,1607,1908,80,534,24,1300
851: 355,246,975,792,1318,1954,324
852: 473,1080,1309,1676,1960,1844,1514
853: 34,325,1590,1979,1773,1703
854: 811,379,389,1061,1239,1286,1398
855: 59,806,952,1112,1631,1714,1572,321
856: 53,514,604,1170,1238,1680
857: 434,698,1320,1344,12,1592,1831,1154
858: 822,2009,1121,1335,1533,160,1324,1474
859: 958,980,1089,1543
860: 603,150,293,1106,352,1151,1546
861: 612,1781,1936,294,1655,1970
862: 1514,552,329,1364,1815,297,1676
863: 369,1880,93,1278,1494,940,941
864: 166,79,1853,1752,549,606,1443
865: 937,107,1986,1745,1763,311,1912,1978,1225
866: 135,1970,1133,1801,1936
867: 252,594,21,1164,1399,413,1995
868: 201,1999,495,1119,748
869: 658,58,843,1157,1267,1819,1932,2001
870: 694,27,1095,2015,891,2038
871: 372,575,1205,1833,341,2017,144
872: 335,216,1049,1063,1302,1626,273
873: 368,682,275,2011,1182,1355,1747,1489
874: 535,1249,1358,1424,116,1807,515
875: 227,1098,1446,474,1658,1726,579
876: 1087,1015,1456,1671,464,56,1261
877: 1670,1516,1947
878: 2013,714,492,569,235,1262,1545,1759
879: 692,1072,1563,333,1294
880: 1357,1570,391,753,558,1407
881: 1078,1338,242,400,1332,1422,1588
882: 417,619,1836,1687,401,1931,126
883: 243,973,268,1517,1858,598,1712,81
884: 534,1185,1247,1300,1314,1903
885: 697,1177,1732,1914,438,1053
886: 223,342,1535,1817,1910,1923,1175
887: 147,1919,1927,1972
888: 348,244,323,1852,1998,1047,306
889: 250,441,1080,1309,1371,70,2004,1723
890: 688,78,846,1060,1569,2007
891: 1077,1450,1554,2015,1959,870,2038
892: 1804,1103,1740
893: 664,2040,1150,1394,1493,1552
894: 295,1984,546,1178,1744,1778,1895,1094
895: 503,224,535,190,281,1041,1069,1249
896: 2017,144,199,101,536,1322,1384,1659,1388
897: 533,1329,54
898: 17,718,112,1891,1169,1213,1354
899: 577,497,1203,1346,1585,420,1595,1791
900: 14,1360,1704,518,1005,1926
901: 839,507,840,247,1869,1091
902: 97,701,1768,1876,278,905
903: 2025,19,1168,537,1884,1481
904: 1005,572,1206,1420,1611,1926,327
905: 282,278,1987,596,97,902
906: 270,1098,1695,33,1031,1726,1994
907: 134,1155,2010,264,481
908: 77,356,1068,1389,1437,1557,1829
909: 1214,1013,304
910: 410,245,1264,463,949,1132,1663
911: 1417,1870,721,1163
912: 217,233,956,1538,1650,1339,1440
913: 829,1842,1491,401,350,113,1931,1610
914: 634,15,1506,1515,1731,1905
915: 5,105,61,1531,1727,640
916: 123,1019,426,809,1275,1574,1619,1777
917: 165,1356,1920,765,1002,1188,1539
918: 215,239,1481,1397,1273,1082,1884
919: 805,55,1802,1317,1549,1750,117,773,1147
920: 102,591,1279,1561,1683,1580,1523,169
921: 467,457,1028,1198,1556,1866
922: 682,275,414,2011,1779,1868,1245,1441
923: 310,1593,1870
924: 1756,63,120,1096,370,1314,1903,1929
925: 302,693,966,1079,1439,1976,1811
926: 953,582,1084,1679,319,1290,1345
927: 1450,1967
928: 1071,1051,1018,225,1367,1475
929: 427,1577,723,677,1834,1876
930: 103,724,2048,1526,1583,1288,997
931: 828,1223,1499,1594,1612,1630
932: 743,1578,1598,326,550,1189
933: 2019,399,1614,48,313,1907,1140
934: 1961,625,821,1259,1620,1600,1209
935: 759,1400,1511,1665,1806,1991
936: 291,1888,520,115,1145,1552,587
937: 819,865,229,1986,1745,29,311,1134
938: 486,68,715,2015,1846,1959
939: 730,1381,1942,289
940: 863,1880,93,386,1494,962,941,1950
941: 641,1968,1950,1786,863,1880,940
942: 205,259,1982,1605,1622,1413
943: 322,1993,676,1613,1735,262,248,631,131
944: 6,1254,1255,1830,119,1861
945: 2026,1667,441,70,1035,1268,581
946: 96,1457,442,524
947: 1112,1462,1714,768,1547,1629,321
948: 703,459,973,1156,1517,1746,1608
949: 463,1024,500,1132,1663,910,245
950: 425,175,965,1144,1677,1318
951: 5,333,64,1328,1531,1681
952: 59,855,1112,8,1691,961,321
953: 1084,1679,1764,926,782,319,1122,1369
954: 356,1437,1638,42,510,252,1164,1222,1372
955: 551,226,1281,1311,1395,275,1086,1182
956: 468,912,1538,1650,1339,440
957: 1621,1711,204
958: 859,294,980,1543,1748,1183,357
959: 807,1023,364,635,1527,1653,1753,1803
960: 775,277,656,1026,1649,1758,1130
961: 1916,1036,321,1952,57,1691,952
962: 328,1950,1073,93,386,940,1081,1114
963: 44,1821,1075
964: 669,65,1115,1879,283,377,555
965: 175,950,1144,1352,246,1318
966: 925,302,451,1079,1439,783,1295
967: 9,1023,1482,1542,1639,1753,519,1964
968: 457,1955,2,338,1845,1565,1455
969: 285,1576,307,419,1765,1890,222
970: 446,1964,1330,1434,1656,9,371
971: 89,780,2027,1315,1129,206,556
972: 497,1346,1803,807,364,1483,284
973: 243,948,883,1156,1517,1746,1858,1083
974: 2013,492,478,702,1862,1822,390,1738
975: 355,251,851,1308,1933,1954,324
976: 192,329,1815,982,638,2003
977: 590,292,1011,50,786,392,2005,1544
978: 569,235,1116,1871,3,2029,1585
979: 208,2035,1344,1641,426,261,1409,1574
980: 859,958,1089,1543,357,380
981: 91,1202,671,1699,423,1236
982: 192,976,1843,2003,182,2014,1390
983: 424,621,1110,1361,1922,147,1415
984: 443,568,1227,1260,1131,990,203,20,1436
985: 74,1479,319,1369,1977,1345
986: 775,277,1243,1236,1621
987: 276,571,1780,1678,346,1041,1625
988: 798,595,398,57,1201,1660,1766
989: 1016,783,1193,1284,1295,1675,1741,1859
990: 1320,1930,722,1831,1131,443,984,1425,1436
991: 32,1289,1410,1943,162
992: 1600,209,1094,821,1984,1778,86,1209
993: 284,2034,1374,52,750,1037,1483
994: 659,172,1160,2041,1772,1237,75
995: 2042,766,1622,205,2043,1485
996: 1172,1604,1843,2046,735,461,155
997: 164,200,1462,1714,930,2048,1854,1288
998: 554,1067,1751,1808,197,388,1107
999: 1935,493,24,651,1185,1300,1248
1000: 257,578,1197,1624,184,1504,1728,673
1001: 372,1340,1350,1724,1360,1688
1002: 765,1188,165,1356,917,1448,1787,339
1003: 757,315,610,171,38,1467,1956
1004: 491,1961,173,1940,1469,1620,25
1005: 904,1206,1476,1926,1671,900,1704
1006: 1237,816,75,1353,1478,1562
1007: 1034,418,1431,641,1968,1223
1008: 207,1043,1648,1934,139,1515,1905
1009: 1064,1224,1484,1700,1708,1021,754
1010: 600,2042,267,766,187,1387,2028
1011: 292,977,50,1496,1544,2002,1646
1012: 645,406,1319,1326,1958,1795,1609
1013: 909,846,304,1044,1899
1014: 288,1125,1540,1920,622,1246
1015: 876,540,84,1456,464,1939,254
1016: 989,2034,420,1284,1374,1595,1741
1017: 240,1949,1234,820,400,1332
1018: 1071,687,831,928,225,1367,1643,1739
1019: 746,123,916,1275,1619,1742,1101,1452
1020: 85,538,1458,1473,736,1377,1659
1021: 195,1513,1668,1210,1009,1224,1484
1022: 498,103,1882,1850,1591,1192,1581
1023: 807,967,959,499,1639,1653,1753
1024: 949,500,1132,1265,1663,1674,39
1025: 111,639,769,1137,1151,1257,1465
1026: 960,277,656,1329,1427,1856,1233
1027: 711,296,793,541,551,1281,1311,1414
1028: 921,467,784,457,1198,1454,1556,1955
1029: 1156,1746,650,1083,2,1486,108,557
1030: 51,727,1810,580,1277,759
1031: 847,836,474,1726,906,1994
1032: 747,11,754,1210,1962,1484
1033: 539,408,373,361,156,1716,1256,1480
1034: 1007,1431,684,1373,183,1968
1035: 383,1364,441,297,70,945,1268
1036: 768,961,1916,476,2037,1547,321
1037: 52,487,750,1353,1429,1478,1483,993
1038: 42,369,512,18,1258,1494,834,1638
1039: 584,632
1040: 837,809,1796,1777,436,526
1041: 503,224,895,92,1625,987,1678
1042: 767,629,1769,724,1867,1217,802
1043: 1008,490,207,1370,1648,1515,1905
1044: 845,1207,1899,395,1013
1045: 611,157,1975,561,774,1200
1046: 365,91,140,540,1087,1202,1456
1047: 665,566,1062,1337,306,888,323
1048: 197,612,82,511,1107,1124,1781
1049: 872,216,1302,1602,273,437,1553,1403,620
1050: 154,689,1306,1840,504,1922
1051: 928,1367,1475,468,1101,440
1052: 14,360,764,1710,1359,1688,1340
1053: 438,607,53,1170,885,1914
1054: 818,1220,1892,200,1526,1288,231,799
1055: 776,1252,505,1555
1056: 29,2044,1134,1985,837,1796,229
1057: 646,848,0,269,1126,1901,1167
1058: 613,405,1557,190,1153,695,817,838
1059: 688,513,170,272,1851,1127
1060: 688,513,890,145,1579
1061: 854,379,543,389,106,1286,1490
1062: 566,1047,797,1649,1758,323
1063: 316,60,872,335,1195,1302,1626,273
1064: 482,614,477,1009,1224,1708
1065: 731,529,161,1312,344,1915
1066: 602,1835,342,1175,17,1944,1113
1067: 1818,554,126,998,1751,1808,619
1068: 613,908,77,791,1389,1557
1069: 224,535,895,45,1625,1358,1789,1820
1070: 548,588,236,1896,256,761,1396
1071: 928,1018,225,1475,71,1702,1718
1072: 692,879,1199
1073: 828,962,328,1950,1466,22,368,1114
1074: 567,128,1917,573,1912,1471,1532
1075: 1189,44,963,1686,132
1076: 71,208,1641,1702,1475,746,1574,1619
1077: 450,1450,1554,1967,891,1959,110,2038
1078: 839,507,881,1338,242
1079: 925,693,966,451,2041
1080: 889,852,250,441,297,1309,1676
1081: 368,1114,1355,386,962,713,710
1082: 396,1168,1884,1397,918,1273,1865,2020
1083: 81,650,1198,1866,973,1029,1746,1858
1084: 659,953,1204,1679,1764,926,782
1085: 810,458,102,1129,1212,1561,206,643
1086: 275,1182,1868,955,551,226,1311
1087: 876,91,1046,1456,56,1261,1334,1699
1088: 227,58,1157,1446,636,1873,1551
1089: 859,980,2033,357,10,380
1090: 648,520,1145,1445,46,477,1894
1091: 901,247,1869,737,1883,739,1196
1092: 334,1298,1491,350,794,1632,1378
1093: 188,1122,1369,1977,1998
1094: 171,38,209,992,894,1984,1744
1095: 694,1231,870,1530,787,2038
1096: 63,494,1205,1833,924,2024,1929
1097: 549,76,1997,1694,485,1342,1853
1098: 270,658,875,1446,906,1726
1099: 691,317,377,1210,1501,1962
1100: 228,634,528,666,738,370,1247,1314
1101: 468,1742,1452,1051,1475,746,1019
1102: 445,1980,705,1184,1291,524,442
1103: 892,527,1804,1376,359,1740
1104: 657,470,742,179,1385,787,1530
1105: 763,544,456,351,31,1148,1388,1635
1106: 860,88,603,150,293,2023,1664,1830
1107: 197,511,1048,1327,452,998,1808
1108: 691,530,662,2043,2042,187,26
1109: 728,308,1783,1331,314,235,1545,1871
1110: 671,983,504,621,1334,1361
1111: 747,141,754,1386,384,1700
1112: 947,806,952,855,1714,321
1113: 17,1944,342,1066,604,1175,1680
1114: 22,368,1081,1355,386,962,1073
1115: 964,669,65,1668,317,377,555
1116: 2013,478,569,1262,1696,978,3,219
1117: 819,336,570,107,1986,1303,1442
1118: 424,621,479,1361,194,626,353,1174
1119: 868,495,137,1965,748,1146
1120: 94,243,768,598,1629,312
1121: 858,404,1533,1889,793,1324,1474
1122: 348,782,1093,1369,1998,953,1764
1123: 506,288,1540,1994,808,1695
1124: 605,129,612,511,1048,1654,1936,170
1125: 1014,1920,622,1246,652,343,1539
1126: 0,269,1057,1788,704,127,1319,298
1127: 501,1575,605,170,513,1059,796
1128: 731,841,271,1451,1499,1612,114
1129: 458,1085,1561,206,1315,556,89,780,971
1130: 244,188,323,1233,960,656,1758
1131: 722,72,1831,1847,990,1320,443,984,1436
1132: 1024,949,39,910,245,90
1133: 135,272,866,1970,129,1936
1134: 29,2044,1056,1796,819,937,229
1135: 802,805,1549,1615,251,117,1308
1136: 230,484,1949,1878
1137: 352,111,639,1025,1151,21,1465,1560
1138: 232,431,833,1528,801,531,156
1139: 507,375,1186
1140: 148,690,1794,104,399,933,48,1956,1971
1141: 403,564,638,574,1521,1973,329
1142: 217,233,1799,480,1541,1730
1143: 285,599,207,647,1648,1651,1576
1144: 425,950,189,965,1406,1318,1433,1774
1145: 936,648,520,115,1090,1445,1552,587,2040
1146: 748,1404,720,137,1965,1119
1147: 560,773,1343,919,1317,1549,1750,1310
1148: 763,544,456,31,1105,1430,1906,2030
1149: 393,716,501,558,1407,1548,1575
1150: 893,1800,2040,1493,186,153,1240
1151: 352,639,1909,1025,1137,1161,1546,860
1152: 221,331,1403,1837,1875,1626,273
1153: 190,1249,1424,613,1058,695,1449,838
1154: 722,309,1831,608,1689,1797,857,12
1155: 907,191,134,1725,1918,2010
1156: 459,948,973,1029,1746,1608,557
1157: 658,227,58,869,1088,1446,1819
1158: 757,315,1600,171,209,25,1774,1940
1159: 794,320,649,159,1532,1298
1160: 659,994,172,299,1204,2041,693
1161: 622,800,639,769,808,1909,1151,1246,1546
1162: 817,252,1164,1399,405,1437,1557
1163: 721,1717,911,387
1164: 867,252,594,1222,1399,413,1995,1162,954,1418
1165: 765,454,1761,1928,590,1519,1787
1166: 487,62,1478,1534,1562,2025,422
1167: 517,1845,1336,848,0,1057,704
1168: 665,396,19,903,1082,1884
1169: 898,17,286,112,1944,1354,1382
1170: 438,53,856,604,1053,1680,1814
1171: 820
1172: 552,192,996,1604,1815,1843
1173: 635,1527,1480,803,660,597,1733
1174: 353,1568,7,424,1118
1175: 514,604,886,342,1535,1066,1113
1176: 645,307,563,661,1326,1832
1177: 409,885,274,697,168,1914
1178: 894,547,444,1984,1778,1895,1897
1179: 435,706,1477,2006,624,729,1790
1180: 795,11,1642,662
1181: 448,547,444,1908,1416,24,651
1182: 682,275,873,1086,1747,1489,955,475,1395
1183: 958,1748,357,1453,1751,82,388
1184: 445,1980,238,705,1102,1291,1937
1185: 1935,2024,999,493,24,884,1300,1903
1186: 630,1468,1139,375
1187: 469,485,1269,1342,711,541,160,2009
1188: 43,765,1002,1539,1761,917
1189: 527,550,1075,932,132,1578
1190: 502,515,411,455,136,1449,1596,116
1191: 54,74
1192: 703,459,1581,1022,1882,1591,1352
1193: 989,1295,1675,1859,465,193,1439,1617
1194: 728,2022,109,714,1545,1759
1195: 686,316,335,345,1063,1771,421
1196: 467,290,739,247,1091
1197: 1000,257,249,578,1225,1587,184,1504
1198: 921,81,457,650,1028,1083,1866,2
1199: 287,692,1072
1200: 512,18,561,611,1975,1045,834,774
1201: 595,988,1660,1705,1766,134,481
1202: 365,91,981,1046,1805,775,1236
1203: 3,577,899,1585,1696,420,1791,219
1204: 659,582,299,1084,1160,1679
1205: 372,63,575,494,1096,871,1833,144
1206: 1005,194,626,904,353,572,1476,1673
1207: 845,180,1044,1698,395,1719
1208: 707,2016,433,1566,198,644,1932,1636
1209: 811,379,86,1398,992,934,625,821,1618
1210: 317,1099,1962,1021,1668,1484,11,754,1032
1211: 248,826,89,1447,1497,2027,1460
1212: 1813,675,810,458,102,421,1085,1279
1213: 898,718,1891,1354,528,738,120
1214: 909,395
1215: 549,606,717,214,1645,1670,1694
1216: 822,282,278,1335,1577,723,1860
1217: 300,1867,1391,629,1042,1933,802
1218: 162,1381,358,1505,303,1410
1219: 1963,726,359,152,1798
1220: 663,818,1567,1054,394,164,200,681
1221: 166,241,469,640,1342,1401,1966
1222: 252,1164,413,954,1372,1418
1223: 641,931,1499,1594,1630,1007,418,1558
1224: 482,1009,1064,1484,195,1021,1240
1225: 1978,249,1197,1587,1912,567,865
1226: 668,199,1384,263,1948,1276,1408
1227: 301,568,55,984,1260,20
1228: 465,664,87,1394,1421,1675,1859
1229: 334,480,234,642,1842,1298,1491,1730
1230: 483,521,506,143,1540,1775,1703,109
1231: 23,694,1784,508,1095,1440,1530
1232: 130,643,149,1946,1792,810,458,758
1233: 823,188,1130,656,1026,1329
1234: 484,1017,1949,562,400,1332
1235: 1451,253,114,414,653,1297
1236: 775,986,91,981,1202,423,1621
1237: 1006,816,75,994,172,125,1365
1238: 397,332,53,514,856,770,1902
1239: 811,854,1564,1286,1398,1416,178,1897
1240: 195,186,153,1828,1150,482,1224
1241: 583,2039,1692,276,346,525,1789
1242: 523,46,1894,1942,289,812,1715
1243: 204,277,986,1427,1621
1244: 489,163,745,1879,98,65,1886,585
1245: 653,5,1441,1727,922,414,1779,1868
1246: 622,800,808,1909,1161,288,1014,1125
1247: 534,884,1300,1314,1100,80,666,2021
1248: 763,1906,448,1564,178,1935,999,651
1249: 535,874,190,281,895,1153,1358,1424
1250: 776,449,1252,185
1251: 1749,213,1682,151,667,1274
1252: 776,449,1055,1250,505,1885
1253: 446,1964,1458,668,66,756,1482
1254: 88,944,6,1321,1830,202
1255: 293,652,944,1830,237,119,343,1861
1256: 539,801,373,531,1033,676,1393,1537,1613
1257: 111,769,1657,1025,1325,1636,433,516
1258: 42,369,510,1038,1323,1494,1638
1259: 934,491,447,1961,625,1293,1618,1601
1260: 439,805,568,55,984,1227,1317
1261: 56,479,626,1476,1671,464,876,1087
1262: 2013,492,478,569,878,235,1116
1263: 827,637,1316,1900,230
1264: 410,910,4,633,1698,463
1265: 430,1024,1674,39,813,1913
1266: 1969,509,1567,616,1723,681,2008
1267: 367,869,1819,516,644,1932,2001,1636
1268: 687,1739,581,383,1035,945
1269: 469,532,1187,1401,541,551,226
1270: 674,1470,1861,6,404,1889
1271: 177,378,1525,1572,1737,616,354
1272: 520,115,1445,1755,1894,730,358,289
1273: 84,1865,752,1397,918,1082
1274: 667,1661,1251,1902,151,397,770
1275: 305,123,916,1019,837,809,1380,1559
1276: 361,756,1716,1379,1408,668,1226,519
1277: 110,580,657,260,51,450,1030,1554
1278: 863,369,1880,18,183,1975,1550
1279: 1941,675,102,920,591,1212,1523
1280: 617,570,1303,212,1502,92,1736,2000
1281: 955,296,475,1027,1311,1395,542,1321
1282: 232,833,777,1793,2006,462,1362
1283: 533
1284: 1016,783,416,989,2034,1295,1374,1741
1285: 466,792,1433,1693,189,814,1940,1469
1286: 854,13,389,1564,1061,1239,178,708
1287: 781,815,1799,1742,1452,751,123,1559
1288: 930,2048,1526,164,200,997,1054
1289: 991,32,748,1404
1290: 265,201,495,1345,582,1679,926
1291: 739,445,1102,1184,1937,99,1883
1292: 498,1882,300,1391,1591,1954,324
1293: 491,447,1259,1618,1601,771,790
1294: 105,333,1531,879,1563,1877
1295: 783,989,1193,1284,966,193,1439
1296: 2031,624,729,1953,788,1490,1573,106
1297: 653,64,1681,731,1235,1451,1770
1298: 334,642,1092,1229,1491,794,649,1159,1632
1299: 81,1866,762,654,1640,268
1300: 999,534,24,884,1185,1247,850,1908
1301: 145,1872,1579,627,1522,90
1302: 709,872,335,216,1049,1063,1602,1701
1303: 617,336,570,1117,1280,1442,212,1736,2000
1304: 576,181,696,1512,1782,381,589
1305: 683,1341,525,261,1409,1313,1762
1306: 154,423,1711,1050,671,504
1307: 13,389,729,1490,1790,628,279
1308: 975,251,1933,324,802,1135,1615
1309: 889,852,473,250,1080,1582,1676,1960
1310: 491,173,1601,1809,1750,560,790,1147
1311: 955,711,296,551,226,1027,1281,1395,1086
1312: 749,161,271,1065,1623,1729,344
1313: 460,1762,1938,174,2035,261,1305,525
1314: 370,884,1247,1903,1929,1100,666,924
1315: 624,643,149,1129,206,556,1477,971
1316: 824,637,1263
1317: 805,55,919,1802,1260,1549,773,1147
1318: 246,851,792,1433,950,965,1144
1319: 645,406,127,1012,298,1126,704,1958,1795
1320: 857,990,174,698,1344,1930,1831,1131
1321: 88,2023,1254,202,296,1281,542
1322: 736,2017,144,199,101,896,1659,1948
1323: 93,386,510,1258,1494,713,1518
1324: 711,160,1414,1474,2009,858,1121
1325: 800,769,808,1695,1657,1257,33
1326: 645,307,563,1176,1012,419,1609,1765
1327: 511,1107,1654,452,753,716,1407
1328: 333,64,951,1531,692,586
1329: 656,1026,1856,823,1233,533,897,54
1330: 970,1434,371,499,537,62
1331: 308,778,1783,1109,1658,1685,1405,122
1332: 400,1588,820,242,881,1017,1234
1333: 496,141,1386
1334: 671,56,621,479,1110,1699,1087
1335: 822,282,858,278,1216,1533,1860
1336: 1864,517,1981,1167,0,704,1958
1337: 699,665,19,1047,1652,306,1852
1338: 839,2047,881,840,1078,1422,1588
1339: 217,956,912,1650,735,461,1784,1440
1340: 372,575,1001,341,764,1052,1688
1341: 683,1637,526,1305,525,261,1409,1777
1342: 166,469,485,1187,1221,1853,1097
1343: 415,560,740,790,773,1837,1147
1344: 857,979,174,698,2035,1320,1641,1930
1345: 265,1290,1571,319,926,985,1479
1346: 577,497,972,899,284,420,1595
1347: 302,73,193,1811,291,1505,1888,760
1348: 1661,607,332,770,1881
1349: 382,825,623,690,1794,1911,1467,1956
1350: 385,1001,518,1724,1672,1360
1351: 262,1873,227,1993,362,1658,579
1352: 175,965,703,459,1192,1882,246
1353: 1006,487,750,75,1037,1478,1992
1354: 898,17,1169,1213,528,1835,738
1355: 368,2011,873,1081,1114,710,1396,1489
1356: 521,165,1775,917,1002,325,1448
1357: 842,880,1504,1570,1728,558,41,1548
1358: 535,874,45,1069,1249,116,345,1807,1771
1359: 14,360,254,752,1052,1710,1688
1360: 900,14,1688,1001,1350,518,1926
1361: 983,424,621,479,1110,1118,147
1362: 462,544,31,1635,1282,1793,732,1507
1363: 571,1780,678,683,258,1637
1364: 552,862,383,1035,1604,1815,297
1365: 125,1764,1652,1237,816,348,782,1852
1366: 28,1419,1760,832,1508,849,318
1367: 1051,831,928,1018,1757,440
1368: 146,47,1892,1924,608,1689
1369: 319,1093,1122,1977,953,985,74
1370: 210,490,599,207,1043,1767,1607
1371: 354,889,789,250,2004,1723,616
1372: 588,1418,1518,954,42,510,1222
1373: 142,257,684,1550,1034,1431,183
1374: 1016,416,2034,1284,993,750,1992
1375: 617,336,561,1444,774,2000,719
1376: 527,326,550,1103,1963,359
1377: 736,2017,1659,341,1020,1473
1378: 755,128,1092,350,1721,1471,1632
1379: 408,1716,1276,803,1542,519
1380: 305,123,1275,1559,751,649,159,1985
1381: 939,162,730,1218,358
1382: 655,327,286,112,1169,1814,1420
1383: 466,355,251,117,792,1693,1809
1384: 199,101,896,732,1226,263,1635
1385: 470,179,1104,1464,733,1541
1386: 496,795,747,141,1111,1333
1387: 1010,766,428,185,2028,1413
1388: 601,544,351,1105,1635,101,896,536
1389: 908,77,791,1068,1736,2000,1502
1390: 23,2014,1784,155,192,1843,982
1391: 498,103,300,1867,1217,1292,1583,1591,324
1392: 1749,121,1951,609,1402,151
1393: 49,1988,1537,660,373,1256,1480
1394: 893,465,664,1228,1552,1617,587
1395: 955,475,1281,1311,542,275,1182,1747
1396: 548,256,710,1070,1489,1355
1397: 1939,752,1710,918,239,1945,84,1273,1082
1398: 811,854,379,86,1209,1239,1897,625,1618
1399: 867,817,2016,252,1164,1995,1162
1400: 380,935,1498,1806,1991,680
1401: 469,640,532,1221,1269,1966,61
1402: 347,67,609,1435,121,1951,1392
1403: 221,740,1152,1837,620,437,1049,1626,273
1404: 32,748,303,1146,1289,720
1405: 778,1783,1331,1658,122,362,1597,1735
1406: 425,189,1144,1438,757,610,1774
1407: 716,558,1149,1548,753,1327,880
1408: 1863,361,1716,1276,668,1226,263
1409: 426,261,1777,979,1341,526,1305
1410: 991,32,303,162,1218
1411: 830,427,472,100,1684,677,1645
1412: 486,715,1633,453
1413: 766,428,1387,1622,942,1982
1414: 711,296,793,1027,1324,1474
1415: 147,1972,983,1922
1416: 811,1564,1239,1897,448,547,1181
1417: 911,124,1593,1697,1870,721,670
1418: 588,236,1893,1372,1518,1164,1222,413
1419: 28,429,2037,1366,1640,318,1904
1420: 904,572,545,1611,655,327,1382
1421: 1822,390,664,87,553,1228,1493
1422: 646,848,1588,2047,881,30,1338
1423: 322,49,196,1988,1597,1709,1857
1424: 874,190,1153,1249,116,515,695,1449
1425: 203,460,2032,1436,1938,990,174,1930
1426: 113,1818,554,133,1520,1721
1427: 349,204,277,1026,1243,1856
1428: 337,712,377,555,1501,2002
1429: 52,487,1037,1534,499,1653
1430: 462,628,31,1148,2030,777,279
1431: 1034,1007,418,500,1432,1674,684,1373
1432: 430,500,1431,1674,673,684,1624
1433: 792,1285,1318,1693,189,1144,814
1434: 215,970,1330,1481,1656,371,537
1435: 124,589,1697,1512,1951,670,67,1402
1436: 203,20,1425,1131,990,1930,443,984
1437: 908,405,356,1557,954,252,1162
1438: 425,48,313,1406,757,610,1971
1439: 925,302,966,193,783,1193,1295
1440: 461,1784,508,1231,217,912,1339
1441: 5,61,1245,1727,922,1868,226
1442: 819,570,229,1117,1303,741,678,258
1443: 374,864,1752,549,606
1444: 617,336,107,561,1375,1763
1445: 520,115,1090,1145,1272,46,1894,289
1446: 658,227,875,1088,1098,1157,579
1447: 248,636,826,89,780,1211,1510,1974,1580
1448: 325,1628,1356,1775,1002,339
1449: 515,411,695,488,1190,1524,1153,1424
1450: 927,450,1077,1967,891,1959
1451: 731,1128,1235,1770,1612,114,1297
1452: 781,1742,1101,1287,123,1019,1559
1453: 357,35,619,1498,1183,1751
1454: 467,784,1028,1955,840,247
1455: 1845,1565,30,784,968,1955,848
1456: 876,540,1046,1087,1015
1457: 191,2010,442,946
1458: 85,446,1964,1020,1253,736,66
1459: 785,220,1982,1885,428,449
1460: 431,407,1528,1211,1497,2027
1461: 786,1472,205,259,1662,1485
1462: 947,1714,997,1629,312,2048,1854
1463: 842,755,128,280,1570,1917,1921,391
1464: 470,559,1385,829,733,1536
1465: 707,433,21,1560,1995,111,1025,1137
1466: 828,253,328,1073,114,22
1467: 1003,171,38,1956,1349,1911
1468: 685,630,737,1186,1869,375
1469: 1004,173,814,1940,466,1285,1693
1470: 674,454,1270,1928,404,255,1987
1471: 573,794,1532,1632,755,128,1074,1378
1472: 50,786,1461,205,712,1485
1473: 538,1020,341,1377,360,764
1474: 793,1324,1414,858,1121,1889
1475: 1071,1051,928,1101,71,1076,746
1476: 1005,194,626,1206,1671,1704,1261
1477: 435,407,706,556,1179,624,1315
1478: 1006,487,750,1037,1166,1353,1534,1562
1479: 985,74,1345,1571
1480: 408,373,1033,803,1393,660,1173
1481: 215,918,1434,1656,903,537,1884
1482: 9,967,1542,519,756,1964,1253
1483: 52,1037,807,364,972,284,993
1484: 1009,1224,1021,1668,1210,754,1032
1485: 337,712,2043,1461,1472,205,1622,995
1486: 2019,338,650,2,1029,108,557
1487: 1953,1573,447,1618,771,779,543,106
1488: 471,1989
1489: 256,710,1396,700,873,1182,1355,1747,475
1490: 729,1953,1296,1790,13,389,106,1061,1307
1491: 913,334,1842,1092,1229,1298,350,1610
1492: 409
1493: 893,390,1800,664,2040,1150,1421,1738,153
1494: 863,369,93,510,1038,1258,1323,940
1495: 274,593,697,1568,7,1919
1496: 292,1011,1544,339,1646,1628,1743
1497: 248,826,131,1211,431,1460,1528,801,1613
1498: 357,35,380,1400,1453,1806
1499: 931,1223,1612,1630,633,841,1128
1500: 804,1586,264,1705
1501: 691,337,377,530,1099,1428,1962,2043
1502: 503,281,92,1280,613,791,1389,1736
1503: 1864,517,2019,338,399,1565,1614
1504: 842,184,1357,1728,1921,1000,1197,673
1505: 760,1755,73,1347,303,1218,358
1506: 725,602,914,634,376,15,1515
1507: 1863,156,1362,833,1793,732,263
1508: 832,57,1660,1760,28,1916,1366
1509: 310,124,1898,381,589,1593,1823
1510: 262,248,636,631,826,1447,1873
1511: 417,935,1836,1665,1806,1713
1512: 181,696,1304,589,1435,67
1513: 195,1021,669,1668,1828,1886
1514: 862,329,1815,1844,574,852,1676
1515: 914,15,1506,1905,1008,1043,1934
1516: 472,1684,717,877,1947
1517: 94,703,243,948,883,973,1581
1518: 548,588,713,1372,1418,510,1323
1519: 590,392,2005,454,1165,596,1707
1520: 554,753,133,1426,1808,452,391
1521: 584,176,564,1141,1826,1973
1522: 410,845,245,627,90,1301
1523: 502,1584,1596,920,591,1279,1683,843
1524: 411,198,695,455,488,1449,1566
1525: 266,177,679,743,1271,1578,1737
1526: 724,930,1583,1288,200,1054,231,799
1527: 959,635,1542,1753,1173,803
1528: 232,431,407,833,1138,1460,2006,1497
1529: 97,259,1605,1662,1707,1768,392
1530: 694,508,1095,1231,179,1104,787
1531: 5,915,105,333,951,1294,1328,1727
1532: 311,573,794,320,1159,1471,1632,1841,1074
1533: 822,282,858,404,1121,1335,1987
1534: 487,62,1166,1429,1478,1562,499
1535: 886,223,342,1902,1923,514,1175
1536: 234,829,733,1842,1730,1464
1537: 322,49,676,1393,1613,373,1256
1538: 468,233,781,956,912,1799,1742
1539: 43,119,343,1188,1761,1125,1920,917
1540: 521,506,165,288,1014,1123,1230,1920
1541: 733,1730,508,179,1385,217,1142
1542: 967,1482,1527,1753,519,408,1379,803
1543: 859,958,294,980,1748,1848
1544: 283,977,1011,50,1496,2002,1646,555
1545: 714,569,878,235,1759,728,1109,1194
1546: 352,639,1909,1151,1161,860,293,237
1547: 768,476,1036,1629,321,947
1548: 393,558,813,41,1149,1407,1357
1549: 805,919,1135,1317,1750,251,117,1147
1550: 142,611,1975,1373,18,1278,183
1551: 169,636,1974,1873,1683,58,843,1088
1552: 936,648,1145,587,893,2040,1394
1553: 522,672,1701,301,437,620,216,1049
1554: 51,450,1077,891,110,657,1277,2038
1555: 40,830,505,1684,1055
1556: 921,467,290,1028,1866,654
1557: 613,908,405,1068,1437,1058,1162
1558: 463,418,1663,641,1223,1630
1559: 305,123,1275,1380,815,1287,1452,751
1560: 594,21,1465,2045,1893,352,1137,150
1561: 102,920,1085,1129,1580,780
1562: 1006,487,816,1166,1478,1534,422
1563: 879,1294,1877
1564: 811,1239,1286,1416,178,448,708,1248
1565: 517,338,1845,1503,1455,968,2
1566: 707,2016,1208,198,488,1524
1567: 1969,663,818,1220,1266,394,681
1568: 697,1495,353,211,1174,1673,7
1569: 304,2007,846,890
1570: 842,880,280,1357,1463,1921,391,558
1571: 265,1345,1479
1572: 177,378,8,1271,59,855,1631
1573: 1487,1953,788,1296,1812,366,779,106
1574: 746,916,426,1619,208,979,1076
1575: 393,501,1647,1127,1149,513,796
1576: 969,285,1143,1651,419,95,1765
1577: 278,1216,723,677,929
1578: 266,932,132,743,1525,550,1189
1579: 846,145,1060,1301,627,1899
1580: 102,920,1561,1683,169,780,1447,1974
1581: 94,703,1517,1192,1022,1850,1591
1582: 789,473,250,1309,69,1598
1583: 498,103,724,930,2048,1867,1391,1526
1584: 502,455,1596,1523,2001,1683,843
1585: 3,577,118,2029,899,1203,978
1586: 804,1776,1500,595,1705
1587: 1978,249,578,611,157,1197,1225
1588: 646,400,1332,1422,1901,881,1338
1589: 647,1767,382,1911,38,546,1744
1590: 853,218,1979,1773,714,1759
1591: 498,1022,1882,1292,1391,1192,1581,1954
1592: 434,857,12,1718,1924,225,592,608
1593: 923,310,124,1417,1509,1870
1594: 641,828,931,328,1223,1786
1595: 284,1016,2034,420,1741,899,1346
1596: 502,515,136,1190,1584,1523,1941,591
1597: 322,49,196,122,1423,1735,1405
1598: 932,743,326,1963,69,789,1582
1599: 1996,600,267
1600: 209,1158,25,992,934,821,1620
1601: 491,173,1259,1293,1310,560,771,790
1602: 709,1820,335,216,1049,1302,672,2039,1692,1701
1603: 685,630
1604: 552,996,383,1172,1364,2046
1605: 701,942,785,259,1982,1529,1768
1606: 432,419,95,825,623,1795,1609
1607: 295,850,1925,210,490,1370,80,534
1608: 175,844,108,1677,557,459,948,1156
1609: 419,1606,1795,1765,645,1326,1012
1610: 113,1818,1931,913,1491,401,350
1611: 904,1420,1926,327,1672,518
1612: 828,931,1499,114,841,1128,1451
1613: 943,676,1537,431,131,1497,801,1256
1614: 1864,2019,338,399,933,1503,108,1907
1615: 802,439,805,1135,629,1308,1933
1616: 1941,675,421,686,345,1807,116,136
1617: 291,587,1193,1675,465,1394,193
1618: 447,625,1259,1293,379,543,1209,1398,1487
1619: 746,916,1019,426,1574,208,1076
1620: 934,491,1004,1961,821,1940,1600,25
1621: 957,423,1711,204,986,1243,1236
1622: 2042,766,995,1413,205,942,1485
1623: 749,1312,344,180,1719,412
1624: 1000,257,684,430,1432,673
1625: 224,1041,1069,1789,987,1678,346
1626: 316,60,872,1063,273,331,1152,1403,1792
1627: 767,231,799,309,1689,1797
1628: 34,1646,163,325,1448,1743,1496,339
1629: 768,598,1547,947,1462,1120,312
1630: 931,1223,1499,463,1558,633,841
1631: 59,806,855,2008,378,1572
1632: 794,1471,1532,1092,1298,350,1378
1633: 715,1412,1849,453,1826,1839
1634: 632,152,36,403,1973
1635: 544,1105,1362,1388,101,536,732,1384
1636: 111,1657,1257,644,433,1208,1267,516
1637: 571,683,258,1341,1363,436,526
1638: 834,356,1829,954,42,512,1038,1258
1639: 9,967,371,1023,499,1653,1753
1640: 429,1419,1712,762,1904,1299,268
1641: 71,208,979,174,698,2035,1076,1344,1702
1642: 496,795,1180
1643: 340,687,1018,225,592,581
1644: 135,734,78
1645: 723,717,677,214,1215,472,1411
1646: 163,1628,1743,1879,283,1011,1496,1544
1647: 393,1913,2036,1575,1872,796,39
1648: 1008,285,207,1043,1143,139,222
1649: 960,775,1758,797,1805,1062
1650: 956,912,1339,440,735,461,1757
1651: 285,647,1143,1576,382,419,95,825
1652: 699,1337,422,816,348,1852,1365
1653: 807,959,1023,499,1639,52,1429
1654: 605,511,1124,1327,716,501
1655: 294,1848,861,1781,1970
1656: 85,446,215,970,1434,1481,1887
1657: 769,1695,1257,1325,1636,33,367,516
1658: 474,778,1331,579,1405,1351,875,362,1735
1659: 736,2017,199,896,1322,1377,1948,1020
1660: 832,57,988,1201,1508,134
1661: 667,1348,1274,770
1662: 205,259,1529,1707,786,392,1461
1663: 463,1024,418,949,500,1558,910
1664: 88,603,2023,1106,256,761,700
1665: 935,759,1511,580,260,1713
1666: 415,221,366,771,790,1837,1875,779
1667: 1969,945,402,2026,47,340,581
1668: 1021,669,1115,1513,317,1210,1484
1669: 798,398,1952,679,8,1838
1670: 606,717,1215,877
1671: 1005,626,1476,464,1704,1261,876
1672: 327,718,112,385,1350,518,1611
1673: 194,353,211,572,545,1206,1568
1674: 430,1024,500,1265,1431,1432,813
1675: 989,1193,1741,1859,465,87,1228,1617
1676: 852,441,297,1080,1309,1514,862
1677: 425,175,950,844,313,1608,1907
1678: 571,1780,212,987,503,92,1041,1625
1679: 659,953,582,1084,1204,926,1290
1680: 856,604,1170,286,1944,1113,1814
1681: 653,5,64,951,1297,1770
1682: 1749,213,1251,667
1683: 920,591,1580,1584,1523,169,1551,58,843
1684: 40,830,472,1411,1516,1555,1947
1685: 728,847,474,308,778,1331
1686: 398,1766,44,1776,1075,132,1838
1687: 417,1836,882,559,829,401,1931
1688: 14,764,1052,1359,1360,1001,1340
1689: 799,309,608,1154,1627,1368,1892
1690: 2018,181,772,696,1816
1691: 8,1952,961,59,952
1692: 16,672,583,2039,1241,1701,1602
1693: 466,355,792,1285,1383,1433,1469
1694: 549,606,214,76,1997,1097,1215
1695: 808,1657,1325,33,270,906,1123,1994
1696: 478,1116,3,1203,1791,219,553
1697: 124,589,1417,1435,1951,670
1698: 410,845,180,4,1207,1264
1699: 671,56,1334,91,981,1087
1700: 384,1009,1708,747,754,1111
1701: 16,522,672,2039,2032,1692,1553,709,216,1302,1602
1702: 71,434,208,698,1076,1641,1718,1071
1703: 143,1230,1775,853,34,325,1979
1704: 464,900,14,254,1005,1476,1926,1671
1705: 595,1201,1500,1586,264,481
1706: 152,36,69,1798,473,1960
1707: 97,1529,1662,454,596,392,1519
1708: 523,614,384,1009,1064,1700
1709: 196,1988,1423,1857,1983,597,1733
1710: 360,1939,254,752,1052,1359,1397,239,1945
1711: 957,154,423,1306,1621
1712: 429,476,598,1640,243,883,268
1713: 559,742,260,417,1511,1665
1714: 947,806,164,855,1112,1462,997
1715: 812,523,1242
1716: 1863,408,361,1033,1276,1379,1408
1717: 721,213,121,1163
1718: 71,434,1592,1702,1071,225,592
1719: 395,180,1207,1623,412
1720: 615,1855,1824,37,1900,167
1721: 113,133,1426,350,755,1378
1722: 99,1734,445,524
1723: 354,889,1371,2004,616,509,1266
1724: 385,1756,63,575,1001,1350
1725: 191,1760,134,1155,1918,832,849
1726: 474,1031,579,270,875,1098,906
1727: 5,915,61,1245,1441,1531,640
1728: 842,1357,1504,813,41,1000,673
1729: 841,749,271,1312,4,633
1730: 480,234,733,1229,1536,1541,1799,1142
1731: 914,634,1905,80,666,2021,490
1732: 885,697,438,655,1814,211,545
1733: 158,1983,597,1803,1709,635,1173
1734: 1722,96
1735: 943,322,1993,122,362,1597,1658,1405
1736: 791,1389,2000,1280,1303,1502,92
1737: 743,1271,1525,354,789
1738: 1822,390,1800,1493,702,974,1862,618
1739: 687,831,1018,1268,581,383,2046
1740: 726,359,744,892,1103
1741: 1016,989,420,1284,1595,1675,1791,1859,1990
1742: 468,781,1101,1287,1452,1538,1019
1743: 34,489,1646,163,325,1628,1773,1496
1744: 894,546,1911,171,38,1094,1589
1745: 937,865,1986,29,311,1912
1746: 948,973,1029,1156,1858,650,1083,557
1747: 873,1182,256,1489,700,475,1395
1748: 958,294,1543,1183,82,388,1781
1749: 213,121,1251,1682,1392,609,151
1750: 919,1549,117,1809,1310,560,1147
1751: 126,998,1067,619,1453,1183,388
1752: 2012,79,864,1443
1753: 967,959,1023,635,1527,1542,1639,803
1754: 412,1915,344
1755: 1505,1888,760,115,1272,358
1756: 385,63,120,1724,924,1891
1757: 831,1367,2046,735,1650,440
1758: 960,656,1649,1062,244,323,1130
1759: 714,492,702,878,1545,1194,218,1590
1760: 1725,1918,832,1508,849,318,1366
1761: 674,43,765,1165,1188,1539,1928
1762: 16,583,460,1313,1938,1305,525
1763: 336,865,107,561,1986,1444,1978,157
1764: 659,953,125,1084,1365,782,1122
1765: 419,1609,307,1326,1890,969,1576
1766: 595,398,988,1201,1686,1776
1767: 210,599,647,1370,1589,295,546
1768: 97,701,259,902,1529,1605,1876
1769: 767,629,72,1042,1797,1847
1770: 731,529,161,1451,64,1297,1681
1771: 686,709,1820,335,345,1195,45,1358
1772: 994,2041,75,1992,416,451
1773: 853,34,218,489,745,1590,1743
1774: 757,1158,25,189,1144,1406,814,1940
1775: 521,165,143,1230,1356,1703,325,1448
1776: 44,1586,595,1766,1686
1777: 916,426,809,1040,1409,1341,526
1778: 894,547,1984,1178,992,86,1897
1779: 22,368,922,682,414,2011,253,1245
1780: 571,212,678,258,987,1363,1678,570
1781: 861,612,82,1048,294,1655,1748
1782: 576,1832,1304,363,1898,381
1783: 308,1109,1331,1405,196,122,314,1871
1784: 23,461,694,155,1231,1390,1440,1339
1785: 600,2028
1786: 641,1968,328,941,1950,1594
1787: 590,292,2005,339,765,1002,1165
1788: 562,269,1126,565,1874,127,298
1789: 45,1625,1069,2039,1241,346,709,1820
1790: 729,1490,1307,628,435,279,1179
1791: 420,1741,1990,899,1203,1696,219
1792: 1946,1232,331,1875,60,1626,1813,810,758
1793: 833,1282,462,1362,732,1507
1794: 432,148,623,1140,1349,690,104,1956
1795: 432,419,1958,148,1606,1609,1319,1012
1796: 837,1040,1056,1134,741,436,229
1797: 767,722,309,72,1154,1627,1769
1798: 1963,359,152,69,1219,1706,473
1799: 233,781,815,1142,1287,1538,480,1730
1800: 390,1150,1493,1738,153,1828,618
1801: 135,866
1802: 301,55,919,437,1317,740,773,620
1803: 497,158,972,1733,959,364,635
1804: 1821,892,527,1103,83
1805: 365,140,797,1202,775,1649
1806: 35,935,1836,1400,1498,1511
1807: 686,345,874,1358,116,1941,1616,136
1808: 554,998,1067,1520,197,1107,452
1809: 466,117,1383,1750,173,1310
1810: 471,1989,1991,727,1030,759
1811: 720,925,302,73,1347,1976,760
1812: 130,788,1946,1573,366,1875,779
1813: 675,810,421,758,1212,316,60,1792
1814: 655,286,1382,438,1170,1680,1732
1815: 1514,552,192,862,976,329,1172,1364
1816: 347,330,67,1817,772,696,1690
1817: 347,886,330,1816,1910,1923,772
1818: 113,554,1931,126,1067,1426,1610
1819: 658,367,869,1157,1267,516,2001
1820: 709,335,1602,1771,2039,45,1069,1789
1821: 527,1804,963
1822: 390,553,1421,1738,2013,478,974
1823: 310,1898,1509,824,637,37
1824: 563,406,1874,127,1720,1855
1825: 576,835,2018,1890,181,222,139
1826: 453,176,564,1521,1839,1633
1827: 1935,2024,493,601,456,351,494
1828: 195,98,669,153,1240,1513,1886,618,1800
1829: 908,77,834,356,1638,719
1830: 88,293,944,1106,1254,1255,237
1831: 722,1131,1154,857,990,1320,12
1832: 576,835,363,1782,307,661,1176
1833: 494,1096,1205,871,601,144,536
1834: 701,785,220,1876,427,100,929
1835: 602,228,376,528,1066,17,1354
1836: 35,417,619,1511,1687,1806,882
1837: 415,221,740,1152,1343,1403,1666
1838: 266,679,132,398,1669,1686
1839: 564,638,2003,1826,182,1849,1633
1840: 154,689,1050
1841: 29,311,573,320,2044,1532
1842: 913,334,234,829,1229,1491,1536,401
1843: 192,996,1172,982,155,1390
1844: 36,403,574,852,1960,1514
1845: 517,1167,1565,1455,30,968,848
1846: 715,938,182,2015,1849,27
1847: 629,72,1131,1769,439,443,568
1848: 294,1543,1655
1849: 715,182,1846,1633,2003,1839
1850: 103,1022,312,2048,1854,94,1581
1851: 272,734,688,78,1059
1852: 348,888,699,1337,1652,306,1365
1853: 166,864,1342,549,1097
1854: 103,312,2048,1850,1462,997
1855: 1874,1720,1824,565,1900,167
1856: 349,1026,1329,1427,533
1857: 118,2029,1983,196,1423,1709,314
1858: 883,973,268,1746,81,1083
1859: 989,420,1193,1675,1741,1990,87,1228
1860: 723,76,1997,822,2009,1216,1335
1861: 674,43,119,1270,944,6,1255,1889
1862: 745,702,974,1738,98,585,618
1863: 361,156,1716,1507,1408,732,263
1864: 517,104,399,1981,1336,1503,1614
1865: 140,540,84,1273,2020,396,1082
1866: 921,81,1299,1083,1198,1556,654
1867: 724,300,1217,1391,1583,767,1042
1868: 922,682,275,1086,61,1245,1441,226
1869: 507,901,375,1091,737,1468
1870: 923,911,1417,1593
1871: 569,235,978,314,1783,1109,2029
1872: 145,1301,796,1647,2036,90
1873: 262,636,1351,1510,1551,227,1088
1874: 406,127,1855,1824,1788,565,167
1875: 221,366,331,1152,1666,1946,1792,1812
1876: 701,902,220,1768,1834,278,929
1877: 241,1966,105,1294,1563
1878: 230,484,1136,565,827,167
1879: 489,1646,163,1244,283,964,65
1880: 863,1278,940,183,1968,941
1881: 607,1348,168,1914
1882: 1022,1292,1591,1192,1352,246,1954
1883: 685,737,99,739,1291,1091
1884: 396,903,1082,1168,215,918,1481
1885: 505,100,220,1459,449,1252
1886: 98,669,65,1513,1828,585,1244
1887: 85,446,215,538,239,1656,1945
1888: 936,291,760,520,115,1755,1347
1889: 404,1121,6,202,793,1474,1270,1861
1890: 835,1825,222,307,1765,969,285
1891: 898,718,1213,385,1756,120
1892: 663,818,146,1368,1054,799,1689
1893: 236,2045,1896,1418,594,1560,413
1894: 46,1242,1090,1272,1445,289
1895: 295,894,547,444,1925,546,1178
1896: 236,2045,256,761,1893,1070,603,150
1897: 811,86,1239,1398,1416,547,1178,1778
1898: 381,1509,1823,37,363,1782
1899: 845,627,1044,846,1579,1013
1900: 827,637,37,1263,167,1720,1855
1901: 646,562,269,400,1057,1588
1902: 223,1535,151,1274,397,514,1238
1903: 2024,493,370,884,1185,1314,1929,924
1904: 318,762,238,705,429,1419,1640
1905: 914,634,1515,1731,1008,490,1043
1906: 763,708,1148,1248,2030,178
1907: 844,48,313,108,1677,2019,933,1614
1908: 850,547,444,1925,1181,24,651,1300
1909: 622,800,639,1151,1161,1246,1546,293,652,237
1910: 886,330,342,1817,725,602
1911: 382,825,1349,38,1467,1589,1744
1912: 311,573,567,1074,865,1745,1978,249,1225
1913: 393,813,1647,2036,1265,39
1914: 885,168,1177,438,1053,1881
1915: 1754,529,1065,344,287
1916: 28,961,2037,1036,57,1508
1917: 184,567,128,1074,1463,1921,249
1918: 191,1760,1155,1725,442,849,1980
1919: 887,147,7,1927,593,1495,424
1920: 521,165,1014,1125,1540,917,1539
1921: 842,184,128,1463,1504,1570,1917,249
1922: 983,504,1415,689,1050
1923: 347,886,223,609,1535,1817
1924: 47,1368,340,592,608,1592
1925: 295,850,444,1607,1908,1895,210
1926: 1005,904,1611,518,900,1360,1704
1927: 887,1919,593
1928: 674,43,454,1470,1165,1761,255
1929: 2024,370,1314,1903,494,1096,924
1930: 990,174,1320,1344,203,460,1425,1436
1931: 113,1818,126,1610,1687,882,913,401
1932: 198,644,455,2001,1208,869,1267
1933: 975,1308,324,300,1217,802,1615
1934: 1008,139,2018,772,330,15,1515
1935: 999,493,651,1185,1827,763,456,1248
1936: 861,129,612,1124,866,1970,1133
1937: 739,238,1184,1291,654,290
1938: 203,16,672,460,2032,1313,1425,1762
1939: 464,254,752,1710,1397,84,1015
1940: 1004,814,1469,1620,1285,1158,25,1774
1941: 675,591,1279,1616,1807,136,1596
1942: 939,730,289,1242,812
1943: 991,162
1944: 17,286,1113,1169,1066,604,1680
1945: 85,215,538,239,1887,360,1710,1397
1946: 130,788,1232,1792,1812,366,331,1875,758
1947: 877,40,1516,1684
1948: 668,736,66,199,1226,1322,1659
1949: 240,484,1017,1136,1234
1950: 962,328,941,1073,1786,386,940
1951: 121,670,1392,1697,1435,67,1402
1952: 798,57,1669,679,8,1691,961
1953: 2031,1487,788,1296,1490,1573,543,106
1954: 246,975,851,324,1882,1292,1591
1955: 784,457,1028,1454,968,1455
1956: 1003,610,1467,1971,623,1140,1349,690,1794
1957: 726,632
1958: 432,148,1795,704,1981,1336,1319,1012
1959: 68,938,2015,1077,1450,891
1960: 852,473,1309,36,1706,1844
1961: 934,491,1004,625,1259,1620
1962: 691,317,1099,1210,1501,11,1032
1963: 359,69,1219,1798,326,1376,1598
1964: 446,970,1253,1458,756,9,967,371,1482
1965: 720,693,137,1976,1119,1146
1966: 241,640,1221,1401,1877,105
1967: 927,138,450,1077,1450
1968: 641,941,1786,1034,1007,1880,183
1969: 663,146,402,509,2026,1266,1567,1667
1970: 866,1133,1655,861,1936
1971: 610,1956,48,1438,1140,690
1972: 887,147,1415
1973: 584,403,574,1141,1521,1634
1974: 169,636,826,89,780,1447,1551,1580
1975: 142,611,1045,1550,18,1200,1278
1976: 720,925,73,1811,1965
1977: 823,188,1093,1369,985,74
1978: 157,1225,1587,1912,865,1986,1763
1979: 853,1590,2022,143,1703,714
1980: 849,318,705,1102,1184,1918,442
1981: 1864,104,1336,704,1958,148
1982: 942,785,1459,1605,428,1413
1983: 1857,118,158,597,1733,1709
1984: 894,1178,1778,171,209,1094,992
1985: 320,159,2044,1056,305,837,1380
1986: 819,937,865,107,1117,1745,1763,1978
1987: 282,905,404,255,596,1533,1470,97
1988: 49,1393,1423,1709,660,597
1989: 471,1488,1810,727
1990: 420,1741,1791,1859,87,219,553
1991: 471,680,1810,935,759,1400
1992: 750,75,1353,416,1374,1772
1993: 943,322,362,676,1735,262,631,1351
1994: 506,1123,906,808,1695,836,1031
1995: 867,817,707,2016,594,433,21,1164,1399,1465
1996: 1599,267,26
1997: 76,1097,1694,1860,160,485,822,2009
1998: 348,888,244,188,1093,1122
1999: 868,201
2000: 77,1389,1736,719,617,1280,1303,1375
2001: 502,455,1584,1932,58,843,869,1267,1819
2002: 283,1011,50,1544,712,555,1428
2003: 564,638,1839,182,1849,192,976,982
2004: 889,441,1371,70,1723,509,2026
2005: 590,292,977,786,392,1519,1787
2006: 232,435,407,706,777,1282,1179,1528
2007: 1569,78,890
2008: 806,394,681,1631,378,616,1266
2009: 822,858,160,1324,485,1187,1997,1860
2010: 907,191,1155,1457
2011: 22,368,922,682,873,1355,1779
2012: 1752,79
2013: 492,478,702,878,1116,1262,974,1822
2014: 23,694,27,1390,182,982
2015: 938,1846,1959,891,27,870,2038
2016: 817,707,838,1208,1399,1995,1566,488
2017: 144,896,1322,1377,1659,372,871,341
2018: 181,772,1690,1825,222,1934,139
2019: 338,933,1486,1503,1614,2,108,1907
2020: 140,797,1865,396,566,1082
2021: 634,1731,80,666,534,1247
2022: 728,847,109,1194,483,143,714,1979
2023: 88,1106,1321,1664,700,475,542
2024: 493,1185,1827,1903,1929,601,494,1096
2025: 699,19,903,537,422,62,1166
2026: 1969,945,402,509,1667,70,2004
2027: 89,1211,971,407,556,1460
2028: 600,1010,1387,185,1785
2029: 3,1857,118,1585,314,1871,978
2030: 708,628,31,1148,1430,1906,13,178,279
2031: 130,624,729,1953,149,788,1296
2032: 203,16,522,672,20,1425,1701,1938
2033: 10,1089
2034: 284,1016,1284,1374,1595,993,750
2035: 979,174,1344,1641,261,460,1313
2036: 1647,1913,1872,796,39,90
2037: 28,429,1916,476,1036,1419
2038: 110,787,2015,1077,1554,891,1095,870
2039: 583,1241,1692,1701,346,709,1820,1602,1789
2040: 893,1150,1493,186,648,1145,1552
2041: 994,299,1160,1772,693,451,1079
2042: 1010,766,187,1622,995,1108,2043
2043: 337,530,1108,1501,1485,2042,995
2044: 29,320,159,1056,1134,1985,1841
2045: 236,1896,1893,594,1560,352,603,150
2046: 996,383,1604,735,831,1739,1757
2047: 839,30,840,1338,784,1422
2048: 103,930,1850,1854,1583,1288,1462,997