0: 30,104,108,127
2: 28,81,94,99,103,108
3: 34,52,87,118,109,122
4: 18,41,39,90,114,64
5: 105,64,61,22,93,114
6: 50,97,98,119,76,88,43
7: 112
8: 28,94,57,44,69,59
9: 52,62,118,66,14,84,85
10: 51,68,82,35,126
11: 26,65,46,73,115
12: 47,29,20,16,71,72
13: 58,49,66,89,106,31,86,101
14: 19,56,84,85,91,63,9
15: 24,121,67,80,95,101
16: 29,12,20,92,107
17: 121,53,120,112
18: 4,39,114,128,107,42
19: 125,14,54,84,91,74
20: 47,12,16,72,92,45,60
21: 77,111,116,22,93,42
22: 61,5,88,93,21,111,119
23: 36,27,123,70,71
24: 15,38,80,86,95,101
25: 38,86,48,117,55,106
26: 11,65,100
27: 110,23,68,123,113,35
28: 8,2,94,99,57,96
29: 123,12,16,113,71,107,128
30: 0,99,108
31: 101,13,66,85,63
32: 62,75,125
33: 58,49,109,111,116,119,122
34: 3,43,73,87,115,109,98
35: 126,27,10,68,123,113
36: 69,83,110,23,70
37: 124,127,67
38: 25,24,86,95,48,104
39: 4,18,41,90,128
40: 97,100
41: 4,39,78,90,126,128
42: 93,92,107,18,21,77
43: 34,109,119,88,98,6
44: 57,69,8
45: 60,77,102,20,72,92
46: 73,75,115,11
47: 12,59,20,71,72,103
48: 117,81,104,108,25,38
49: 58,13,33,66,89,122
50: 65,97,98,100,6
51: 10,68
52: 9,3,62,75,87,118
53: 124,121,17
54: 19,74
55: 72,117,25,60,106
56: 14,120,91,112,63
57: 44,96,28,8
58: 49,13,33,89,102,116
59: 47,70,71,69,8,94,103
60: 45,89,102,106,20,72,55
61: 105,22,5,76,79,88,93
62: 32,9,52,75,125,84
63: 14,56,120,85,31,80,101
64: 105,5,4,114
65: 26,50,11,98,100,115
66: 49,13,122,31,85,9,118
67: 15,121,127,95,124,37
68: 51,10,27,110,35
69: 36,83,44,8,59,70
70: 59,71,36,69,23
71: 123,47,29,12,59,70,23
72: 47,12,20,55,117,103,45,60
73: 34,46,75,87,115,11
74: 19,125,54
75: 32,46,52,62,73,87
76: 61,79,88,97,6
77: 45,21,102,116,92,42
78: 41,90,126,82
79: 105,61,76
80: 15,24,121,101,120,63
81: 48,2,117,94,103,108
82: 10,78
83: 36,69
84: 19,125,14,91,9,62
85: 14,63,31,66,9
86: 25,24,38,101,13,106
87: 3,34,52,73,75,115
88: 61,22,76,111,119,43,6
89: 58,49,13,60,102,106
90: 4,41,39,78
91: 19,14,56,84
92: 20,16,107,45,77,42
93: 61,22,5,42,114,21
94: 28,8,2,81,103,59
95: 15,24,127,38,67,104
96: 57,28
97: 40,50,100,6,76
98: 50,65,6,34,43,115
99: 28,30,2,108
100: 26,40,50,65,97
101: 31,15,24,80,86,13,63
102: 45,58,60,77,89,116
103: 2,117,81,94,47,59,72
104: 48,0,108,127,38,95
105: 64,61,5,79,114
106: 13,60,89,55,25,86
107: 29,16,92,18,128,42
108: 30,48,2,0,81,99,104
109: 33,111,119,122,3,34,43
110: 36,27,68
111: 21,33,109,116,119,22,88
112: 56,120,17,7
113: 123,29,27,35,128
114: 4,18,105,64,5,93
115: 34,46,73,87,11,65,98
116: 58,21,33,77,102,111
117: 48,81,103,72,55,25
118: 9,3,52,66,122
119: 33,109,111,22,88,43,6
120: 56,112,63,121,80,17
121: 15,67,80,17,53,124,120
122: 49,33,66,109,3,118
123: 29,113,71,27,23,35
124: 53,37,121,67
125: 19,84,32,62,74
126: 35,41,78,10
127: 67,95,0,104,37
128: 18,41,39,29,113,107