0: 104,298,406,148,338,269
2: 459,81,108,338,467,457
3: 314,118,219,478,492,235
4: 344,463,410,245,180
5: 64,275,105,414,333,61
6: 202,43,119,255,292,454
7: 409,353,147,424
8: 57,476,132,59,378,177
9: 364,408,446,371,499,66,361
10: 471,380,357
11: 26,496,377,384,337,317
12: 434,174,443,47,72,309
13: 178,106,389,279,448,86
14: 194,254,372,360,385,327
15: 490,285,207,139,210,376,330
16: 460,261,203,20,276,346
17: 112,376,342,286,228,120
18: 157,142,512,369,183,257
19: 348,306,422,215,62,396
20: 437,216,346,301,203,16
21: 198,252,433,352,413,111
22: 414,368,93,253,328,386
23: 155,461,182,192,27,508
24: 456,210,448,80,295,444
25: 425,315,48,491,466,209
26: 496,11,337,267,187
27: 110,486,182,23,179,508
28: 481,57,318,429,476,134
29: 305,159,229,436,311,320
30: 400,507,290,269,457,242
31: 101,263,462,178,279,351
32: 303,73,137,495
33: 270,111,506,288,367,433
34: 489,325,143,165,218,339
35: 417,388,126,357,401,380
36: 403,176,329,441,152,473
37: 230,167,310,381,363
38: 399,315,48,432,171,382
39: 393,90,245,41,430,500
40: 472,427,505
41: 184,391,280,430,393,39
42: 512,369,77,405,510,356
43: 6,119,343,483,165,292
44: 398,132,326,266
45: 335,345,276,346,212,224
46: 289,141,477
47: 340,146,402,309,434,12
48: 425,38,399,315,25,313
49: 196,322,131,373,408,158
50: 205,283,163,392,377,337
51: 471,138,380,450,260,417
52: 497,284,364,487,499,75
53: 397,286,332,168,274,438
54: 349,277,188,74
55: 415,117,439,251,301,437
56: 504,424,479,464,91,423
57: 481,8,476,28,398,132
58: 102,169,502,455,227,367
59: 378,394,164,321,8,476
60: 273,331,335,216,316,421
61: 275,105,5,469,485,226
62: 215,487,371,499,19,422
63: 144,370,120,494,385,372
64: 414,5,333,253,271,161
65: 195,489,98,163,377,317
66: 361,199,263,446,9
67: 124,213,381,181,347,121
68: 110,450,486
69: 354,359,326,152,266,473
70: 250,402,509,441,383,297
71: 434,426,174,460,208,225
72: 439,300,231,309,12,443
73: 137,291,302,303,32,358
74: 319,188,54
75: 416,451,487,52,284,172,422
76: 282,214,160,166,278,485
77: 503,336,281,512,42,405
78: 304,272,145,170
79: 374,241,469,166
80: 456,24,210,490,228,370,493
81: 459,243,94,2,268,467
82: 294,197,388,357
83: 359,326
84: 464,254,239,91,140,396
85: 341,360,239,215,446,371
86: 209,448,444,106,13,379
87: 193,420,478,390,153,465
88: 256,150,475,202,296,293
89: 102,169,206,407,458,248
90: 393,39,501,145,410,245
91: 140,365,423,84,464,56
92: 503,212,336,107,258,229
93: 369,183,328,510,386,22
94: 459,243,246,312,81,498
95: 285,207,222,419,432,382
96: 99,442
97: 454,392,255,282,220,259
98: 489,218,390,153,195,65
99: 96,442,445,375,247
100: 427,428,505,449,220,259
101: 199,31,263,144,494,351
102: 58,136,89,169,502,458
103: 300,231,200,164,312,498
104: 0,148,338,108,399,313
105: 5,333,61,241,469
106: 389,13,379,366,149,447,86
107: 92,336,229,311,249,157
108: 459,2,338,104,175,313
109: 483,474,308,506,325,143
110: 68,450,486,260,27,179
111: 33,288,21,433,352,237
112: 17,286,120,385,438,327
113: 126,401,133,234,334,350
114: 253,328,344,271,463,418
115: 465,477,186,291,358,289
116: 136,502,345,316,190,411
117: 415,355,55,173,466,251
118: 3,497,314,219,158,196
119: 202,43,6,237,293,343
120: 370,63,385,17,112,228
121: 151,213,67,347,223
122: 196,322,362,474,308,314
123: 233,480,468,208,305,159
124: 387,310,213,67,381
125: 348,172,244,299,201,319
126: 113,452,388,35,401,133
127: 230,484,167,298,406
128: 184,249,350,280,311,320
129: 135,294,197,511,501,170
130: 206,421,458,331,366,149
131: 262,248,49,322,431,373
132: 44,398,266,57,8,177
133: 113,452,126,391,350,280
134: 442,445,481,318,28
135: 294,129,170
136: 116,102,502,421,458,316
137: 73,451,302,299,495,32
138: 471,51,450
139: 285,15,347,222,181,330
140: 91,365,323,396,84,306
141: 477,482,384,46
142: 18,183,257,430,500,418
143: 492,34,325,218,235,308,109
144: 63,494,199,101,341,372
145: 90,501,170,410,304,78
146: 394,402,509,47,200,309
147: 504,424,7
148: 419,104,0,432,406,399
149: 106,389,435,366,130,206
150: 256,88,352,236,413,293
151: 121,332,223,397
152: 359,69,473,403,36
153: 465,195,186,98,390,87
154: 504,204,423
155: 383,440,23,297,461,192
156: 232,361,263,462,431,373
157: 18,512,257,249,336,107
158: 497,118,49,196,364,408
159: 29,305,320,480,123,334
160: 76,485,226,404,296
161: 271,64,333,287
162: 289,303,358
163: 50,339,283,489,65,377
164: 59,394,321,312,103,200
165: 34,325,483,43,292,339
166: 214,469,76,485,79,374
167: 230,37,127,307,363
168: 332,53,409,274
169: 58,89,102,262,248,227
170: 501,145,135,129,78
171: 209,382,295,444,38,315
172: 348,125,299,422,75,451
173: 415,221,447,491,117,466
174: 434,12,71,460,203,443
175: 425,189,313,459,246,108
176: 403,453,36,329
177: 378,132,354,266,8
178: 13,279,456,448,351,31
179: 470,217,508,110,260,27
180: 410,395,304,4,412
181: 67,381,363,347,222,139
182: 453,192,486,27,23
183: 18,142,369,93,328,418
184: 128,249,280,41,430,257
185: 267,187,428,449
186: 153,465,195,477,482,115
187: 185,267,205,428,26,337
188: 277,323,244,54,74,319
189: 425,175,246,324,355,466
190: 411,488,345,224,281,116
191: 264,442,134,481
192: 182,329,155,23,297
193: 416,87,291,302,420,465
194: 14,464,254,327,211,479
195: 153,482,186,65,98,317
196: 49,322,122,314,118,158
197: 294,129,82,511,452,388
198: 21,411,252,455,488,433
199: 66,101,263,144,341,446
200: 103,231,309,394,146,164
201: 265,495,319,125,299
202: 404,6,119,255,296,293,88
203: 301,174,460,443,16,20
204: 277,365,423,154,349
205: 50,392,428,259,337,187
206: 89,130,407,458,435,149
207: 285,95,15,210,382,295
208: 426,71,468,225,123,305
209: 171,444,86,315,25,491,379
210: 24,80,295,490,15,207
211: 353,274,438,327,479,194
212: 503,224,92,258,45,276
213: 387,124,67,121
214: 166,76,278,374,472
215: 62,371,239,85,396,19
216: 437,273,60,20,335,346
217: 233,480,470,179,234,508
218: 489,492,34,143,98,390
219: 3,497,118,284,478,420
220: 427,100,259,282,278,97
221: 415,447,173,273,331,366
222: 285,95,139,307,363,181
223: 342,397,330,347,151,121
224: 503,212,281,45,345,190
225: 468,440,340,434,71,208
226: 160,485,475,275,61,296
227: 262,362,58,169,270,367
228: 17,376,490,80,370,120
229: 29,436,311,92,107,258
230: 37,167,127
231: 103,300,200,72,309
232: 156,462,431,435,279,407
233: 480,217,508,123,468,461
234: 480,470,217,334,113,401
235: 492,143,308,3,314
236: 256,510,150,386,413,356
237: 119,293,343,352,111,288
238: 445,247,318,290,467,268
239: 84,254,360,85,215,396
240: 242,400,484
241: 105,469,79
242: 240,400,507,30
243: 94,312,268,81,321,429
244: 348,125,306,188,323,319
245: 90,39,410,4,463,500
246: 459,94,498,324,175,189
247: 99,445,238,375,507,290
248: 262,131,89,169,407,431
249: 184,128,311,107,157,257
250: 378,70,509,354,473,441
251: 439,324,300,355,55,117
252: 21,198,405,488,413,356
253: 328,271,114,64,414,22
254: 14,84,194,464,360,239
255: 404,202,6,282,454,97
256: 150,88,386,236,475,368
257: 18,157,142,184,249,430
258: 212,92,261,229,436,276
259: 428,100,220,205,97,392
260: 110,450,51,470,179,417
261: 426,460,16,436,276,258
262: 248,322,227,131,362,169
263: 156,66,361,199,31,101,462
264: 398,191,481
265: 201,495
266: 354,326,69,44,132,177
267: 185,187,26
268: 243,81,238,318,429,467
269: 400,338,30,457,0,298
270: 474,33,506,367,227,362
271: 253,344,161,114,64
272: 135,170,78
273: 437,60,331,216,415,221
274: 409,353,438,211,53,168
275: 414,5,61,368,475,226
276: 45,346,261,16,212,258
277: 204,188,365,323,54,349
278: 282,214,76,427,220
279: 178,389,435,13,232,31,462
280: 184,391,128,350,41,133
281: 503,224,77,190,405,488
282: 76,278,404,255,97,220
283: 292,50,454,339,163,392
284: 497,52,219,487,75,416,420
285: 95,15,207,222,139
286: 17,112,53,342,397,438
287: 161,333
288: 483,33,111,506,237,343
289: 162,46,477,115,358
290: 507,30,467,457,238,247
291: 73,193,302,465,115,358
292: 454,339,283,43,6,165
293: 202,119,237,150,88,352
294: 135,197,129,82
295: 171,24,210,382,444,207
296: 404,202,88,475,160,226
297: 383,155,329,441,192,70
298: 0,406,400,269,484,127
299: 125,172,137,451,201,495
300: 103,439,324,231,251,72,498
301: 203,443,439,55,437,20
302: 416,73,137,193,451,291
303: 32,358,73,162
304: 395,78,145,410,180
305: 29,159,436,123,426,208
306: 19,348,244,140,323,396
307: 419,406,167,363,222
308: 474,109,122,314,143,235
309: 231,200,72,146,47,12
310: 124,381,37
311: 29,229,320,128,249,107
312: 243,94,498,321,164,103
313: 425,175,399,48,108,104
314: 3,118,196,122,308,235
315: 38,48,25,491,209,171
316: 60,335,345,116,136,421
317: 377,11,384,195,482,65
318: 429,28,445,238,134,268
319: 74,201,188,125,244
320: 29,159,311,334,128,350
321: 429,476,59,164,243,312
322: 262,49,196,122,131,362
323: 140,277,188,365,306,244
324: 300,251,246,498,189,355
325: 34,143,165,483,109
326: 359,69,266,83,44
327: 438,211,112,385,14,194
328: 253,114,418,183,93,22
329: 176,36,441,192,297
330: 223,376,342,15,347,139
331: 273,60,221,366,130,421
332: 151,53,397,168
333: 64,105,5,161,287
334: 480,234,113,159,320,350
335: 45,60,216,345,316,346
336: 503,92,77,107,157,512
337: 26,377,11,50,205,187
338: 269,457,2,108,104,0
339: 292,283,163,489,34,165
340: 383,47,440,225,402,434
341: 372,360,85,144,199,446
342: 17,223,376,397,286,330
343: 43,119,237,483,288
344: 4,271,463,114
345: 45,335,316,224,116,190
346: 45,20,335,216,276,16
347: 139,67,181,121,223,330
348: 19,125,172,306,244,422
349: 54,204,277
350: 128,280,334,113,133,320
351: 493,494,456,178,31,101
352: 150,413,21,111,237,293
353: 7,409,274,211,479,424
354: 69,266,473,378,177,250
355: 117,466,324,251,189
356: 510,236,413,42,252,405
357: 388,35,10,380,82
358: 303,73,291,115,162,289
359: 326,152,69,83
360: 14,341,254,372,239,85
361: 156,66,263,373,408,9
362: 262,322,227,122,270,474
363: 381,181,37,167,307,222
364: 408,499,9,497,52,158
365: 91,140,204,277,423,323
366: 106,149,221,447,331,130
367: 270,33,58,455,433,227
368: 275,414,22,256,386,475
369: 18,512,42,183,93,510
370: 493,120,63,494,80,228
371: 215,62,446,499,9,85
372: 14,341,360,144,63,385
373: 156,361,431,49,131,408
374: 79,214,166,472
375: 99,247,507
376: 17,342,330,228,490,15
377: 11,337,317,50,163,65
378: 59,394,177,250,509,354,8
379: 106,447,491,209,86
380: 471,10,51,417,35,357
381: 310,124,67,363,181,37
382: 171,295,432,38,95,207
383: 155,440,297,340,402,70
384: 496,11,317,141,482
385: 120,63,112,327,14,372
386: 256,510,236,93,22,368
387: 124,213
388: 452,35,126,357,197,82
389: 106,435,13,149,279
390: 492,98,218,478,87,153
391: 280,41,452,133,511,393
392: 50,454,205,97,283,259
393: 90,39,501,511,391,41
394: 59,378,146,509,164,200
395: 304,180
396: 140,84,239,215,19,306
397: 53,223,342,286,151,332
398: 44,264,132,57
399: 38,48,313,104,432,148
400: 30,269,240,242,484,298
401: 113,417,35,126,470,234
402: 146,70,509,383,47,340
403: 176,36,152
404: 202,255,296,282,160
405: 252,488,77,281,42,356
406: 419,0,298,307,148,127
407: 89,206,435,232,431,248
408: 364,9,361,373,49,158
409: 7,353,274,168
410: 90,145,245,180,304,4
411: 190,198,455,488,116,502
412: 180,4,344
413: 150,352,236,356,21,252
414: 64,275,5,22,368,253
415: 221,55,117,173,437,273
416: 75,193,451,302,420,284
417: 35,401,260,51,380,470
418: 328,463,114,500,142,183
419: 432,307,406,148,95
420: 416,87,193,219,284,478
421: 136,130,458,60,331,316
422: 19,348,172,62,487,75
423: 91,204,365,504,154,56
424: 504,147,56,7,353,479
425: 175,189,48,25,313
426: 71,460,208,261,305,436
427: 505,100,220,278,40,472
428: 449,100,259,205,185,187
429: 321,318,476,28,243,268
430: 184,41,39,142,257,500
431: 232,156,373,407,248,131
432: 419,148,38,399,95,382
433: 21,198,455,33,111,367
434: 12,71,174,47,340,225
435: 389,149,279,206,407,232
436: 29,305,229,426,261,258
437: 273,20,216,301,415,55
438: 274,327,211,112,53,286
439: 300,251,72,301,443,55
440: 383,155,468,340,461,225
441: 36,329,473,250,70,297
442: 96,99,445,134
443: 301,12,174,203,439,72
444: 209,171,24,448,295,86
445: 99,442,238,134,247,318
446: 371,9,66,199,341,85
447: 221,491,173,106,379,366
448: 456,24,444,86,178,13
449: 428,505,100,185
450: 68,110,260,51,138
451: 75,416,137,302,172,299
452: 388,126,133,197,511,391
453: 176,182,486
454: 292,97,283,392,6,255
455: 411,198,433,58,502,367
456: 24,448,80,178,493,351
457: 338,30,290,467,269,2
458: 136,89,130,102,206,421
459: 246,94,2,81,108,175
460: 426,71,174,261,203,16
461: 155,468,440,23,233,508
462: 232,156,31,263,279
463: 4,344,114,500,418,245
464: 84,194,254,479,56,91
465: 153,115,186,87,193,291
466: 491,355,117,173,189,25
467: 290,457,238,2,268,81
468: 440,461,225,233,123,208
469: 166,485,105,61,241,79
470: 179,217,234,260,417,401
471: 10,51,138,380
472: 40,214,374,427
473: 354,152,69,36,441,250
474: 270,308,109,506,122,362
475: 256,88,275,368,296,226
476: 321,57,429,8,28,59
477: 141,482,115,186,46,289
478: 3,219,492,390,87,420
479: 353,211,194,464,56,424
480: 233,217,234,123,334,159
481: 57,28,191,264,134
482: 141,195,477,186,384,317
483: 109,506,288,43,343,325,165
484: 127,240,400,298
485: 469,160,166,76,226,61
486: 68,110,27,453,182
487: 62,499,52,284,422,75
488: 190,411,198,252,405,281
489: 34,98,218,339,163,65
490: 15,210,80,376,228
491: 447,173,466,315,25,209,379
492: 143,218,235,390,3,478
493: 370,494,351,456,80
494: 144,370,493,63,351,101
495: 265,201,299,137,32
496: 26,11,384
497: 118,52,219,158,284,364
498: 246,94,312,103,324,300
499: 364,62,487,371,9,52
500: 463,418,430,39,245,142
501: 393,90,145,170,129,511
502: 116,58,136,102,411,455
503: 212,224,92,77,336,281
504: 147,154,56,424,423
505: 427,449,100,40
506: 270,483,474,109,33,288
507: 30,290,375,247,242
508: 233,179,217,27,23,461
509: 378,394,146,250,402,70
510: 386,236,356,369,42,93
511: 197,129,452,391,393,501
512: 18,157,369,42,77,336