0: 30,127,104,148,240,108
2: 30,108,247,243,81
3: 118,235,219,143,218,87
4: 90,180,245,114
5: 105,64,61,22,253,226
6: 119,43,255,163,202,97
7: 147,168
8: 57,59,28,132,164,177
9: 85,215,66,62,52,158
10: 35,197,51
11: 195,65,141,205,26
12: 71,174,203,47,72,200
13: 31,106,86,178,232,206
14: 63,254,239,144,194
15: 223,139,181,228,210,17
16: 212,92,20,174,208,229
17: 112,53,120,15,223,228
18: 249,107,157,183,93,42
19: 140,244,172,84,215,62
20: 45,212,16,174,216,203
21: 256,252,111,198,236
22: 93,256,253,226,236,5
23: 27,192,225,233,155,182
24: 80,86,171,178,207,210
25: 48,117,189,173,209
26: 187,11,205
27: 110,23,233,182,234,217,179
28: 57,8,243,164,134,238
29: 128,107,229,159,123,208
30: 0,240,2,108,247,242
31: 13,178,232,156,199,101
32: 73,137,201
33: 111,198,58,227,109,237
34: 43,98,163,165,143,218
35: 126,10,234,113,197
36: 192,70,176,152,69,250
37: 124,230,67,167
38: 171,104,148,48,95
39: 90,245,41,145,184,142
40: 100,214,220
41: 126,133,129,145,184,39
42: 93,252,236,18,77,157
43: 119,6,34,163,165
44: 83,69,132,177
45: 212,20,216,60,224,136
46: 141,186,162
47: 70,155,146,200,12,71
48: 25,175,189,104,38
49: 131,158,196,248,156,66
50: 163,97,100,65,205
51: 138,68,10,179
52: 118,219,158,9,62,75
53: 112,17,223,151
54: 204,188
55: 221,72,117,251,216,203
56: 211,147,194,254,154,91
57: 8,28,132,134,191
58: 116,227,102,169,198,33
59: 146,8,250,164,177,103
60: 130,136,221,45,216,149
61: 105,166,241,5,160,226
62: 9,215,52,19,172,75
63: 14,101,228,80,120,194
64: 105,161,5,114,253
65: 11,195,205,50,98,163
66: 156,85,9,199,158,49
67: 121,167,181,222,124,37
68: 51,110,179
69: 250,177,44,152,36
70: 36,192,47,155,146,250
71: 12,174,208,225,47,155
72: 200,55,231,251,12,203
73: 32,137,162,115,193
74: 244,188,125
75: 137,193,62,219,52,172
76: 214,220,79,166,160,255
77: 157,212,92,224,190,252,42
78: 170,145,90,180
79: 166,241,76
80: 24,178,228,210,63,101
81: 94,175,189,246,243,2,108
82: 135,197
83: 44,152
84: 254,239,215,19,140,91
85: 239,9,144,215,66,199
86: 106,24,13,171,178,209
87: 115,193,3,219,218,153
88: 256,150,226,160,202
89: 248,102,130,169,232,206
90: 4,180,245,39,78,145
91: 204,140,56,254,84,154
92: 212,16,77,229,157,224
93: 22,42,253,236,18,183
94: 81,231,246,243,164,103
95: 207,139,222,148,171,38
96: 134,191
97: 50,6,255,100,220
98: 34,163,218,195,65,153
99: 247,238,242
100: 40,220,50,97,205,187
101: 63,144,199,31,80,178
102: 116,58,89,130,136,169
103: 146,59,164,200,94,231
104: 0,148,108,48,175,38
105: 64,161,241,61,5
106: 13,86,173,149,209,206
107: 128,29,18,249,229,157
108: 0,30,104,2,81,175
109: 122,143,227,33,237,165
110: 27,182,68,179
111: 21,256,150,198,33,237
112: 53,120,211,168,17
113: 126,234,35,217,133,159
114: 4,245,142,183,253,64
115: 73,162,87,193,186,153
116: 58,224,102,136,190,198
117: 25,221,55,189,251,173
118: 235,3,219,52,158,196
119: 43,6,237,165,202,150
120: 112,211,17,194,228,63
121: 223,67,181,213,124
122: 235,109,131,143,196,227
123: 217,159,225,233,208,29
124: 213,37,121,67
125: 74,244,172,137,201
126: 113,35,133,41,129
127: 0,148,230,167
128: 29,184,249,107,133,159
129: 135,170,145,126,41
130: 89,60,102,136,149,206
131: 122,49,196,227,248,169
132: 57,8,177,44
133: 126,113,159,41,128,184
134: 96,238,191,57,28
135: 82,170,129,197
136: 116,60,224,102,130,45
137: 73,32,75,193,172,125
138: 51
139: 15,207,95,181,210,222
140: 204,19,244,188,91,84
141: 11,46,195,186
142: 184,249,183,245,114,39
143: 235,3,109,122,218,34,165
144: 14,85,239,199,101
145: 78,170,129,41,90,39
146: 59,250,103,70,47,200
147: 7,211,56,168,154
148: 0,127,104,95,222,38
149: 106,173,206,221,60,130
150: 256,88,111,119,237,202
151: 53
152: 83,69,36,176
153: 195,186,218,98,115,87
154: 147,56,204,91
155: 192,225,23,70,47,71
156: 66,199,31,232,248,49
157: 18,77,107,229,92,42
158: 118,52,49,196,9,66
159: 113,217,133,123,128,29
160: 166,61,88,226,255,202,76
161: 105,64
162: 73,115,46,186
163: 43,50,6,34,98,65
164: 59,8,28,243,103,94
165: 119,43,34,237,109,143
166: 79,241,61,160,76
167: 67,222,127,230,37
168: 7,112,211,147
169: 58,227,89,248,102,131
170: 78,135,129,145
171: 24,86,209,38,207,95
172: 19,244,125,62,75,137
173: 106,149,209,25,221,117
174: 12,71,20,16,203,208
175: 48,81,189,104,108
176: 36,192,182,152
177: 59,8,69,132,250,44
178: 31,80,24,13,86,101
179: 234,51,68,27,110
180: 4,90,78
181: 15,223,121,67,139,222
182: 27,192,110,23,176
183: 18,249,142,114,93,253
184: 128,249,142,133,41,39
185: 187
186: 46,195,141,153,162,115
187: 26,185,100,205
188: 74,54,204,140,244
189: 25,48,117,81,175,246,251
190: 116,224,77,252,198
191: 96,134,57
192: 36,23,70,155,176,182
193: 73,75,137,115,87,219
194: 120,211,56,63,14,254
195: 11,65,141,186,153,98
196: 118,235,122,131,158,49
197: 10,35,82,135
198: 21,252,111,33,116,58,190
199: 156,85,144,66,101,31
200: 72,231,146,103,47,12
201: 32,125
202: 119,6,255,88,150,160
203: 12,20,174,216,72,55
204: 54,140,188,91,154
205: 11,65,50,100,26,187
206: 106,13,149,232,89,130
207: 95,139,210,24,171
208: 71,16,174,225,123,29,229
209: 106,86,173,171,25
210: 15,207,139,228,80,24
211: 112,120,147,56,168,194
212: 45,92,20,16,77,224
213: 124,121
214: 40,76,220
215: 85,239,84,9,62,19
216: 45,20,203,221,55,60
217: 234,113,159,123,27,233
218: 3,143,34,98,87,153
219: 118,3,52,75,87,193
220: 40,100,76,214,255,97
221: 55,117,216,173,149,60
222: 67,95,139,167,181,148
223: 15,121,181,53,17
224: 116,136,190,45,212,92,77
225: 23,233,155,123,71,208
226: 256,22,88,61,5,160
227: 58,169,33,109,122,131
228: 15,210,80,120,17,63
229: 29,107,157,92,16,208
230: 127,37,167
231: 72,200,94,246,251,103
232: 31,13,206,89,248,156
233: 27,225,23,217,123
234: 113,35,217,179,27
235: 118,3,122,143,196
236: 21,93,256,22,252,42
237: 119,165,111,150,33,109
238: 99,134,247,28,243
239: 14,85,254,84,144,215
240: 0,30,242
241: 79,105,166,61
242: 99,247,30,240
243: 28,164,247,238,2,81,94
244: 74,19,140,172,188,125
245: 4,90,114,39,142
246: 81,94,189,231,251
247: 99,238,242,243,30,2
248: 89,169,232,156,131,49
249: 128,18,184,107,142,183
250: 146,59,69,177,36,70
251: 72,55,117,189,231,246
252: 21,42,198,236,77,190
253: 93,22,183,114,64,5
254: 14,239,84,56,194,91
255: 6,202,97,160,76,220
256: 21,22,88,111,150,226,236