0: 11,71,193,226,292,239,21,294,4,97,279,93,26,104,66,232
1: 247,14,246,76,75,13,245,80,301,57,109,29,5,25,103,293
2: 42,64,68,189,230,236,284,20,65,231,174
3: 291,134,101,23,38,74,244,57,124,332,32,5,25,103,293,123,31,331
4: 0,11,71,193,226,292,239,21,294,97,279,93,26,104,66,232
5: 124,278,92,332,32,25,103,293,14,246,294,76,26,104,75,1,13,245,299,57,27,291,101,3,23
6: 15,79,16,300,251,264,108,28,80,57,250,312
7: 
8: 44,47,167,188,192,204,226,197,187
9: 202,201,178,173,50,46,194,196,258
10: 64,224,230,225,268,65,231,272,283,276,95,90,19,270
11: 0,49,71,72,240,247,193,199,14,292,246,239,21,294,4,97,76,26,104
12: 252,53,301,181,109,29,177,48,247,198,176
13: 247,14,246,76,75,1,245,80,301,57,109,29,5,25,103,293
14: 11,71,247,246,239,294,76,26,104,75,1,13,245,299,301,109,29,27,59,5,25,103,293
15: 55,56,60,78,79,83,209,210,216,69,300,237,251,257,264,108,6,28,80
16: 84,300,264,108,6,28,221,313,266,116,265
17: 254,81,82,253,214,206,54,248,59,207
18: 320,120,91,277,66,232,283,95,19
19: 283,118,276,95,90,330,270,10,230,18,91,277
20: 42,64,68,189,230,236,284,65,231,174,2
21: 0,11,287,71,72,240,292,239,294,4,97,26,104,59,105
22: 128,371,338,281,370,127,34,336,377
23: 291,134,101,3,38,74,244,57,124,332,32,5,25,103,293,123,31,331
24: 188,233,225,187
25: 124,278,92,332,32,5,103,293,14,246,294,76,26,104,75,1,13,245,299,57,27,291,101,3,23
26: 0,11,71,14,292,246,239,21,294,4,97,76,104,278,92,5,25,103,293,66,232
27: 135,299,301,57,109,29,59,14,246,76,5,25,103,293,307,354,113,129,35
28: 15,79,16,300,251,264,108,6,80,57,250,312
29: 53,135,299,58,12,301,109,27,212,59,247,14,246,76,75,1,13,245
30: 84,112,313,316,116,265,107
31: 386,36,123,156,331,130,291,134,101,3,23,38,124,332,32,387
32: 124,368,278,92,332,125,333,5,25,103,293,153,143,367,291,101,3,23,123,31,331,387
33: 375
34: 117,102,128,338,281,322,323,122,365,22,127
35: 354,133,346,345,129,135,299,57,27
36: 386,250,385,344,132,123,156,353,329,31,331,130,134,38
37: 159,154
38: 291,134,122,101,337,3,23,74,244,36,123,329,31,331,130
39: 389,388,158,347,96,133,346,345,387,153
40: 152,372,146,147,380,373,163,125,333,378,379,150,387
41: 252,52,175,170,164,176
42: 165,186,189,190,229,284,20,43,65,231,174,2,187
43: 42,165,168,189,190,195,45,229,174
44: 47,48,49,167,171,172,192,193,204,198,199,197,8
45: 68,189,194,236,290,100,43,174,258
46: 168,169,196,173,9
47: 44,48,170,167,171,192,204,198,197,8,166,191,205
48: 177,44,47,49,170,171,172,247,192,198,199,197,176,12
49: 11,177,44,48,71,72,172,240,247,192,193,198,199,200,239,206,54
50: 55,56,78,202,178,179,51,209,210,9,203,70,238,258
51: 56,202,179,210,50,203,180,70,169,238,252
52: 252,181,185,41,176,211
53: 58,12,301,181,182,109,29,212,214,218,206,54
54: 17,53,81,253,182,214,206,177,49,72,240,199,207
55: 15,56,60,78,79,83,202,178,179,208,209,210,215,216,251,257,50
56: 15,55,79,202,179,51,209,210,69,237,251,50,203,80,180,70,238
57: 135,299,27,75,1,13,245,300,108,6,28,80,291,101,3,23,5,25,103,293,129,35
58: 61,53,135,261,301,266,109,217,29,212,260,218
59: 17,254,299,301,81,82,253,109,29,27,14,246,21,97,76,110,302
60: 15,85,55,79,83,84,209,215,216,220,259,251,257,263,264
61: 58,261,185,217,212,184,211,221,180
62: 261,86,185,213,218
63: 228,102,274,281
64: 10,186,224,229,230,284,20,275,65,231,89,2,269,276,90,270
65: 42,10,64,186,230,284,20,225,231,2,187
66: 278,120,92,18,91,277,232,0,226,292,294,4,279,93,26,104
67: 
68: 70,243,189,45,236,238,284,290,73,20,100,174,2,258,74,244,94,282
69: 15,56,78,79,210,237,251,80,70,238,74,244
70: 68,236,238,174,56,202,51,210,69,237,50,203
71: 0,11,49,72,240,247,193,199,14,292,246,239,21,294,4,97,76,26,104
72: 11,49,287,71,241,240,193,199,200,239,21,207,97,206,54
73: 68,243,236,290,100,258,74,244,94,282,298,78,106,242,289,99,329
74: 68,243,236,73,244,94,282,69,237,291,134,122,101,3,23,38,329
75: 247,14,246,76,1,13,245,80,301,57,109,29,5,25,103,293
76: 11,71,247,14,246,239,294,26,104,75,1,13,245,299,301,109,29,27,59,5,25,103,293
77: 310,254,255,82,262,303,309
78: 15,55,298,79,83,202,208,209,69,249,237,251,257,106,50,242,243,73,258
79: 15,55,56,60,78,83,209,210,216,69,300,237,251,257,264,108,6,28,80
80: 15,56,79,210,69,300,237,251,108,6,28,180,75,1,13,245,57
81: 17,254,82,253,214,206,54,248,59,207
82: 17,254,81,253,77,59,87,110,354,302,309
83: 15,55,60,78,79,208,209,216,249,251,256,257,263
84: 85,60,30,16,216,220,259,264,112,221,265
85: 60,84,216,220,259,263
86: 62
87: 254,135,115,82,260,354,308,309
88: 320,271,268,272
89: 64,189,228,275,269,276,102,90
90: 283,117,276,95,323,19,330,270,10,64,230,275,89,269
91: 320,120,18,277,66,232,283,95,19
92: 124,368,278,332,32,5,25,103,293,66,232,294,26,104
93: 0,272,226,227,292,233,4,279,120,273,66,232
94: 68,243,236,290,73,100,74,244,282,289,281,122,99,329
95: 283,118,276,90,19,330,270,10,230,18,91,277
96: 389,39,388,158,347,387,163,149,125,381,333,153
97: 0,11,287,71,72,240,292,239,21,294,4,26,104,59,105
98: 335,126,328,105,296,287,280
99: 289,281,336,243,73,94,282,298,106,242,288,329
100: 68,243,194,45,236,290,73,258,94,282
101: 291,134,3,23,38,74,244,57,124,332,32,5,25,103,293,123,31,331
102: 117,128,338,274,317,322,323,34,63,228,275,89,269
103: 124,278,92,332,32,5,25,293,14,246,294,76,26,104,75,1,13,245,299,57,27,291,101,3,23
104: 0,11,71,14,292,246,239,21,294,4,97,76,26,278,92,5,25,103,293,66,232
105: 335,126,98,131,341,296,21,97,342,295
106: 298,78,249,242,243,73,289,99,344,132,329,297
107: 352,138,358,312,359,30,264,112,313,116
108: 15,79,16,300,251,264,6,28,80,57,250,312
109: 53,135,299,58,12,301,29,27,212,59,247,14,246,76,75,1,13,245
110: 307,354,348,302,342,136,303,113,295,309,254,82,59
111: 357,351,350,137,305,311,304
112: 306,84,30,263,264,107,311
113: 307,110,354,348,389,302,342,136,299,27,131,341,153
114: 398,139,397
115: 267,266,260,314,87,315
116: 313,316,265,314,30,16,107,359,340
117: 276,102,128,338,317,318,322,323,324,365,90,34
118: 283,95,318,362,319,19,320,363
119: 142,147,324,362,334,325,373,374,148,363,143,367
120: 320,326,321,18,91,286,277,273,66,232,279,93
121: 376,369,335,327,328,326,382,286
122: 128,371,338,281,134,337,34,38,74,244,94,282,329
123: 386,36,156,31,331,130,291,134,101,3,23,38,124,332,32,387
124: 368,278,92,332,125,32,333,5,25,103,293,153,143,367,291,101,3,23,123,31,331,387
125: 374,124,368,332,148,149,32,381,333,153,143,367,152,147,380,373,40,96,387
126: 383,335,98,328,105,296,295
127: 128,338,322,365,370,22,34
128: 117,102,338,281,322,323,122,365,22,127,34
129: 354,133,346,345,35,135,299,57,27
130: 386,250,36,385,344,132,123,156,353,329,31,331,134,38
131: 376,368,335,149,326,105,341,153,307,389,342,113
132: 250,36,385,344,351,350,343,353,329,130,298,106
133: 161,39,393,140,347,346,345,129,35
134: 291,122,101,337,3,23,38,74,244,36,123,329,31,331,130
135: 299,58,301,57,109,29,27,212,87,354,129,35
136: 307,110,354,395,348,390,389,302,355,342,141,349,113,309
137: 391,357,351,350,111,305
138: 396,357,351,352,358,353,107,312,359
139: 398,162,394,355,141,361,140,114,308,397,340
140: 161,393,139,133,308,397,346,345,340,359
141: 162,395,394,348,355,356,136,361,139,308,346
142: 399,372,145,146,119,318,324,362,365,366,325
143: 374,124,368,332,148,125,32,333,367,119,147,324,325,373
144: 369,364
145: 399,372,142,146,365,366,370
146: 399,152,372,142,145,147,324,380,337,373,40,378,150
147: 152,372,146,119,380,334,325,373,40,374,148,125,381,333,143,367
148: 374,369,368,326,382,125,381,333,143,367,119,147,325,373
149: 376,131,341,382,125,381,333,153,389,154,96
150: 386,385,156,378,379,152,372,146,380,337,40,151
151: 371,370,337,385,384,378,377,150
152: 372,146,147,380,373,40,163,125,333,378,379,150,387
153: 124,368,332,149,131,341,125,32,333,307,389,39,347,96,113,387
154: 390,389,159,37,376,383,149
155: 392,391,385,384,160
156: 386,36,385,123,353,31,331,130,378,379,150,387
157: 396,339,161,393,397
158: 162,161,394,39,388,393,347,96
159: 395,390,154,37
160: 392,391,155
161: 162,394,388,393,158,140,133,397,346,345,157
162: 398,161,395,394,355,388,393,158,141,139,346
163: 381,152,380,40,379,96
164: 175,41
165: 42,168,190,191,43,166
166: 47,167,188,197,165,191,187
167: 44,47,171,188,192,204,197,8,166
168: 46,165,169,196,43
169: 46,168,191,205,196,174,51,203
170: 47,48,171,198,197,176,191,205,175,252,41
171: 44,47,48,170,167,172,192,198,197
172: 177,44,48,49,171,192,198,199,200
173: 178,9,46,196
174: 70,42,68,169,189,45,236,238,284,205,20,43,2
175: 191,170,164,41
176: 177,48,170,198,252,12,181,52,41
177: 48,49,172,198,199,176,12,182,206,54
178: 55,202,179,208,209,215,173,9,50
179: 55,56,202,178,183,51,209,210,215,211,50,203
180: 56,51,210,211,203,80,61,252,217
181: 53,12,182,52,185,213,218,176
182: 53,181,213,214,218,206,54,177
183: 184,179,215,220,211
184: 183,220,211,221,61,185,217
185: 61,261,62,181,52,217,218,184,211
186: 42,64,190,224,229,225,65,231,187
187: 42,186,225,65,231,188,204,24,8,166
188: 167,204,24,8,166,187
189: 42,68,45,228,229,236,284,20,275,43,174,89,2
190: 42,165,186,229,43
191: 165,169,205,175,47,170,197,166
192: 44,47,48,49,167,171,172,193,204,198,199,197,8
193: 0,11,44,49,71,72,240,192,199,200,292,239,4
194: 45,235,290,100,258,201,9
195: 43
196: 46,168,169,173,9
197: 44,47,48,170,167,171,192,204,198,8,166,191,205
198: 177,44,47,48,49,170,171,172,247,192,199,197,176,12
199: 11,177,44,48,49,71,72,172,240,247,192,193,198,200,239,206,54
200: 49,72,241,172,240,193,199,207
201: 208,9,194,235,258
202: 55,56,78,178,179,51,209,210,9,50,203,70,238,258
203: 56,202,179,51,210,50,180,70,169,238,252
204: 44,47,167,188,192,226,197,8,187
205: 169,191,174,47,170,197
206: 17,53,81,253,182,214,54,177,49,72,240,199,207
207: 72,241,240,200,17,81,253,214,206,54,248
208: 55,78,83,201,178,209,249,257
209: 15,55,56,60,78,79,83,202,178,179,208,210,215,216,251,257,50
210: 15,55,56,79,202,179,51,209,69,237,251,50,203,80,180,70,238
211: 184,179,183,180,61,252,52,185,217
212: 61,53,135,58,261,301,266,109,217,29,260,218
213: 62,181,182,218
214: 17,53,81,253,219,182,206,54,248,207
215: 55,60,178,179,183,209,216
216: 15,85,55,60,79,83,84,209,215,220,259,251,257,263,264
217: 61,58,261,185,212,184,211,221,180
218: 53,58,261,62,219,181,182,185,212,213,260
219: 262,214,260,218
220: 85,60,184,84,183,216,259,221
221: 184,84,16,220,61,222,261,266,265,217
222: 261,266,265,221
223: 228,229,269
224: 10,64,186,225,268,270
225: 10,186,224,268,65,231,187,272,24
226: 0,272,204,292,233,4,8,279,93,66,232
227: 233,279,93,273
228: 63,189,223,275,89,102,274
229: 42,64,186,189,190,223,43
230: 10,64,284,20,65,231,2,283,276,95,90,19,330
231: 42,10,64,186,230,284,20,225,65,2,187
232: 278,120,92,18,91,277,66,0,226,292,294,4,279,93,26,104
233: 272,226,227,24,279,93
234: 280,285
235: 194,201,242
236: 70,68,243,189,45,238,284,290,73,20,100,174,2,258,74,244,94,282
237: 15,56,78,79,210,69,251,80,70,238,74,244
238: 70,68,236,174,56,202,51,210,69,237,50,203
239: 0,11,49,71,72,240,247,193,199,14,292,246,21,294,4,97,76,26,104
240: 11,49,287,71,72,241,193,199,200,239,21,207,97,206,54
241: 287,72,240,200,207
242: 298,78,249,106,288,243,235,73,258,289,99
243: 68,236,290,73,100,258,74,244,94,282,298,78,106,242,289,99,329
244: 68,243,236,73,74,94,282,69,237,291,134,122,101,3,23,38,329
245: 247,14,246,76,75,1,13,80,301,57,109,29,5,25,103,293
246: 11,71,247,14,239,294,76,26,104,75,1,13,245,299,301,109,29,27,59,5,25,103,293
247: 11,48,49,71,198,199,14,246,239,76,75,1,13,245,12,301,109,29
248: 17,81,253,214,207
249: 304,298,78,83,208,256,257,106,242,297
250: 36,344,132,353,130,312,300,108,6,28
251: 15,55,56,60,78,79,83,209,210,216,69,300,237,257,264,108,6,28,80
252: 12,52,41,170,176,51,211,203,180
253: 17,254,81,82,214,206,54,248,59,207
254: 17,81,82,253,77,59,87,110,354,302,309
255: 310,77,356,303
256: 304,83,249,257,263
257: 15,55,60,78,79,83,208,209,216,249,251,256,263
258: 68,243,194,45,236,290,73,100,78,202,201,9,50,242
259: 85,60,84,216,220,263
260: 267,58,261,115,266,219,212,218,87
261: 61,222,58,62,266,185,217,212,260,218,221
262: 267,219,77
263: 85,60,83,216,259,256,257,264,112,311
264: 15,60,79,84,16,216,300,251,263,108,6,112,28,107,312
265: 313,222,266,316,116,314,84,30,16,221
266: 222,58,261,115,265,212,260,16,221
267: 115,262,260
268: 10,224,225,272,270,271,88
269: 64,223,275,89,276,102,317,90,270
270: 283,276,95,90,19,10,64,224,268,269
271: 320,88,268,272
272: 226,233,279,93,10,225,268,271,88
273: 120,321,286,227,280,279,93
274: 102,322,63,228
275: 64,189,228,89,269,276,102,90
276: 283,117,95,323,90,19,330,270,10,64,230,275,89,269
277: 320,120,18,91,66,232,283,95,19
278: 124,368,92,332,32,5,25,103,293,66,232,294,26,104
279: 0,272,226,227,292,233,4,93,120,273,66,232
280: 234,98,328,286,273
281: 289,128,371,338,122,22,34,99,336,63,94,282
282: 68,243,236,290,73,100,74,244,94,289,281,122,99,329
283: 118,276,95,90,19,330,270,10,230,18,91,277
284: 42,64,68,189,230,236,20,65,231,174,2
285: 234
286: 335,120,121,327,328,326,321,273,280
287: 296,72,241,240,21,97,98
288: 242,289,99,336
289: 281,99,336,243,73,94,282,298,106,242,288,329
290: 68,243,194,45,236,73,100,258,94,282
291: 134,101,3,23,38,74,244,57,124,332,32,5,25,103,293,123,31,331
292: 0,11,71,193,226,239,21,294,4,97,279,93,26,104,66,232
293: 124,278,92,332,32,5,25,103,14,246,294,76,26,104,75,1,13,245,299,57,27,291,101,3,23
294: 0,11,71,14,292,246,239,21,4,97,76,26,104,278,92,5,25,103,293,66,232
295: 110,302,342,349,303,296,126,105
296: 287,126,98,105,295
297: 350,343,304,298,249,106
298: 78,249,106,242,243,73,289,99,344,132,329,297
299: 135,301,57,109,29,27,59,14,246,76,5,25,103,293,307,354,113,129,35
300: 15,79,16,251,264,108,6,28,80,57,250,312
301: 53,135,299,58,12,109,29,27,212,59,247,14,246,76,75,1,13,245
302: 307,110,354,348,342,136,303,113,295,309,254,82,59
303: 110,302,349,295,309,255,77
304: 249,256,351,350,111,305,297,311
305: 357,351,350,137,111,311,304
306: 112,311
307: 110,354,348,389,302,342,136,113,299,27,131,341,153
308: 354,355,141,361,140,315,139,346,87
309: 110,354,348,302,356,349,136,303,310,254,82,77,87
310: 255,77,356,309
311: 357,351,111,312,305,306,304,263,112
312: 250,351,352,138,353,107,311,300,264,108,6,28
313: 316,116,265,314,30,16,107,359,340
314: 313,115,316,116,265,360,315,340
315: 361,308,115,314
316: 313,116,265,314,30,360,340
317: 117,102,318,322,323,269
318: 117,118,142,317,323,324,362,365
319: 118
320: 271,364,120,18,91,88,277,118
321: 120,286,273
322: 117,102,128,338,274,317,323,365,127,34
323: 117,276,102,128,338,317,318,322,324,365,90,34
324: 372,117,142,146,119,318,323,337,325,330,143,367
325: 142,119,147,324,362,334,373,374,148,363,143,367
326: 374,369,368,335,120,121,327,148,131,341,382,286
327: 376,369,335,121,328,326,382,286
328: 335,121,327,126,98,286,280
329: 36,344,132,343,130,243,73,74,244,94,282,298,106,289,371,134,122,99,38
330: 283,276,95,324,90,19,230
331: 386,36,123,156,31,130,291,134,101,3,23,38,124,332,32,387
332: 124,368,278,92,125,32,333,5,25,103,293,153,143,367,291,101,3,23,123,31,331,387
333: 374,124,368,332,148,149,125,32,381,153,143,367,152,147,380,373,40,96,387
334: 399,119,147,362,325,373,363
335: 376,121,327,126,98,328,131,326,105,341,286
336: 289,371,281,22,99,288,343
337: 372,146,324,134,122,151,38,378,150
338: 117,102,128,281,322,323,122,365,22,127,34
339: 396,157
340: 360,140,139,313,316,116,314,359
341: 376,368,335,149,131,326,105,153,307,389,342,113
342: 307,110,348,390,389,302,349,136,113,295,383,131,105,341
343: 384,344,350,132,329,297,371,336
344: 250,36,385,351,350,132,343,353,329,130,298,106
345: 161,39,393,140,347,133,346,129,35
346: 162,161,354,394,355,39,393,141,140,347,133,308,345,129,35
347: 389,39,388,158,96,133,346,345,387,153
348: 307,110,354,395,390,389,302,355,342,141,349,136,113,309
349: 348,390,342,356,136,303,295,309
350: 344,351,132,137,343,111,305,297,304
351: 357,344,352,350,132,137,138,353,111,312,305,311,304
352: 396,357,351,138,358,353,107,312,359
353: 391,386,250,36,385,344,351,352,132,138,156,130,312
354: 307,110,348,302,136,308,113,346,129,309,35,254,135,299,82,27,87
355: 162,395,394,348,356,141,136,361,139,308,346
356: 355,141,349,361,309,310,255
357: 351,352,137,138,358,111,305,311
358: 396,357,352,138,107,359
359: 396,352,138,358,107,313,116,140,397,340
360: 340,316,314
361: 355,356,141,315,139,308
362: 399,118,142,119,318,366,334,325,363
363: 364,118,119,362,334,325
364: 320,369,144,363
365: 117,142,145,128,338,318,322,323,366,127,34
366: 399,142,145,362,365
367: 374,124,368,332,148,125,32,333,143,119,147,324,325,373
368: 374,124,278,92,332,148,131,326,341,125,32,333,153,143,367
369: 374,364,121,327,144,148,326,382
370: 145,22,127,151,377
371: 281,122,22,151,336,385,384,343,329,377
372: 399,152,142,145,146,147,324,380,337,373,40,378,150
373: 152,372,146,119,147,380,334,325,40,374,148,125,381,333,143,367
374: 369,368,148,326,382,125,381,333,143,367,119,147,325,373
375: 376,33,382
376: 375,383,335,121,327,149,131,341,382,154
377: 384,371,370,22,151
378: 386,385,156,379,150,152,372,146,380,337,40,151
379: 386,156,378,150,152,380,40,163,387
380: 152,372,146,147,373,40,163,125,333,378,379,150,387
381: 374,163,148,149,382,125,333,147,373,96
382: 376,375,374,369,121,327,148,149,326,381
383: 376,126,390,342,154
384: 385,343,155,377,371,151
385: 391,386,36,384,344,132,155,156,353,130,378,150,371,151
386: 36,385,123,156,353,31,331,130,378,379,150,387
387: 39,347,96,152,380,40,124,332,125,32,333,153,386,123,156,31,331,379
388: 162,161,394,39,393,158,347,96
389: 307,395,348,390,342,39,136,154,347,96,113,149,131,341,153
390: 395,348,389,342,159,349,136,154,383
391: 392,385,160,137,155,353
392: 391,160,155
393: 162,161,394,388,158,140,133,397,346,345,157
394: 398,162,161,395,355,388,393,158,141,139,346
395: 162,394,348,390,389,355,159,141,136
396: 157,352,138,358,359,339,397
397: 161,393,140,114,139,396,157,359
398: 162,394,114,139
399: 372,142,145,146,362,366,334