0: 92,278,226,66,18,103,93,279,291,326,1,232
1: 291,4,333,367,29,92,278,18,0,134,331
2: 110,180,299,27,56,57,61,210,237,198,23,135,250,331
3: 13,46,194,45,196,290,100,68,9,178,201,50,243,258,75
4: 291,131,341,1,333,18,348,347,153,331,294,380
5: 287,280,103,279,98,326,273,104,286
6: 85,84,16,112,313,265,30,107
7: 25
8: 67,192,226,227,233,24,93,231,225,19
9: 46,194,235,3,196,173,202,201
10: 276,317,318,319,91,268,270,271,320,325,118,88
11: 53,254,58,219,182,214,206,248
12: 180,58,181,182,109,61,252,206,198,293,177,176
13: 46,168,169,45,3,205,196,174,68,178,75
14: 76,92,198,278,71,66,18,246,59,299,27,206,301,348
15: 222,261,56,266,221,184,265,260,85,217,251
16: 85,6,250,112,266,57,210,386,107,35,312,116
17: 254,253,214,248,72
18: 14,76,92,278,66,246,0,348,291,4,131,1
19: 231,186,230,20,225,65,89,192,226,8,93,97,91
20: 95,189,230,237,205,65,174,29,68,69,19,97
21: 287,199,54,66,239,296,59,98,131,105
22: 371,281,127,370,34,377
23: 135,250,237,29,69,2,57,108,331
24: 188,233,8,231,225,187
25: 133,7,147,96,163,379,150
26: 67,240,193,200,227,280,285,279
27: 110,299,2,57,61,301,348,14,76,198,246,331,81
28: 132,289,329,123,60,282,36
29: 95,230,237,20,69,23,31,134,1,108,331
30: 107,359,6,314,313,340,316
31: 134,330,337,36,95,29,69,108
32: 332,372,117,337,125,156,38,130,378,329,151
33: 375,374,381
34: 384,336,343,106,298,377,22,371,281
35: 386,156,345,123,312,60,16,250,57,129
36: 117,31,122,337,244,282,132,108,329,28
37: 159,387,374,154
38: 385,138,155,353,130,378,379,40,329,151,32
39: 133,158,153,113,380,387,96
40: 392,391,385,160,138,155,353,38,339,378
41: 170,164,176,175,51,185,252
42: 231,165,168,190,191,205,166,43,65,174,47,197,97
43: 42,168,189,190,195,45,229,65,174
44: 48,171,172,247,193,199,200,71,177,176
45: 13,46,189,194,195,3,196,290,100,43,174,68
46: 13,45,3,196,173,9,178
47: 167,247,192,204,197,97,42,231,191,205,166
48: 44,67,167,171,172,193,200
49: 172,207,177,214
50: 55,78,83,201,208,209,203,74,243,258,3
51: 179,211,169,175,41,170,185,252
52: 62,181,185,213,218,245
53: 58,261,11,219,182,109,213,260
54: 21,72,199,239,207,59,214,206,248
55: 60,83,135,250,80,203,257,50,264,74,243,212
56: 110,180,2,58,266,109,61,15,260,210,217
57: 110,299,27,2,82,210,23,16,250,35,331,81,346,129
58: 110,53,354,56,11,12,219,182,109,61,260,206,301
59: 206,248,301,348,14,76,21,54,246,105
60: 55,282,250,257,35,123,312,28
61: 110,180,299,27,2,58,56,12,206,301,198
62: 261,86,184,52,213
63: 102,274,281,122,99,275,236,73,94,128
64: 223,224,270,269
65: 42,231,186,189,190,229,20,43,174,89,19
66: 14,76,92,21,193,278,199,71,226,18,279,246,0
67: 48,167,188,192,193,26,8
68: 13,189,45,237,3,290,20,100,174,69,243,75
69: 95,237,20,29,68,23,282,243,31
70: 135,75,238,169,237,205,293,180
71: 14,44,76,92,198,247,193,278,199,226,66,293,246,206
72: 54,239,207,17,253,214,248
73: 275,228,94,63,274
74: 304,55,78,79,83,208,249,256,257,50,263
75: 178,135,203,243,70,238,13,169,3,68
76: 14,92,198,278,71,66,18,246,59,299,27,206,301,348
77: 254,354,262,219,87,248,255,303,309,310
78: 201,208,249,50,74,258
79: 83,208,259,256,263,74
80: 55,217,83,135,215,216,220,203,264,211,212
81: 162,307,347,331,346,110,299,27,354,57,82,301,348
82: 110,354,266,57,87,116,162,315,308,81,346,309
83: 55,79,208,209,215,216,80,203,50,263,264,74
84: 85,6,251,216,259,264,112,265
85: 217,6,84,251,16,264,212,266,265,15,210
86: 222,261,62
87: 267,115,354,262,219,82,260,77,315,309,310
88: 320,118,268,271,10,319
89: 95,186,189,229,65,269,19,276,323
90: 102,338,274,317,322,323,284,275,228,269
91: 10,276,330,230,19,93,271,325,232,367
92: 14,76,198,278,71,226,66,18,246,0,1
93: 226,103,8,271,0,19,91,232
94: 275,189,195,236,73,128,63
95: 189,230,290,20,100,89,29,128,69,31,330,323
96: 374,149,381,300,163,150,39,25,153,387
97: 47,247,192,226,197,42,231,205,20,19
98: 335,126,328,131,326,105,104,286,292,5,287,21,296
99: 236,242,244,288,63,281,122,132,336
100: 95,189,194,45,236,3,290,68,128,244,282,258
101: 332,372,117,102,142,145,371,127,324,365,370,337
102: 101,63,274,127,322,122,365,90,323,284,275
103: 5,227,93,279,0,320,120,272,326,273,232
104: 98,273,286,292,5,287,280
105: 335,126,98,131,21,296,59,348,307,302,303,295,294
106: 384,350,336,343,289,298,34,297
107: 386,30,344,352,358,359,312,6,16,112
108: 156,329,29,23,31,134,337,36,331
109: 180,53,58,261,56,12,181,182,213,260,218
110: 299,27,2,58,354,56,266,57,61,82,260,301,210,81
111: 351
112: 306,6,84,16,257,263,264,311,352,107,312
113: 133,394,39,158,141,140,346,129,386,161,138,345
114: 140,139,340,359,397
115: 267,222,314,266,265,260,87,315
116: 140,315,308,346,340,16,314,266,82,386
117: 101,371,122,337,32,36,343,329,151
118: 320,364,325,88,283,363,10,318,319
119: 399,332,372,142,146,147,373,334,152,300
120: 320,369,368,364,272,326,321,273,286,232,103
121: 369,327,328,321,286
122: 117,63,102,371,281,36,99,128,244,132
123: 385,344,156,353,345,305,289,35,329,312,28,60
124: 162,307,395,390,389,159,141,349,136,347,153,294,387
125: 372,134,337,32,333,300,156,130,150,380
126: 335,98,328,105,292,296,302,295
127: 101,22,102,145,371,365,370
128: 275,95,189,236,290,100,94,244,63,122,323
129: 347,331,113,346,380,57,386,156,345,35
130: 138,156,38,345,379,150,125,32,133,380
131: 291,4,335,98,326,105,341,21,18,348,294
132: 336,343,289,297,28,99,244,282,288,258,122,36
133: 394,39,158,25,113,157,138,130,379
134: 31,330,337,125,29,1,333,367,156,108,331,380
135: 23,55,250,80,203,211,243,212,75,70,238,237,180,2
136: 398,395,124,390,355,159
137: 391,357,385,351,350,305,289
138: 392,391,161,157,160,353,38,345,130,339,379,40,133,113
139: 398,393,141,361,140,114,308,340
140: 116,394,393,141,114,139,308,113,346,340,386,161,359,397
141: 162,395,124,393,158,140,347,139,308,113,346
142: 399,101,332,372,145,119,373,324,362,365,366,334
143: 368,325,148,283,333,300,367,373,324
144: 277
145: 399,101,332,142,146,127,365,370
146: 399,332,145,147,119
147: 332,372,146,119,163,378,379,150,25
148: 291,368,326,341,382,381,333,300,143
149: 376,375,374,154,341,382,381,96,389,153,387
150: 130,379,147,125,96,300,163,25
151: 385,384,343,155,38,378,329,377,332,117,371,370,32
152: 381,300,163,119,373,334
153: 124,389,39,347,294,380,387,4,149,341,96,333
154: 376,375,374,383,149,389,159,37,387
155: 385,384,38,378,40,377,151
156: 108,345,130,35,329,123,134,125,32,331,129,380
157: 392,160,138,339,397,133,394
158: 133,395,394,39,393,141,113,387
159: 395,124,390,389,136,37,387,154,383
160: 392,157,138,339,379,40
161: 396,386,344,138,345,359,339,397,394,140,113
162: 307,124,141,349,347,308,81,346,309,82
163: 96,152,300,147,150,25
164: 41,175,185
165: 42,168,190,191,166
166: 42,231,165,190,191,47,167,188,197
167: 47,48,67,171,188,247,192,204,197,166
168: 42,13,165,169,191,205,43,174
169: 13,168,191,205,175,170,51,75,70,238
170: 41,204,293,176,169,191,205,175,51,252
171: 44,48,167,172,247,204,176
172: 44,48,171,200,207,177,49
173: 46,196,9,202,178
174: 42,13,168,189,45,205,20,43,65,68
175: 169,191,41,170,164,51
176: 41,170,44,171,247,204,293,177,12,252
177: 44,172,207,176,49,12,182,214,206
178: 202,179,209,203,75,13,46,3,196,173
179: 51,178,183,209,215,203,211
180: 2,56,12,109,61,252,218,237,198,293,217,135,211,70,238
181: 12,182,52,109,213,252,218
182: 53,58,11,12,181,109,214,213,206,177
183: 179,215,220,211,245
184: 261,62,15,218,245,217,251,220,211
185: 52,252,218,245,41,164,51,211
186: 231,190,224,229,225,65,89,187,19
187: 231,186,190,224,225,24
188: 67,167,192,24,231,166
189: 95,195,45,229,290,20,100,43,65,94,174,89,68,128
190: 42,231,165,186,229,166,43,65,187
191: 42,165,168,169,205,175,166,170,47,204,197
192: 47,67,167,188,247,193,226,197,8,97,231,19
193: 44,48,67,240,247,192,199,200,71,226,66,26,279
194: 45,235,236,3,290,100,9,242,201,258
195: 189,45,229,43,94
196: 13,46,45,3,173,9,178
197: 47,167,247,192,204,97,42,231,191,205,166
198: 14,76,92,278,71,293,246,237,180,299,27,2,12,61,206
199: 44,21,240,193,200,71,54,66,239,279,206
200: 44,48,241,172,240,193,199,239,207,26
201: 78,202,50,258,194,235,3,9
202: 178,201,209,173,9
203: 55,83,178,179,209,135,215,80,50,243,75
204: 170,47,167,171,247,197,176,191,205
205: 42,13,168,169,191,237,20,174,170,47,247,204,293,197,97,70,238
206: 59,58,11,12,182,214,61,248,301,14,76,198,199,71,54,246,177
207: 72,172,200,54,239,177,49,214
208: 78,79,83,209,50,74
209: 83,202,178,179,208,215,203,50
210: 110,2,56,266,57,85,217,16,250,212
211: 217,51,179,183,135,220,80,180,184,185,252,218,245
212: 85,55,217,135,250,80,264,210
213: 53,261,62,181,182,52,109,218
214: 17,11,253,182,206,248,72,54,207,177,49
215: 83,179,183,209,216,220,80,203
216: 83,84,251,215,220,259,80,264
217: 85,251,220,80,211,212,180,56,184,15,218,210
218: 180,184,181,52,185,109,213,252,245,217,211
219: 267,53,254,58,354,11,262,260,87,77
220: 217,183,251,215,216,80,211,184,245
221: 222,265,15,251
222: 267,261,115,221,86,265,15,260
223: 64,228,229,269
224: 64,186,225,268,270,187
225: 231,186,224,268,187,19,24,8
226: 92,192,193,278,71,66,8,93,279,97,0,19
227: 233,280,26,103,8,279,272,273
228: 275,223,73,269,274,90
229: 186,189,190,195,223,43,65,89,269
230: 95,20,29,19,276,330,91,367
231: 42,186,190,225,166,65,187,19,47,188,192,24,197,8,97
232: 291,320,368,325,120,326,367,103,93,0,91
233: 227,24,8
234: 287,241,240,280,285
235: 194,9,242,201
236: 99,194,290,100,94,128,242,244,258,63
237: 205,20,29,68,69,198,293,23,135,70,238,180,2
238: 135,75,70,169,237,205,293,180
239: 287,21,72,241,240,199,200,54,207
240: 287,241,193,199,200,234,239,280,26,285,279
241: 240,200,234,239,285
242: 99,194,235,236,288,258
243: 55,282,135,203,50,258,75,3,68,69
244: 99,236,290,100,128,282,258,122,36,132
245: 184,52,185,218,183,220,211
246: 14,76,92,198,278,71,66,18,59,299,27,206,301,348
247: 44,47,167,171,192,193,204,71,293,197,176,97,205
248: 59,17,254,11,253,214,206,77,72,54,303
249: 304,78,256,74,297
250: 23,55,60,16,135,212,2,57,210,35
251: 85,217,84,216,220,221,184,265,15
252: 180,12,181,185,218,41,170,293,176,51,211
253: 17,254,214,248,72
254: 17,11,253,219,248,77
255: 342,356,349,303,309,310,77
256: 304,79,249,263,74,311
257: 304,55,60,263,264,74,311,112,312
258: 78,282,201,288,50,243,194,236,3,290,100,242,244,132
259: 306,79,84,216,263,264
260: 110,267,53,222,58,261,115,56,266,219,109,15,87
261: 53,222,62,86,184,109,15,213,260
262: 267,219,87,77,310
263: 306,79,83,259,256,257,264,74,311,112
264: 85,55,83,84,216,259,80,257,263,212,112
265: 222,314,115,266,221,313,15,85,6,84,251
266: 110,115,56,265,15,82,260,210,85,16,116
267: 222,115,262,219,260,87
268: 224,225,270,271,10,88
269: 275,64,223,228,229,89,270,276,317,90,323
270: 64,224,268,269,10,276,317
271: 93,268,10,91,320,272,88
272: 320,120,273,227,103,271
273: 120,272,321,104,286,5,227,280,103
274: 63,102,322,90,275,228,73
275: 228,73,94,269,128,63,102,274,90,323
276: 10,317,318,330,323,284,91,230,89,270,269
277: 369,364,144,283
278: 14,76,92,198,71,226,66,18,246,0,1
279: 5,240,193,199,226,227,66,280,26,103,0
280: 5,287,240,227,234,26,285,279,273,104
281: 63,22,371,122,99,336,34
282: 60,243,258,290,100,69,244,36,132,28
283: 368,364,325,118,277,143,363,318,373,324,362
284: 276,102,338,317,318,324,330,90,323
285: 241,240,234,280,26
286: 369,120,121,327,98,328,326,321,273,104,5
287: 5,21,240,234,239,280,296,98,104,292
288: 258,99,242,132,336,297
289: 385,351,350,132,137,343,106,305,298,297,329,123,28,304
290: 95,189,194,45,236,3,100,68,128,244,282,258
291: 4,148,131,326,341,1,333,232,367,18,0
292: 126,98,104,287,296
293: 170,198,247,71,176,237,205,70,238,180,12,252
294: 307,124,389,302,347,153,348,4,335,131,105,341
295: 302,342,303,296,126,105
296: 287,21,126,98,105,292,295
297: 350,132,336,106,289,298,304,249,288
298: 384,350,336,343,106,289,34,297
299: 110,27,2,57,61,301,348,14,76,198,246,331,81
300: 148,381,96,333,152,143,163,372,119,373,125,150
301: 59,110,299,27,58,354,61,206,348,14,76,246,81
302: 390,389,342,349,303,295,294,383,335,126,105
303: 307,255,302,342,349,295,309,354,248,77,105
304: 249,256,257,74,311,351,350,289,297
305: 391,357,385,344,351,137,353,289,123,312
306: 259,263,311,112,352
307: 162,124,349,347,303,81,294,309,354,348,105
308: 116,162,141,361,140,315,139,346,340,82
309: 162,307,255,356,349,303,310,354,82,87,77
310: 255,356,309,262,87,77
311: 306,304,256,257,263,112,351,352,312
312: 344,352,107,305,35,123,60,16,257,311,112
313: 314,265,6,30,316
314: 115,313,265,30,116,360,315,340,316
315: 116,360,361,308,340,314,115,82,87
316: 360,340,314,313,30
317: 10,276,338,318,90,319,284,270,269
318: 10,276,338,317,324,362,319,284,325,118,283
319: 10,317,318,118,88
320: 368,364,325,120,118,272,88,232,103,271,10
321: 369,120,121,273,286
322: 102,338,274,365,90
323: 276,102,330,90,284,275,95,89,269,128
324: 101,372,142,318,373,330,362,337,284,325,283,143,367
325: 320,368,118,283,232,143,367,10,318,324,91
326: 291,369,368,120,327,98,148,131,341,286,232,5,103,0
327: 376,369,335,121,328,326,341,382,286
328: 376,335,121,327,126,98,286
329: 385,343,156,353,108,38,289,123,151,28,117,32,36
330: 276,31,324,134,323,337,284,91,95,230,367
331: 81,129,380,29,23,299,27,2,57,134,4,1,156,108
332: 101,372,142,145,146,147,119,370,32,378,151
333: 291,4,148,1,300,143,367,134,125,153,380
334: 399,142,119,373,362,152
335: 376,327,126,98,328,131,105,341,302,294
336: 132,343,106,298,34,297,99,288,281
337: 101,372,117,31,324,134,330,125,32,36,108
338: 317,318,322,365,366,90,284
339: 396,392,391,161,157,160,138,40,397
340: 116,360,140,315,114,139,308,316,314,30,359
341: 376,291,4,335,327,148,149,131,326,382,389,153,294
342: 255,390,302,349,303,295
343: 385,384,132,336,106,289,298,34,329,151,117,371
344: 396,391,386,161,358,353,345,107,359,305,123,312
345: 386,161,344,138,156,353,130,35,123,113,129
346: 116,162,141,140,347,308,81,113,129,57,82,386
347: 162,307,124,141,153,81,346,294,129,380,4
348: 59,299,27,354,301,14,76,18,246,4,131,105,307,81,294
349: 162,307,255,124,390,302,342,356,303,309
350: 351,137,106,289,298,297,304
351: 357,352,350,137,111,305,289,304,311
352: 357,351,358,107,312,306,311,112
353: 391,385,344,138,38,345,305,40,329,123
354: 110,58,219,82,87,77,301,348,307,303,81,309
355: 398,356,136
356: 255,355,349,361,309,310
357: 391,351,352,137,358,305
358: 396,357,344,352,107,359
359: 396,386,30,161,344,358,107,397,140,114,340
360: 361,315,340,316,314
361: 356,360,315,139,308
362: 142,318,373,324,366,334,283,363
363: 364,118,283,362
364: 320,369,368,120,118,283,277,363
365: 101,102,142,145,338,127,322,366
366: 399,142,338,362,365
367: 291,325,1,333,232,143,230,324,134,330,91
368: 320,369,364,325,120,148,326,283,232,143
369: 368,364,120,121,327,326,321,382,286,277
370: 101,332,22,145,371,127,377,151
371: 101,117,22,281,127,122,370,343,34,377,151
372: 101,332,142,147,119,373,324,337,125,32,300
373: 372,142,119,324,362,334,283,152,300,143
374: 375,33,154,149,381,96,37
375: 376,374,33,154,149,382,381
376: 375,154,383,335,327,149,328,341,382,389
377: 384,155,34,151,22,371,370
378: 155,38,379,40,151,332,147,32
379: 392,160,138,38,130,378,150,147,133,25
380: 39,347,153,331,129,134,125,4,333,156,130
381: 375,374,33,148,149,382,96,152,300
382: 376,375,369,327,148,149,341,381
383: 376,154,390,389,302,159
384: 385,343,155,106,298,34,377,151
385: 384,137,343,155,353,38,305,289,40,329,123,151
386: 161,344,345,107,359,35,16,116,140,113,346,129
387: 395,124,389,39,159,158,153,37,154,149,96
388: 
389: 124,390,302,159,153,294,387,376,154,383,149,341
390: 124,389,302,342,159,349,136,383
391: 396,357,344,137,138,353,339,305,40
392: 157,160,138,339,379,40
393: 398,395,394,158,141,140,139
394: 133,393,158,140,113,161,157,397
395: 398,124,159,393,158,141,136,387
396: 391,161,344,358,359,339,397
397: 396,161,157,359,339,394,140,114
398: 395,355,393,136,139
399: 142,145,146,119,366,334