0: 92,278,226,66,18,91,103,1,291,131,326,232
1: 92,278,18,91,0,23,299,27,134,367,291,4,331
2: 110,180,299,27,301,210,109,29,57,56,61,23,237,198,135,250
3: 70,46,68,189,45,236,238,196,174,258,178,135,243
4: 291,131,341,1,153,348,331,294
5: 98,326,273,104,286,287,280,279,103
6: 85,84,16,264,112,313,265,30,107
7: 25
8: 188,192,226,233,24,93,19,225,231
9: 46,194,45,196,173,202,201
10: 325,317,318,319,268,270,276,271,118,88
11: 53,58,354,12,219,182,214,206
12: 180,58,301,11,181,182,109,29,252,218,206,61,198,293,177,176
13: 51,178,179,75,135,203,211,245,70,238,180
14: 76,92,198,278,71,66,246,59,299,27,301,109,29,206,348
15: 110,58,261,266,184,265,210,260,218,56,61,85,251,217
16: 312,85,6,250,212,266,210,57,56,386,107,35,116
17: 254,253,214,248,72
18: 92,278,226,91,97,93,0,1,19,230,367,232
19: 230,225,65,89,276,231,18,91,97,8,93
20: 70,42,189,230,238,205,65,174,69,237,97
21: 287,54,66,239,296,59,98,105
22: 371,281,127,370,34,377
23: 69,237,1,2,134,331
24: 188,233,8,225,187,231
25: 133,7,163,96,379,150
26: 67,240,193,227,280,285,279
27: 110,299,2,301,109,29,57,14,76,246,1,348,331,81
28: 108,329,123,60,282,31,36
29: 110,180,299,27,2,58,301,12,109,206,61,14,76,198,246
30: 107,359,6,313,340,316
31: 117,134,330,337,36,95,69,108,28
32: 332,372,117,337,125,38,130,329,151
33: 375,154,149,381,96,37
34: 384,336,343,106,298,377,22,371,281
35: 386,156,345,123,312,16,250,57,129
36: 117,31,122,244,282,132,108,329,28
37: 389,159,387,33,154,149,96
38: 385,138,155,353,130,378,379,40,151,32
39: 162,124,141,347,153,113,346,129,387
40: 392,391,385,160,138,155,353,38,339
41: 170,176,175,164,51,185,252
42: 165,168,190,191,205,20,166,43,65,174,231,47,197
43: 42,46,168,189,190,195,45,229,196,65,174
44: 48,49,171,172,247,193,204,199,71,293,177,176
45: 46,189,194,195,3,196,290,100,43,174,9,258
46: 168,169,45,3,196,43,174,173,9,178
47: 167,247,192,204,197,42,191,205,166,231
48: 44,67,167,171,172,193,200
49: 44,172,193,199,200,71,54,239,207,177,214,206
50: 55,78,83,202,208,209,203,74,243,258
51: 13,179,75,211,245,169,175,41,170,185,252
52: 62,184,181,185,213,218,211
53: 58,261,11,219,182,213,260
54: 49,21,72,199,239,207,59,214,206,248
55: 60,83,80,203,257,50,264,74,243,212
56: 110,2,266,210,15,57,61,85,16,250,212
57: 110,299,27,2,266,210,56,16,250,35,331,81,346,129
58: 110,53,261,301,11,12,219,109,29,15,260,218,61
59: 354,206,248,14,76,21,54,246,105,348
60: 312,55,282,250,257,243,108,123,28
61: 110,180,2,58,301,12,210,109,29,15,218,56,217
62: 261,86,184,52,213
63: 102,274,281,122,275,73,94,99,128
64: 223,224,228,270,269
65: 42,19,186,189,190,229,20,43,89,231
66: 14,76,92,21,193,278,71,226,279,246,0
67: 48,167,188,192,193,26
68: 95,189,236,3,290,100,69,244,258,243
69: 68,95,230,236,20,23,237,31,134,330
70: 169,238,3,205,20,174,237,13,75,135,245,180
71: 14,44,49,76,92,198,247,193,278,199,226,66,293,246,206
72: 54,239,207,17,253,214,248
73: 275,228,94,63,274
74: 304,55,78,79,83,208,249,256,257,50,263
75: 13,51,178,179,135,203,211,245,70,238,180
76: 14,92,198,278,71,66,246,59,299,27,301,109,29,206,348
77: 254,354,262,219,310,87,248,255,303,309
78: 282,201,208,249,288,50,74,258,297
79: 83,208,259,256,263,74
80: 85,55,83,215,216,220,203,264,212,217
81: 162,307,82,348,346,110,299,27,354,57
82: 116,162,308,81,346,315,115,266,87
83: 55,79,208,209,215,216,80,203,50,263,264,74
84: 85,6,216,220,264,251,221,265
85: 6,84,16,80,264,212,251,217,266,265,210,15,56
86: 222,261,62,213
87: 267,115,354,262,219,310,260,77,82,309,315
88: 271,118,10,319
89: 19,95,186,189,229,65,269,276,323
90: 102,274,317,322,323,284,275,228,269
91: 92,278,226,18,97,93,0,1,19,230,367,232
92: 14,76,198,278,71,226,66,18,91,97,246,0,1
93: 226,18,91,8,103,19,271,272,232
94: 275,290,73,100,128,63
95: 68,189,230,236,290,100,89,128,69,244,31,330,323
96: 374,33,163,148,149,381,300,150,153,380,37,387,25
97: 92,198,247,192,278,226,18,91,19,230,205,20,231
98: 335,126,328,131,326,105,104,5,286,292,287,21,296
99: 128,242,244,288,63,281,122,132,336
100: 68,95,189,194,45,236,290,94,128,242,244,258
101: 332,372,117,102,142,145,127,122,365,370,337
102: 101,63,274,127,322,122,365,90,323,284,275
103: 226,227,93,279,0,320,120,272,326,273,5,232
104: 98,273,5,286,292,287,280
105: 335,126,98,131,21,296,59,307,302,348,303,295,294
106: 384,350,336,343,298,34,297
107: 386,30,344,352,358,359,312,6,16,112,116
108: 329,123,28,60,282,31,36
109: 110,180,299,27,2,58,301,12,29,206,61,14,76,198,246
110: 299,27,2,58,354,301,266,210,109,29,15,260,57,56,61,81
111: 351,311
112: 306,312,6,257,263,264,311,352,107
113: 133,394,39,347,129,380,387,138,345,130
114: 140,139,340,359,397
115: 267,222,314,266,265,260,87,82,315
116: 82,140,308,346,340,16,314,266,386,107
117: 101,31,371,122,370,337,32,36,329,151
118: 320,364,88,283,363,10,325,318,319
119: 399,332,372,142,146,147,373,334,152,300
120: 320,369,368,364,272,326,321,273,286,103
121: 369,327,328,321,286
122: 101,117,63,102,371,281,36,99,128,244,132
123: 353,108,305,289,35,329,28,312,60
124: 162,307,395,390,389,39,159,141,349,136,347,153,294,387
125: 372,324,134,337,32,333,300,156,130,150,380
126: 335,98,328,105,292,296,302,295
127: 101,22,102,145,365,370
128: 275,95,290,100,94,99,244,63,122,323
129: 39,347,331,113,346,380,57,156,345,35
130: 138,156,38,345,379,150,125,32,113,380
131: 291,335,98,326,105,341,4,0,348,294
132: 336,343,289,297,99,244,282,288,281,122,36
133: 394,388,158,113,25,157,138,379
134: 31,330,337,125,367,69,23,1,156,331
135: 13,75,250,203,243,245,212,70,238,3,237,180,2
136: 398,395,124,390,355,159
137: 391,357,385,351,350,305
138: 392,161,157,160,353,38,345,130,339,379,40,133,394,113
139: 398,393,141,361,140,114,308,340
140: 116,394,393,141,114,139,308,346,340,386,161,359,397
141: 162,395,394,124,39,393,361,140,347,139,308,346
142: 399,101,332,372,145,119,373,324,362,365,366,334
143: 368,283,333,325,373,324
144: 277
145: 399,101,332,142,146,127,365,366,370
146: 399,332,145,147,119
147: 332,146,119,163,378,379,150
148: 374,149,341,382,381,333,300,96,153,380
149: 376,375,374,33,154,148,341,382,381,96,389,153,37
150: 130,379,147,125,163,300,96,380,25
151: 385,384,343,155,38,378,329,377,332,117,371,370,32
152: 163,381,300,119,373,334
153: 124,389,39,347,294,380,387,374,148,149,341,96,4
154: 376,375,33,383,149,389,159,37
155: 385,384,38,378,40,377,151
156: 130,35,134,125,331,129,380
157: 161,138,339,397,133,394,388,158
158: 133,395,394,388,393,387,157
159: 395,124,390,389,136,37,387,154
160: 392,138,339,379,40
161: 396,386,344,157,138,345,359,339,397,394,140
162: 307,124,39,356,141,349,82,347,81,346,309
163: 381,152,300,96,147,150,25
164: 175,41
165: 42,168,190,191,166
166: 42,165,190,191,187,231,47,167,188,197
167: 47,48,67,188,192,204,197,166
168: 42,46,165,169,191,196,43,174
169: 70,46,168,191,238,205,196,175,174,170,51
170: 41,204,293,176,169,191,205,175,51,252
171: 44,48,204,176
172: 44,48,49,199,200,207,177
173: 46,196,9,202,178
174: 70,42,46,168,169,189,45,238,3,205,196,20,43
175: 169,191,164,41,170,51
176: 41,170,44,171,204,293,177,12,181,252
177: 44,49,172,199,293,176,12,182,214,206
178: 13,202,179,75,209,203,245,46,3,196,173
179: 13,51,178,183,75,209,215,203,211,245
180: 2,301,12,109,29,252,61,70,238,205,237,198,293,13,75,135,211,245
181: 12,182,52,213,252,218,176
182: 53,11,12,181,214,213,177
183: 179,215,220,211,184
184: 261,62,52,15,218,183,220,211,251,217
185: 52,252,41,51,211
186: 190,224,229,225,65,89,187
187: 186,190,224,225,166,231,188,24
188: 67,167,192,24,8,166,187,231
189: 68,95,195,45,229,236,3,290,20,100,43,65,174,89
190: 42,165,186,229,166,43,65,187,231
191: 42,165,168,169,205,175,166,170,47,204,197
192: 47,67,167,188,247,193,226,197,97,8,231
193: 44,48,49,67,240,247,192,199,200,71,226,66,26,279
194: 195,45,235,290,100,9,242,258,201
195: 189,194,45,229,43
196: 46,168,169,45,3,43,174,173,9,178
197: 47,167,247,192,204,42,191,205,166,231
198: 14,76,92,247,278,71,293,97,246,205,237,180,2,301,12,109,29,206
199: 44,49,172,193,200,71,54,239,207,177,214,206
200: 48,49,241,172,240,193,199,239,207
201: 78,202,194,235,9,258
202: 178,201,209,50,173,9
203: 55,13,83,178,179,75,209,135,215,80,50,243,245,212
204: 170,44,47,167,171,247,293,197,176,191,205
205: 70,42,169,191,238,20,174,237,170,47,198,247,204,293,197,97,180
206: 59,301,11,12,109,214,29,14,49,76,198,199,71,54,246,177
207: 49,72,172,199,200,54,239,214
208: 78,79,83,209,50,74
209: 83,202,178,179,208,215,203,50
210: 110,2,266,15,57,56,61,85,16,250,212
211: 13,51,179,183,75,245,217,180,184,52,185,252,218
212: 85,55,16,135,250,80,203,264,217,210,56
213: 53,261,62,86,181,182,52,218
214: 17,11,253,182,206,248,49,72,199,54,207,177
215: 83,179,183,209,216,220,80,203
216: 83,84,215,220,259,80,263,264
217: 85,220,80,211,212,251,184,15,218,61
218: 58,261,184,12,181,52,15,213,252,61,211,217
219: 267,53,254,58,354,11,262,260,87,77
220: 84,183,215,216,80,251,217,184
221: 222,265,84,251
222: 261,115,221,86,265,260
223: 64,228,229,269
224: 64,186,225,268,270,187
225: 19,186,224,268,187,231,24,8
226: 92,247,192,193,278,71,66,18,91,97,8,93,279,0,103
227: 233,280,26,279,103,272,273
228: 275,64,223,73,269,274,90
229: 186,189,190,195,223,43,65,89
230: 19,95,20,69,18,91,97,330,367
231: 42,19,190,225,166,65,187,47,188,192,24,197,97,8
232: 291,320,368,326,18,91,93,0,103,325,367
233: 227,24,8
234: 287,241,240,280,285
235: 194,242,201
236: 68,95,189,3,290,100,69,244,258,243
237: 70,238,205,20,69,23,198,135,180,2
238: 70,169,3,205,20,174,237,13,75,135,245,180
239: 49,287,21,72,241,240,199,200,54,207,296
240: 287,241,193,200,234,239,280,26,285,279
241: 240,200,234,239,285
242: 194,235,290,100,99,244,258,288
243: 55,60,282,135,203,50,68,236,3,258
244: 68,95,236,290,100,99,128,242,258,282,122,36,132
245: 13,51,178,179,75,135,203,211,70,238,180
246: 14,76,92,198,278,71,66,59,299,27,301,109,29,206,348
247: 44,47,198,192,193,204,71,226,293,197,97,205
248: 59,17,254,253,214,77,72,54,303
249: 304,78,256,74,297
250: 312,60,16,135,212,2,210,57,56,35
251: 85,84,220,217,221,184,265,15
252: 180,12,181,185,218,41,170,293,176,51,211
253: 17,254,214,248,72
254: 17,262,253,219,248,77
255: 342,356,349,303,309,310,77
256: 304,79,249,257,263,74,311
257: 312,304,55,60,256,263,264,74,311,112
258: 68,194,45,236,3,290,100,242,244,78,282,201,50,243
259: 306,79,216,263
260: 110,267,53,222,58,261,115,266,219,15,87
261: 53,222,58,62,86,184,15,213,260,218
262: 267,254,219,310,87,77
263: 306,79,83,216,259,256,257,264,74,311,112
264: 312,85,55,6,83,84,216,80,257,263,112,212
265: 222,115,266,221,313,15,85,6,84,251
266: 110,314,115,265,210,15,260,57,56,85,16,116,82
267: 115,262,219,260,87
268: 224,225,270,10,271
269: 275,64,223,228,89,270,276,317,90,323
270: 64,224,268,269,276,10,317
271: 320,272,88,268,93,10
272: 320,271,120,273,227,93,103
273: 120,272,321,104,5,286,227,280,103
274: 63,102,322,90,275,228,73
275: 228,73,94,269,128,63,102,274,90,323
276: 19,89,270,269,10,317,330,323,284
277: 369,364,144,283,363
278: 14,76,92,198,71,226,66,18,91,97,246,0,1
279: 287,240,193,226,227,66,280,26,103,5
280: 287,240,227,234,26,285,279,273,104,5
281: 63,22,371,122,99,132,336,34
282: 60,78,243,244,258,36,132,108,289,28
283: 368,364,118,363,277,143,325,318,373,362
284: 102,338,317,318,324,330,90,323,276
285: 241,240,234,280,26
286: 369,120,121,327,98,328,326,321,273,104,5
287: 21,240,234,239,280,296,279,98,104,5,292
288: 78,99,242,132,336,297
289: 385,350,132,343,297,329,123,304,282
290: 68,95,189,194,45,236,100,94,128,242,244,258
291: 368,131,326,341,333,232,4,0,1,367
292: 126,98,104,287,296
293: 170,44,198,247,204,71,177,176,205,180,12,252
294: 307,124,389,302,153,348,335,131,105,341,4
295: 302,342,303,296,126,105
296: 287,21,239,126,98,105,292,295
297: 350,132,336,106,289,298,304,78,249,288
298: 384,350,336,343,106,34,297
299: 110,27,2,301,109,29,57,14,76,246,1,348,331,81
300: 374,163,148,381,333,152,96,372,119,373,125,150,380
301: 110,180,299,27,2,58,12,109,29,206,61,14,76,198,246
302: 390,389,342,349,303,295,294,383,335,126,105
303: 307,255,302,342,349,295,309,354,248,77,105
304: 249,256,257,74,311,351,350,289,297
305: 391,357,385,344,351,137,353,123,312
306: 259,263,311,112,352
307: 162,124,349,348,303,81,294,309,354,105
308: 116,360,141,361,82,140,139,346,340,315,314
309: 162,307,255,356,349,303,354,310,87,77
310: 262,87,77,255,356,309
311: 306,304,256,257,263,112,351,352,111
312: 60,16,250,257,264,112,107,305,35,123
313: 314,265,6,30,316
314: 115,266,313,116,360,308,340,316,315
315: 360,361,82,308,314,115,87
316: 360,340,314,313,30
317: 10,338,318,90,319,284,270,269,276
318: 10,325,338,317,324,362,319,284,118,283
319: 10,317,318,118,88
320: 368,364,271,120,118,272,232,103,325
321: 120,121,273,286
322: 102,338,274,365,90
323: 102,330,90,284,275,95,89,269,276,128
324: 372,325,142,318,373,330,362,337,125,284,143
325: 10,318,324,367,320,368,118,283,232,143
326: 291,369,368,120,327,98,131,5,286,232,0,103
327: 376,369,335,121,328,326,341,382,286
328: 376,335,121,327,126,98,286
329: 385,343,108,289,123,151,28,117,32,36
330: 31,324,134,323,337,284,367,95,230,276,69
331: 129,23,1,299,27,57,134,4,156
332: 101,372,142,145,146,147,119,370,32,378,151
333: 374,291,148,300,143,125,380
334: 399,142,119,373,362,152
335: 376,327,126,98,328,131,105,341,302,294
336: 132,106,298,34,297,99,288,281
337: 101,372,117,31,324,134,330,125,32
338: 317,318,322,362,365,366,284
339: 396,392,391,161,157,160,138,40,397
340: 116,360,140,114,139,308,316,314,30,359
341: 376,374,291,335,327,148,149,131,382,4,389,153,294
342: 255,390,302,349,303,295
343: 385,384,132,106,289,298,34,329,151,371
344: 396,391,386,161,357,358,353,345,107,359,305
345: 386,161,344,138,353,130,35,394,113,129
346: 116,162,39,141,82,140,347,308,81,129,57,386
347: 162,124,39,141,153,113,346,129,387
348: 307,81,294,14,76,246,59,299,27,354,131,105,4
349: 162,307,255,124,390,302,342,356,303,309
350: 351,137,106,289,298,297,304
351: 357,350,137,111,305,304,311
352: 357,358,107,306,311,112
353: 391,385,344,138,38,345,305,40,123
354: 59,110,11,219,87,77,307,348,303,81,309
355: 398,356,136
356: 162,255,355,349,361,309,310
357: 391,344,351,352,137,358,305
358: 396,391,357,344,352,107,359
359: 396,386,30,161,344,358,107,397,140,114,340
360: 361,308,340,316,315,314
361: 356,360,141,139,308,315
362: 142,338,318,373,324,366,334,283,363
363: 118,283,277,362
364: 320,369,368,120,118,283,277
365: 101,102,142,145,338,127,322,366
366: 399,142,145,338,362,365
367: 325,134,330,230,18,91,1,291,232
368: 291,320,369,364,120,326,283,232,143,325
369: 368,364,120,121,327,326,382,286,277
370: 101,332,117,22,145,371,127,377,151
371: 117,22,281,122,370,343,34,377,151
372: 101,332,142,119,373,324,337,125,32,300
373: 372,142,119,324,362,334,283,152,300,143
374: 148,149,341,382,381,333,300,96,153,380
375: 376,33,154,149,382
376: 375,154,383,335,327,149,328,341,382,389
377: 384,155,34,151,22,371,370
378: 155,38,379,151,332,147
379: 392,160,138,38,130,378,150,147,133,25
380: 153,113,129,125,374,148,333,300,96,156,130,150
381: 374,33,163,148,149,382,152,300,96
382: 376,375,374,369,327,148,149,341,381
383: 376,154,390,389,302
384: 385,343,155,106,298,34,377,151
385: 384,137,343,155,353,38,305,289,40,329,151
386: 161,344,345,107,359,35,16,116,140,346
387: 395,124,389,39,159,388,158,347,153,113,37,96
388: 133,395,394,393,158,387,157
389: 124,390,302,159,153,294,37,387,376,154,383,149,341
390: 124,389,302,342,159,349,136,383
391: 396,357,344,137,358,353,339,305,40
392: 160,138,339,379,40
393: 398,395,394,388,158,141,140,139
394: 133,388,393,158,141,140,113,161,157,138,345
395: 398,124,159,388,393,158,141,136,387
396: 391,161,344,358,359,339,397
397: 396,161,157,359,339,140,114
398: 395,355,393,136,139
399: 142,145,146,119,366,334