0: 278,226,66,93,612,291,272,18,232,474,1,103,367
1: 291,4,18,596,367,29,278,0,548
2: 433,135,212,210,217,652,180,56,555,14
3: 189,194,45,258,236,290,68,575,243
4: 291,131,18,153,1,596,348,331,623
5: 66,279,92,474,527,103,661
6: 112,16,313,543,423,107,116,314,30
7: 454,25,535
8: 604,67,513,188,233,26,450,611
9: 636,46,194,201,438,448
10: 319,91,553,560,631,118,268,455,271,320,88
11: 254,58,354,253,219,182,214,299,445,425,645,673
12: 180,58,181,61,425,666,475,528,206,176,177
13: 46,168,169,45,205,635,174,575,75,196
14: 180,61,528,555,198,237,588,206,293,238,566,2,135,652
15: 556,261,221,436,650,493,557,648,251
16: 6,112,428,210,574,85,543,478,430,547,116
17: 254,253,214,72,501
18: 291,4,131,474,590,1,596,348,76,66,0
19: 513,192,278,93,97,231,230,225,530,587
20: 95,230,533,68,69,426,588,587,602
21: 287,199,54,239,483,508,511,72,432
22: 371,370,151,532,439,435,471,34,377
23: 250,27,652,69,588,669,605,555,108,134
24: 513,188,450,231,225,187
25: 472,7,150,147,32,96,163,415,614,535
26: 585,604,67,193,233,461,285,8,479,583,611
27: 250,210,23,446,605,555,108,35,134,547,129,60,57
28: 385,343,156,108,289,510,123,594,620,565,132,117,31,36,638
29: 230,669,278,238,548,330,655,1,367
30: 116,314,340,316,418,6,423,107,420,359
31: 117,337,36,492,95,69,669,156,108,28,134
32: 372,147,329,633,662,130,472,25,150
33: 374,96,457,451
34: 22,371,281,532,439
35: 589,345,537,547,620,129,60,27,656
36: 117,31,122,500,492,582,638,95,244,290,128,565,132,28
37: 159,387,431,154,576,374,489
38: 449,385,155,353,130,379,510,529,526,505,601,329,633
39: 394,388,158,453,647,380,387,610,415,614,133,150
40: 391,449,160,529
41: 170,175,497,408,476
42: 231,168,191,47,485,616,192,469,487
43: 195,45,174,412,443,464,603
44: 434,172,247,193,199,71,54,239,499,509,549,579,177,629
45: 13,46,189,194,3,43,174,68,464,575
46: 13,194,45,635,9,575,563,202,201
47: 42,168,169,205,293,170,567,469,487,70
48: 468,193,200,461,285,583,549
49: 182,214,618,501,172,207,554,579,629
50: 55,201,208,209,203,74,196,599,515,581,658
51: 179,183,211,70,524,570,178,169,609
52: 460,62,184,181,410,109,213,218,459,465
53: 507,556,86,219,260,459,645,557,673
54: 44,21,199,239,499,579,629,59,253,214,299,72
55: 83,282,433,203,50,74,243,212,599,518,643,658
56: 110,180,507,266,446,61,666,478,650,648,2,212,210,85,217
57: 346,386,656,27,210,446,478,81,547
58: 110,354,11,12,301,299,425,666,645,528
59: 354,253,301,299,248,458,523,76,54,499,508,105
60: 108,35,430,537,547,620,250,27,428,210,664
61: 110,180,56,12,446,301,666,528,555,14,198
62: 460,556,261,86,184,52,213,459
63: 275,73,94,128,99,467,654,274,122,419,488
64: 186,223,229,269,441,640,494,495
65: 186,190,229,89,412,426,443,530,603,616
66: 434,76,199,226,0,279,580,92,5,18,474,103
67: 188,26,461,8,583
68: 189,45,237,3,205,290,20,533,174,69,426,588,602,75,518
69: 95,290,20,68,588,669,565,518,23,652,31,108
70: 51,135,211,75,570,424,169,237,205,47,293,170,567,252,475
71: 44,206,247,499,580,546,566,177,528
72: 17,253,248,432,21,54,511
73: 94,63,467,592
74: 55,79,83,208,259,257,50,263,599,581,600,643
75: 433,135,203,211,196,70,518,13,237,205,68
76: 199,66,499,92,59,18
77: 248,445,458,491,597,452,627,303
78: 249,417,447,235,448,658,242,258
79: 208,259,263,74,522,581
80: 660,83,251,216,220,203,212,402,514,217
81: 110,446,301,641,593,347,82,346,57
82: 162,347,308,346,628,531,309,81,593
83: 55,216,259,80,203,74,212,514,581,643
84: 306,403,542,613
85: 212,16,210,542,574,672,56,266,543,478,648
86: 53,556,261,62,436,557
87: 110,354,219,260,445,491,463,309,645,569,593
88: 320,564,268,271,10,319,118
89: 186,230,65,269,426,530,624,637,276
90: 274,322,323,416,421,488,595,621,228,275
91: 10,276,325,230,455,278,93,271,320,558,367
92: 76,199,66,5,508,296,98,429,590
93: 604,513,278,226,0,271,19,612,225,91,272
94: 275,223,73,63,467,494,654
95: 290,20,533,128,69,624,669,31,330,36,492
96: 374,33,149,163,457,381,451,568,25,431,415,535
97: 192,278,580,19,546,566,591,487,587
98: 296,335,327,126,328,409,429,527,590,92
99: 242,236,244,63,467,288,122,419,525
100: 636,194,236,464,467
101: 332,372,117,102,370,151,435,329,534,633
102: 101,117,365,370,323,284,421,500,490,492,534
103: 272,286,232,456,474,661,66,0,5,612
104: 527,607,661,273,442,482,598
105: 307,597,665,294,246,508,59,248,458,523,429
106: 384,350,336,343,289,298,297,405,288,532,582
107: 423,344,358,420,430,584,6,112,30
108: 156,28,134,620,129,60,69,669,565,250,27,23,31
109: 180,556,181,52,218,425,459,666,650
110: 507,58,354,56,266,446,61,301,87,463,666,645,81,593
111: 357,351,305,584,646,311,352
112: 6,16,574,613,352,107,430
113: 162,394,158,141,140,647,610,386,634,477
114: 393,141,140,139,413,470
115: 267,222,266,586,265,543,463,315,314
116: 314,386,418,30,531,6,16,543,478,589,420,430,547
117: 101,102,31,337,36,151,500,492,329,638,156,510,28
118: 10,319,572,631,320,364,88,564
119: 147,539,651,163
120: 364,321,456,564,608,625
121: 327,328,382,480,544,573,617,619
122: 371,274,36,419,500,525,582,638,244,128,63,99
123: 385,305,289,28,401,537,577,594,620
124: 395,390,389,159,158,536,657,387,520,667
125: 372,324,548,337,329,662,333,671,156,578
126: 296,98,328,409,422,527,292,607
127: 371,322,370,606,421,439,630
128: 275,95,189,236,244,290,533,63,624,637,654,274,122,323,36,500,492
129: 632,156,108,35,134,578,27,656
130: 632,156,38,472,526,601,133,150,329,32
131: 291,4,327,148,326,341,18,474,590,348
132: 565,282,417,244,36,582,28,405,594
133: 632,130,472,526,150,394,39,647,614
134: 156,108,578,129,669,27,23,605,31,548
135: 2,433,211,75,70,424,217,652,237,293,180,475,14
136: 390,342,349,404,506
137: 391,449,384,350,401,663
138: 396,392,161,157,160,353,339,397,526
139: 141,114,340,413,418,470,477,486,540
140: 394,393,141,114,113,634,470,644,397
141: 393,140,114,139,113,657,413,477
142: 399,372,146,373,362,334,473,484,534,562,651
143: 291,368,148,300,333,558,622,670
144: 369,277,504,440
145: 332,366,370,606,473,484
146: 399,142,334,473,539,562,651
147: 372,119,378,539,562,651,662,32,163,25
148: 291,368,327,143,149,131,326,341,382,381,300,153,568,649
149: 375,374,96,148,341,381,153,568,389,453,387,431,154,415
150: 632,130,472,25,578,133,662,32,568,671,39,380,415,614
151: 101,117,22,370,435,638,343,377,510
152: 163,457,381,300,571,622,649,334
153: 4,148,149,341,568,671,453,380,623
154: 389,159,37,387,519,376,375,374,149,437
155: 449,384,38,377,414
156: 632,108,130,510,28,134,578,601,620,129,117,31,337,125,329
157: 392,138,339,397,462,550,644
158: 162,395,394,124,39,388,393,536,453,113,657,387,610
159: 124,390,389,37,387,404,154,519,576
160: 396,392,391,138,353,339,40,529,551
161: 396,344,138,353,345,420,397,411,634
162: 158,536,347,308,82,113,346,628,657,610,477,667
163: 96,457,381,300,152,568,147,119,651,662,25
164: 183,245,407,524,570,185
165: 168,190,191,485,603
166: 167,188,204,197,191,485
167: 166,468,188,204,197,461
168: 42,13,165,169,191,205,174,47,603,616
169: 13,168,205,47,609,51,70
170: 41,176,567,175,497,47,70,570,252,408,475,476
171: 468,247,204,197,176,567,549,591,469
172: 44,247,549,554,579,629,49
173: 563
174: 13,168,45,205,43,68,426,602,603,616
175: 41,204,170,497
176: 206,171,247,170,567,177,12,181,618,475,476
177: 44,206,247,71,499,176,579,12,299,528
178: 51,202,179,196,524,635,609
179: 660,51,183,203,211,196,524,515,178
180: 56,12,109,61,666,475,14,2,135,424,217
181: 12,52,410,109,252,218,425,618,459,475,476,176
182: 11,214,299,425,49,618,579
183: 660,51,179,211,164,245,402,524,570,668,218,185
184: 460,556,261,62,52,218,465,493,668
185: 410,252,218,408,465,183,164,245,570,668
186: 64,224,229,225,65,89,187,269,455,640,530
187: 231,186,190,224,225,24
188: 166,67,513,167,192,24,197,461,8,611,485
189: 45,236,3,290,533,68,128,426,443,464,637,654
190: 231,165,65,187,412,485,603,616
191: 42,165,168,485,166,204,469
192: 513,188,197,97,19,611,591,42,231,485
193: 585,44,48,434,26,461,285,583,546,549,611
194: 636,46,45,236,3,100,9,464,575,448
195: 229,43,412,443,464,494
196: 202,179,201,209,203,50,75,515,178,13,575
197: 166,167,468,171,188,192,204,461,611,591,469
198: 61,301,605,528,555,641,14,238,596
199: 44,434,76,287,21,240,54,66,239,279,499,92,508,509
200: 48,241,285,509
201: 202,209,50,196,438,447,448,642,658,46,9,575
202: 201,196,178,642,46,635,575,563
203: 55,660,83,179,433,80,50,211,212,75,196,515,581
204: 166,167,468,171,197,175,469,191
205: 13,168,169,237,174,68,47,602,487,75,70
206: 247,71,293,176,567,566,177,12,475,528,14
207: 629,49,501
208: 79,209,50,74,599,447,522,581,600,658
209: 201,208,50,196,447,515,642
210: 2,250,212,27,16,428,85,56,446,478,555,547,60,57
211: 660,51,179,183,135,203,75,402,70,424
212: 55,83,2,433,250,80,203,210,514,643,85,217,672,56
213: 460,62,52,459
214: 17,11,253,182,299,49,501,54,579
215: 660,220
216: 552,83,220,259,80,514,581
217: 2,433,135,80,212,402,424,180,56,650
218: 184,181,52,410,109,252,465,650,493,185,183,402,424,668
219: 53,11,260,87,445,645,569
220: 552,660,251,215,216,80,402,668,493
221: 265,15,436,648,552,251,403,542,672
222: 267,115,265,260,557
223: 275,64,94,441,494,495,228
224: 186,225,268,187,455,466,640
225: 231,186,224,187,455,530,513,24,93,271,450,19
226: 585,604,434,278,66,0,93,580,546,612
227: 233,481,612,272
228: 90,416,592,275,223,441
229: 64,186,195,65,412,443,494
230: 20,89,29,530,624,587,278,19,276,330,91,367
231: 42,190,225,187,485,530,616,513,192,24,19
232: 291,272,326,286,474,558,103,625,0
233: 585,604,227,26,8,479,481,612
234: 287,240,280,482,517,598
235: 78,438,447,448
236: 636,189,194,242,258,3,244,290,100,128,99,464,467,654
237: 205,68,588,602,293,135,75,70,518,652,14
238: 278,580,566,29,588,605,14,198
239: 44,287,21,241,240,199,54,509,517,629
240: 434,287,241,199,234,239,280,285,279,482,479,509,517,626
241: 240,200,239,285,509,517,626
242: 636,258,236,244,99,78,288,417,448
243: 565,55,282,599,518,658,258,3,290
244: 242,258,236,290,128,99,288,132,417,122,36,582
245: 183,164,668,465,185
246: 307,302,342,597,665,294,559,105,335,409,429
247: 44,206,171,172,71,176,567,549,591,177
248: 59,77,253,458,72,432,508,665,105,303
249: 304,78,256,599,417,600,405
250: 212,27,428,210,23,652,664,108,60
251: 552,220,80,672,221,15,650,493
252: 181,410,218,408,475,476,185,170,70,570,424
253: 59,17,254,354,11,214,299,248,445,72,54
254: 17,11,253,445
255: 615,342,356,349,597,628,452,627
256: 249,522,600
257: 304,263,264,74,311,600,643,312,664,577
258: 242,236,3,244,290,78,243,417,448,658
259: 79,83,216,263,264,74,503,514,581
260: 267,53,507,222,219,87,463,645,557,569
261: 556,62,86,184,15,436,493
262: 491,538,569,310
263: 444,79,259,257,264,74,311,503,522,600
264: 444,259,257,263,503,514,574,613,643
265: 222,115,266,221,586,543,557,648,542
266: 110,507,115,56,265,543,463,478,648,85
267: 222,115,260,463,659,569,315
268: 224,455,466,640,271,10,319,88
269: 275,64,186,89,441,640,624,637,276,560,595
270: 441,466,640,495,317
271: 93,450,225,268,455,10,91,320,272,88
272: 320,232,456,103,625,227,0,93,271,612
273: 104,456,661,442,481
274: 371,122,90,323,421,419,500,488,275,128,63
275: 223,94,269,128,63,441,637,654,274,90,323,595,228
276: 318,330,91,325,490,560,230,89,269,455,624
277: 369,368,144,283,504,571,608
278: 226,0,238,93,580,97,19,230,29,587,91,1,367
279: 585,434,240,199,66,442,482,5,479
280: 240,234,442,482,479,598,626
281: 371,419,439,525,34
282: 565,304,55,243,132,599,664,594
283: 368,364,277,561,571,622,334,498,516
284: 102,318,365,323,421,490,496,595,621
285: 48,241,240,193,200,26,479,509,583,626
286: 327,326,321,232,456,474,480,573,103,661,625
287: 21,240,199,234,239,483,482,517
288: 417,242,244,99,525,582,336,106,297
289: 385,384,350,343,106,28,123,401,405,594
290: 95,189,258,236,3,244,533,68,128,69,565,243,36
291: 4,143,148,131,326,18,333,232,474,558,1,367,0,655
292: 296,126,607,483
293: 206,567,566,487,237,47,135,70,475,14
294: 307,347,246,559,545,105,523,335,429,590,348
295: 296,409,302,665
296: 126,98,409,429,292,295,483,92,508
297: 350,336,106,298,405,288
298: 384,350,336,106,297
299: 59,58,354,11,253,182,214,54,499,579,177
300: 143,148,163,381,152,568,622,649,671,662
301: 59,110,58,354,61,523,528,81,641,593,198,499
302: 342,506,246,383,335,409,295
303: 615,597,665,452,77,248
304: 282,249,257,599,600,664,405,577,594
305: 391,357,344,351,353,111,123,401,537,577,584,663
306: 444,84,503,613
307: 347,597,628,294,246,559,627,105,458,523
308: 162,356,361,82,628,427,477,486,531,309,315
309: 87,491,463,659,569,315,593,356,308,82,628,627,310
310: 356,452,627,262,491,659,309,569
311: 444,257,263,600,352,312,351,111,577
312: 257,311,428,352,643,664,430,537,577
313: 6,586,423,316
314: 116,360,340,316,418,30,486,531,6,115,586,543,315
315: 267,115,463,659,309,360,361,314,308,486,531
316: 360,314,340,30,313,586,423
317: 338,318,416,553,560,595,270,441
318: 276,317,284,325,541,490,496,553,560,595,631
319: 10,553,572,118,268,88
320: 364,272,88,564,561,558,625,271,10,91,325,631,118
321: 120,286,502,456,480,573,661
322: 127,90,488,630
323: 102,274,90,284,421,500,492,595,275,128,624
324: 372,373,337,125,670,490,496,534,655,333
325: 276,318,91,670,490,496,655,631,320,561,558
326: 291,368,327,148,131,382,286,232,474,573
327: 335,121,98,148,328,131,326,382,286,474,480,573,590,653
328: 121,327,126,98,422,480,527,617
329: 101,372,117,125,633,32,156,38,130,510
330: 276,548,337,490,492,655,95,230,29,624,669
331: 347,346,623,605,641,4,596,348
332: 101,145,370,435,473,484,562,633
333: 291,143,671,324,548,125,655,578
334: 399,142,146,373,362,498,651,283,152,571,622
335: 383,327,98,341,409,429,590,617,653,302,294,246,559,545
336: 106,298,297,288,532,525,582
337: 117,31,324,548,330,125,490,492,655,156
338: 317,416,541,553,621
339: 396,392,157,160,138,397,462
340: 360,139,314,316,418,30,470,486,540,359
341: 335,148,149,131,153,653,389,453,545,623
342: 615,255,390,302,349,136,597,506,246,559
343: 385,384,106,289,377,510,28,151,532,638
344: 396,161,357,589,358,353,345,107,420,305,430,537,584
345: 161,344,632,589,35,647,634,656
346: 162,347,331,82,610,386,57,656,81
347: 162,307,536,331,82,346,628,294,610,559,545,623,523,81,641,348
348: 4,131,18,590,596,523,641,347,331,294,545,623
349: 255,390,355,342,136,520,667
350: 384,351,137,106,289,298,297,401,405,663
351: 350,111,305,577,663,311
352: 444,311,112,613,312,111,584
353: 396,391,449,161,344,160,138,38,305,529,526,601
354: 59,110,58,11,253,301,299,87,445,458,593
355: 398,356,349,520,427
356: 255,355,308,628,427,627,310,309
357: 396,344,358,111,305,639,551,584
358: 396,357,344,107,420,411,359,584
359: 358,420,411,340,30,470
360: 361,314,340,316,486,540,315
361: 360,308,427,486,540,659,315
362: 399,142,373,334,406,484,496,498,516,534
363: 498,572
364: 320,368,120,283,564,561,608,625,118
365: 102,370,284,606,421,406,484,496,534,621
366: 399,145,606,406,473,484
367: 291,558,1,230,29,278,0,91,655
368: 369,364,143,148,326,283,277,561,558,573,608,622,625,649,670
369: 368,144,382,277,504,502,440,573,608,649
370: 101,332,22,102,145,371,127,365,151,606,421,439,500,484,534
371: 22,274,281,127,122,370,532,421,419,439,500,525,34,638
372: 101,142,147,373,324,125,329,534,562,633,651,662,32
373: 372,142,324,362,334,670,496,516,534,651,622
374: 375,33,96,149,437,451,489,37,431,154
375: 376,374,149,382,437,451,544,653,154
376: 375,383,437,544,617,653,154,519
377: 384,343,155,22,151,532,435,471
378: 147,521,539,562,633,505
379: 392,38,529,472,526,505
380: 39,453,647,610,623,153,671,632,578,150
381: 96,148,149,163,457,300,152,451,568,649
382: 375,369,121,327,148,326,440,451,544,573,649,653
383: 376,335,409,617,302,506,519
384: 449,385,350,137,343,155,106,289,298,377,401
385: 449,384,343,38,289,510,28,123,401,601
386: 116,113,346,418,57,634,477,531,656,589
387: 124,389,39,159,388,158,453,37,431,154,415,576,149
388: 394,39,158,387,431,550,415,614,535,576
389: 124,159,536,453,387,154,519,559,545,149,341
390: 124,342,159,349,136,404,506,519,559,667
391: 449,160,137,353,305,40,401,551,663
392: 157,160,138,339,379,529,462,526
393: 395,158,141,140,114,413,512,644
394: 39,388,158,140,113,647,550,644,133
395: 124,393,158,657,520,512,576
396: 161,357,344,160,138,358,353,339,397,411,551
397: 396,161,157,138,339,411,140,644
398: 355,657,520,413,427,512
399: 142,146,362,366,334,406,473,484,498
401: 391,449,385,384,350,137,305,289,123,663
402: 660,183,220,80,211,424,217,668,218,650,493
403: 552,84,514,542,574,672,221
404: 390,159,136,506,519
405: 350,106,289,297,594,304,249,132,417
406: 399,362,365,366,606,484
407: 164,524,570,609
408: 410,252,476,185,41,170,497,570
409: 383,296,335,126,98,422,429,617,295,302,246
410: 181,52,252,218,408,465,476,185
411: 396,161,358,420,397,359,470
412: 190,195,229,43,65,443,603
413: 398,393,141,114,139,512
414: 155,505,435,471
415: 39,388,387,431,614,535,96,149,568,25,150
416: 338,317,90,595,621,228,441
417: 78,249,288,132,242,258,244,405
418: 116,139,314,340,386,30,634,470,477,486,531,589,420
419: 371,274,281,122,488,525,63,99
420: 161,344,589,358,107,411,359,116,418,30,634,470
421: 102,371,274,127,365,370,90,323,284,500,621
422: 126,328,409,617
423: 107,6,313,316,30
424: 135,211,402,70,217,180,252,218,475
425: 58,11,12,181,182,109,459,666,645
426: 189,20,533,65,174,89,68,443,602,616,637
427: 398,355,356,361,308
428: 250,16,210,643,312,664,430,547,60
429: 296,335,98,409,590,92,508,294,246,105
430: 344,589,107,537,547,584,60,112,16,428,312,116
431: 388,37,387,415,535,374,96,149
432: 248,72,21,483,508,511,665
433: 55,2,135,203,212,75,518,217,652
434: 585,44,240,193,199,226,66,279,546
435: 101,332,22,151,471,633,377,414,505
436: 261,221,86,15,557
437: 376,375,374,489,154
438: 201,447,235,642,9
439: 22,371,281,127,370,34
440: 369,144,382,451,649
441: 275,64,223,270,269,495,317,416,595,228
442: 585,280,279,482,479,481,104,661,273
443: 189,195,229,43,65,412,426,464,637,654
444: 306,263,264,311,503,613,352
445: 254,77,354,11,253,219,87,491
446: 110,56,61,478,81,555,27,210,57
447: 78,201,208,209,438,235,448,658
448: 78,201,447,235,658,636,194,242,258,9
449: 391,385,384,137,155,353,38,40,529,401
450: 513,24,8,271,225
451: 375,374,33,96,457,382,381,440
452: 615,255,597,627,303,310,77
453: 389,39,158,536,380,387,610,545,623,149,341,153
454: 7
455: 186,224,225,268,640,271,10,276,91,560
456: 120,272,321,286,103,661,625,273
457: 33,96,163,381,152,451
458: 59,77,354,248,491,523,593,307,597,627,105
459: 53,556,62,181,52,109,213,425,673
460: 62,184,52,213,465
461: 48,67,167,468,188,193,26,197,583,611
462: 392,157,339
463: 110,267,115,266,260,87,309,569,315
464: 189,194,195,45,236,100,43,443,654
465: 460,184,52,410,218,185,245
466: 224,268,270,640
467: 236,73,100,94,63,99,654
468: 48,167,171,204,197,461,549
469: 171,204,197,567,591,487,42,191,47
470: 140,114,139,340,418,634,477,420,411,359
471: 22,435,377,414
472: 130,379,526,25,133,150,32,614
473: 399,332,142,145,146,366,484,562
474: 291,327,131,326,18,286,232,103,66,0,5
475: 180,12,181,252,206,293,176,170,567,135,70,424
476: 181,410,252,408,618,41,176,170
477: 162,141,139,308,113,386,418,634,470,486,531
478: 56,266,446,543,16,210,85,547,116,57
479: 585,240,233,280,26,442,285,279,626
480: 121,327,328,321,286,527,573,661
481: 227,233,442,273
482: 287,240,234,280,442,279,598,104,607
483: 287,21,508,511,432,296,292
484: 399,332,142,145,362,365,366,370,606,406,473,534
485: 42,231,165,190,191,166,188,192
486: 360,361,139,314,308,340,418,477,531,540,315
487: 293,97,567,566,591,469,42,205,47,602
488: 274,322,90,419,592,63
489: 374,437,37
490: 276,102,318,324,330,337,284,325,492,496,655
491: 77,262,87,445,458,309,569,627,310
492: 117,102,31,330,323,337,36,500,490,95,128,624
493: 261,184,15,218,650,251,220,402,668
494: 64,195,223,229,94
495: 64,223,270,441
496: 318,373,324,362,365,284,325,541,670,490,516,534
497: 41,170,175,570,408
498: 399,363,362,334,516,283
499: 44,76,199,71,54,177,59,301,299,528
500: 117,102,371,274,122,370,323,36,421,492,638,128
501: 17,214,49,207
502: 369,321,504,573,608,619
503: 306,444,259,263,264,613
504: 369,144,277,502,608
505: 38,379,414,435,378,633
506: 390,302,342,136,404,519,383
507: 110,53,56,266,260,666,650,645,557,648
508: 21,199,483,92,59,248,432,296,429,665,105
509: 44,241,240,199,200,239,285,629
510: 385,343,156,38,28,117,151,329
511: 21,483,72,432
512: 398,395,393,657,520,413
513: 604,188,192,24,8,93,450,19,611,231,225
514: 552,83,216,259,80,264,212,403,574,672
515: 660,179,209,203,50,196,581
516: 373,362,541,670,496,498,631,283,561
517: 287,241,240,234,239
518: 55,433,243,75,652,237,68,69
519: 390,389,159,404,154,506,376,383
520: 398,395,124,355,349,657,512
521: 378,539
522: 79,208,256,263,600
523: 59,301,458,641,593,348,307,347,294,105
524: 51,179,183,164,407,178,609
525: 371,281,122,532,419,582,99,288,336
526: 392,138,353,38,130,379,529,472,601,133
527: 126,98,328,104,480,607,661,5
528: 58,12,61,301,14,198,206,71,499,177
529: 392,449,160,353,38,379,40,526
530: 231,186,230,225,65,89,587,616,19
531: 116,314,308,82,386,418,477,486,315
532: 22,371,525,34,582,638,336,343,106,377
533: 95,189,290,20,68,128,426,624,637
534: 101,372,102,142,373,324,362,365,370,484,496
535: 388,431,415,614,96,25,7
536: 162,124,389,158,347,453,610,559,545,667
537: 344,305,35,123,430,620,60,312
538: 262
539: 146,147,119,521,378,562,651
540: 360,361,139,340,486
541: 338,318,496,516,553,572,631
542: 84,403,574,85,672,221,586,265,543
543: 115,266,586,265,478,6,16,542,85,116,314
544: 376,375,121,382,617,653
545: 389,536,347,453,294,559,623,335,341,348
546: 434,193,71,226,580,97,611,591
547: 589,35,430,60,27,16,428,210,478,116,57
548: 330,337,125,655,29,669,333,1,134,578
549: 44,48,468,171,172,247,193
550: 394,388,614,644,157
551: 396,391,357,160,639
552: 251,216,220,403,514,221
553: 10,338,317,318,319,541,560,572,631
554: 172,49,618
555: 446,61,605,14,198,2,27,210,23,652
556: 53,261,62,86,184,109,15,459,557
557: 53,507,222,556,86,265,15,260,436,648
558: 291,320,368,143,232,561,625,367,91,325,670,655
559: 307,390,389,342,536,347,294,246,545,667,335
560: 10,276,317,318,553,595,269,455,640
561: 320,368,364,283,558,625,325,670,516,631
562: 332,372,142,146,147,473,378,539,633,651
563: 46,635,173,202
564: 320,364,120,88,118
565: 282,243,132,290,69,36,108,28,594
566: 206,71,293,238,580,97,567,591,487,14
567: 206,171,247,293,176,170,566,591,469,487,47,70,475
568: 96,148,149,163,381,300,153,671,662,150,415
569: 267,262,219,260,87,491,463,659,309,310
570: 51,183,164,407,70,170,497,252,408,185
571: 283,277,152,622,334
572: 363,319,541,553,631,118
573: 369,368,121,327,326,321,382,286,502,480
574: 264,112,403,16,514,542,613,85,672
575: 13,46,194,45,3,202,201,196
576: 395,159,388,37,387
577: 351,305,123,594,304,257,311,312,664
578: 632,156,134,129,150,548,125,333,671,380
579: 44,172,54,177,629,182,214,299,49
580: 278,71,226,66,238,97,546,566
581: 79,83,208,216,259,203,50,74,515
582: 122,36,532,525,638,244,288,132,336,106
583: 48,67,193,26,461,285
584: 357,344,358,111,107,305,430,352
585: 604,434,193,226,233,26,442,279,479,612
586: 115,265,543,542,313,314,316
587: 230,20,530,602,616,278,97,19
588: 237,20,68,69,602,669,238,23,652,14
589: 344,345,420,35,430,547,116,386,418,634,656
590: 335,327,98,131,18,429,348,92,294
591: 171,247,192,197,97,567,546,566,469,487
592: 488,228,73
593: 110,354,301,87,458,309,523,81,82
594: 289,28,123,405,577,565,304,282,132,664
595: 317,318,90,323,416,284,560,621,275,269,441
596: 4,18,1,348,605,641,198,331
597: 615,307,255,342,665,246,452,627,105,303,77,458
598: 234,280,482,104,607
599: 304,55,282,208,249,50,74,243,600,658
600: 304,208,249,256,257,263,74,311,599,522
601: 385,156,353,38,130,526,620
602: 237,205,20,174,68,426,588,587,616,487
603: 165,168,190,43,65,174,412,616
604: 585,513,226,233,26,8,93,612,611
605: 555,198,238,27,23,596,134,331
606: 145,127,365,366,370,406,484,630
607: 126,104,527,292,482,598
608: 369,368,364,120,277,504,502,625
609: 169,635,51,407,524,178
610: 162,39,158,536,347,453,113,346,647,380,623,656
611: 604,513,188,192,193,26,197,461,8,546
612: 585,604,226,227,233,0,93,272,103
613: 306,444,84,264,112,503,574,352
614: 39,388,550,415,535,472,25,133,150
615: 255,342,597,452,303
616: 42,231,168,190,65,174,426,530,587,602,603
617: 376,383,335,121,328,409,422,544,653
618: 181,182,49,476,176,554
619: 121,502
620: 156,108,35,28,123,537,601,60
621: 338,365,90,416,284,421,595,630
622: 368,143,283,300,152,571,649,373,334,670
623: 347,453,331,380,610,545,4,341,153,348
624: 95,230,533,89,269,128,637,276,330,323,492
625: 320,368,364,120,272,286,232,456,561,558,608
626: 241,240,280,285,479
627: 307,255,356,597,628,452,310,77,458,491,309
628: 162,307,255,356,347,308,82,627,667,309
629: 44,172,54,239,207,509,579,49
630: 127,322,606,621
631: 10,318,325,541,516,553,572,118,320,561
632: 156,345,130,578,133,129,150,647,380,656
633: 101,332,372,435,378,329,562,32,38,505
634: 140,113,386,418,470,477,161,589,345,420
635: 13,46,563,609,202,178
636: 194,242,236,100,9,448
637: 275,189,533,89,269,128,426,443,624,654
638: 117,371,122,36,151,532,500,582,343,28
639: 357,551,646
640: 64,186,224,268,270,269,455,466,560
641: 301,523,81,198,596,348,347,331
642: 202,201,209,438
643: 55,83,257,264,74,212,428,312,664
644: 394,393,140,550,157,397
645: 110,53,507,58,11,219,260,87,425,666
646: 111,639
647: 394,39,113,380,610,656,632,345,133
648: 507,56,266,221,265,15,650,557,85,672
649: 369,368,148,382,381,300,152,440,622
650: 507,56,109,15,218,493,648,251,402,217
651: 372,142,146,147,119,373,334,539,562,163
652: 2,433,135,250,518,23,237,69,588,555,14
653: 376,375,335,327,341,382,544,617
654: 275,189,236,94,128,63,443,464,467,637
655: 324,548,330,337,325,670,490,29,291,333,558,367
656: 346,647,610,386,57,632,589,345,35,129
657: 398,162,395,124,158,141,520,512,667
658: 55,78,201,208,50,243,599,447,448,258
659: 267,309,569,315,361,310
660: 179,183,215,220,80,203,211,402,515
661: 321,104,286,456,480,527,103,273,442,5
662: 372,147,125,32,163,300,568,671,150
663: 391,351,350,137,305,401
664: 304,282,250,257,428,643,312,577,594,60
665: 597,246,105,303,508,248,432,295
666: 110,180,507,58,56,12,109,61,425,645
667: 162,124,390,349,536,628,657,559
668: 183,220,245,402,184,218,493,185
669: 95,29,69,588,23,31,548,330,108,134
670: 373,324,325,496,516,655,368,143,561,558,622
671: 300,333,153,568,125,662,578,150,380
672: 251,212,403,514,542,574,85,221,648
673: 53,11,459