0: 129,292,102,2,3,7,20,23,35,96,101,284,291,339,4,24,245,75,13,1,25,293,103,5,6,28,108,300
1: 245,75,13,244,74,12,10,70,238,8,14,16,52,76,80,204,246,252,292,102,0,4,24
2: 32,124,292,102,332,20,96,284,0,4,24,19,95,283,10,70,238,285,21,97,18,91,277
3: 128,292,102,290,23,34,101,291,338,0,4,24,22,100,19,244,95,74,283,12,299,27,107
4: 129,292,102,2,3,7,20,23,35,96,101,284,291,339,0,24,245,75,13,1,25,293,103,5,6,28,108,300
5: 25,293,103,36,130,340,285,21,97,109,14,76,301,246,29,292,102,0,4,24,294,26,104
6: 38,134,346,28,108,300,299,27,107,109,16,80,301,252,29,292,102,0,4,24,307,30,113
7: 32,129,128,124,292,102,332,34,35,338,339,0,4,24,36,130,340,38,134,346,40,380,152
8: 41,52,53,57,175,204,205,211,47,197,51,245,203,75,13,1
9: 46,64,68,69,196,230,236,237,19,244,95,74,283,12,10,70,238
10: 11,47,65,70,71,197,231,238,239,9,69,237,245,75,13,1,2,20,96,284
11: 10,48,66,70,71,72,198,232,238,239,240,285,21,97,14,76,246
12: 9,69,237,244,74,15,51,73,245,79,203,243,251,75,13,1,3,23,101,291
13: 245,75,1,244,74,12,10,70,238,8,14,16,52,76,80,204,246,252,292,102,0,4,24
14: 17,53,76,77,81,205,246,247,253,11,71,239,245,75,13,1,25,293,103,5
15: 56,78,79,84,210,250,251,258,299,27,107,244,74,12,16,80,252
16: 17,57,80,81,85,211,252,253,259,15,245,79,251,75,13,1,6,28,108,300
17: 109,14,16,58,76,80,81,82,86,212,301,246,252,253,254,260,29
18: 88,119,325,92,278,91,277,271,90,276,65,231,2,20,96,284
19: 9,69,237,95,283,90,276,31,123,331,2,3,20,23,96,101,284,291,282,94
20: 32,124,292,102,332,2,96,284,0,4,24,19,95,283,10,70,238,285,21,97,18,91,277
21: 11,71,239,285,97,2,20,96,284,33,25,293,125,98,103,333,92,278,286,5
22: 290,3,23,101,291,282,94,100,73,243,106,298,99,127,289,337
23: 128,292,102,290,3,34,101,291,338,0,4,24,22,100,19,244,95,74,283,12,299,27,107
24: 129,292,102,2,3,7,20,23,35,96,101,284,291,339,0,4,245,75,13,1,25,293,103,5,6,28,108,300
25: 293,103,36,130,340,5,285,21,97,109,14,76,301,246,29,292,102,0,4,24,294,26,104
26: 341,294,295,105,302,131,104,110,77,247,25,293,98,103,286,5
27: 15,79,251,299,107,3,23,101,291,345,37,306,133,106,112,298,6,28,108,300
28: 38,134,346,6,108,300,299,27,107,109,16,80,301,252,29,292,102,0,4,24,307,30,113
29: 109,17,81,301,253,25,293,103,5,6,28,108,300,39,308,302,135,114,347,110
30: 353,308,313,116,139,307,114,113,85,259,306,112,6,28,108,300
31: 32,372,118,122,123,146,128,124,324,330,331,332,34,338,19,95,283
32: 31,123,129,124,331,332,2,7,20,35,96,284,339,373,33,125,147,333,119,325
33: 374,120,125,126,148,326,334,333,36,130,340,285,21,97,32,124,332
34: 31,379,123,129,128,151,331,3,7,23,35,101,291,338,339,345,37,133,127,337
35: 32,129,128,124,292,102,332,7,34,338,339,0,4,24,36,130,340,38,134,346,40,380,152
36: 33,25,293,125,103,153,333,381,130,340,5,129,7,35,339,341,39,131,135,347
37: 386,345,344,352,132,133,138,156,38,134,346,299,27,107,128,34,338
38: 345,37,133,134,346,6,28,108,300,129,7,35,339,353,39,387,135,139,157,347
39: 354,388,348,135,136,140,158,347,109,301,29,36,130,340,38,134,346
40: 387,380,157,152,163,379,129,151,7,35,339,373,147,153,381
41: 8,52,164,175,176,180,204,170,174
42: 46,64,165,186,189,190,196,230,43,191
43: 44,47,65,166,187,191,192,197,231,42,190
44: 43,48,66,167,188,191,192,193,198,232
45: 46,68,168,189,194,195,196,236,50,202
46: 9,42,45,69,169,190,195,196,237,47,197,51,203
47: 10,43,48,70,170,191,197,198,238,46,196,8,52,204
48: 11,44,47,49,71,171,192,197,198,199,239,53,205
49: 48,72,172,193,198,199,200,240,54,206
50: 51,55,73,173,201,202,203,209,243,45,195
51: 50,56,174,202,203,210,46,196,244,74,12,8,52,204
52: 8,41,53,57,175,204,205,211,47,197,51,245,203,75,13,1
53: 8,14,52,54,58,76,176,204,205,206,212,246,48,198
54: 53,59,77,177,205,206,207,213,247,49,199
55: 50,56,78,178,202,208,209,210,215,250
56: 15,51,55,60,79,179,203,209,210,216,251,57,211
57: 8,16,52,58,61,80,180,204,211,212,217,252,56,210
58: 17,53,57,59,62,81,181,205,211,212,213,218,253
59: 54,58,82,182,206,212,213,214,219,254
60: 56,84,183,210,215,216,220,258,61,217
61: 57,62,85,184,211,217,218,221,259,60,216
62: 58,61,86,185,212,217,218,219,222,260
63: 64,68,189,223,228,229,230,236,89,275
64: 9,42,63,69,190,224,229,230,237,90,276,65,231
65: 10,43,66,70,191,225,231,232,238,64,230,18,91,277
66: 11,44,65,67,71,192,226,231,232,233,239,92,278
67: 66,72,193,227,232,233,234,240,279,93
68: 9,45,63,69,195,229,235,236,237,73,243,282,94
69: 9,46,64,68,196,230,236,237,19,244,95,74,283,12,10,70,238
70: 10,11,47,65,71,197,231,238,239,9,69,237,245,75,13,1,2,20,96,284
71: 10,11,48,66,70,72,198,232,238,239,240,285,21,97,14,76,246
72: 11,49,67,71,199,233,239,240,241,77,247,98,286
73: 50,78,202,242,243,250,68,236,244,74,12,290,22,100
74: 9,69,237,244,12,15,51,73,245,79,203,243,251,75,13,1,3,23,101,291
75: 245,13,1,244,74,12,10,70,238,8,14,16,52,76,80,204,246,252,292,102,0,4,24
76: 14,17,53,77,81,205,246,247,253,11,71,239,245,75,13,1,25,293,103,5
77: 14,54,76,82,206,246,247,248,254,72,240,294,26,104
78: 15,55,73,79,83,209,243,249,250,251,257,106,298
79: 15,56,78,84,210,250,251,258,299,27,107,244,74,12,16,80,252
80: 16,17,57,81,85,211,252,253,259,15,245,79,251,75,13,1,6,28,108,300
81: 109,14,16,17,58,76,80,82,86,212,301,246,252,253,254,260,29
82: 17,59,77,81,87,213,247,253,254,255,261,302,110
83: 78,84,215,305,250,256,257,258,263,111
84: 15,60,79,83,216,251,257,258,264,85,259,306,112
85: 16,61,80,86,217,252,259,260,265,84,258,307,30,113
86: 17,62,81,85,87,218,253,259,260,261,266,308,114
87: 82,86,219,254,260,261,262,267,309,115
88: 319,18,91,277,271,272,270,225,268
89: 63,229,90,275,276,269,274,117,323,282,94
90: 64,230,19,95,283,89,275,276,270,118,324,18,91,277
91: 88,119,325,92,278,18,277,271,90,276,65,231,2,20,96,284
92: 120,326,278,18,91,277,272,66,232,279,285,21,97,93
93: 67,233,279,280,273,121,327,98,92,278,286
94: 122,281,330,290,282,22,100,68,236,19,95,283,89,275
95: 9,69,237,19,283,90,276,31,123,331,2,3,20,23,96,101,284,291,282,94
96: 32,124,292,102,332,2,20,284,0,4,24,19,95,283,10,70,238,285,21,97,18,91,277
97: 11,71,239,285,21,2,20,96,284,33,25,293,125,98,103,333,92,278,286,5
98: 287,126,334,286,72,240,279,285,21,97,93,294,26,104
99: 289,288,297,336,242,281,290,22,100
100: 290,3,23,101,291,282,22,94,73,243,106,298,99,127,289,337
101: 128,292,102,290,3,23,34,291,338,0,4,24,22,100,19,244,95,74,283,12,299,27,107
102: 129,292,2,3,7,20,23,35,96,101,284,291,339,0,4,24,245,75,13,1,25,293,103,5,6,28,108,300
103: 25,293,36,130,340,5,285,21,97,109,14,76,301,246,29,292,102,0,4,24,294,26,104
104: 341,294,295,105,302,131,26,110,77,247,25,293,98,103,286,5
105: 296,342,294,295,26,104,303,248,287
106: 344,132,298,297,78,305,250,299,27,107,111,290,22,100
107: 15,79,251,299,27,3,23,101,291,345,37,306,133,106,112,298,6,28,108,300
108: 38,134,346,6,28,300,299,27,107,109,16,80,301,252,29,292,102,0,4,24,307,30,113
109: 17,81,301,253,29,25,293,103,5,6,28,108,300,39,308,302,135,114,347,110
110: 294,302,348,136,26,104,303,109,82,301,254,309,115,29
111: 311,83,305,257,304,306,351,137,106,112,298
112: 306,352,138,312,84,305,258,299,27,107,111,307,30,113
113: 353,308,313,116,139,307,114,30,85,259,306,112,6,28,108,300
114: 354,308,140,307,30,113,314,109,86,301,260,309,115,29
115: 315,310,87,261,309,355,308,302,141,114,110
116: 313,359,307,30,113,314,316,265,312
117: 118,122,317,322,323,324,330,365,89,275
118: 31,117,123,142,318,323,324,331,366,90,276,119,325
119: 319,120,326,325,18,91,277,32,118,124,324,332,367,143
120: 320,33,368,121,327,125,144,326,333,119,325,92,278
121: 369,120,327,126,326,334,321,328,279,93
122: 31,371,117,123,145,323,329,330,331,282,94,127,337
123: 31,32,372,118,122,146,128,124,324,330,331,332,34,338,19,95,283
124: 31,32,123,129,331,332,2,7,20,35,96,284,339,373,33,125,147,333,119,325
125: 374,33,120,126,148,326,334,333,36,130,340,285,21,97,32,124,332
126: 375,33,335,121,327,125,98,149,334,333,286,341,131
127: 344,132,337,336,122,128,150,330,290,378,34,338,22,100
128: 31,379,123,129,151,331,3,7,23,34,35,101,291,338,339,345,37,133,127,337
129: 32,128,124,292,102,332,7,34,35,338,339,0,4,24,36,130,340,38,134,346,40,380,152
130: 33,25,293,125,103,153,333,381,36,340,5,129,7,35,339,341,39,131,135,347
131: 342,341,294,348,136,26,104,126,334,36,130,340,154,382
132: 345,37,385,344,351,133,137,343,155,106,298,127,337
133: 386,345,37,344,352,132,138,156,38,134,346,299,27,107,128,34,338
134: 345,37,133,38,346,6,28,108,300,129,7,35,339,353,39,387,135,139,157,347
135: 354,39,388,348,136,140,158,347,109,301,29,36,130,340,38,134,346
136: 389,341,355,39,349,302,348,131,135,141,159,347,110
137: 391,357,344,351,352,350,132,138,305,111
138: 392,345,37,306,351,160,352,133,137,358,112,353,139
139: 353,354,393,359,140,307,161,30,113,352,138,38,134,346
140: 353,354,394,355,39,308,135,139,141,114,162,347,360
141: 354,395,355,356,361,348,136,140,309,115
142: 399,372,118,146,324,362,365,366,367,143
143: 142,366,367,363,373,368,144,147,119,325
144: 374,369,368,364,120,148,326,367,143
145: 372,371,122,146,150,330,365,370,378
146: 31,379,372,371,123,142,145,151,331,366,373,147
147: 374,373,148,32,372,146,124,332,367,143,40,380,152
148: 375,374,373,33,368,125,144,147,149,153,333,381
149: 376,375,374,369,126,148,334,154,382
150: 379,371,145,151,378,377,385,155,127,337
151: 379,372,146,128,150,378,34,338,386,156,40,380,152
152: 387,40,380,157,163,379,129,151,7,35,339,373,147,153,381
153: 374,148,381,36,130,340,154,382,388,40,380,158,152
154: 375,149,153,381,382,389,341,383,131,159
155: 391,386,385,384,344,132,156,150,378
156: 392,386,345,37,385,160,133,155,379,151,387,157
157: 393,388,387,40,380,158,161,152,386,156,38,134,346
158: 394,389,39,388,387,135,157,159,162,347,153,381
159: 395,390,389,388,348,136,158,154,382
160: 396,392,391,386,352,138,156,393,161
161: 353,397,394,393,387,139,157,162,392,160
162: 398,354,395,394,393,388,140,158,161
163: 40,380,152
164: 41,175
165: 42,169,190,166
166: 43,167,170,191,165
167: 44,166,171,192
168: 45,169,195,173
169: 46,165,168,196,170,174
170: 47,166,171,197,169,41,175
171: 48,167,170,172,198,176
172: 49,171,199,177
173: 50,174,178,202,168
174: 51,173,179,203,169,41,175
175: 8,41,52,164,176,180,204,170,174
176: 41,53,175,177,181,205,171
177: 54,176,182,206,172
178: 55,173,179,209
179: 56,174,178,183,210,180
180: 41,57,175,181,184,211,179
181: 58,176,180,182,185,212
182: 59,177,181,213
183: 60,179,216,184
184: 61,180,185,217,183
185: 62,181,184,218
186: 42,190,224,187
187: 43,188,191,225,186
188: 44,187,192,226
189: 42,45,63,190,195,229
190: 42,46,64,165,186,189,196,230,43,191
191: 43,44,47,65,166,187,192,197,231,42,190
192: 43,44,48,66,167,188,191,193,198,232
193: 44,49,67,192,199,233
194: 45,195,235,201
195: 45,46,68,168,189,194,196,236,50,202
196: 9,42,45,46,69,169,190,195,237,47,197,51,203
197: 10,43,47,48,70,170,191,198,238,46,196,8,52,204
198: 11,44,47,48,49,71,171,192,197,199,239,53,205
199: 48,49,72,172,193,198,200,240,54,206
200: 49,199,241,207
201: 50,202,208,242,194
202: 50,51,55,73,173,201,203,209,243,45,195
203: 50,51,56,174,202,210,46,196,244,74,12,8,52,204
204: 8,41,52,53,57,175,205,211,47,197,51,245,203,75,13,1
205: 8,14,52,53,54,58,76,176,204,206,212,246,48,198
206: 53,54,59,77,177,205,207,213,247,49,199
207: 54,206,214,248,200
208: 55,201,209,249
209: 50,55,56,78,178,202,208,210,215,250
210: 15,51,55,56,60,79,179,203,209,216,251,57,211
211: 8,16,52,57,58,61,80,180,204,212,217,252,56,210
212: 17,53,57,58,59,62,81,181,205,211,213,218,253
213: 54,58,59,82,182,206,212,214,219,254
214: 59,207,213,255
215: 55,60,83,209,216,257
216: 56,60,84,183,210,215,220,258,61,217
217: 57,61,62,85,184,211,218,221,259,60,216
218: 58,61,62,86,185,212,217,219,222,260
219: 59,62,87,213,218,261
220: 60,216,264,221
221: 61,217,222,265,220
222: 62,218,221,266
223: 63,224,229,269
224: 64,186,223,230,270,225
225: 65,187,226,231,224,88,271
226: 66,188,225,227,232,272
227: 67,226,233,273
228: 63,229,235,274
229: 63,64,68,189,223,228,230,236,89,275
230: 9,42,63,64,69,190,224,229,237,90,276,65,231
231: 10,43,65,66,70,191,225,232,238,64,230,18,91,277
232: 11,44,65,66,67,71,192,226,231,233,239,92,278
233: 66,67,72,193,227,232,234,240,279,93
234: 67,233,241,280
235: 68,194,228,236,242,281
236: 9,45,63,68,69,195,229,235,237,73,243,282,94
237: 9,46,64,68,69,196,230,236,19,244,95,74,283,12,10,70,238
238: 10,11,47,65,70,71,197,231,239,9,69,237,245,75,13,1,2,20,96,284
239: 10,11,48,66,70,71,72,198,232,238,240,285,21,97,14,76,246
240: 11,49,67,71,72,199,233,239,241,77,247,98,286
241: 72,200,234,240,248,287
242: 73,201,243,249,235,99,289
243: 50,73,78,202,242,250,68,236,244,74,12,290,22,100
244: 9,69,237,74,12,15,51,73,245,79,203,243,251,75,13,1,3,23,101,291
245: 75,13,1,244,74,12,10,70,238,8,14,16,52,76,80,204,246,252,292,102,0,4,24
246: 14,17,53,76,77,81,205,247,253,11,71,239,245,75,13,1,25,293,103,5
247: 14,54,76,77,82,206,246,248,254,72,240,294,26,104
248: 77,207,247,255,241,295,105
249: 78,208,242,250,256,297
250: 15,55,73,78,79,83,209,243,249,251,257,106,298
251: 15,56,78,79,84,210,250,258,299,27,107,244,74,12,16,80,252
252: 16,17,57,80,81,85,211,253,259,15,245,79,251,75,13,1,6,28,108,300
253: 109,14,16,17,58,76,80,81,82,86,212,301,246,252,254,260,29
254: 17,59,77,81,82,87,213,247,253,255,261,302,110
255: 82,214,248,254,262,303
256: 83,249,257,304
257: 78,83,84,215,305,250,256,258,263,111
258: 15,60,79,83,84,216,251,257,264,85,259,306,112
259: 16,61,80,85,86,217,252,260,265,84,258,307,30,113
260: 17,62,81,85,86,87,218,253,259,261,266,308,114
261: 82,86,87,219,254,260,262,267,309,115
262: 310,87,255,261
263: 311,83,257,264
264: 84,220,258,263,265,312
265: 85,221,259,266,264,313,116
266: 86,222,260,265,267,314
267: 315,87,261,266
268: 88,271
269: 223,89,275,270,317
270: 224,90,276,269,318,88,271
271: 319,88,18,91,277,272,270,225,268
272: 320,88,92,278,271,226,273
273: 227,279,93,321,272
274: 228,89,275,281,322
275: 63,229,89,90,276,269,274,117,323,282,94
276: 64,230,19,95,283,89,90,275,270,118,324,18,91,277
277: 88,119,325,92,278,18,91,271,90,276,65,231,2,20,96,284
278: 120,326,92,18,91,277,272,66,232,279,285,21,97,93
279: 67,233,280,273,93,121,327,98,92,278,286
280: 234,279,93,287,328
281: 329,282,94,235,274,99,289
282: 122,281,330,290,22,94,100,68,236,19,95,283,89,275
283: 9,69,237,19,95,90,276,31,123,331,2,3,20,23,96,101,284,291,282,94
284: 32,124,292,102,332,2,20,96,0,4,24,19,95,283,10,70,238,285,21,97,18,91,277
285: 11,71,239,21,97,2,20,96,284,33,25,293,125,98,103,333,92,278,286,5
286: 287,126,98,334,72,240,279,285,21,97,93,294,26,104
287: 335,98,286,241,280,295,105
288: 99,289
289: 99,288,297,336,242,281,290,22,100
290: 3,23,101,291,282,22,94,100,73,243,106,298,99,127,289,337
291: 128,292,102,290,3,23,34,101,338,0,4,24,22,100,19,244,95,74,283,12,299,27,107
292: 129,102,2,3,7,20,23,35,96,101,284,291,339,0,4,24,245,75,13,1,25,293,103,5,6,28,108,300
293: 25,103,36,130,340,5,285,21,97,109,14,76,301,246,29,292,102,0,4,24,294,26,104
294: 341,295,105,302,131,26,104,110,77,247,25,293,98,103,286,5
295: 296,342,294,105,26,104,303,248,287
296: 295,105
297: 343,106,298,99,289,249,304
298: 344,132,106,297,78,305,250,299,27,107,111,290,22,100
299: 15,79,251,27,107,3,23,101,291,345,37,306,133,106,112,298,6,28,108,300
300: 38,134,346,6,28,108,299,27,107,109,16,80,301,252,29,292,102,0,4,24,307,30,113
301: 109,17,81,253,29,25,293,103,5,6,28,108,300,39,308,302,135,114,347,110
302: 294,348,136,26,104,110,303,109,82,301,254,309,115,29
303: 295,349,105,302,110,310,255
304: 305,256,111,350,297
305: 311,83,257,304,111,306,351,137,106,112,298
306: 352,138,112,312,84,305,258,299,27,107,111,307,30,113
307: 353,308,313,116,139,114,30,113,85,259,306,112,6,28,108,300
308: 354,140,307,114,30,113,314,109,86,301,260,309,115,29
309: 315,310,87,261,115,355,308,302,141,114,110
310: 262,309,115,356,303
311: 305,263,111,357,312
312: 306,358,112,311,264,313,116
313: 359,116,307,30,113,314,316,265,312
314: 308,313,116,114,360,315,266
315: 267,309,115,361,314
316: 313,116
317: 117,318,323,269
318: 118,317,324,362,270,319
319: 320,88,119,325,271,318,363
320: 319,364,120,326,321,272
321: 320,121,327,273
322: 117,323,329,274
323: 117,118,122,317,322,324,330,365,89,275
324: 31,117,118,123,142,318,323,331,366,90,276,119,325
325: 319,120,326,119,18,91,277,32,118,124,324,332,367,143
326: 320,33,368,120,121,327,125,144,333,119,325,92,278
327: 369,120,121,126,326,334,321,328,279,93
328: 335,121,327,280
329: 122,281,322,330,370,336
330: 31,371,117,122,123,145,323,329,331,282,94,127,337
331: 31,32,372,118,122,123,146,128,124,324,330,332,34,338,19,95,283
332: 31,32,123,129,124,331,2,7,20,35,96,284,339,373,33,125,147,333,119,325
333: 374,33,120,125,126,148,326,334,36,130,340,285,21,97,32,124,332
334: 375,33,335,121,327,125,126,98,149,333,286,341,131
335: 376,287,126,334,328,342
336: 343,99,127,289,337,329,377
337: 344,132,127,336,122,128,150,330,290,378,34,338,22,100
338: 31,379,123,129,128,151,331,3,7,23,34,35,101,291,339,345,37,133,127,337
339: 32,129,128,124,292,102,332,7,34,35,338,0,4,24,36,130,340,38,134,346,40,380,152
340: 33,25,293,125,103,153,333,381,36,130,5,129,7,35,339,341,39,131,135,347
341: 342,294,348,131,136,26,104,126,334,36,130,340,154,382
342: 341,295,383,349,105,131,335
343: 384,344,350,132,297,336
344: 345,37,385,351,132,133,137,343,155,106,298,127,337
345: 386,37,344,352,132,133,138,156,38,134,346,299,27,107,128,34,338
346: 345,37,133,38,134,6,28,108,300,129,7,35,339,353,39,387,135,139,157,347
347: 354,39,388,348,135,136,140,158,109,301,29,36,130,340,38,134,346
348: 389,341,355,39,349,302,131,135,136,141,159,347,110
349: 342,390,356,348,136,303
350: 351,137,343,304
351: 391,357,344,352,350,132,137,138,305,111
352: 392,345,37,306,351,160,133,137,138,358,112,353,139
353: 354,393,359,139,140,307,161,30,113,352,138,38,134,346
354: 353,394,355,39,308,135,139,140,141,114,162,347,360
355: 354,395,356,361,348,136,140,141,309,115
356: 355,349,141,310
357: 351,137,358,311
358: 396,357,352,138,312,359
359: 353,397,313,116,139,360,358
360: 398,354,361,359,140,314
361: 355,141,360,315
362: 142,318,366,363
363: 362,367,143,319,364
364: 320,368,144,363
365: 371,117,142,145,323,366
366: 399,372,118,142,146,324,362,365,367,143
367: 142,366,143,363,373,368,144,147,119,325
368: 374,369,364,120,144,148,326,367,143
369: 375,368,121,327,144,149
370: 371,145,329,377
371: 372,122,145,146,150,330,365,370,378
372: 31,379,371,123,142,145,146,151,331,366,373,147
373: 374,147,148,32,372,146,124,332,367,143,40,380,152
374: 375,373,33,368,125,144,147,148,149,153,333,381
375: 376,374,369,126,148,149,334,154,382
376: 375,335,149,383
377: 150,370,378,384,336
378: 379,371,145,150,151,377,385,155,127,337
379: 372,146,128,150,151,378,34,338,386,156,40,380,152
380: 387,40,157,152,163,379,129,151,7,35,339,373,147,153,381
381: 374,148,153,36,130,340,154,382,388,40,380,158,152
382: 375,149,153,381,154,389,341,383,131,159
383: 342,390,376,154,382
384: 385,343,155,377
385: 391,386,384,344,132,155,156,150,378
386: 392,345,37,385,160,133,155,156,379,151,387,157
387: 393,388,40,380,157,158,161,152,386,156,38,134,346
388: 394,389,39,387,135,157,158,159,162,347,153,381
389: 395,390,388,348,136,158,159,154,382
390: 389,383,349,159
391: 392,385,351,160,137,155
392: 396,391,386,160,352,138,156,393,161
393: 353,397,394,387,139,157,161,162,392,160
394: 398,354,395,393,388,140,158,161,162
395: 394,389,355,141,159,162
396: 392,160,358,397
397: 398,393,359,161,396
398: 397,394,162,360
399: 142,366