0: 21,240,193,226,292,294,4,279,93,26,104,273,66,232
1: 247,13,245,75,5,25,103,293,70,238,237,69,57,180
2: 70,68,95,189,230,236,238,284,19,20,275,65,174,89
3: 101,368,23,291,230,5,25,103,293,92,278,330,143,367
4: 0,21,240,193,226,292,294,279,93,26,104,273,66,232
5: 13,245,75,25,103,293,1,14,76,246,57,27,299,101,23,291,3
6: 123,353,31,331,108,300,28,312,57,250,129,35
7: 
8: 231,44,47,167,188,192,204,226,197,97,166,187
9: 46,194,196,173
10: 95,19,225,268,272,18,91,270,271,88
11: 49,247,199,71,14,76,246,301,12,109,29,206
12: 252,301,176,181,109,29,206,180,177,48,247,198,11,71
13: 247,245,75,5,25,103,293,1,70,238,237,69,57,180
14: 294,26,104,5,11,25,71,103,293,76,246,59,301,109,29,27,299
15: 61,251,222,58,261,266,265,217,212,85,184,221
16: 85,84,250,264,313,135,266,116,265,107
17: 59,53,254,81,82,253,214,206,248,54
18: 231,272,91,279,93,92,278,10,95,230,19,66,232
19: 10,64,95,230,284,20,65,2,18,91,270,276,330,90
20: 70,68,95,189,230,236,238,284,19,275,65,174,89,2
21: 0,287,240,292,239,4,54,98,105
22: 128,338,281,370,127,34,371,377,336
23: 101,368,291,3,230,5,25,103,293,92,278,330,143,367
24: 231,188,233,225,187
25: 13,245,75,5,103,293,1,14,76,246,57,27,299,101,23,291,3
26: 0,292,294,4,104,92,278,14,76,246,368,105,66,232
27: 135,301,109,29,299,5,25,103,293,14,76,246,57,307,354,113,129,35
28: 123,353,31,331,108,300,6,312,57,250,129,35
29: 53,135,58,301,12,109,212,180,27,299,11,71,14,76,246
30: 84,112,313,116,265,107,316
31: 124,36,123,331,130,32,108,300,6,28,332,57,38,134
32: 386,124,123,156,31,331,379,332,152,150,380,40,125,333,96,39,347,153
33: 375
34: 117,102,128,338,73,281,322,323,122,365,337,22,127
35: 354,140,133,346,345,129,57,135,27,299,108,300,6,28
36: 386,385,344,132,123,156,329,31,331,130,151,150,38,134,122,337,371
37: 159,154,387
38: 150,324,134,122,330,337,36,123,329,31,331,130
39: 307,162,394,96,389,388,158,347,153,133,113,346,345,387,124,32,332
40: 373,152,372,150,147,380,163,125,333,124,379,32,332,96
41: 252,176,185,175,164,170
42: 165,168,189,190,205,43,65,174,187
43: 42,168,189,190,195,45,229,174
44: 47,48,49,167,171,172,192,193,204,198,199,200,197,8
45: 46,68,189,194,236,196,290,100,43,174,258
46: 168,169,45,196,9,173
47: 44,48,170,167,171,192,204,198,197,8,166,191,205
48: 177,44,47,49,170,171,172,247,192,198,199,197,176,12
49: 177,44,48,172,192,193,198,199,200,207,11,71,206
50: 78,202,201,178,208,209,243,258
51: 56,178,179,210,203,169,252
52: 181,185,213,211
53: 17,254,58,301,81,82,253,219,109,29,212,214,260,218,206
54: 296,287,21,72,239,59,17,81,253,248
55: 85,56,60,83,210,216,250,80,244,257,264,74,243
56: 55,179,51,210,80,203,244,211,74,61,252,217,180
57: 250,13,245,75,5,25,103,293,1,135,27,299,123,31,331,108,300,6,28,129,35
58: 61,53,135,251,261,301,266,109,217,29,15,212,260,218,180
59: 17,254,81,82,253,54,14,76,246,105,110,302,348
60: 55,79,83,84,215,216,220,80,257,263,264
61: 251,58,217,15,212,180,85,56,184,210,211
62: 261,86,213,218
63: 228,102,73,274
64: 95,186,223,224,229,19,275,65,89,269,270,276,90
65: 42,64,95,186,189,229,284,19,20,275,89,2
66: 120,326,232,0,292,18,91,294,4,279,93,26,104,92,278
67: 
68: 70,189,45,236,238,284,290,20,100,94,174,2,282,237,69
69: 70,68,236,238,237,13,245,75,1,244,74
70: 68,236,238,284,20,174,2,237,69,13,245,75,1,244,74
71: 49,247,199,11,14,76,246,301,12,109,29,206
72: 239,207,54,248
73: 102,128,338,281,34,63,290,100,94,282,99,289
74: 55,56,210,244,243,70,238,237,69
75: 247,13,245,5,25,103,293,1,70,238,237,69,57,180
76: 294,26,104,5,11,25,71,103,293,14,246,59,301,109,29,27,299
77: 254,255,82,262,310,303,309
78: 202,201,208,249,50,243,258,242
79: 60,83,208,216,256,257,263
80: 85,55,56,60,179,183,210,215,216,220
81: 59,17,53,254,82,253,214,206,248,54
82: 59,17,53,254,81,253,87,77,110,354,302,309
83: 304,55,60,79,208,216,256,257,263,264,243
84: 85,60,30,16,216,220,263,264,112,221,265
85: 55,184,84,16,220,250,80,264,221,61,251,217,15
86: 261,62
87: 254,115,266,82,260,354,315,308,309
88: 320,271,10,268,272
89: 64,189,228,284,20,275,65,2,269,276,102,90
90: 270,117,276,102,317,323,330,64,95,19,275,89,269
91: 231,272,18,279,93,92,278,10,95,230,19,66,232
92: 18,91,294,97,26,104,278,230,101,23,291,3,66,232
93: 0,272,226,227,292,233,18,91,4,279,120,273,66,232
94: 68,236,290,100,282,99,289,73,281,122,329
95: 10,64,230,284,19,20,65,2,18,91,270,276,330,90
96: 39,388,158,347,153,387,152,380,40,163,149,125,381,333,124,379,32,332
97: 231,247,204,8,92,278,230
98: 335,126,328,105,296,287,21,280
99: 94,282,242,289,288,73,281,343,329,297,336
100: 68,189,194,45,236,290,94,258,282,242,73
101: 368,23,291,3,230,5,25,103,293,92,278,330,143,367
102: 117,276,128,338,73,274,317,322,323,90,34,63,228,275,89,269
103: 13,245,75,5,25,293,1,14,76,246,57,27,299,101,23,291,3
104: 0,292,294,4,26,92,278,14,76,246,368,105,66,232
105: 335,126,98,131,341,296,21,294,26,104,59,295,348
106: 384,344,350,132,343,297,298,336
107: 352,138,358,359,312,30,16,112,313,116
108: 123,353,31,331,300,6,28,312,57,250,129,35
109: 53,135,58,301,12,29,212,180,27,299,11,71,14,76,246
110: 307,354,302,342,349,303,113,295,309,348,59,254,82
111: 357,351,350,137,305,304,311
112: 306,84,30,263,264,311,107,312
113: 307,110,354,389,302,39,347,153,346,348,27,299
114: 398,139,397
115: 267,314,266,260,87,315
116: 313,314,266,265,30,16,107,359,340,316
117: 276,102,142,128,338,317,318,322,323,324,365,90,34
118: 270,119,318,362,325,320,363
119: 372,118,142,318,324,362,334,325,143,367,283,363
120: 320,364,326,321,273,66,286,232,279,93
121: 376,369,335,327,328,326,382,286
122: 128,338,281,38,134,337,34,371,94,282,36,329,130
123: 124,36,31,331,130,32,108,300,6,28,332,57,38,134
124: 386,123,156,31,331,379,32,332,152,150,380,40,125,333,96,39,347,153
125: 374,368,148,149,381,333,152,372,380,40,143,367,124,32,332,96,153
126: 383,335,98,328,105,296,342,295
127: 145,128,338,322,365,370,22,34
128: 117,102,338,73,281,322,323,122,365,337,22,127,34
129: 354,140,133,346,345,35,57,135,27,299,108,300,6,28
130: 386,36,385,344,132,123,156,329,31,331,151,150,38,134,122,337,371
131: 376,374,368,335,148,149,326,105,341,389,153,348
132: 36,385,344,351,350,343,353,329,130,106,297,298,304
133: 161,39,393,140,347,346,345,129,35,386,156
134: 150,38,324,122,330,337,36,123,329,31,331,130
135: 58,301,266,109,29,212,27,299,57,16,129,35
136: 395,390,355,356,141,349
137: 391,357,351,350,353,111,305
138: 396,357,351,352,358,353,107,359,312
139: 398,162,394,355,141,361,140,114,308,397,340
140: 162,161,394,393,139,133,308,397,346,345,129,35,340,359
141: 162,354,395,394,355,356,136,361,139,308,346
142: 399,372,117,145,119,318,323,324,362,365,366,334,325
143: 372,119,324,325,367,374,101,368,23,291,3,148,125,283,333
144: 277
145: 399,142,146,365,366,370,337,127
146: 399,145
147: 399,373,152,372,380,334,40,283,381
148: 374,369,368,149,131,326,341,382,125,283,381,333,143,367
149: 376,374,148,131,341,382,125,381,333,96,389,154,153,387
150: 152,372,38,134,380,337,40,386,124,36,156,130,379,151,32,332
151: 36,385,384,155,130,378,377,150,370,337,371
152: 373,372,150,147,380,40,163,125,333,124,379,32,332,96
153: 307,96,389,39,347,113,387,368,149,131,341,125,333,124,32,332
154: 390,389,159,37,387,376,375,383,149
155: 392,391,385,384,160,378,151
156: 391,386,124,36,385,353,130,379,32,332,150,133,345
157: 396,339,161,393,397
158: 162,161,394,96,39,388,393,347,387
159: 395,390,154,37,387
160: 392,391,155,339
161: 162,394,388,393,158,140,133,397,345,157
162: 398,161,395,394,355,39,388,393,158,141,140,347,139,346
163: 381,152,380,40,96
164: 175,41
165: 42,168,190,191,166
166: 47,167,188,204,197,8,165,191,187
167: 44,47,171,188,192,204,197,8,166
168: 42,46,165,169,196,43,174
169: 46,168,191,205,196,174,51,203
170: 47,48,171,198,197,191,205,175,252,176,41
171: 44,47,48,170,167,172,192,198,197
172: 177,44,48,49,171,192,198,199,200
173: 178,46,196,9
174: 70,42,68,168,169,189,45,236,238,284,205,20,43,2
175: 191,164,170,41
176: 252,12,181,185,41,177,48,170,198
177: 48,49,172,198,199,176,12,182,206
178: 202,179,51,209,215,203,50,173
179: 56,178,183,51,210,215,80,203,211
180: 61,252,58,301,12,109,217,29,212,13,245,75,1,56,210
181: 176,12,182,52,213,218,206
182: 181,213,214,218,206,177
183: 184,179,215,220,80,211
184: 85,183,220,211,221,61,251,217,15
185: 252,176,52,41,211
186: 64,190,224,229,225,65,187
187: 42,186,190,225,231,188,204,24,8,166
188: 231,167,204,24,8,166,187
189: 42,68,45,229,236,284,290,20,100,275,43,65,174,89,2
190: 42,165,186,229,43,187
191: 165,169,205,175,47,170,197,166
192: 44,47,48,49,167,171,172,193,204,198,199,200,197,8
193: 0,44,49,240,192,199,200,226,292,4
194: 45,235,290,100,258,9,201
195: 43
196: 46,168,169,45,9,173
197: 44,47,48,170,167,171,192,204,198,8,166,191,205
198: 177,44,47,48,49,170,171,172,247,192,199,197,176,12
199: 177,44,48,49,172,192,193,198,200,207,11,71,206
200: 44,49,241,172,192,193,199,239,207
201: 78,202,50,194,235,258,242
202: 78,201,178,208,209,50,243,258
203: 56,178,179,51,210,169,252
204: 231,44,47,167,188,192,226,197,97,8,166,187
205: 42,169,191,174,47,170,247,197
206: 17,53,81,253,12,181,182,214,177,49,199,207,11,71
207: 49,72,199,200,239,214,206
208: 78,79,83,202,209,257,50,243
209: 202,178,208,215,50
210: 55,56,179,51,80,203,244,211,74,61,252,217,180
211: 56,184,179,183,210,61,252,52,185,217
212: 61,53,135,251,58,261,301,266,109,217,29,15,260,218,180
213: 62,181,182,52,218
214: 17,53,81,253,219,182,206,248,207
215: 60,178,179,183,209,216,220,80
216: 55,60,79,83,84,215,220,80,257,263,264
217: 61,251,58,15,212,180,85,56,184,210,211
218: 53,58,261,62,219,181,182,212,213,260
219: 267,53,262,214,260,218
220: 85,60,184,84,183,215,216,80,221
221: 85,184,84,220,251,222,265,15
222: 251,261,266,265,15,221
223: 64,228,229,269
224: 64,186,225,268,270
225: 10,186,224,268,187,231,24
226: 0,231,193,204,292,233,4,8,279,93
227: 240,233,279,93,273
228: 63,223,275,89,269,102,274
229: 64,186,189,190,223,43,65
230: 95,284,19,20,2,18,91,97,92,278,330,101,23,291,3
231: 188,204,226,233,24,18,91,97,8,225,187
232: 120,326,66,0,292,18,91,294,4,279,93,26,104,92,278
233: 231,272,226,227,24,279,93
234: 240,280,285
235: 194,242,201
236: 70,68,189,45,238,284,290,20,100,94,174,2,282,237,69
237: 70,68,236,238,69,13,245,75,1,244,74
238: 70,68,236,284,20,174,2,237,69,13,245,75,1,244,74
239: 287,21,72,241,200,207,54
240: 0,21,241,193,227,292,234,4
241: 240,200,239,285
242: 235,290,100,258,99,289,288,78,201
243: 55,78,83,202,208,244,257,50,74,258
244: 55,56,210,74,243,70,238,237,69
245: 247,13,75,5,25,103,293,1,70,238,237,69,57,180
246: 294,26,104,5,11,25,71,103,293,14,76,59,301,109,29,27,299
247: 48,198,13,245,97,75,11,71,1,205,12
248: 17,81,253,214,72,54
249: 304,78,256,297
250: 85,55,57,16,264,108,300,6,28,312
251: 61,222,58,261,266,265,217,15,212,85,184,221
252: 176,12,185,41,180,170,56,51,210,203,211
253: 59,17,53,254,81,82,214,206,248,54
254: 59,17,53,81,82,253,87,77,110,354,302,309
255: 77,310,356,303
256: 304,79,83,249,257,263,311
257: 304,55,60,79,83,208,216,256,263,264,243
258: 194,45,290,100,242,78,202,201,50,243
259: 
260: 267,53,58,261,115,266,219,212,218,87
261: 251,222,58,62,86,15,212,260,218
262: 267,219,77,310
263: 306,60,79,83,84,216,256,257,264,311,112
264: 85,55,60,83,84,16,216,250,257,263,112,312
265: 313,251,222,314,266,116,15,84,30,16,221
266: 313,135,251,222,58,314,115,116,265,15,212,260,87,16
267: 115,262,219,260
268: 10,224,225,270,271,88
269: 64,223,228,275,89,270,276,102,274,317,90
270: 118,276,317,90,10,64,95,224,19,268,269
271: 320,88,10,268,272
272: 233,18,91,279,93,10,320,271,88
273: 120,321,286,0,227,292,280,4,279,93
274: 102,322,63,228,269
275: 64,189,228,284,20,65,89,2,269,276,102,90
276: 270,117,102,317,323,330,90,64,95,19,275,89,269
277: 369,364,144,283,363
278: 18,91,294,97,26,104,92,230,101,23,291,3,66,232
279: 0,272,226,227,292,233,18,91,4,93,120,273,66,232
280: 234,98,273,286
281: 128,338,73,122,22,34,371,94,282,99,289,343,336
282: 68,236,290,100,94,99,289,73,281,122,329
283: 374,148,381,363,277,373,147,119,334,325,143,367
284: 70,68,95,189,230,236,238,19,20,275,65,174,89,2
285: 241,234
286: 335,120,121,327,328,326,321,273,280
287: 296,21,239,54,98
288: 242,99,289,336
289: 94,282,242,99,288,73,281,343,329,297,336
290: 68,189,194,45,236,100,94,258,282,242,73
291: 101,368,23,3,230,5,25,103,293,92,278,330,143,367
292: 0,21,240,193,226,294,4,279,93,26,104,273,66,232
293: 13,245,75,5,25,103,1,14,76,246,57,27,299,101,23,291,3
294: 0,292,4,26,104,92,278,14,76,246,368,105,66,232
295: 110,302,342,303,348,296,126,105
296: 287,54,126,98,105,295
297: 344,350,132,343,106,298,99,289,304,249
298: 384,344,350,132,343,106,297,336
299: 135,301,109,29,27,5,25,103,293,14,76,246,57,307,354,113,129,35
300: 123,353,31,331,108,6,28,312,57,250,129,35
301: 53,135,58,12,109,29,212,180,27,299,11,71,14,76,246
302: 307,110,354,342,349,303,113,295,309,348,59,254,82
303: 110,302,349,295,309,255,77
304: 83,249,256,257,311,344,351,350,132,111,305,297
305: 357,351,350,137,111,304,311
306: 263,311,112
307: 110,354,389,302,39,347,153,113,346,348,27,299
308: 354,355,141,361,140,315,139,346,340,87
309: 110,354,302,356,349,303,254,82,87,77,310
310: 255,262,77,356,309
311: 306,304,256,263,112,357,351,111,305,312
312: 351,352,138,107,108,300,6,28,250,264,311,112
313: 314,266,116,265,30,16,107,359,340,316
314: 313,115,266,116,265,360,315,340,316
315: 361,308,314,115,87
316: 360,340,30,313,314,116
317: 270,117,276,102,318,322,323,90,269
318: 117,118,142,119,317,323,324,362,365,325
319: 
320: 271,364,120,88,272,118
321: 120,273,286
322: 117,102,128,338,274,317,323,365,127,34
323: 117,276,102,142,128,338,317,318,322,324,365,90,34
324: 372,117,142,119,38,318,323,134,330,337,325,143,367
325: 372,118,142,119,318,324,362,334,143,367,283,363
326: 374,369,368,335,120,121,327,148,131,341,66,382,286,232
327: 376,369,335,121,328,326,382,286
328: 335,121,327,126,98,286
329: 36,344,132,343,130,94,282,99,289,38,134,122,371
330: 276,38,324,134,90,95,230,19,101,23,291,3
331: 124,36,123,31,130,32,108,300,6,28,332,57,38,134
332: 386,124,123,156,31,331,379,32,152,150,380,40,125,333,96,39,347,153
333: 374,368,148,149,125,381,152,372,380,40,143,367,124,32,332,96,153
334: 399,373,142,147,119,362,325,283
335: 376,121,327,126,98,328,131,326,105,341,286
336: 343,106,298,99,289,288,281,22
337: 372,150,145,128,338,38,324,134,122,370,34,371,36,130,151
338: 117,102,128,73,281,322,323,122,365,337,22,127,34
339: 396,392,157,160
340: 360,140,139,308,316,313,314,116,359
341: 376,374,368,335,148,149,131,326,105,389,153,348
342: 110,390,389,302,349,295,348,383,126
343: 344,132,329,106,297,298,336,99,289,281,371
344: 36,385,351,350,132,343,353,329,130,106,297,298,304
345: 161,39,393,140,347,133,346,129,35,386,156
346: 307,162,354,394,355,39,141,140,347,133,308,113,345,129,35
347: 307,162,394,96,389,39,388,158,153,133,113,346,345,387,124,32,332
348: 307,110,389,302,342,113,295,59,131,105,341
349: 110,390,302,342,356,136,303,309
350: 344,351,132,137,111,106,305,297,298,304
351: 357,344,352,350,132,137,138,353,111,305,312,304,311
352: 396,357,351,138,358,353,107,359,312
353: 391,386,385,344,351,352,132,137,138,156,108,300,6,28
354: 307,110,302,355,141,308,113,346,129,309,35,254,82,87,27,299
355: 162,354,395,394,356,141,136,361,139,308,346
356: 355,141,349,136,361,309,255,310
357: 351,352,137,138,358,111,305,311
358: 396,357,352,138,107,359
359: 396,352,138,358,107,313,116,140,397,340
360: 340,316,314
361: 355,356,141,315,139,308
362: 399,118,142,119,318,366,334,325,363
363: 364,283,277,118,119,362,325
364: 320,369,120,363,277
365: 117,142,145,128,338,318,322,323,366,127,34
366: 399,142,145,362,365
367: 372,119,324,325,143,374,101,368,23,291,3,148,125,283,333
368: 374,101,23,291,3,148,131,326,341,125,333,294,26,104,143,367,153
369: 374,364,121,327,148,326,382,277
370: 145,337,22,127,371,377,151
371: 281,122,370,337,22,36,343,329,130,377,151
372: 373,152,150,142,147,119,324,380,337,325,40,143,367,125,333
373: 399,152,372,147,380,334,40,283,381
374: 369,368,148,149,131,326,341,382,125,283,381,333,143,367
375: 376,33,382,154
376: 375,383,335,121,327,149,131,341,382,154
377: 384,151,370,22,371
378: 155,151
379: 386,124,156,32,332,152,150,380,40,96
380: 373,152,372,150,147,40,163,125,333,124,379,32,332,96
381: 374,163,148,149,382,125,283,333,373,147,96
382: 376,375,374,369,121,327,148,149,326,381
383: 376,126,390,342,154
384: 385,155,106,298,377,151
385: 391,386,36,384,344,132,155,156,353,130,151
386: 391,124,36,385,156,353,130,379,32,332,150,133,345
387: 395,96,389,39,159,388,158,154,347,153,37,149
388: 162,161,394,96,39,393,158,347,387
389: 307,395,390,342,39,154,347,153,113,387,348,149,131,341
390: 395,389,342,159,349,136,154,383
391: 392,386,385,160,137,155,156,353
392: 391,160,155,339
393: 162,161,394,388,158,140,133,397,345,157
394: 398,162,161,395,355,39,388,393,158,141,140,347,139,346
395: 162,394,390,389,355,159,141,136,387
396: 157,352,138,358,359,339,397
397: 398,161,393,140,114,139,396,157,359
398: 162,394,114,139,397
399: 373,142,145,146,147,362,366,334