0: 11,71,193,226,292,239,21,294,4,97,279,93,26,104,232,66
1: 245,75,301,109,29,13,205,14,246,53,76,247,57,80
2: 42,64,69,230,237,284,95,19,283,65,231,174,20,191,205,53
3: 291,23,6,300,101,108,28,69,237,244,74,57,38,134
4: 0,11,71,193,226,292,239,21,294,97,279,93,26,104,232,66
5: 124,278,92,332,32,25,103,293,14,246,294,76,26,104,57,299,27
6: 291,340,344,351,132,23,353,300,130,312,36,101,3,108,28,250,111,305
7: 
8: 44,47,167,188,192,204,226,197,191
9: 202,201,178,173,50,258,46,194,196
10: 64,224,230,95,19,283,268,65,231,225,276,90,18,91,277,270,272
11: 0,49,71,72,240,193,199,14,292,246,239,21,294,4,97,76,26,104,247
12: 252,301,176,181,182,109,29,218,206,54,177,48,198,247
13: 245,75,301,109,29,1,205,14,246,53,76,247,57,80
14: 11,71,246,239,294,76,26,104,247,245,299,75,301,109,29,27,59,1,13,5,25,103,293
15: 55,60,78,79,83,100,209,216,250,251,257,264,111,290,305,80,312
16: 84,250,264,221,313,266,116,265
17: 254,81,82,253,214,218,206,54,248,59
18: 118,276,318,324,90,91,277,319,10,95,19,283,272
19: 10,64,69,230,237,284,95,283,2,20,330,276,122,90,18,91,277
20: 42,64,69,230,237,284,95,19,283,65,231,174,2,191,205,53
21: 0,11,287,71,72,240,292,239,294,4,97,26,104,59,105
22: 128,371,338,281,370,34,336,377
23: 291,6,300,101,3,108,28,69,237,244,74,57,38,134
24: 225,188,233,187
25: 124,278,92,332,32,5,103,293,14,246,294,76,26,104,57,299,27
26: 0,11,71,14,292,246,239,21,294,4,97,76,104,278,92,232,66,5,25,103,293
27: 135,299,59,14,246,76,57,5,25,103,293,307,354,113
28: 291,340,344,351,132,23,353,6,300,130,312,36,101,3,108,250,111,305
29: 245,135,58,12,75,301,109,212,218,1,13,14,246,76,247
30: 84,112,313,116,265,107,316
31: 330,118,123,324,122,331,337,127,38,134,143,367,69,237,124,332,32
32: 124,368,278,92,332,125,333,5,25,103,293,153,31,123,331,143,367,387
33: 375
34: 117,128,371,338,281,322,323,282,365,337,22,127,94,63
35: 346,129,57,250,135,340,130,37,36,345,133
36: 340,352,138,353,6,300,130,312,37,345,108,28,133,250,129,35
37: 386,340,156,130,36,345,133,387,39,347,346,129,35
38: 31,123,371,150,331,378,337,127,134,244,74,386,291,385,23,156,101,3,329
39: 389,347,96,346,153,37,345,133,387
40: 152,372,146,150,147,380,378,373,163,125,333,379,387,96
41: 252,176,52,175,170,164
42: 64,186,189,190,229,230,284,43,65,231,174,2,20,191
43: 42,165,168,189,190,195,229
44: 47,48,49,167,171,172,192,193,204,198,199,197,8
45: 73,68,189,194,235,236,102,174,243,258
46: 168,169,196,173,9
47: 44,48,170,167,171,192,204,198,197,8,166,191
48: 177,44,47,49,170,171,172,192,198,199,197,247,12,176
49: 11,177,44,48,71,72,172,240,192,193,198,199,200,239,247,206,54
50: 55,56,78,202,178,179,209,210,9,258,70,238
51: 56,179,210,203,180,169,252
52: 252,176,181,185,41,211
53: 205,247,284,2,20,191,245,75,1,13
54: 17,12,81,253,182,214,218,206,177,49,72,240,199,207,247
55: 15,56,60,78,79,83,202,178,179,208,209,210,215,216,251,257,50
56: 55,202,179,51,100,209,210,290,50,203,80,180,70,238
57: 250,80,245,135,299,75,27,1,13,5,25,103,293,291,23,101,3,129,35
58: 61,135,261,301,266,87,219,109,217,29,212,260,218
59: 17,254,299,81,82,253,27,14,246,21,97,76,110,302
60: 15,85,55,79,83,209,215,216,220,259,251,257,263,264
61: 58,185,217,212,184,211,221,180
62: 86,185,213,260
63: 128,338,274,281,322,282,34,94,228,102,275,89
64: 42,10,189,229,230,284,95,19,283,269,275,65,231,2,20,89,276,90
65: 42,10,64,186,230,284,187,231,2,20,225
66: 278,120,92,232,0,292,294,4,279,93,26,104
67: 
68: 70,73,69,45,236,237,238,244,102,174,243,74,100,290
69: 68,236,237,284,95,19,283,244,2,20,74,31,330,123,122,331,291,23,101,3
70: 68,236,238,174,56,202,100,210,290,50,80
71: 0,11,49,72,240,193,199,14,292,246,239,21,294,4,97,76,26,104,247
72: 11,49,287,71,241,240,193,199,200,239,21,207,97,206,54
73: 68,45,235,236,244,102,243,74,298,78,100,106,290,242,258,289,282,94,99,329
74: 73,68,69,236,237,244,243,100,290,282,94,38,134,291,23,101,3,329
75: 245,301,109,29,1,13,205,14,246,53,76,247,57,80
76: 11,71,14,246,239,294,26,104,247,245,299,75,301,109,29,27,59,1,13,5,25,103,293
77: 310,254,82,262,255,303,309
78: 15,55,298,79,83,202,100,208,209,249,251,257,106,290,50,242,258,73,243
79: 15,55,60,78,83,100,209,216,250,251,257,264,111,290,305,80,312
80: 15,56,79,100,210,57,250,251,290,180,70,238,245,75,1,13
81: 17,254,82,253,214,218,206,54,248,59
82: 17,254,261,81,87,253,77,59,110,354,302,309
83: 15,55,60,78,79,208,209,216,249,251,256,257,263,111,305
84: 85,30,220,16,259,264,112,221,265
85: 60,84,216,220,259,263
86: 62
87: 267,254,58,261,115,266,82,219,212,260
88: 320,271,272,268,319
89: 64,230,269,102,275,330,117,276,322,323,282,122,90,94,63
90: 330,117,118,276,317,318,323,324,122,18,91,277,270,10,64,230,95,19,283,269,275,89
91: 118,276,318,324,90,18,277,319,10,95,19,283,272
92: 124,368,278,332,232,66,32,5,25,103,293,294,26,104
93: 0,226,227,292,233,4,279,120,232,66,272,273
94: 330,117,128,371,338,281,323,282,122,337,127,34,63,73,244,102,275,243,89,74,329
95: 10,64,69,230,237,284,19,283,2,20,330,276,122,90,18,91,277
96: 389,39,388,158,347,152,380,40,163,149,125,381,333,153,387
97: 0,11,287,71,72,240,292,239,21,294,4,26,104,59,105
98: 126,328,105,296,287,280
99: 289,281,73,243,298,106,242,343,336,297,288,329
100: 15,56,78,79,210,251,290,80,70,73,68,236,238,244,243,74
101: 291,23,6,300,3,108,28,69,237,244,74,57,38,134
102: 73,68,189,45,228,235,236,275,243,89,282,94,63
103: 124,278,92,332,32,5,25,293,14,246,294,76,26,104,57,299,27
104: 0,11,71,14,292,246,239,21,294,4,97,76,26,278,92,232,66,5,25,103,293
105: 335,126,98,296,287,21,97,342,295
106: 298,78,249,111,305,242,73,243,289,99,344,132,297,329
107: 352,138,358,312,359,30,264,112,313,116
108: 291,340,344,351,132,23,353,6,300,130,312,36,101,3,28,250,111,305
109: 245,135,58,12,75,301,29,212,218,1,13,14,246,76,247
110: 307,354,348,302,342,136,303,113,295,309,254,82,59
111: 15,304,298,79,83,249,251,257,106,305,344,351,132,6,300,312,108,28
112: 306,84,30,263,264,311,107
113: 307,110,354,348,389,302,342,136,299,27,131,341,153
114: 398,139,397
115: 267,261,266,87,315,308,314
116: 313,265,30,16,359,107,316,314
117: 330,118,276,128,338,317,318,322,323,324,282,122,365,90,337,127,34,94,275,89
118: 31,330,117,276,123,142,119,318,323,324,122,331,90,337,127,325,18,91,277,143,367
119: 118,142,147,324,362,334,325,373,143,367,374,148,363
120: 320,321,232,66,286,272,273,279,93
121: 376,335,327,328,326,382,286
122: 31,330,117,118,276,123,323,324,282,331,90,337,127,94,69,237,95,19,283,275,89
123: 31,330,118,324,122,331,337,127,38,134,143,367,69,237,124,332,32
124: 368,278,92,332,125,32,333,5,25,103,293,153,31,123,331,143,367,387
125: 374,124,368,332,148,149,32,381,333,153,152,147,380,373,40,143,367,387,96
126: 383,335,98,328,105,296,342,295
127: 31,330,372,117,118,123,146,128,371,338,150,323,324,282,122,331,365,378,337,34,94,38,134
128: 117,371,338,281,322,323,282,365,337,22,127,34,94,63
129: 346,35,57,250,135,340,130,37,36,345,133
130: 340,352,138,353,6,300,312,37,36,345,108,28,133,250,129,35
131: 376,335,149,326,341,153,307,389,342,113
132: 385,344,351,350,343,353,6,300,297,329,108,28,298,106,111,305
133: 386,340,156,130,37,36,345,387,39,347,346,129,35
134: 31,123,371,150,331,378,337,127,38,244,74,386,291,385,23,156,101,3,329
135: 299,58,301,109,29,27,212,57,129,35
136: 307,110,354,395,348,390,389,302,355,342,141,349,113,309
137: 391,357,351,350
138: 396,340,357,351,352,358,353,130,312,107,36
139: 360,140,114,316,397,314,359
140: 161,393,139,397,346,359
141: 162,395,394,348,355,356,136,361,308,346
142: 399,372,118,145,146,119,147,324,362,365,366,325,373
143: 31,118,123,119,147,324,331,325,373,367,374,124,368,332,148,125,32,333
144: 369,364
145: 399,372,142,146,365,366
146: 152,372,142,145,150,147,380,378,337,127,373,40
147: 152,372,142,146,119,380,334,325,373,40,143,367,374,148,125,381,333
148: 374,369,368,326,382,125,381,333,119,147,325,373,143,367
149: 376,131,341,382,125,381,333,153,389,154,96
150: 152,372,146,380,378,337,127,40,38,134,386,385,156,151
151: 385,384,377,371,150,370,378
152: 372,146,150,147,380,378,373,40,163,125,333,379,387,96
153: 124,368,332,149,131,341,125,32,333,387,307,389,39,347,96,113
154: 390,389,159,388,158,376,383,149
155: 392,391,384,160
156: 386,385,353,37,379,345,133,387,150,378,38,134
157: 396,339,161,393,397
158: 389,388,154,96
159: 395,390,154
160: 392,155
161: 162,394,393,140,397,157
162: 398,161,395,394,355,393,141,346
163: 381,152,380,40,379,96
164: 175,41
165: 168,190,43,166
166: 47,167,197,165
167: 44,47,171,188,192,204,197,8,166
168: 46,165,169,196,43
169: 46,168,196,51,203
170: 47,48,171,198,197,175,252,176,41
171: 44,47,48,170,167,172,192,198,197
172: 177,44,48,49,171,192,198,199,200
173: 9,46,196
174: 70,42,68,189,45,236,238,284,2,20,191
175: 170,164,41
176: 252,12,181,52,41,177,48,170,198
177: 48,49,172,198,199,12,176,182,206,54
178: 55,202,179,208,209,215,9,50
179: 55,56,202,178,183,51,209,210,215,211,50,203
180: 56,51,210,211,203,80,61,252,217
181: 252,12,176,182,52,185,213,218
182: 12,181,213,214,218,206,54,177
183: 184,179,215,220,211
184: 183,220,211,221,61,185,217
185: 61,62,181,52,217,184,211
186: 42,190,224,229,187,65,231,225
187: 186,65,231,225,188,24
188: 167,204,24,8,187
189: 42,64,195,45,229,230,102,43,174
190: 42,165,186,229,43
191: 42,284,174,2,20,47,205,204,53,197,8
192: 44,47,48,49,167,171,172,193,204,198,199,197,8
193: 0,11,44,49,71,72,240,192,199,200,292,239,4
194: 45,235,201,9,258
195: 189,43
196: 46,168,169,173,9
197: 44,47,48,170,167,171,192,204,198,8,166,191
198: 177,44,47,48,49,170,171,172,192,199,197,247,12,176
199: 11,177,44,48,49,71,72,172,240,192,193,198,200,239,247,206,54
200: 49,72,241,172,240,193,199,207
201: 9,258,194
202: 55,56,78,178,179,209,210,9,50,258,70,238
203: 56,179,51,210,180,169,252
204: 44,47,167,188,192,226,197,8,191
205: 53,247,284,2,20,191,245,75,1,13
206: 17,12,81,253,182,214,218,54,177,49,72,240,199,207,247
207: 72,241,240,200,214,206,54,248
208: 55,78,83,178,209,215,249,257
209: 15,55,56,60,78,79,83,202,178,179,208,210,215,216,251,257,50
210: 55,56,202,179,51,100,209,290,50,203,80,180,70,238
211: 184,179,183,180,61,252,52,185,217
212: 61,135,58,261,301,266,87,219,109,217,29,260,218
213: 62,181,182,218
214: 17,81,253,182,218,206,54,248,207
215: 55,60,178,179,183,208,209,216
216: 15,85,55,60,79,83,209,215,220,259,251,257,263,264
217: 61,58,185,212,184,211,221,180
218: 17,58,12,301,81,253,219,181,182,109,29,212,213,214,206,54
219: 267,58,261,262,87,212,260,218
220: 85,60,184,84,183,216,259,221
221: 184,84,220,16,61,222,266,265,217
222: 266,265,260,221
223: 224,229,269
224: 10,186,223,229,268,270
225: 233,24,10,186,187,268,65,231
226: 0,204,292,233,4,8,279,93
227: 233,279,93,273
228: 102,63
229: 42,64,186,189,190,223,224,230,43
230: 42,10,64,189,229,284,95,19,283,269,275,65,231,2,20,89,276,90
231: 42,10,64,186,230,284,187,65,2,20,225
232: 278,120,92,66,0,292,294,4,279,93,26,104
233: 225,226,227,24,279,93
234: 285,280
235: 73,194,45,102,243,242,258
236: 70,73,68,69,45,237,238,244,102,174,243,74,100,290
237: 68,69,236,284,95,19,283,244,2,20,74,31,330,123,122,331,291,23,101,3
238: 70,68,236,174,56,202,100,210,290,50,80
239: 0,11,49,71,72,240,193,199,14,292,246,21,294,4,97,76,26,104,247
240: 11,49,287,71,72,241,193,199,200,239,21,207,97,206,54
241: 287,72,240,200,207
242: 298,78,249,106,258,73,235,243,289,99
243: 73,68,45,235,236,244,102,74,298,78,100,106,290,242,258,289,282,94,99,329
244: 73,68,69,236,237,243,74,100,290,282,94,38,134,291,23,101,3,329
245: 75,301,109,29,1,13,205,14,246,53,76,247,57,80
246: 11,71,14,239,294,76,26,104,247,245,299,75,301,109,29,27,59,1,13,5,25,103,293
247: 11,48,49,71,205,198,199,14,246,53,239,76,245,12,75,301,109,29,206,54,1,13
248: 17,81,253,214,207
249: 304,298,78,83,208,256,257,106,111,305,242,297
250: 15,79,16,57,251,264,80,340,6,300,130,312,36,108,28,129,35
251: 15,55,60,78,79,83,100,209,216,250,257,264,111,290,305,80,312
252: 12,176,181,52,41,170,51,211,203,180
253: 17,254,81,82,214,218,206,54,248,59
254: 17,261,81,82,87,253,77,59,110,354,302,309
255: 310,77,356,303
256: 304,83,249,257,263
257: 15,55,60,78,79,83,208,209,216,249,251,256,263,111,305
258: 78,202,201,9,50,242,73,194,45,235,243
259: 85,60,84,216,220,263
260: 267,222,58,261,62,266,87,219,212
261: 267,254,58,115,266,82,87,219,212,260
262: 267,219,77
263: 85,60,83,216,259,256,257,264,112,311
264: 15,60,79,84,216,16,250,251,263,112,312,107
265: 313,222,266,116,84,30,16,221
266: 222,58,261,115,87,265,212,260,16,221
267: 261,115,262,87,219,260
268: 10,224,225,270,271,88,272
269: 64,223,230,275,89,276,317,90,270
270: 276,317,318,90,10,224,269,268
271: 320,88,272,268,319
272: 320,271,120,88,10,268,279,93,18,91,277,319
273: 120,321,286,227,279,93,280
274: 322,63
275: 64,230,269,102,89,330,117,276,322,323,282,122,90,94,63
276: 330,117,118,317,318,323,324,122,90,18,91,277,270,10,64,230,95,19,283,269,275,89
277: 118,276,318,324,90,18,91,319,10,95,19,283,272
278: 124,368,92,332,232,66,32,5,25,103,293,294,26,104
279: 0,226,227,292,233,4,93,120,232,66,272,273
280: 234,98,328,273
281: 289,128,371,338,282,22,34,94,99,63,336
282: 330,117,128,371,338,281,323,122,337,127,34,94,63,73,244,102,275,243,89,74,329
283: 10,64,69,230,237,284,95,19,2,20,330,276,122,90,18,91,277
284: 42,64,69,230,237,95,19,283,65,231,174,2,20,191,205,53
285: 234
286: 335,120,121,327,328,326,321,273
287: 296,72,241,240,21,97,98,105
288: 336,289,99
289: 281,99,73,243,298,106,242,343,336,297,288,329
290: 15,56,78,79,100,210,251,80,70,73,68,236,238,244,243,74
291: 23,6,300,101,3,108,28,69,237,244,74,57,38,134
292: 0,11,71,193,226,239,21,294,4,97,279,93,26,104,232,66
293: 124,278,92,332,32,5,25,103,14,246,294,76,26,104,57,299,27
294: 0,11,71,14,292,246,239,21,4,97,76,26,104,278,92,232,66,5,25,103,293
295: 110,302,342,349,303,296,126,105
296: 287,126,98,105,295
297: 344,350,132,343,304,298,249,106,289,99
298: 78,249,106,111,305,242,73,243,289,99,344,132,297,329
299: 135,27,59,14,246,76,57,5,25,103,293,307,354,113
300: 291,340,344,351,132,23,353,6,130,312,36,101,3,108,28,250,111,305
301: 245,135,58,12,75,109,29,212,218,1,13,14,246,76,247
302: 307,110,354,348,342,136,303,113,295,309,254,82,59
303: 110,302,356,349,295,309,77,255
304: 249,256,111,305,351,350,297,311
305: 15,304,298,79,83,249,251,257,106,111,344,351,132,6,300,312,108,28
306: 112,311
307: 110,354,348,389,302,342,136,113,299,27,131,341,153
308: 354,355,141,361,315,346,314,309,115
309: 110,354,348,302,356,136,303,308,310,254,82,77
310: 77,255,356,315,309
311: 357,351,312,306,304,263,112
312: 340,351,352,138,6,300,130,311,107,36,108,28,15,79,250,251,264,111,305
313: 116,265,30,16,359,107,316,314
314: 360,315,139,316,308,313,115,116,359
315: 361,308,314,310,115
316: 360,139,314,30,313,116,359
317: 117,276,318,322,323,90,270,269
318: 117,118,276,317,323,324,362,90,18,91,277,270,319,363
319: 318,18,91,277,320,271,88,363,272
320: 271,364,120,88,363,272,319
321: 120,286,273
322: 117,128,338,274,317,323,365,34,63,275,89
323: 330,117,118,276,128,338,317,318,322,324,282,122,365,90,337,127,34,94,275,89
324: 31,330,117,118,276,123,142,119,318,323,122,331,90,337,127,325,18,91,277,143,367
325: 118,142,119,147,324,362,334,373,143,367,374,148,363
326: 376,374,369,368,335,121,327,148,131,341,382,286
327: 376,335,121,328,326,382,286
328: 335,121,327,126,98,286,280
329: 385,344,132,343,73,244,243,74,298,106,289,371,282,94,99,38,134
330: 31,117,118,276,123,323,324,282,122,331,90,337,127,94,69,237,95,19,283,275,89
331: 31,330,118,123,324,122,337,127,38,134,143,367,69,237,124,332,32
332: 124,368,278,92,125,32,333,5,25,103,293,153,31,123,331,143,367,387
333: 374,124,368,332,148,149,125,32,381,153,152,147,380,373,40,143,367,387,96
334: 399,119,147,325,373
335: 376,121,327,126,328,131,326,105,341,286
336: 343,377,288,289,371,281,22,99
337: 31,330,372,117,118,123,146,128,371,338,150,323,324,282,122,331,365,378,127,34,94,38,134
338: 117,128,371,281,322,323,282,365,337,22,127,34,94,63
339: 396,157
340: 352,138,353,6,300,130,312,37,36,345,108,28,133,250,129,35
341: 376,335,149,131,326,153,307,389,342,113
342: 307,110,348,390,389,302,349,136,113,295,383,126,131,105,341
343: 385,384,344,350,132,336,297,329,289,99
344: 385,351,350,132,343,353,6,300,297,329,108,28,298,106,111,305
345: 386,340,156,130,37,36,133,387,39,347,346,129,35
346: 162,354,394,355,39,141,140,347,308,129,35,37,345,133
347: 389,39,96,346,153,37,345,133,387
348: 307,110,354,395,390,389,302,355,342,141,349,136,113,309
349: 348,390,342,356,136,303,295
350: 344,351,132,137,343,297,304
351: 391,357,344,352,350,132,137,138,353,6,300,312,311,108,28,304,111,305
352: 396,340,357,351,138,358,353,130,312,107,36
353: 391,386,340,385,344,351,352,132,138,156,6,300,130,36,108,28
354: 307,110,348,302,136,308,113,346,309,254,299,82,27
355: 162,395,394,348,356,141,136,361,308,346
356: 355,141,349,361,303,309,310,255
357: 351,352,137,138,358,311
358: 396,357,352,138,359,107
359: 358,107,313,116,140,139,316,397,314
360: 139,316,314
361: 355,356,141,315,308
362: 399,142,119,318,366,325,363
363: 320,364,119,318,362,325,319
364: 320,369,144,363
365: 117,142,145,128,338,322,323,366,337,127,34
366: 399,142,145,362,365
367: 31,118,123,119,147,324,331,325,373,143,374,124,368,332,148,125,32,333
368: 374,124,278,92,332,148,326,125,32,333,153,143,367
369: 374,364,144,148,326,382
370: 371,22,151,377
371: 128,338,281,282,370,337,22,127,34,94,38,134,385,151,336,377,329
372: 152,142,145,146,150,147,380,378,337,127,373,40
373: 152,372,142,146,119,147,380,334,325,40,143,367,374,148,125,381,333
374: 369,368,148,326,382,125,381,333,119,147,325,373,143,367
375: 376,33,382
376: 375,383,335,121,327,149,131,326,341,382,154
377: 384,151,336,371,370,22
378: 152,372,146,150,380,337,127,40,38,134,386,385,156,151
379: 386,156,387,152,380,40,163
380: 152,372,146,150,147,378,373,40,163,125,333,379,387,96
381: 374,163,148,149,382,125,333,147,373,96
382: 376,375,374,369,121,327,148,149,326,381
383: 376,126,390,342,154
384: 385,343,155,151,377
385: 386,384,344,132,343,156,353,151,329,371,150,378,38,134
386: 385,156,353,37,379,345,133,387,150,378,38,134
387: 386,156,37,379,345,133,152,380,40,124,332,125,32,333,153,39,347,96
388: 389,158,154,96
389: 307,395,348,390,342,39,388,158,136,154,347,96,113,149,131,341,153
390: 395,348,389,342,159,349,136,154,383
391: 351,137,155,353
392: 160,155
393: 162,161,394,140,397,157
394: 398,162,161,395,355,393,141,346
395: 162,394,348,390,389,355,159,141,136
396: 157,352,138,358,339,397
397: 398,161,393,140,114,139,396,157,359
398: 162,394,114,397
399: 142,145,362,366,334