0: 11,71,193,226,292,239,21,294,4,97,279,93,26,104,232,66
1: 247,14,246,76,75,13,245,70,238,57,80
2: 64,68,189,230,236,284,65,231,174,20
3: 291,36,23,101,130,250,244,74,57,237,69,38,134
4: 0,11,71,193,226,292,239,21,294,97,279,93,26,104,232,66
5: 124,278,92,332,32,25,103,293,14,246,294,76,26,104,57,299,27
6: 15,79,57,300,251,264,108,28,80,16,312,250
7: 
8: 44,47,167,188,192,193,204,226,197
9: 202,201,178,258,173,50,46,194,196
10: 64,224,230,268,65,231,225,272,276,90,270,277,18,91
11: 0,49,71,72,240,247,193,199,14,292,246,239,21,294,4,97,76,26,104
12: 252,53,176,181,182,206,54,177,48,247,198
13: 247,14,246,76,75,1,245,70,238,57,80
14: 11,71,247,246,239,294,76,26,104,75,1,13,245,299,301,109,29,27,59,5,25,103,293
15: 55,56,60,78,79,83,209,210,216,300,251,257,264,108,6,28
16: 84,300,264,108,6,28,221,313,266,116,265
17: 254,81,82,253,214,206,54,248,59
18: 320,271,120,232,66,88,277,91,10,279,93,272
19: 31,330,118,276,123,324,122,331,90,367,283,38,134,143,95
20: 64,68,189,230,236,284,65,231,174,2
21: 0,11,287,71,72,240,292,239,294,4,97,26,104,59,105
22: 128,371,338,336,281,370,34,377
23: 291,36,101,3,130,250,244,74,57,237,69,38,134
24: 225,188,233,187
25: 124,278,92,332,32,5,103,293,14,246,294,76,26,104,57,299,27
26: 0,11,71,14,292,246,239,21,294,4,97,76,104,278,92,232,66,5,25,103,293
27: 135,299,301,109,29,59,14,246,76,57,5,25,103,293,307,354,113,129,35
28: 15,79,57,300,251,264,108,6,80,16,312,250
29: 53,135,299,58,301,109,27,212,14,246,76
30: 84,112,313,116,265,107,316
31: 330,118,123,324,122,331,367,283,38,134,143,19,95
32: 124,368,278,92,332,125,333,5,25,103,293,153,367,143,387
33: 375
34: 117,128,371,338,281,322,323,282,365,22,94,102,63
35: 346,345,129,133,57,135,299,27
36: 386,291,385,344,132,23,156,353,329,101,3,130,250,38,134
37: 159,154
38: 31,330,123,122,331,283,134,19,95,244,74,291,36,23,101,3,130
39: 307,389,388,158,347,96,113,346,345,133,387,153
40: 152,372,146,147,380,373,378,150,163,125,333,379,96,387
41: 252,176,52,175,170,164
42: 165,186,189,190,229,187,43,65,231
43: 42,165,168,189,190,195,45,229
44: 47,48,49,167,171,172,192,193,204,198,199,197,8
45: 68,189,194,236,290,100,43,174
46: 168,169,196,173,9
47: 44,48,170,167,171,192,204,198,197,8,166,191,205
48: 177,44,47,49,170,171,172,247,192,198,199,197,12,176
49: 11,177,44,48,71,72,172,240,247,192,193,198,199,200,239,206,54
50: 55,56,78,202,178,209,210,258,9,70,238,174
51: 56,179,210,203,180,169,252
52: 252,176,181,185,41,211
53: 58,12,301,181,182,109,29,212,214,218,206,54,177
54: 17,53,12,81,253,182,214,206,177,49,72,240,247,199,207
55: 15,56,60,78,79,83,202,178,179,208,209,210,215,216,251,257,50
56: 15,55,79,202,179,51,209,210,251,50,203,80,180,70,238
57: 300,108,6,28,80,75,1,13,245,135,299,27,5,25,103,293,291,23,101,3,129,35
58: 61,53,261,301,266,87,219,109,217,29,212,260,218
59: 17,254,299,81,82,253,27,14,246,21,97,76,307,110,302,113
60: 15,85,55,79,83,209,215,216,220,259,251,257,263,264
61: 58,185,217,212,184,211,221,180
62: 86,185,213,260
63: 228,128,338,274,281,322,282,34,94,102
64: 10,223,224,229,230,284,269,275,65,231,89,2,20,276,90,270
65: 42,10,64,186,230,284,187,231,2,20,225
66: 278,120,92,232,277,18,91,0,226,292,294,4,279,93,26,104
67: 
68: 70,244,45,236,238,284,290,74,100,174,2,20,237,69,73,243
69: 237,73,243,70,68,244,236,238,74,291,23,101,3
70: 68,236,238,174,75,1,13,245,56,202,210,237,50,80,69
71: 0,11,49,72,240,247,193,199,14,292,246,239,21,294,4,97,76,26,104
72: 11,49,287,71,241,240,193,199,200,239,21,207,97,206,54
73: 298,78,258,237,106,242,69,243,68,244,236,290,74,100,289,99,329
74: 68,244,236,237,69,73,243,282,94,38,134,291,23,329,101,3
75: 247,14,246,76,1,13,245,70,238,57,80
76: 11,71,247,14,246,239,294,26,104,75,1,13,245,299,301,109,29,27,59,5,25,103,293
77: 310,254,255,82,262,303,309
78: 15,55,298,79,83,202,208,209,258,249,251,257,106,50,242,73,243
79: 15,55,56,60,78,83,209,210,216,300,251,257,264,108,6,28
80: 56,57,210,300,108,6,28,180,70,238,75,1,13,245
81: 17,254,82,253,214,206,54,248,59
82: 17,254,261,81,87,253,77,59,110,354,302,309
83: 15,55,60,78,79,208,209,216,249,251,256,257,263
84: 85,30,220,259,264,112,221,16,265
85: 60,84,216,220,259,263
86: 62
87: 267,254,58,261,115,266,82,219,212,260
88: 320,271,277,18,91,268,272
89: 64,228,230,269,275,330,117,276,323,282,122,90,94,102
90: 330,117,118,276,317,318,323,324,122,270,283,19,95,10,64,230,269,275,89
91: 320,271,120,232,66,88,277,18,10,279,93,272
92: 124,368,278,332,232,66,32,5,25,103,293,294,26,104
93: 0,226,227,292,233,4,279,272,120,232,66,277,273,18,91
94: 330,128,371,338,281,282,122,34,102,63,244,74,275,89,329
95: 31,330,118,276,123,324,122,331,90,367,283,38,134,143,19
96: 389,39,388,158,347,387,152,380,40,163,149,125,381,333,153
97: 0,11,287,71,72,240,292,239,21,294,4,26,104,59,105
98: 126,328,105,296,287,280
99: 289,336,281,298,106,242,73,243,343,329,297,288
100: 68,194,45,236,290,258,73,243
101: 291,36,23,3,130,250,244,74,57,237,69,38,134
102: 117,128,338,274,281,322,323,282,34,94,63,228,269,275,89
103: 124,278,92,332,32,5,25,293,14,246,294,76,26,104,57,299,27
104: 0,11,71,14,292,246,239,21,294,4,97,76,26,278,92,232,66,5,25,103,293
105: 335,126,98,131,341,296,287,21,97,342,295
106: 298,78,249,242,73,243,289,99,344,132,329,297
107: 352,138,358,312,359,30,264,112,313,116
108: 15,79,57,300,251,264,6,28,80,16,312,250
109: 53,135,299,58,301,29,27,212,14,246,76
110: 307,354,348,302,342,136,303,113,295,309,254,82,59
111: 357,351,350,137,305,311,304
112: 306,84,30,263,264,311,107
113: 307,110,354,348,389,302,342,39,136,347,299,27,59,131,341,153
114: 398,139,397
115: 267,261,266,87,314,315,308
116: 313,265,314,30,16,359,107,316,340
117: 330,118,276,142,128,338,317,318,322,323,324,122,365,90,34,102,275,89
118: 31,330,372,117,276,123,142,146,119,318,323,324,122,331,90,325,367,283,143,19,95
119: 118,142,147,324,362,334,325,373,367,143,374,148,363
120: 320,321,232,66,286,277,273,18,91,279,93,272
121: 376,335,327,328,326,382,286
122: 31,330,117,118,276,123,323,324,282,331,90,94,283,38,134,19,95,275,89
123: 31,330,118,324,122,331,367,283,38,134,143,19,95
124: 368,278,92,332,125,32,333,5,25,103,293,153,367,143,387
125: 374,124,368,332,148,149,32,381,333,153,152,147,380,373,40,367,143,96,387
126: 383,335,98,328,105,296,342,295
127: 372,145,146,371,365,370,337,378,150,151
128: 117,371,338,281,322,323,282,365,22,34,94,102,63
129: 346,345,35,133,57,135,299,27
130: 386,291,36,385,344,132,23,156,353,329,101,3,250,38,134
131: 376,335,149,326,105,341,153,307,389,342,113
132: 36,385,344,351,350,343,353,329,130,297,250,298,106
133: 161,39,393,140,347,346,345,129,35
134: 31,330,123,122,331,283,38,19,95,244,74,291,36,23,101,3,130
135: 299,301,109,29,27,57,354,129,35
136: 307,110,354,395,348,390,389,302,355,342,141,349,113,346,309
137: 391,357,351,350,305,111
138: 396,357,351,352,358,353,312,359,107
139: 398,361,140,114,308,397,340
140: 161,393,139,397,345,340,133,359
141: 162,395,394,348,355,356,136,361,308,346
142: 399,372,117,118,145,146,119,318,323,324,362,365,366,325
143: 31,372,118,123,146,119,147,324,331,325,373,367,283,19,95,374,124,368,332,148,125,32,333
144: 369,364
145: 399,372,142,146,365,366,337,127
146: 399,152,372,118,142,145,147,324,380,337,127,373,40,378,150,367,143
147: 152,372,146,119,380,334,325,373,40,367,143,374,148,125,381,333
148: 374,369,368,326,382,125,381,333,119,147,325,373,367,143
149: 376,131,341,382,125,381,333,153,389,154,96
150: 152,372,146,380,337,127,40,378,386,385,156,151,379
151: 385,384,377,371,370,337,127,378,150
152: 372,146,147,380,373,40,378,150,163,125,333,379,96,387
153: 124,368,332,149,131,341,125,32,333,307,389,39,347,96,113,387
154: 390,389,159,37,376,383,149
155: 392,391,385,384,160
156: 386,36,385,353,130,379,378,150,387
157: 396,339,161,393,397
158: 162,161,394,39,388,393,347,96
159: 395,390,154,37
160: 392,391,155
161: 162,394,388,393,158,140,397,345,133,157
162: 398,161,395,394,355,388,393,158,141
163: 381,152,380,40,379,96
164: 175,41
165: 42,168,190,191,43,166
166: 47,167,188,197,165,191
167: 44,47,171,188,192,204,197,8,166
168: 46,165,169,196,43
169: 46,168,191,205,196,174,51,203
170: 47,48,171,198,197,191,205,175,252,176,41
171: 44,47,48,170,167,172,192,198,197
172: 177,44,48,49,171,192,198,199,200
173: 178,9,46,196
174: 70,68,169,189,45,236,238,284,2,20,202,50
175: 191,170,164,41
176: 252,12,181,52,41,177,48,170,198
177: 48,49,172,198,199,53,12,176,182,206,54
178: 55,202,179,208,209,215,173,9,50
179: 55,56,178,183,51,209,210,215,211,203
180: 56,51,210,211,203,80,61,252,217
181: 252,53,12,176,182,52,185,213,218
182: 53,12,181,213,214,218,206,54,177
183: 184,179,215,220,211
184: 183,220,211,221,61,185,217
185: 61,62,181,52,217,184,211
186: 42,190,224,229,187,65,231,225
187: 42,186,65,231,225,188,24
188: 167,204,24,8,166,187
189: 42,195,45,228,229,284,43,174,2,20
190: 42,165,186,229,43
191: 165,169,205,175,47,170,197,166
192: 44,47,48,49,167,171,172,193,204,198,199,197,8
193: 0,11,44,49,71,72,240,192,204,199,200,292,239,4,8
194: 45,235,290,100,201,258,9
195: 189,43
196: 46,168,169,173,9
197: 44,47,48,170,167,171,192,204,198,8,166,191,205
198: 177,44,47,48,49,170,171,172,247,192,199,197,12,176
199: 11,177,44,48,49,71,72,172,240,247,192,193,198,200,239,206,54
200: 49,72,241,172,240,193,199,207
201: 258,9,194,235
202: 55,56,78,178,209,210,258,9,50,70,238,174
203: 56,179,51,210,180,169,252
204: 44,47,167,188,192,193,226,197,8
205: 169,191,47,170,197
206: 17,53,12,81,253,182,214,54,177,49,72,240,247,199,207
207: 72,241,240,200,214,206,54,248
208: 55,78,83,178,209,258,249,257
209: 15,55,56,60,78,79,83,202,178,179,208,210,215,216,251,257,50
210: 15,55,56,79,202,179,51,209,251,50,203,80,180,70,238
211: 184,179,183,180,61,252,52,185,217
212: 61,53,58,261,301,266,87,219,109,217,29,260,218
213: 62,181,182,218
214: 17,53,81,253,182,218,206,54,248,207
215: 55,60,178,179,183,209,216,220
216: 15,85,55,60,79,83,209,215,220,259,251,257,263,264
217: 61,58,185,212,184,211,221,180
218: 53,58,219,181,182,212,213,214,260
219: 267,58,261,262,87,212,260,218
220: 85,60,184,84,183,215,216,259,221
221: 184,84,220,16,61,222,265,217
222: 266,265,260,221
223: 64,224,228,229,230,269
224: 10,64,186,223,229,230,268,270
225: 233,24,272,10,186,187,268,65,231
226: 0,204,292,233,4,8,279,93,232,66
227: 233,279,93,273
228: 63,189,223,269,275,89,274,102
229: 42,64,186,189,190,223,224,230,43
230: 10,64,223,224,229,284,269,275,65,231,89,2,20,276,90,270
231: 42,10,64,186,230,284,187,65,2,20,225
232: 278,120,92,66,277,18,91,0,226,292,294,4,279,93,26,104
233: 225,226,227,24,279,93,272
234: 280,285
235: 194,201,242
236: 70,68,244,45,238,284,290,74,100,174,2,20,237,69,73,243
237: 69,73,243,70,68,244,236,238,74,291,23,101,3
238: 70,68,236,174,75,1,13,245,56,202,210,237,50,80,69
239: 0,11,49,71,72,240,247,193,199,14,292,246,21,294,4,97,76,26,104
240: 11,49,287,71,72,241,193,199,200,239,21,207,97,206,54
241: 287,72,240,200,207
242: 298,78,258,249,106,73,243,235,289,99
243: 298,78,258,237,106,242,69,73,68,244,236,290,74,100,289,99,329
244: 68,236,74,237,69,73,243,282,94,38,134,291,23,329,101,3
245: 247,14,246,76,75,1,13,70,238,57,80
246: 11,71,247,14,239,294,76,26,104,75,1,13,245,299,301,109,29,27,59,5,25,103,293
247: 11,48,49,71,198,199,14,246,239,76,75,1,13,245,12,206,54
248: 17,81,253,214,207
249: 304,298,78,83,208,256,257,106,242,297
250: 291,36,344,132,23,353,101,3,130,312,300,108,6,28
251: 15,55,56,60,78,79,83,209,210,216,300,257,264,108,6,28
252: 12,176,181,52,41,170,51,211,203,180
253: 17,254,81,82,214,206,54,248,59
254: 17,261,81,82,87,253,77,59,110,354,302,309
255: 310,77,356,303
256: 304,83,249,257,263
257: 15,55,60,78,79,83,208,209,216,249,251,256,263
258: 78,202,201,208,9,50,242,73,243,194,290,100
259: 85,60,84,216,220,263
260: 267,222,58,261,62,266,87,219,212,218
261: 267,254,58,115,266,82,87,219,212,260
262: 267,219,77
263: 85,60,83,216,259,256,257,264,112,311
264: 15,60,79,84,216,300,251,263,108,6,112,28,16,312,107
265: 313,222,266,116,84,30,221,16,316
266: 222,58,261,115,87,265,212,260,314,16
267: 261,115,262,87,219,260
268: 10,224,225,272,270,271,88
269: 64,223,228,230,275,89,276,317,90,270,102
270: 276,317,318,90,10,64,224,230,269,268
271: 320,88,277,18,91,268,272
272: 225,233,279,93,10,268,320,271,120,88,277,18,91
273: 120,321,286,227,280,279,93
274: 322,102,63,228
275: 64,228,230,269,89,330,117,276,323,282,122,90,94,102
276: 330,117,118,317,318,323,324,122,90,270,283,19,95,10,64,230,269,275,89
277: 320,271,120,232,66,88,18,91,10,279,93,272
278: 124,368,92,332,232,66,32,5,25,103,293,294,26,104
279: 0,226,227,292,233,4,93,272,120,232,66,277,273,18,91
280: 234,98,328,273
281: 289,128,371,338,336,282,22,34,94,99,102,63
282: 330,128,371,338,281,122,34,94,102,63,244,74,275,89,329
283: 31,330,118,276,123,324,122,331,90,367,38,134,143,19,95
284: 64,68,189,230,236,65,231,174,2,20
285: 234
286: 335,120,121,327,328,326,321,273
287: 296,72,241,240,21,97,98,105
288: 289,336,99
289: 336,281,99,298,106,242,73,243,343,329,297,288
290: 68,194,45,236,100,258,73,243
291: 36,23,101,3,130,250,244,74,57,237,69,38,134
292: 0,11,71,193,226,239,21,294,4,97,279,93,26,104,232,66
293: 124,278,92,332,32,5,25,103,14,246,294,76,26,104,57,299,27
294: 0,11,71,14,292,246,239,21,4,97,76,26,104,278,92,232,66,5,25,103,293
295: 110,302,342,349,303,296,126,105
296: 287,126,98,105,295
297: 344,350,132,343,304,298,249,106,289,99
298: 78,249,106,242,73,243,289,99,344,132,329,297
299: 135,301,109,29,27,59,14,246,76,57,5,25,103,293,307,354,113,129,35
300: 15,79,57,251,264,108,6,28,80,16,312,250
301: 53,135,299,58,109,29,27,212,14,246,76
302: 307,110,354,348,342,136,303,113,295,309,254,82,59
303: 110,302,356,349,295,309,255,77
304: 249,256,351,350,305,297,311,111
305: 357,351,350,137,311,111,304
306: 112,311
307: 110,354,348,389,302,342,39,136,347,113,299,27,59,131,341,153
308: 354,355,141,361,315,139,346,309,115,314
309: 110,354,348,302,356,136,303,308,310,254,82,77
310: 255,77,356,315,309
311: 357,351,312,305,111,306,304,263,112
312: 351,352,138,311,107,250,300,264,108,6,28
313: 116,265,314,30,16,359,107,316,340
314: 313,115,266,116,360,315,316,308,340
315: 361,308,310,115,314
316: 360,340,30,313,116,265,314
317: 117,276,318,322,323,90,270,269
318: 117,118,276,142,317,323,324,362,90,270,363
319: 
320: 271,364,120,88,363,277,18,91,272
321: 120,286,273
322: 117,128,338,274,317,323,365,34,102,63
323: 330,117,118,276,142,128,338,317,318,322,324,122,365,90,34,102,275,89
324: 31,330,372,117,118,276,123,142,146,119,318,323,122,331,90,325,367,283,143,19,95
325: 118,142,119,147,324,362,334,373,367,143,374,148,363
326: 376,374,369,368,335,121,327,148,131,341,382,286
327: 376,335,121,328,326,382,286
328: 335,121,327,126,98,286,280
329: 36,385,344,132,343,130,244,74,298,106,73,243,289,371,282,94,99
330: 31,117,118,276,123,323,324,282,122,331,90,94,283,38,134,19,95,275,89
331: 31,330,118,123,324,122,367,283,38,134,143,19,95
332: 124,368,278,92,125,32,333,5,25,103,293,153,367,143,387
333: 374,124,368,332,148,149,125,32,381,153,152,147,380,373,40,367,143,96,387
334: 399,119,147,325,373
335: 376,121,327,126,328,131,326,105,341,286
336: 289,371,281,22,99,343,377,288
337: 372,145,146,371,365,370,127,378,150,151
338: 117,128,371,281,322,323,282,365,22,34,94,102,63
339: 396,157
340: 360,140,139,316,313,116,314,359
341: 376,335,149,131,326,105,153,307,389,342,113
342: 307,110,348,390,389,302,349,136,113,295,383,126,131,105,341
343: 385,384,344,350,132,329,297,289,336,99
344: 36,385,351,350,132,343,353,329,130,297,250,298,106
345: 161,39,393,140,347,346,129,35,133
346: 354,348,355,39,141,136,347,308,345,129,35,133
347: 307,389,39,388,158,96,113,346,345,133,387,153
348: 307,110,354,395,390,389,302,355,342,141,349,136,113,346,309
349: 348,390,342,356,136,303,295
350: 344,351,132,137,343,305,297,111,304
351: 357,344,352,350,132,137,138,353,312,305,311,111,304
352: 396,357,351,138,358,353,312,359,107
353: 391,386,36,385,344,351,352,132,138,156,130,250
354: 307,110,348,302,136,308,113,346,309,254,135,299,82,27
355: 162,395,394,348,356,141,136,361,308,346
356: 355,141,349,361,303,309,310,255
357: 351,352,137,138,358,305,311,111
358: 396,357,352,138,359,107
359: 396,352,138,358,107,313,116,140,397,340
360: 316,340,314
361: 355,356,141,315,139,308
362: 142,119,318,366,325,363
363: 320,364,119,318,362,325
364: 320,369,144,363
365: 117,142,145,128,338,322,323,366,337,127,34
366: 399,142,145,362,365
367: 31,372,118,123,146,119,147,324,331,325,373,283,143,19,95,374,124,368,332,148,125,32,333
368: 374,124,278,92,332,148,326,125,32,333,153,367,143
369: 374,364,144,148,326,382
370: 371,337,22,127,151,377
371: 128,338,336,281,282,370,337,22,127,34,94,151,329,377
372: 399,152,118,142,145,146,147,324,380,337,127,373,40,378,150,367,143
373: 152,372,146,119,147,380,334,325,40,367,143,374,148,125,381,333
374: 369,368,148,326,382,125,381,333,119,147,325,373,367,143
375: 376,33,382
376: 375,383,335,121,327,149,131,326,341,382,154
377: 384,151,371,336,370,22
378: 152,372,146,380,337,127,40,150,386,385,156,151,379
379: 386,156,152,380,40,378,150,163,387
380: 152,372,146,147,373,40,378,150,163,125,333,379,96,387
381: 374,163,148,149,382,125,333,147,373,96
382: 376,375,374,369,121,327,148,149,326,381
383: 376,126,390,342,154
384: 385,343,155,151,377
385: 391,386,36,384,344,132,343,155,156,353,151,329,130,378,150
386: 36,385,156,353,130,379,378,150,387
387: 39,347,96,152,380,40,124,332,125,32,333,153,386,156,379
388: 162,161,394,39,393,158,347,96
389: 307,395,348,390,342,39,136,154,347,96,113,149,131,341,153
390: 395,348,389,342,159,349,136,154,383
391: 392,385,160,137,155,353
392: 391,160,155
393: 162,161,394,388,158,140,397,345,133,157
394: 398,162,161,395,355,388,393,158,141
395: 162,394,348,390,389,355,159,141,136
396: 157,352,138,358,359,339,397
397: 398,161,393,140,114,139,396,157,359
398: 162,394,114,139,397
399: 372,142,145,146,366,334