0: 18,286,232,474,103,5,732,66,691
1: 4,18,367,29,238,596,548,134,331
2: 433,135,212,210,217,652,768,757,85,180,56,676
3: 189,194,45,68,752,258,243,677,575
4: 291,131,18,333,153,1,671,367,741,548,331,623,578
5: 286,474,590,103,661,737,0,765,66,279,92
6: 112,16,542,574,613,423,543,313,107,30,430,116
7: 454,25,614,535
8: 585,604,67,513,227,233,26,450,611,722
9: 636,46,194,100,563,202,201,448,575
10: 700,318,325,553,560,631,276,91,268,455,271,88,764
11: 58,354,182,214,299,425,645,673,711,729
12: 180,58,181,182,61,425,666,475,528,176,14,718,206,177
13: 46,45,635,174,743,717,727
14: 180,12,61,475,198,555,588,206,293,566,135,652,237
15: 556,261,689,436,650,557,648,251,221,493
16: 6,428,574,768,85,543,478,430,547,116
17: 744,501,725,704,72
18: 291,4,131,474,590,1,367,0,76,66,596,348
19: 604,513,226,93,97,225,231,707,530,754,587
20: 95,189,230,533,68,747,426,602,669,769,69
21: 287,199,54,239,483,683,508,511,517,72,770,248,432
22: 371,370,151,532,439,471,34,638,696,343,377
23: 250,652,588,669,69,238,605,713,555,31,702,134
24: 513,188,450,733
25: 472,7,147,119,163,96,568,738,415,614,535
26: 585,434,67,193,461,285,8,479,583,611,722
27: 35,702,547,601,620,129,134,60,713,656
28: 385,289,123,702,594,620,565,108,719,156,716
29: 669,769,278,238,548,330,697,1,367
30: 107,420,359,6,423,313,742,340,316
31: 548,330,337,492,719,156,95,669,769,69,23,702,129,134
32: 372,125,633,662,150,130,329,472
33: 374,96,457,451,489,431
34: 22,371,281,532,439,336
35: 344,589,345,537,547,601,620,27,60,656
36: 122,582,638,719,716,244,290,565,132
37: 431,154,576,374,437,489
38: 385,353,130,529,329,526,601,739,510
39: 394,738,453,647,387,550,415,614,680,761,632,133
40: 391,449,160,137,529
41: 171,675,175,497,170,408,476
42: 231,165,168,190,191,47,485,603,616,192,469,487
43: 189,195,45,229,65,174,412,426,443,464,603,727
44: 434,172,193,499,683,509,579,177,629,753
45: 13,46,189,194,3,43,174,68,426,464,677,575
46: 13,194,45,635,9,563,717,202,575
47: 42,168,169,205,293,675,567,469,170,487,70
48: 468,193,200,461,285,509,583,549
49: 182,214,618,501,715,172,207,554,579,629
50: 55,201,209,196,515,581,658,687,755
51: 179,183,211,75,721,524,178,70,762,767,169,743,609
52: 460,556,62,184,410,213,218,459,465
53: 507,556,86,109,260,425,459,666,645,557,673
54: 21,239,499,704,683,579,72,253,744
55: 282,50,243,599,518,658,682,687,258
56: 180,507,109,666,650,648,676,2,212,217,85
57: 82,346,386,531,656,641,446,478,708,713,547
58: 110,354,11,12,182,61,299,425,666,645,528,726
59: 76,199,508,706,523,429,590,765,294,105
60: 250,108,428,768,35,537,702,547,620,27
61: 180,58,12,446,666,528,14,198,676,555
62: 460,556,261,86,184,52,213,459
63: 275,674,73,94,467,760,274,122,419,488
64: 223,270,269,640,495,441
65: 231,186,190,229,43,89,412,426,735,443,530,603,616
66: 76,694,546,92,18,590,5,0
67: 26,461,8,583,722
68: 189,45,3,20,174,426,602,243,518,677,237
69: 95,20,747,669,565,250,243,518,23,682,31,719,702
70: 51,135,75,721,424,169,205,47,293,170,475
71: 76,206,499,580,694,546,177,753,528,198
72: 21,54,239,704,511,17,744,432
73: 275,94,63,467,592,488
74: 83,259,257,263,264,599,581,600,643,687,755
75: 51,135,211,684,70,677,237,762,169,205,743
76: 199,71,66,499,694,59,596,706,301,523,528,726,18
77: 248,445,458,491,597,665,452,303
78: 282,208,249,736,417,447,235,448,658,734,258
79: 259,263,522,581,755
80: 552,660,83,251,216,220,259,203,212,402,514,217,757
81: 110,446,301,523,593,708,307,347,82,641
82: 347,346,628,610,386,57,531,679,745,730,756,641,708,81
83: 433,259,80,264,74,514,581,643,687,757
84: 306,403,542,613,423,313
85: 2,212,16,210,574,672,757,507,56,266,265,543,478,648,676
86: 53,556,261,62,260,436,459,557
87: 354,219,260,445,491,463,309,645,569,593,729
88: 320,564,764,118,268,748,271,10,319,690
89: 186,230,533,65,269,426,735,443,455,530,754,637,276,624
90: 274,322,416,421,488,595,621,228,693,275
91: 10,697,325,276,455,754,93,271,558,764
92: 287,199,66,279,683,694,770,5,765
93: 604,278,226,19,225,691,271,754,91,732
94: 275,223,73,63,467,494,637,654
95: 20,533,747,669,128,769,69,31,330,492,719,624
96: 374,33,149,720,381,568,119,163,25,431,415,535
97: 604,513,192,226,197,580,19,546,611,566,591,487,587
98: 296,728,126,328,409,429,590,617,653,737,765
99: 760,288,525,766
100: 636,194,751,9,464,752
101: 332,372,142,435,473,471,484,534,562,633,692,709
102: 117,324,365,323,337,284,421,500,490,492,496,534,692,709
103: 286,232,456,661,758,5,0,442,279,612,691
104: 456,480,527,607,661,273,442,482,598
105: 307,597,665,294,246,508,59,706,248,458,523,429
106: 350,336,343,289,298,297,405,712,132,532,582
107: 358,420,30,430,352,584,6,112,423
108: 565,250,664,682,60,28,537,702,594,620
109: 180,53,507,556,56,425,666,650,718
110: 507,58,266,446,463,666,645,593,708,81
111: 357,305,352,584,646,705,312,311
112: 6,264,428,574,613,688,107,430,352,312
113: 394,158,141,140,647,610,386,418,634,477,756
114: 141,140,139,413,723,470
115: 267,507,222,266,586,265,543,463,315,314,708
116: 386,418,531,6,16,543,478,589,420,430,547
117: 102,337,151,500,492,638,692,709,719,156,510,716
118: 364,564,561,88,764,319,572,631
119: 147,539,163,651,96,720,454,25
120: 321,504,502,608,625
121: 328,321,286,502,480,544,573,619,653,737,746
122: 371,274,36,419,500,525,582,638,674,244,290,63,760
123: 385,344,353,289,28,401,537,577,601,620
124: 162,395,390,159,158,349,536,657,520,667,761
125: 324,548,337,662,32,692,150,333,671,329,681,578
126: 296,98,328,409,422,527,607,292
127: 322,365,370,606,421,439,621,630,696
128: 95,674,290,533,637,323,500,492,693,624
129: 329,702,601,620,27,681,134,31,156
130: 632,38,329,472,526,601,133,681,32,150,738
131: 291,4,327,341,18,153,474,590,741,545
132: 106,289,405,594,244,565,282,417,36,582
133: 157,632,138,345,130,526,39,738,647,550,614
134: 702,129,27,238,23,605,713,31,548,1,331,578
135: 2,211,75,684,424,217,652,70,237,180,475,14
136: 390,342,349,404,506
137: 391,449,384,350,40,401,663,712
138: 396,392,161,157,160,353,714,345,339,397,526,133
139: 141,361,140,114,340,413,418,470,477,486,540
140: 394,393,141,114,139,113,723,634,470,644,397
141: 398,162,140,114,139,113,657,413,723,427,477
142: 101,372,146,373,362,334,473,759,534,562,651,710
143: 291,368,326,300,333,561,686,558,622,685,741,670,655
144: 369,277,504,440
145: 332,366,370,606,473,471,484
146: 142,473,759,539,562,651,710
147: 372,119,378,539,562,163,633,651,472,25
148: 149,341,382,699,381,300,153,568,685,649,741
149: 374,96,148,699,381,153,568,389,387,431,154,415
150: 125,662,32,568,671,130,681,738,380
151: 117,22,435,471,638,696,709,510,716,343,377
152: 720,381,300,571,622,649
153: 4,148,149,131,341,568,671,741,389,453,380,387,545,623
154: 389,159,37,387,404,519,376,374,149,699,437
155: 449,384,377,529,505,739,435,414
156: 117,31,337,692,719,510,716,385,28,329,601,129
157: 392,138,339,397,462,133,550,644
158: 162,124,536,453,113,657,610,667,679,756,761
159: 395,124,390,536,387,404,154,519,576
160: 396,392,391,138,353,714,339,40,529,551,731
161: 396,344,589,138,353,714,345,420,397,411,584,634
162: 124,356,158,141,308,628,657,520,427,667,756
163: 372,147,119,651,662,96,720,568,25
164: 245,570,407,767,185
165: 42,168,190,191,412,485,603,727
166: 513,167,188,192,204,197,469,722,191,485
167: 166,468,188,204,197,461,722
168: 42,165,174,47,603,727
169: 205,743,47,609,51,75,70
170: 41,675,567,497,47,721,570,70,252,408,475,476,185
171: 41,468,247,204,197,675,567,549,175,591,469
172: 44,247,549,554,579,177,629,49,618
173: 635,563,717
174: 13,168,45,205,43,68,426,602,603,616,727
175: 41,171,204,675,497,724
176: 12,181,182,252,618,475,476,206,247,567,177
177: 44,206,172,247,71,499,579,753,12,182,299,528,176
178: 51,202,179,196,524,762,635,743,609
179: 660,51,183,203,211,402,524,515,178,668,762
180: 56,12,109,61,666,475,14,676,718,2,135,424,217
181: 12,182,410,252,425,618,476,176,718
182: 58,11,12,181,214,299,425,49,618,176,579,177
183: 51,179,211,402,721,424,668,698,767,185
184: 460,556,261,62,52,465,493,698
185: 410,252,218,408,465,170,183,164,245,721,570,424,767
186: 224,707,65,89,187,269,735,455,640,530
187: 186,190,224,707,733
188: 166,167,24,722
189: 194,45,3,20,533,43,68,747,426,443,464,752,654,243
190: 42,231,165,229,65,187,412,485,603,733
191: 42,165,485,166,204,469,724
192: 166,513,197,97,611,591,469,487,42,231
193: 44,48,434,468,26,197,461,285,509,546,549,611,753
194: 636,46,189,45,3,100,9,464,752,258,575
195: 229,43,412,464,494
196: 202,201,50,515,178,677,762,575
197: 166,167,468,171,192,193,204,461,97,549,611,591,469,722
198: 446,61,301,605,528,14,555,206,71,238,566,596
199: 76,21,499,683,694,508,59,92,706,765
200: 48,241,285,509,626
201: 202,209,50,196,438,447,515,448,642,658,575,9
202: 201,196,178,575,46,635,9,563
203: 660,179,80,211,684,402,515,581,687,762
204: 166,167,171,197,175,469,724,191
205: 169,174,47,602,293,487,75,70,237
206: 247,71,293,567,566,591,177,753,12,475,528,176,14,198
207: 554,629,49,501
208: 78,249,736,599,447,600,658,755
209: 201,50,447,515,581,642,755
210: 2,652,768,85,446,478,676,713,555
211: 51,179,183,135,203,75,684,402,424,217,762
212: 2,251,80,514,217,672,757,85,56,650,648
213: 460,62,52,459
214: 11,182,299,49,744,501,711,725,579
215: 660,220,402,678,668
216: 552,660,220,259,80,678
217: 2,251,135,80,211,212,402,424,180,56,650
218: 52,410,252,465,185,718,424,698
219: 254,260,87,569,729
220: 552,660,251,215,216,80,402,678,493
221: 552,251,403,672,689,15,648
222: 267,507,115,689,265,260,463,557
223: 275,64,94,269,494,495,637,441,228,693
224: 186,707,268,187,455,466,640
225: 604,513,227,93,748,450,19,271,707
226: 604,278,93,580,97,19,546,691,732
227: 604,233,8,748,450,481,612,225,691,758
228: 90,416,275,223,495,441,592
229: 190,195,43,65,412,735,443,494
230: 20,533,89,426,530,754,587,602,616,769
231: 42,190,707,65,485,530,603,616,733,513,192,19
232: 320,368,326,286,456,558,103,625,758,732,0,691
233: 227,8,479,481,612
234: 287,240,292,280,482,517,598,770,607
235: 78,438,447,448
236: 636,242,674,751,244,467,752,734,258
237: 135,75,684,518,652,677,205,68,588,602,14
238: 580,566,596,29,588,669,23,605,198,1,134
239: 21,241,54,704,683,509,517,629,72,770
240: 434,241,234,280,285,279,482,479,626,770
241: 240,200,239,509,517,626,770
242: 636,236,751,734
243: 565,55,282,518,682,189,3,68,747,258,69
244: 674,236,290,760,734,258,282,417,122,36,582,132
245: 164,668,698,465,185
246: 615,307,255,302,342,597,665,559,335,105,295,429
247: 206,171,172,567,549,591,177,753,176
248: 706,77,253,458,432,21,508,597,665,105
249: 78,208,736,256,600
250: 433,108,518,23,643,652,768,682,60,69,702
251: 552,220,80,212,402,514,221,493,217,672,15,650,648
252: 181,410,218,475,476,176,185,718,170,721,424
253: 706,354,299,248,445,458,744,726,54,499
254: 219,445,711,725,729
255: 615,307,342,356,349,597,628,246,559,452,627,667
256: 249,263,522,600
257: 304,263,264,74,311,599,428,600,688,643,664,312
258: 636,194,236,3,244,752,734,55,78,282,243,417,448,658
259: 79,83,216,80,263,264,74,503,514,581,755
260: 53,507,222,86,219,87,463,645,557,569,673
261: 556,62,86,184,15,436
262: 491,659,309,538,569,763
263: 444,79,259,256,257,264,74,311,503,522,600,688
264: 83,259,257,263,74,112,428,503,514,574,613,688,643,757
265: 507,222,115,266,689,586,543,648,542,672,85
266: 110,507,115,265,446,543,463,478,676,708,85,531
267: 222,115,463,659,569,360,315
268: 224,455,466,640,271,10,700,690,88
269: 64,186,223,89,735,455,640,637,441,560,595,693
270: 64,466,640,495,441,700,317
271: 93,748,225,268,455,10,91,88,764
272: 320,564,625,758,748,481
273: 104,456,442,481
274: 122,90,421,419,500,488,693,275,63
275: 223,73,94,63,592,274,90,488,228,693
276: 10,318,697,325,490,560,91,624,89,455
277: 369,144,283,504,571,608
278: 226,93,580,29,754,587,697,367,732
279: 585,434,240,442,482,479,612,92,103,661,5
280: 240,234,442,482,479,598,626
281: 371,419,439,525,34
282: 565,55,78,736,243,599,417,658,682,244,258,594,132
283: 364,277,561,686,571,608,622,363,516
284: 102,338,318,365,323,541,421,406,490,496,595,621
285: 48,434,240,193,200,26,479,509,583,626
286: 121,327,326,321,232,456,474,480,103,661,625,5,737,0
287: 21,234,292,483,482,508,517,92,770,296,765
288: 417,99,734,766,297
289: 385,350,343,106,28,123,401,405,577,594,712,132
290: 674,244,747,128,122,36,500,719
291: 4,143,131,326,18,474,558,367,741
292: 287,234,483,482,517,296,126,607
293: 206,567,566,487,205,47,602,70,475,14
294: 307,347,559,545,348,105,59,523,728,429,590
295: 302,665,246,335,296,409,429
296: 126,98,409,429,765,287,292,483,508,295
297: 336,106,298,405,417,288,582,766
298: 740,336,106,297
299: 58,354,11,253,182,214,744,528,726,499,579,177
300: 143,148,381,333,152,568,671,622,685,649,741,662
301: 446,523,528,726,198,81,76,596,641
302: 615,342,506,246,335,295,409
303: 615,665,452,77
304: 736,257,311,599,600,664,351,405,577,594
305: 391,357,111,714,639,401,584,663,646,705
306: 444,84,403,503,613
307: 255,347,597,628,294,246,559,627,679,105,458,523,81
308: 162,356,361,628,427,477,695,745,730,756,763
309: 262,87,491,463,659,569,315,593,627,730,763
310: 355,356,695,763
311: 304,257,263,600,688,351,111,577,705,312
312: 111,537,577,257,311,112,428,688,664
313: 586,701,6,84,542,423,30,742,316
314: 115,586,543,360,315,742,486,531,745
315: 267,115,463,659,309,360,314,708,745,730
316: 742,340,540,701,313,30
317: 700,338,416,553,560,595,270,441
318: 10,338,323,284,325,541,490,496,553,560,595,631,276
319: 700,553,572,690,88,118
320: 364,272,232,564,625,758,88,764,748
321: 120,121,286,502,456,480,573,608,625
322: 127,90,488,621,630
323: 102,318,284,421,500,490,492,595,693,624,128
324: 102,373,337,125,670,490,496,534,655,662,692,333
325: 10,318,697,670,490,496,655,631,276,91,561,558,764
326: 291,368,327,143,286,232,474,573,685
327: 131,326,341,382,286,474,590,685,653,737
328: 121,126,98,422,480,527,544,617,653,737
329: 38,130,601,129,681,125,32,692,156,510
330: 31,548,337,697,490,492,655,624,95,29,769
331: 346,623,578,348,641,596,605,4,1,134
332: 101,145,435,473,471,378,562,633,414,505
333: 4,143,300,671,741,324,548,125,670,655,662
334: 142,373,362,498,516,710,622
335: 302,342,506,246,519,559,295,383,728,409,429
336: 106,298,297,532,525,34,582,766
337: 117,102,31,324,548,330,125,490,492,692,156
338: 317,318,416,284,541,553,595,621
339: 396,392,157,160,138,397,462,731
340: 139,742,316,418,470,486,540,30,359
341: 728,327,148,131,382,699,153,653,741,389,519,545
342: 615,255,390,302,349,136,506,246,559,335
343: 385,106,289,377,712,22,151,532,638,716
344: 161,589,353,714,345,35,123,430,537,584
345: 161,344,632,589,138,353,35,526,601,133,647,634,656
346: 347,453,331,82,610,386,57,623,656,679,641
347: 307,82,346,294,545,679,348,641,523,81
348: 347,331,294,545,623,641,596,523,18,590
349: 255,124,390,355,342,356,136,520,667
350: 351,137,106,289,401,405,712,749
351: 350,405,577,705,749,304,311
352: 111,107,444,112,613,688
353: 391,449,161,385,344,160,138,714,38,345,529,123,526,601
354: 58,11,253,299,87,445,458,645,726,593,729
355: 398,356,349,520,427,310
356: 162,255,355,349,308,628,427,627,667,695,310,763
357: 391,358,111,714,305,639,551,584,646,703
358: 357,107,420,411,584,750
359: 420,30,411,750,340,418,470
360: 267,586,659,315,314,701,361,742,486,540
361: 139,308,413,427,477,486,540,695,360
362: 399,142,373,334,541,406,496,498,516,759,534
363: 541,498,516,572,283
364: 320,368,283,564,561,608,625,764,118
365: 102,127,370,284,606,421,406,484,621,696,709
366: 399,145,606,406,473,484,759
367: 291,4,18,558,1,732,29,278,548,697,655
368: 364,143,326,232,561,686,558,573,608,625
369: 144,277,504,502,440,686,571,573,608,649,746
370: 22,145,127,365,606,439,471,484,696,709
371: 22,281,122,532,419,439,525,34,582,638,696
372: 101,142,147,562,163,633,651,662,32
373: 142,324,362,334,670,496,516,534,662,622
374: 375,33,96,149,699,381,437,451,489,37,431,154
375: 376,374,382,699,437,440,451,544,649,746
376: 375,383,699,437,544,617,653,154,519
377: 384,343,155,22,151,435,471,414
378: 332,147,521,539,562,633,505
379: 392,529,472,526,739
380: 738,453,623,578,150,153,671,632,681
381: 374,96,148,149,720,300,152,451,568,649
382: 375,327,148,341,699,544,685,649,653,746
383: 376,409,617,506,519,335
384: 449,137,155,377,712
385: 449,343,353,38,289,28,123,601,712,156,510,716
386: 116,82,113,346,647,610,418,57,477,531,656,745,756,589,547
387: 389,39,159,536,453,431,154,415,576,680,761,149,153
388: 395,393,550,576,680,761
389: 536,453,387,154,519,545,149,341,699,153
390: 124,342,159,349,136,536,404,506,519,559,667
391: 449,357,160,137,353,714,305,40,639,401,551,663
392: 157,160,138,339,379,529,462,526,731
393: 394,388,140,657,550,723,644,761
394: 39,393,140,113,647,550,634,644,761
395: 124,159,388,657,520,512,576,761
396: 161,160,138,714,339,397,411,551,703
397: 396,161,157,138,339,411,140,634,470,644
398: 355,141,657,520,413,723,427,512
399: 362,366,406,498,759
401: 391,449,350,137,305,289,123,577,663,705,712
402: 660,179,183,251,215,220,80,203,211,424,493,217,668,698
403: 306,552,84,503,514,542,574,613,221,672
404: 390,159,136,154,506,519
405: 351,350,106,289,297,594,132,304,736,417
406: 399,362,365,366,284,606,541,484,621
407: 164,524,570,767,609
408: 410,476,185,41,497,170,570
409: 383,296,126,98,422,429,617,302,335,295
410: 181,52,252,218,408,465,476,185
411: 396,161,358,420,397,359,750,703,470
412: 165,190,195,229,43,65,603,727
413: 398,141,361,114,139,723,427
414: 332,435,471,155,377,505
415: 39,738,387,431,614,535,680,96,149,568,25
416: 338,317,90,595,228,441
417: 78,282,736,288,244,734,258,582,297,405,132
418: 116,139,113,340,386,634,470,477,486,589,420,359
419: 371,274,281,122,488,525,63,760
420: 161,589,358,107,30,411,430,359,584,116,418,634,470
421: 102,274,127,365,90,323,284,500,621
422: 126,328,409,617
423: 6,84,613,313,107,30
424: 183,135,211,402,721,217,70,180,252,218,475,185,718
425: 53,58,11,12,181,182,109,459,666,645,673,718
426: 189,45,230,20,533,43,65,174,89,68,443,530,602,616
427: 398,162,355,356,141,361,308,413,695
428: 257,264,112,16,574,688,643,664,768,60,757,430,537,312
429: 296,728,98,409,590,765,508,59,294,246,559,335,105,295
430: 344,589,107,420,537,547,584,6,112,16,428,116
431: 37,387,415,535,576,680,374,33,96,149
432: 248,21,483,508,511,72,665
433: 83,2,250,684,518,643,652,768,687,757
434: 585,44,240,193,26,285,279,683,694,479,509,546,770
435: 101,332,151,471,633,692,709,510,414,155,377,505,739
436: 261,689,86,15,557
437: 376,375,374,489,37,154
438: 201,447,235,448,642
439: 22,371,281,127,370,34,696
440: 375,369,144,451,619,649,746
441: 64,223,270,269,495,317,416,595,228
442: 280,279,482,479,481,612,598,104,456,103,661,273
443: 189,229,533,43,65,89,426,735,464,494,637,654
444: 306,263,503,613,688,352
445: 254,77,354,253,87,458,491,744,725,729
446: 110,266,61,301,605,478,198,676,708,713,555,81,210,57,641
447: 78,201,208,209,438,235,448,658
448: 78,201,438,447,235,658,636,9,258
449: 391,385,384,137,155,353,40,529,401,712
450: 513,227,24,8,225
451: 375,374,33,457,381,440,649
452: 615,255,597,627,303,77,491
453: 389,39,158,536,346,380,387,610,545,623,679,153
454: 7,119
455: 186,224,707,268,89,269,640,530,754,271,10,560,276,91
456: 321,104,286,232,480,103,661,625,273,758,442,481
457: 33,720,451
458: 706,77,354,253,248,445,491,523,726,593,307,597,627,105
459: 53,556,62,86,52,213,425,673
460: 62,184,52,213,465
461: 48,67,167,468,193,26,197,583,611,722
462: 392,157,339,731
463: 110,267,507,222,115,266,260,87,309,645,569,315,593,708
464: 189,194,195,45,100,43,443,494,752,654
465: 460,184,52,410,218,185,245,698
466: 224,268,270,640,700,690
467: 674,236,751,73,94,63,654,760
468: 48,167,171,193,197,461,549
469: 166,171,192,204,197,675,567,591,487,42,191,47
470: 140,114,139,340,418,634,420,397,411,359
471: 101,332,22,145,370,151,435,709,414,377
472: 130,379,526,25,739,147,633,32,738
473: 101,332,142,145,146,366,484,759,562
474: 291,327,131,326,18,286,590,5,737,0
475: 180,12,252,176,14,718,206,293,567,170,135,424,70
476: 181,410,252,408,618,176,41,170
477: 141,361,139,308,113,386,418,486,745,756
478: 266,446,543,676,713,16,210,85,547,116,57,531
479: 585,434,240,233,280,26,442,285,279,612,626
480: 121,328,321,104,286,456,527,661,737
481: 227,233,442,612,272,456,273,758
482: 287,240,234,292,280,442,279,598,104,527,607,661
483: 287,21,292,511,517,432,296
484: 101,145,365,366,370,606,406,473,534,709
485: 42,231,165,190,191,733,166
486: 361,139,742,340,418,477,540,745,360,314
487: 192,293,97,567,566,591,469,42,205,47,587,602,616
488: 274,322,90,419,275,73,63,592
489: 374,33,437,37
490: 102,318,324,330,323,337,284,697,325,492,496,655,276,624
491: 77,262,87,445,458,309,593,452,627
492: 117,102,31,330,323,337,500,490,719,624,95,128
493: 251,220,402,698,556,184,15,650
494: 195,223,229,94,735,443,464,637,654
495: 64,223,270,441,228
496: 102,318,373,324,362,284,325,541,670,490,516,534,631
497: 41,675,175,170,570,408
498: 399,363,362,334,516
499: 44,76,199,71,54,683,694,579,177,706,253,299,528,726
500: 117,102,274,122,323,421,492,638,696,290,128
501: 17,214,49,207,704
502: 369,120,121,321,504,573,608,619,746
503: 306,444,552,259,263,264,403,514,613
504: 369,120,144,277,502,608
505: 155,739,332,435,378,633,414
506: 390,302,342,136,404,519,335,383
507: 110,53,222,115,56,266,265,109,260,463,666,645,557,648,676,85
508: 287,21,199,59,706,248,432,296,429,765,105
509: 44,48,434,241,193,200,239,285,683,629
510: 117,151,435,692,156,716,385,38,329
511: 21,483,517,72,432
512: 398,395,657,520,723
513: 166,604,192,24,8,97,450,19,611,225,722,231,707,733
514: 552,83,251,259,80,264,212,403,503,574,672,757
515: 660,179,201,209,203,50,196,581,762
516: 363,373,362,334,541,670,496,498,631,283,561,622
517: 287,21,241,234,292,239,483,511,770
518: 55,433,250,243,684,643,652,682,687,677,237,68,69
519: 390,389,159,536,404,154,506,559,545,335,376,383,728,341
520: 398,162,395,124,355,349,657,512
521: 378,539,562
522: 79,256,263,600,755
523: 706,301,458,726,81,76,59,307,347,294,348,105,641
524: 51,179,178,407,767
525: 371,281,122,419,582,766,99,760,336
526: 392,138,353,38,345,130,379,529,472,133,739
527: 126,328,104,480,607,661,482
528: 58,12,61,301,299,726,198,76,206,71,499,177
529: 392,449,160,155,353,38,379,40,526,739
530: 231,186,230,707,65,89,426,455,754,587,616,19
531: 116,82,386,57,745,266,543,478,314,708
532: 22,371,34,582,638,336,343,106
533: 95,189,230,20,89,747,426,443,637,128,769,624
534: 101,102,142,373,324,362,484,496,692,709
535: 431,415,614,680,96,25,7
536: 124,390,389,159,158,453,387,519,559,545,667,679
537: 344,35,123,430,547,577,584,620,312,108,428,664,60
538: 262,569
539: 146,147,119,521,378,562,651
540: 361,139,340,316,486,360
541: 363,338,318,362,284,406,496,516,553,572,631
542: 6,84,403,574,613,672,265,543,313
543: 115,266,586,265,478,314,6,16,542,574,85,116,742,531
544: 376,375,121,328,382,617,619,653,746
545: 389,536,347,453,294,519,559,623,679,348,728,131,341,153
546: 585,604,434,193,71,226,66,580,97,694,611,753
547: 589,35,430,537,27,16,60,478,713,116,386,57,656
548: 31,330,337,125,655,29,4,333,1,367,134,578
549: 48,468,171,172,247,193,197
550: 394,39,388,393,614,644,680,157,133
551: 396,391,357,160,714,639,703
552: 251,216,220,80,403,503,514,221
553: 10,700,338,317,318,319,541,560,572,631
554: 172,207,49,618,715
555: 446,61,605,14,198,676,713,210,23,652
556: 53,261,62,86,184,52,109,15,459,650,557,493
557: 53,507,222,556,689,86,15,260,436,648
558: 291,368,143,232,561,367,732,764,697,325,670,655,91
559: 307,255,390,342,536,294,246,519,545,667,679,335,728,429
560: 10,700,317,318,553,595,276,269,455,640
561: 368,364,143,283,686,558,622,764,118,325,670,516,631
562: 101,332,372,142,146,147,473,521,378,539,633,651
563: 46,635,173,9,717,202
564: 320,364,272,625,88,118
565: 282,243,108,682,747,69,36,719,28,594,132
566: 206,293,238,580,97,487,588,587,602,14,198
567: 206,171,247,293,675,591,469,170,487,47,475,176
568: 96,148,149,381,300,153,671,163,662,150,25,738,415
569: 267,262,219,260,87,463,659,309,538
570: 164,721,407,767,497,170,408,185
571: 369,283,277,152,686,622,649
572: 363,319,541,553,631,118
573: 369,368,121,326,321,502,686,608,685,746
574: 6,264,112,403,16,428,514,542,613,672,757,85,543
575: 202,201,196,677,46,194,45,3,9
576: 395,159,388,37,387,431,680,761
577: 351,289,123,401,537,594,705,312,304,311,664
578: 331,380,623,548,125,4,671,681,134
579: 44,172,54,499,704,177,629,182,214,299,49,744
580: 278,71,226,238,97,546,566,596,587
581: 79,83,209,259,203,50,74,515,687,755
582: 371,122,36,532,525,638,244,417,336,106,297,132
583: 48,67,26,461,285
584: 161,357,344,358,111,714,107,420,305,430,537
585: 604,434,26,8,279,479,546,612,611,691
586: 115,265,543,360,314,701,313,742
587: 230,530,754,602,616,278,580,97,19,566,487
588: 602,669,238,566,23,652,237,14
589: 161,344,345,420,35,430,547,116,647,386,418,634,656
590: 728,327,98,131,18,429,474,5,765,66,59,294,348
591: 206,171,247,192,197,97,567,469,487,753
592: 275,73,488,228
593: 110,354,87,458,491,463,309,645,708,81,627,730
594: 289,28,405,577,132,565,304,282,108,664,682
595: 338,317,318,90,323,416,284,560,693,269,441
596: 76,238,580,301,605,198,18,1,331,348,641
597: 615,307,255,665,246,452,627,105,77,248,458
598: 234,280,442,482,104,607
599: 304,55,282,208,736,257,74,600,643,658,664,682,687
600: 304,208,249,736,256,257,263,74,311,599,522,755
601: 385,632,353,38,345,130,35,123,329,620,129,27,681,156
602: 230,205,20,174,68,426,588,587,616,293,566,487,237
603: 42,231,165,168,190,43,65,174,412,616,727
604: 585,513,226,227,8,93,97,19,546,611,225,691
605: 446,198,713,555,238,596,23,134,331,641
606: 145,127,365,366,370,406,484,621,630
607: 126,104,527,234,292,482,598
608: 369,368,364,120,321,283,277,504,502,686,573,625
609: 169,635,743,51,178,407
610: 158,453,82,113,346,647,386,656,679,756
611: 585,604,513,192,193,26,197,461,8,97,546,722
612: 585,227,233,442,279,479,481,691,103,758
613: 306,444,6,84,264,112,403,503,542,574,688,423,352
614: 39,738,550,415,535,680,25,7,133
615: 255,302,342,597,665,246,452,303
616: 42,231,230,65,174,426,530,587,602,603,487
617: 376,383,98,328,409,422,544,653
618: 181,182,49,476,176,715,172,554
619: 121,502,440,544,746
620: 35,28,123,537,702,601,129,27,108,60
621: 338,127,322,365,90,284,606,421,406,630
622: 143,283,300,152,561,686,571,373,334,670,516
623: 453,331,346,380,545,578,348,4,153,671
624: 330,323,697,490,492,276,95,533,89,128,769
625: 320,368,364,120,272,321,286,232,456,564,608,758
626: 241,240,200,280,285,479
627: 307,255,356,597,628,452,730,763,458,491,309,593
628: 162,307,255,356,308,82,627,667,679,730,756
629: 44,172,239,207,704,509,579,49
630: 127,322,606,621
631: 10,318,325,541,496,516,553,572,561,764,118
632: 345,130,601,133,681,39,738,647,380,656
633: 101,332,372,147,435,378,562,32,472,505,739
634: 394,140,113,647,418,470,161,589,345,420,397
635: 13,46,173,743,563,609,717,202,178
636: 194,242,236,751,100,9,752,734,258,448
637: 223,533,94,89,269,735,443,494,654,128,693
638: 117,22,371,122,36,151,532,500,582,696,716,343
639: 391,357,305,551,663,646
640: 64,186,224,268,270,269,455,466,700,560
641: 347,331,82,346,57,348,596,446,301,605,523,713,81
642: 201,209,438
643: 83,433,250,257,264,74,599,428,518,664,768,682,687,757
644: 394,393,140,550,157,397
645: 110,53,507,58,354,11,260,87,425,463,666,593,673,729
646: 357,111,305,639,663,705
647: 394,39,113,610,386,634,656,632,589,345,133
648: 507,56,689,265,15,650,557,251,212,221,672,85
649: 375,369,148,382,381,300,152,440,451,686,571,685,746
650: 556,56,109,15,648,251,212,493,217
651: 372,142,146,147,119,539,562,163,710,720
652: 2,433,135,250,684,210,518,23,768,237,588,14,555
653: 376,728,121,327,98,328,341,382,699,544,617,737
654: 189,674,94,443,464,467,494,752,637
655: 324,548,330,697,325,670,490,143,333,558,367
656: 346,647,610,386,57,632,589,345,35,547,27
657: 398,162,395,124,393,158,141,520,723,512,761
658: 55,78,282,201,208,50,599,447,448,258
659: 267,262,309,569,360,315,695,763
660: 179,215,216,220,80,203,402,515
661: 104,286,456,480,527,103,5,442,279,482
662: 372,373,324,125,163,32,150,300,333,568,671
663: 391,137,305,639,401,646,705
664: 304,257,599,108,428,643,682,537,577,594,312
665: 615,597,246,105,295,303,77,248,432
666: 110,180,53,507,58,56,12,109,61,425,645,676
667: 162,255,124,390,356,158,349,536,628,559,679
668: 179,183,215,245,402,698
669: 95,20,29,588,769,69,238,23,31
670: 373,324,325,496,516,655,143,333,561,558,622
671: 4,300,333,153,568,741,125,662,150,380,623,578
672: 251,212,403,514,542,574,221,85,265,648
673: 53,11,260,425,459,645,711,729
674: 236,244,290,63,467,654,760,128,122
675: 41,171,567,175,469,497,170,47
676: 180,507,56,266,446,61,666,478,555,2,210,85
677: 75,196,684,518,237,762,575,45,3,68,743
678: 215,216,220
679: 307,158,536,347,453,82,346,628,610,559,545,667,756
680: 39,388,387,431,550,415,614,535,576,761
681: 632,130,329,601,129,125,150,380,578
682: 565,55,282,250,243,599,108,518,643,664,69,594
683: 44,434,21,199,54,239,499,694,509,92,770
684: 433,135,203,211,75,518,652,687,677,237,762
685: 327,143,148,326,382,300,686,573,649,741
686: 369,368,143,283,561,571,573,608,622,685,649
687: 55,83,433,203,50,74,684,599,518,581,643
688: 444,257,263,264,311,112,428,613,352,312
689: 222,265,15,436,557,648,221
690: 700,319,268,466,88
691: 585,604,226,227,93,612,232,103,758,732,0
692: 101,117,102,324,337,125,435,534,709,156,510,329
693: 274,90,323,595,275,223,269,637,128
694: 434,76,199,71,66,499,683,546,92
695: 356,361,308,427,310,763,659
696: 22,371,127,365,370,151,439,500,638,709
697: 330,325,490,655,276,91,624,29,754,769,278,558,367
698: 183,245,402,493,668,184,218,465
699: 376,375,374,148,149,341,382,653,389,154
700: 10,317,319,553,560,690,268,270,466,640
701: 586,360,313,742,316
702: 28,620,129,27,134,69,250,108,23,60,31
703: 396,357,411,551
704: 54,239,579,629,72,17,744,501
705: 351,111,305,401,577,663,646,311
706: 253,248,458,523,726,76,199,499,508,59,105
707: 231,186,224,187,455,530,513,19,225
708: 110,115,266,446,463,315,593,81,82,57,531,745,730
709: 101,117,102,365,370,151,435,471,484,534,692,696
710: 142,146,334,759,651
711: 254,11,214,673,725,729
712: 449,385,384,350,137,343,106,289,401
713: 446,605,478,555,210,23,547,27,134,57,641
714: 396,391,161,357,344,160,138,353,305,551,584
715: 49,618,554
716: 117,36,151,638,719,156,510,385,343,28
717: 13,46,635,173,563,727
718: 180,12,181,109,252,218,425,475,424
719: 117,31,36,492,156,716,95,290,69,565,28
720: 96,457,381,152,119,163,651
721: 51,183,570,424,70,767,170,252,185
722: 166,67,513,167,188,26,197,461,8,611
723: 398,393,141,140,114,657,413,512
724: 204,175,191
725: 17,254,214,445,744,711
726: 706,58,354,253,301,299,458,523,528,76,499
727: 13,165,168,43,174,412,603,717
728: 98,341,429,590,653,294,519,559,545,335
729: 254,354,11,219,87,445,645,673,711
730: 308,82,628,627,745,763,309,315,593,708
731: 392,160,339,462
732: 232,558,367,0,278,226,93,691
733: 231,190,187,485,513,24
734: 636,242,236,244,258,78,417,288
735: 186,229,65,89,269,443,494,637
736: 304,78,282,208,249,599,417,600,405
737: 121,327,98,328,286,474,480,653,5
738: 39,380,415,614,150,568,632,130,472,25,133
739: 155,38,379,529,472,526,505,435,633
740: 298
741: 291,4,143,148,131,341,300,333,153,671,685
742: 340,316,486,586,543,360,314,701,313,30
743: 13,169,635,609,51,75,178,677,762
744: 17,253,214,299,445,725,54,704,579,72
745: 308,82,386,477,486,531,730,756,315,314,708
746: 375,369,121,382,502,440,544,573,619,649
747: 95,189,290,20,533,69,565,243
748: 227,225,271,320,272,758,88
749: 351,350
750: 358,411,359
751: 636,242,236,100,467,752
752: 636,189,194,236,751,3,100,464,654,258
753: 44,206,247,193,71,546,591,177
754: 230,89,455,530,587,278,93,19,697,91
755: 79,208,209,259,50,74,522,581,600
756: 162,158,308,82,113,628,610,386,477,679,745
757: 83,2,433,80,264,212,428,514,574,643,768,85
758: 320,272,232,456,103,625,227,748,481,612,691
759: 399,142,146,362,366,473,710
760: 674,244,63,99,467,122,419,525
761: 395,394,124,39,388,393,158,657,387,576,680
762: 51,179,203,211,75,196,684,515,178,677,743
763: 356,308,627,695,310,730,262,659,309
764: 320,364,561,558,88,118,271,10,325,631,91
765: 296,98,429,590,5,287,199,508,59,92
766: 525,99,288,336,297
767: 51,183,164,721,524,570,407,185
768: 2,433,250,16,428,210,643,652,60,757
769: 95,230,20,533,29,669,31,330,697,624
770: 434,287,21,241,240,234,239,683,517,92