0: 348,368,326,105,4,292,21,291,278,92,66,3,23
1: 56,75,210,244,74,13,245,70,238,237,69,180,2
2: 27,135,299,237,69,291,293,103,5,3,23,75,13,245,1,331,31,123,129
3: 291,278,293,103,5,92,23,230,2,368,0,4,292,129
4: 348,368,326,105,0,292,21,291,278,92,66,3,23
5: 291,247,278,293,103,11,97,71,92,3,23,230,246,2,14,76
6: 84,30,16,264,112,265,107
7: 
8: 231,44,47,166,167,188,247,192,204,226,197,97
9: 46,194,45,196,173,201
10: 118,317,318,268,270,276,271,320
11: 49,247,199,293,103,198,5,71,246,301,12,109,29,206,14,76
12: 180,53,301,181,182,109,29,218,206,177,198,11,71,176
13: 56,75,210,244,74,245,1,70,238,237,69,180,2
14: 59,27,53,246,301,299,109,29,76,293,103,11,5,71,348
15: 251,222,58,261,266,184,265,212,260,221,85,217,61
16: 85,6,250,264,135,266,265,107,35,116
17: 59,53,254,81,82,253,219,214,206,248,77,54
18: 231,278,226,233,91,97,279,93,92,19,230,232,272
19: 230,284,20,225,65,276,231,18,91,97
20: 19,95,189,230,284,275,65,89,276,330
21: 287,240,193,54,239,66,105,0,4,292
22: 371,281,370,34,127,377
23: 291,278,293,103,5,92,3,230,2,368,0,4,292,129
24: 231,188,233,225,187
25: 39,388,158,347,96,387,150,345,379,133
26: 104,240,227,234,279,93,280,273
27: 110,135,246,301,299,109,2,29,14,76,307,354,57,113,129
28: 108,300,134,337,32,36,130,331,31,123
29: 110,180,27,53,135,58,246,301,12,299,109,212,14,76,11,71
30: 6,313,107,359,316
31: 36,130,331,123,237,69,250,2,108,300,28,57,129
32: 108,372,300,150,337,332,28,38,379,151
33: 375,381,37
34: 371,22,336,377
35: 386,138,156,107,359,16,116,140,57,346
36: 386,385,344,132,156,353,329,38,130,331,31,123,151,108,300,28
37: 389,159,96,387,33,154,149,381
38: 386,36,385,156,353,345,130,379,40,133,151,32
39: 162,161,394,124,388,393,158,347,153,346,96,387,25,345,133
40: 392,391,385,160,155,38,378,379,151
41: 170,176,175,164,185,252
42: 165,168,190,191,205,43,65,174,187,166
43: 42,168,189,190,195,45,229,174
44: 47,48,49,167,171,247,192,193,204,199,197,8
45: 70,46,68,189,194,236,238,196,290,100,43,174,258,9
46: 168,169,45,196,174,9,173
47: 44,166,170,167,171,247,192,204,198,197,8,191,205
48: 44,167,171,172,192
49: 177,44,172,192,193,199,200,11,207,71,206
50: 78,202,201,178,208,209,243,258
51: 56,179,210,203,70,169,238,205,252
52: 62,184,181,185,211
53: 110,17,254,58,246,301,81,82,253,12,219,109,29,212,260,218,206,14,76
54: 21,72,239,207,59,17,81,253,214,248
55: 85,56,60,83,210,250,80,244,257,264,74,243
56: 55,75,179,51,210,80,203,244,74,13,245,217,1,61,180
57: 307,113,346,129,250,27,135,299,386,156,35,331,31,123
58: 110,180,53,135,251,261,301,266,109,29,15,212,260,218,217,61
59: 17,254,246,81,82,253,14,76,54,348,105,303,295
60: 304,55,243,312,344,132,329
61: 85,56,210,80,211,217,180,251,58,184,15,212
62: 261,86,52,213
63: 228,73,242,102,274,281
64: 223,224,270,269
65: 42,19,186,189,190,229,284,20,225,187
66: 21,240,193,278,226,279,93,92,0,4,292
67: 
68: 70,95,189,45,236,238,290,100,94,258,282,237,69,244,74
69: 68,236,237,75,244,74,13,245,1,2,134,331,31,123
70: 68,45,236,238,205,174,75,51,203,244,74,13,245,1
71: 49,247,199,293,103,198,11,5,246,301,12,109,29,206,14,76
72: 54,239,207,214,248
73: 63,228,274
74: 55,56,75,210,244,243,13,245,1,70,68,236,238,258,237,69
75: 56,210,244,74,13,245,1,70,238,237,69,180,2
76: 59,27,53,246,301,299,109,29,14,293,103,11,5,71,348
77: 17,254,81,82,262,253,219,87,248,310,255,303,309
78: 202,201,208,249,50,243,235,258,242
79: 83,208,256,257,263
80: 85,55,56,83,84,179,183,210,215,220,257,217,61
81: 59,17,53,254,82,253,219,214,206,248,77,54
82: 59,110,17,53,254,81,253,219,87,77,354,303,309
83: 55,79,215,80,257,263,264,243
84: 85,6,216,220,80,264,265,221
85: 55,84,16,250,80,264,217,61,135,251,265,15
86: 261,62
87: 110,267,254,115,266,82,260,77,310,354,315,308,309
88: 
89: 95,189,228,229,284,20,275,269,276,102
90: 102,128,338,274,317,322,228,269
91: 231,278,226,233,18,97,279,93,92,19,230,232,272
92: 291,278,293,226,103,18,91,97,5,66,3,23,230,0,4,292
93: 104,226,227,233,18,91,26,279,66,273,272
94: 68,95,236,290,100,258,282,242,134,122,329,99,289
95: 68,189,236,284,290,20,100,275,94,89,282,117,102,323,134,122,330
96: 39,347,153,37,387,25,150,163,149,125,381,333,152,380
97: 231,247,204,278,293,226,103,18,91,5,8,92,19,230
98: 335,280,126,328,105,296,286,287
99: 336,343,329,297,289,94,282,242,288,281,122
100: 68,95,189,194,45,236,290,94,258,282,242
101: 117,142,145,128,338,323,324,365,370,337,127
102: 117,128,338,274,322,323,122,90,63,95,228,275,89
103: 291,247,278,293,11,97,5,71,92,3,23,230,246,2,14,76
104: 240,227,234,26,279,93,280,273
105: 348,335,126,98,296,0,4,292,287,21,59,302,295
106: 384,350,336,343,297,298
107: 312,352,359,35,6,30,16,264,112
108: 300,134,337,32,28,36,130,331,31,123
109: 110,180,27,53,135,58,246,301,12,299,29,212,14,76,11,71
110: 27,53,254,135,58,301,266,82,299,109,29,212,260,87,354
111: 357,351,350,137,305,311
112: 306,6,263,264,311,352,107
113: 307,124,354,153,57,346,294,129,27,299,348
114: 139,397,340
115: 267,222,314,266,260,87,315
116: 140,308,340,16,314,266,35
117: 101,102,128,338,323,324,134,122,330,337,95
118: 10,325,317,318,362,319,320,363
119: 399,372,142,146,147,334,152,380,373
120: 320,369,364,326,321,273,286,232,272
121: 376,369,335,327,328,326,382,286
122: 117,102,371,281,323,134,337,95,94,282,329,99,289
123: 36,130,331,31,237,69,250,2,108,300,28,57,129
124: 307,162,395,394,389,355,39,141,349,354,347,153,113,346,294,387
125: 374,368,143,367,148,333,152,380,372,150,153,96
126: 383,335,98,328,105,296,302,295
127: 101,145,322,365,370,22
128: 101,117,102,338,317,318,322,323,365,90
129: 307,57,113,291,3,23,27,299,2,331,31,123
130: 386,36,385,344,132,156,353,329,38,331,31,123,151,108,300,28
131: 376,374,348,368,335,148,149,326,341,389,153,294
132: 312,36,385,344,351,350,343,353,329,130,304,60
133: 386,138,156,38,345,379,161,39,393,347,25
134: 108,117,300,323,324,122,330,337,28,95,94,282,237,69,329
135: 110,180,27,58,301,266,299,109,2,29,212,85,16,250,57
136: 395,390,355,356,141,349
137: 391,357,385,384,351,350,111,305
138: 396,386,157,156,353,345,359,35,133,161,393,140,397
139: 398,162,394,355,141,361,140,114,308,340
140: 116,162,161,394,393,139,308,397,346,340,138,359,35
141: 162,395,394,124,355,356,349,136,361,354,139,308,309
142: 399,101,145,119,318,324,362,365,366,334
143: 374,368,367,148,125,283,333,232,152,380,373,372,325,324
144: 277
145: 399,101,142,146,365,366,370,127,332
146: 399,145,147,119,332
147: 146,119,150,332,163,378
148: 374,368,143,367,149,131,326,341,382,125,283,333,152,380
149: 376,375,374,148,131,341,382,381,152,380,389,153,96,37,387
150: 372,147,32,163,125,333,152,380,379,96,25
151: 36,385,155,38,130,378,377,40,371,370,337,32,332
152: 374,163,143,367,148,149,125,381,333,380,373,372,119,150,96
153: 307,124,389,39,347,113,294,96,387,149,131,341,125,333
154: 376,375,383,389,159,37
155: 385,384,378,377,40,151
156: 386,36,138,353,38,345,130,35,133,57,346
157: 396,138,339,161,393,397
158: 162,161,395,394,39,388,393,347,387,25
159: 395,390,389,37,387,154
160: 392,339,379,40
161: 162,394,39,388,393,158,140,347,397,157,138,345,133
162: 161,395,394,124,355,39,388,393,158,141,140,347,139,346
163: 381,152,380,147,150,96
164: 175,41
165: 42,168,190,191,166
166: 47,167,188,204,197,8,42,165,191,187
167: 44,47,48,166,171,188,192,204,197,8
168: 42,46,165,169,191,196,43,174
169: 46,168,191,205,196,175,174,170,51,203
170: 47,171,198,197,41,176,169,191,205,175,252
171: 177,44,47,48,170,167,192,197,176
172: 177,48,49,199,200,207
173: 46,196,9,178
174: 70,42,46,168,169,189,45,191,238,205,196,43
175: 169,191,164,170,41
176: 177,170,171,198,41,12,252
177: 49,171,172,199,207,176,12,181,182,206
178: 202,179,209,50,173
179: 56,178,183,51,210,215,80,203,211
180: 135,58,301,12,109,29,212,252,198,56,75,210,13,245,217,1,61
181: 12,182,52,213,218,177
182: 12,181,213,214,218,206,177
183: 179,215,220,80,211
184: 251,52,15,221,220,211,217,61
185: 52,252,41,211
186: 190,224,229,225,65,187
187: 42,186,190,225,65,231,166,188,24
188: 231,166,167,204,24,8,187
189: 68,95,45,229,236,284,290,20,100,275,43,65,174,89
190: 42,165,186,229,43,65,187
191: 42,165,168,169,205,175,174,47,166,170,197
192: 44,47,48,49,167,171,247,193,204,199,197,8
193: 44,49,21,240,192,199,200,226,66
194: 45,235,290,100,258,9,242,201
195: 229,43
196: 46,168,169,45,174,9,173
197: 44,47,166,170,167,171,247,192,204,198,8,191,205
198: 47,170,247,11,197,71,176,205,180,12,252
199: 177,44,49,172,192,193,200,11,207,71,206
200: 49,241,172,240,193,199,239,207
201: 78,202,50,194,235,258,9
202: 78,201,178,208,209,50,243,258
203: 56,179,51,210,70,169,238,205,252
204: 231,44,47,166,167,188,247,192,226,197,97,8
205: 70,42,169,191,238,174,47,170,247,198,197,51,203
206: 17,53,81,253,12,182,214,177,49,199,11,207,71
207: 177,49,72,172,199,200,54,239,214,206
208: 78,79,202,209,249,50,243
209: 202,178,208,215,50
210: 55,56,75,179,51,80,203,244,74,13,245,217,1,61,180
211: 179,183,217,61,184,52,185,252
212: 110,180,53,135,251,58,261,301,266,109,29,15,260,218,217,61
213: 62,181,182,218
214: 17,81,253,219,182,206,248,72,54,207
215: 83,179,183,209,220,80,257
216: 84,220,259
217: 85,56,210,80,211,61,180,251,58,184,15,212
218: 53,58,261,12,219,181,182,212,213,260
219: 267,17,53,254,81,82,262,253,214,260,218,77
220: 84,183,215,216,80,184
221: 251,222,184,265,15,84
222: 251,261,115,266,265,15,221
223: 64,228,229,269
224: 64,186,225,268,270
225: 19,186,224,268,65,187,231,24,271
226: 231,193,204,278,233,18,91,97,8,279,93,92,66
227: 104,233,26,279,93,273,272
228: 63,223,73,275,89,269,102,274,90
229: 186,189,190,195,223,275,43,65,89,269
230: 19,284,20,291,278,293,103,18,91,97,5,92,3,23,330
231: 188,204,226,233,24,18,91,97,8,19,225,187
232: 320,368,143,120,367,326,283,18,91,325
233: 231,226,227,24,18,91,279,93,272
234: 104,287,241,240,26,285,280
235: 194,242,78,201
236: 70,68,95,189,45,238,290,100,94,258,282,237,69,244,74
237: 68,236,69,75,244,74,13,245,1,2,134,331,31,123
238: 70,68,45,236,205,174,75,51,203,244,74,13,245,1
239: 287,21,72,241,240,200,54,207
240: 104,287,21,241,193,200,234,239,26,66
241: 240,200,234,239,285
242: 63,194,235,290,100,94,258,282,288,78,99,289
243: 55,60,78,83,202,208,244,257,50,74,258
244: 55,56,75,210,74,243,13,245,1,70,68,236,238,258,237,69
245: 56,75,210,244,74,13,1,70,238,237,69,180,2
246: 59,27,53,301,299,109,29,14,76,293,103,11,5,71,348
247: 44,47,192,204,293,103,198,11,197,97,5,8,71,205
248: 17,81,253,214,77,72,54
249: 78,208,256,297
250: 85,55,16,264,135,312,331,31,123,57
251: 222,58,261,266,184,265,15,212,260,221,85,217,61
252: 180,185,170,198,41,176,51,203,211
253: 59,17,53,254,81,82,219,214,206,248,77,54
254: 59,110,17,53,81,82,253,219,87,77,354,303,309
255: 356,303,309,77,310
256: 304,79,249,263,311
257: 55,79,83,215,80,263,264,243
258: 68,194,45,236,290,100,94,282,242,78,202,201,244,50,74,243
259: 216
260: 110,267,53,251,58,261,115,266,219,15,212,218,87
261: 251,222,58,62,86,15,212,260,218
262: 267,219,77
263: 306,79,83,256,257,264,311,112
264: 85,55,6,83,84,16,250,257,263,112,312,107
265: 251,222,266,313,15,221,85,6,84,16
266: 110,135,251,222,58,115,265,15,212,260,87,16,116
267: 115,262,219,260,87
268: 224,225,270,271,10
269: 64,223,228,229,275,89,270,276,317,90
270: 64,224,268,269,10,317
271: 225,268,10,320,272
272: 320,120,273,227,233,18,91,279,93,271
273: 120,280,321,286,272,104,227,26,279,93
274: 102,322,90,63,228,73
275: 95,189,228,229,284,20,89,269,276,102
276: 19,284,20,275,89,269,10,317,330
277: 369,364,144,283,363,373
278: 291,293,226,103,18,91,97,5,92,66,3,23,230,0,4,292
279: 104,226,227,233,18,91,26,93,66,273,272
280: 98,273,286,104,287,234,26
281: 371,122,22,63,336,99,289
282: 68,95,236,290,100,94,258,242,134,122,329,99,289
283: 374,320,369,364,143,367,148,326,363,277,232,373,325
284: 19,95,189,230,20,275,65,89,276,330
285: 241,234
286: 335,120,121,327,280,98,328,326,321,273
287: 21,240,234,239,280,98,105,296
288: 242,336,297,99,289
289: 336,343,329,297,99,94,282,242,288,281,122
290: 68,95,189,194,45,236,100,94,258,282,242
291: 278,293,103,5,92,3,23,230,2,368,0,4,292,129
292: 348,368,326,105,0,4,21,291,278,92,66,3,23
293: 291,247,278,103,11,97,5,71,92,3,23,230,246,2,14,76
294: 307,124,389,302,153,113,348,131,341
295: 302,342,303,59,126,105,296
296: 126,98,105,287,295
297: 350,336,343,106,298,99,289,288,304,249
298: 384,350,336,343,106,297
299: 110,27,135,246,301,109,2,29,14,76,307,354,57,113,129
300: 108,134,337,32,28,36,130,331,31,123
301: 110,180,27,53,135,58,246,12,299,109,29,212,14,76,11,71
302: 390,342,349,303,295,294,348,383,126,105
303: 255,302,342,349,295,309,59,254,82,77
304: 60,256,311,312,344,351,350,132,297
305: 357,351,350,137,111,311
306: 263,311,112,352
307: 124,354,153,57,113,346,294,129,27,299,348
308: 116,355,141,361,354,140,315,139,346,309,340,87
309: 255,355,356,141,349,361,354,303,308,254,82,87,77,310
310: 87,77,255,356,309
311: 306,304,256,263,112,351,352,111,305
312: 344,351,132,353,107,304,60,250,264
313: 314,265,30,316
314: 115,313,116,360,315,340,316
315: 360,361,308,314,115,87
316: 360,340,30,314,313
317: 10,118,128,338,318,90,319,270,269,276
318: 10,325,118,142,128,338,317,324,362,365
319: 118,317
320: 364,120,283,363,232,272,271,10,325,118
321: 120,273,286
322: 102,128,338,274,365,90,127
323: 101,117,102,128,338,324,134,122,330,337,95
324: 101,372,325,117,142,318,323,134,330,337,143,367
325: 118,318,324,320,143,367,283,363,232
326: 374,369,368,335,120,121,327,148,131,341,382,283,286,232,0,4,292
327: 376,369,335,121,328,326,382,286
328: 335,121,327,126,98,286
329: 36,344,132,343,130,99,289,94,282,60,371,134,122
330: 117,323,324,134,95,230,284,20,276
331: 36,130,31,123,237,69,250,2,108,300,28,57,129
332: 145,146,147,370,32,378,151
333: 374,368,143,367,148,125,152,380,372,150,153,96
334: 399,142,119,362,366,373
335: 376,121,327,126,98,328,131,326,105,341,286
336: 343,106,297,298,99,289,288,371,281,34
337: 101,108,372,117,300,323,324,134,122,32,28,151
338: 101,117,102,128,317,318,322,323,365,90
339: 396,392,391,157,160
340: 116,360,140,114,139,308,397,316,314,359
341: 376,374,348,368,335,148,149,131,326,389,153,294
342: 390,302,349,303,295
343: 385,384,344,350,132,336,329,106,297,298,99,289,371
344: 312,36,385,351,350,132,343,353,329,130,304,60
345: 386,138,156,38,379,133,161,39,393,347,25
346: 307,162,394,124,39,354,140,347,57,308,113,386,156,35
347: 162,161,394,124,39,388,393,158,153,346,96,387,25,345,133
348: 131,105,341,0,4,292,59,246,14,76,307,302,113,294
349: 124,390,302,355,342,356,141,136,354,303,309
350: 344,351,132,137,343,111,106,305,297,298,304
351: 312,357,344,350,132,137,353,111,305,304,311
352: 357,358,107,306,311,112
353: 386,312,36,385,344,351,132,138,156,38,130
354: 307,124,355,141,349,308,113,346,309,110,27,254,82,299,87
355: 162,395,394,124,356,141,349,136,361,354,139,308,309
356: 255,355,141,349,136,361,309,310
357: 351,352,137,358,111,305
358: 396,357,352,359
359: 396,138,358,107,35,30,140,397,340
360: 315,340,316,314
361: 355,356,141,315,139,308,309
362: 118,142,318,366,334,363
363: 320,364,283,277,373,325,118,362
364: 320,369,120,283,363,277
365: 101,142,145,128,338,318,322,366,127
366: 399,142,145,362,365,334
367: 374,368,143,148,125,283,333,232,152,380,373,372,325,324
368: 374,143,367,148,131,326,341,125,333,232,0,4,292,291,3,23
369: 364,120,121,327,326,382,283,277
370: 101,145,371,22,127,332,377,151
371: 281,122,370,34,22,336,343,329,377,151
372: 119,150,324,337,32,143,367,125,333,152,380,373
373: 143,367,283,363,277,152,380,372,119,334
374: 368,143,367,148,149,131,326,341,382,125,283,333,152,380
375: 376,33,154,149,382
376: 375,154,383,335,121,327,149,131,341,382,389
377: 384,155,151,371,370,34,22
378: 155,379,40,151,147,332
379: 392,160,38,345,378,40,133,150,32,25
380: 374,163,143,367,148,149,125,381,333,152,373,372,119,150,96
381: 33,163,149,382,152,380,96,37
382: 376,375,374,369,121,327,148,149,326,381
383: 376,154,126,390,389,302
384: 385,137,343,155,106,298,377
385: 391,36,384,344,132,137,343,155,353,38,130,40,151
386: 36,138,156,353,38,345,130,35,133,57,346
387: 395,124,389,39,159,388,158,347,153,96,37,25,149
388: 162,161,395,394,39,393,158,347,387,25
389: 124,390,159,153,294,37,387,376,154,383,149,131,341
390: 395,389,302,342,159,349,136,383
391: 385,137,339,40
392: 160,339,379,40
393: 162,161,394,39,388,158,140,347,397,157,138,345,133
394: 162,161,395,124,355,39,388,393,158,141,140,347,139,346
395: 162,394,124,390,355,159,388,158,141,136,387
396: 157,138,358,359,339,397
397: 161,393,140,114,340,396,157,138,359
398: 139
399: 142,145,146,119,366,334