0: 291,292,284,2,3,4,20,23,24,96,101,102,103,5,25,293,75,108,13,28,6,300,1,245,7,129,35,339
1: 244,12,75,13,74,245,292,0,4,24,102,10,70,238,204,14,16,52,76,80,246,252,8
2: 19,95,292,283,284,0,4,20,24,96,102,10,97,21,70,285,238,18,91,277,32,124,332
3: 19,291,95,292,283,0,4,23,24,101,102,22,100,290,299,244,12,107,27,74,128,34,338
4: 291,292,284,0,2,3,20,23,24,96,101,102,103,5,25,293,75,108,13,28,6,300,1,245,7,129,35,339
5: 97,21,103,285,25,293,26,104,294,292,0,4,24,102,109,14,76,29,301,246,36,130,340
6: 299,107,108,27,28,300,292,0,4,24,102,109,16,113,80,30,29,301,252,307,134,346,38
7: 32,128,124,129,332,35,34,339,338,292,0,4,24,102,36,130,340,134,152,346,40,380,38
8: 204,41,52,175,47,197,51,203,53,205,75,13,211,57,1,245
9: 46,64,68,69,196,230,236,237,19,95,283,10,70,238,244,12,74
10: 11,70,71,238,239,9,69,237,65,231,47,197,284,2,20,96,75,13,1,245
11: 10,97,48,21,66,70,71,72,240,285,198,232,238,239,14,76,246
12: 15,244,79,75,13,74,251,73,243,1,245,9,69,237,291,51,203,3,23,101
13: 244,12,75,74,1,245,292,0,4,24,102,10,70,238,204,14,16,52,76,80,246,252,8
14: 17,76,77,81,246,247,253,11,71,103,239,5,25,293,53,205,75,13,1,245
15: 299,244,56,12,107,78,79,84,27,210,74,250,251,258,16,80,252
16: 17,80,81,85,252,253,259,15,79,75,108,13,28,251,6,300,211,57,1,245
17: 109,14,16,58,76,80,81,82,86,29,212,301,246,252,253,254,260
18: 91,277,65,231,284,2,20,96,90,276,271,88,119,325,92,278
19: 9,69,237,291,95,283,284,2,3,20,23,96,101,90,276,31,123,331,94,282
20: 19,95,292,283,284,0,2,4,24,96,102,10,97,21,70,285,238,18,91,277,32,124,332
21: 11,97,71,103,285,239,5,25,293,284,2,20,96,33,125,98,333,92,278,286
22: 291,3,23,101,100,290,73,243,94,337,127,99,289,282,106,298
23: 19,291,95,292,283,0,3,4,24,101,102,22,100,290,299,244,12,107,27,74,128,34,338
24: 291,292,284,0,2,3,4,20,23,96,101,102,103,5,25,293,75,108,13,28,6,300,1,245,7,129,35,339
25: 97,21,103,285,5,293,26,104,294,292,0,4,24,102,109,14,76,29,301,246,36,130,340
26: 103,5,25,293,104,294,77,247,98,131,341,286,295,105,302,110
27: 15,299,107,79,108,28,251,6,300,291,3,23,101,345,37,306,133,106,112,298
28: 299,107,108,27,6,300,292,0,4,24,102,109,16,113,80,30,29,301,252,307,134,346,38
29: 109,17,81,301,253,103,5,25,293,108,28,6,300,39,308,302,347,135,110,114
30: 113,85,259,307,108,28,6,300,306,112,139,353,308,313,116,114
31: 32,372,118,122,123,146,128,124,324,330,331,332,34,338,19,95,283
32: 31,123,373,124,7,129,331,332,35,339,147,284,2,20,96,33,125,333,119,325
33: 374,120,125,126,148,326,334,333,36,130,340,97,21,285,32,124,332
34: 31,123,128,7,129,331,337,127,35,339,338,291,3,23,101,345,37,133,151,379
35: 32,128,124,7,129,332,34,339,338,292,0,4,24,102,36,130,340,134,152,346,40,380,38
36: 33,125,131,333,341,130,340,103,5,25,293,7,129,35,339,153,39,347,135,381
37: 386,345,344,352,132,133,138,156,299,107,27,128,34,338,134,346,38
38: 134,346,39,347,135,108,28,6,300,7,129,35,339,345,37,133,387,157,139,353
39: 134,354,346,388,347,348,135,136,140,158,38,109,29,301,36,130,340
40: 152,153,163,381,380,373,7,129,35,339,147,387,151,157,379
41: 204,52,164,175,176,180,8,174,170
42: 46,64,165,186,189,190,196,230,43,191
43: 42,190,65,231,47,197,191,166,187,44,192
44: 48,66,167,188,192,193,198,232,43,191
45: 46,68,168,189,194,195,196,236,50,202
46: 9,42,45,69,169,190,195,196,237,47,197,51,203
47: 46,196,197,43,191,170,10,48,70,198,238,204,52,8
48: 11,44,49,71,171,192,198,199,239,53,205,47,197
49: 48,72,172,240,193,198,199,200,54,206
50: 45,195,51,201,203,202,173,55,209,73,243
51: 46,196,203,174,50,202,244,56,12,210,74,204,52,8
52: 204,41,175,8,47,197,51,203,53,205,75,13,211,57,1,245
53: 48,198,205,204,14,52,54,58,76,176,206,212,246,8
54: 59,77,177,206,207,213,247,49,199,53,205
55: 56,78,178,208,209,210,215,250,50,202
56: 15,55,60,79,179,209,210,216,251,211,57,51,203
57: 56,210,211,204,16,52,58,61,80,180,212,217,252,8
58: 17,59,62,81,181,212,213,218,253,53,205,211,57
59: 54,58,82,182,206,212,213,214,219,254
60: 56,84,183,210,215,216,220,258,61,217
61: 62,85,184,217,218,221,259,60,216,211,57
62: 58,61,86,185,212,217,218,219,222,260
63: 64,68,189,223,228,229,230,236,89,275
64: 9,42,63,69,190,224,229,230,237,65,231,90,276
65: 64,230,231,225,43,191,10,66,70,232,238,18,91,277
66: 11,44,67,71,192,226,232,233,239,65,231,92,278
67: 66,72,240,193,93,279,227,232,233,234
68: 9,45,63,69,195,229,235,236,237,73,243,94,282
69: 9,46,64,68,196,230,236,237,19,95,283,10,70,238,244,12,74
70: 10,11,71,238,239,9,69,237,65,231,47,197,284,2,20,96,75,13,1,245
71: 10,11,97,48,21,66,70,72,240,285,198,232,238,239,14,76,246
72: 11,49,67,71,241,240,199,233,239,77,247,98,286
73: 244,12,78,74,250,243,242,68,236,50,202,22,100,290
74: 15,244,12,79,75,13,251,73,243,1,245,9,69,237,291,51,203,3,23,101
75: 244,12,13,74,1,245,292,0,4,24,102,10,70,238,204,14,16,52,76,80,246,252,8
76: 14,17,77,81,246,247,253,11,71,103,239,5,25,293,53,205,75,13,1,245
77: 14,54,76,82,206,246,247,248,254,72,240,26,104,294
78: 15,55,79,83,209,249,250,251,257,73,243,106,298
79: 15,299,244,56,12,107,78,84,27,210,74,250,251,258,16,80,252
80: 16,17,81,85,252,253,259,15,79,75,108,13,28,251,6,300,211,57,1,245
81: 109,14,16,17,58,76,80,82,86,29,212,301,246,252,253,254,260
82: 17,59,77,81,87,213,247,253,254,255,261,302,110
83: 78,84,215,305,250,256,257,258,263,111
84: 15,60,79,83,216,251,257,258,264,85,259,306,112
85: 16,113,61,80,86,30,217,252,259,260,265,307,84,258
86: 17,62,81,85,87,218,253,259,260,261,266,308,114
87: 115,82,86,309,219,254,260,261,262,267
88: 319,271,268,272,225,18,91,277,270
89: 63,229,275,274,269,90,276,117,323,94,282
90: 64,230,19,95,283,89,275,276,18,91,277,118,324,270
91: 18,277,65,231,284,2,20,96,90,276,271,88,119,325,92,278
92: 120,326,278,272,97,21,66,285,93,279,232,18,91,277
93: 273,67,279,280,233,121,327,98,92,278,286
94: 122,281,330,282,68,236,19,95,283,89,275,22,100,290
95: 9,69,237,19,291,283,284,2,3,20,23,96,101,90,276,31,123,331,94,282
96: 19,95,292,283,284,0,2,4,20,24,102,10,97,21,70,285,238,18,91,277,32,124,332
97: 11,21,71,103,285,239,5,25,293,284,2,20,96,33,125,98,333,92,278,286
98: 287,126,334,286,97,21,72,240,285,93,279,26,104,294
99: 281,336,289,288,22,100,290,242,297
100: 291,3,23,101,22,290,73,243,94,337,127,99,289,282,106,298
101: 19,291,95,292,283,0,3,4,23,24,102,22,100,290,299,244,12,107,27,74,128,34,338
102: 291,292,284,0,2,3,4,20,23,24,96,101,103,5,25,293,75,108,13,28,6,300,1,245,7,129,35,339
103: 97,21,285,5,25,293,26,104,294,292,0,4,24,102,109,14,76,29,301,246,36,130,340
104: 103,5,25,293,26,294,77,247,98,131,341,286,295,105,302,110
105: 296,295,303,26,104,294,248,342,287
106: 344,132,298,297,22,100,290,299,107,78,27,305,250,111
107: 15,299,79,108,27,28,251,6,300,291,3,23,101,345,37,306,133,106,112,298
108: 299,107,27,28,6,300,292,0,4,24,102,109,16,113,80,30,29,301,252,307,134,346,38
109: 17,81,29,301,253,103,5,25,293,108,28,6,300,39,308,302,347,135,110,114
110: 302,348,136,303,26,104,294,109,115,82,29,309,301,254
111: 311,83,304,305,257,306,351,137,106,112,298
112: 306,352,138,312,299,107,84,27,305,258,111,113,30,307
113: 85,30,259,307,108,28,6,300,306,112,139,353,308,313,116,114
114: 354,314,308,140,109,113,115,86,30,29,309,301,260,307
115: 315,310,87,309,261,355,308,302,141,110,114
116: 314,313,316,113,30,265,307,312,359
117: 118,122,317,322,323,324,330,365,89,275
118: 31,117,123,142,318,323,324,331,366,90,276,119,325
119: 319,120,326,325,18,91,277,32,118,124,143,324,332,367
120: 320,33,368,121,327,125,144,326,333,119,325,92,278
121: 369,120,327,126,326,334,321,328,93,279
122: 31,371,117,123,145,323,329,330,331,94,337,127,282
123: 31,32,372,118,122,146,128,124,324,330,331,332,34,338,19,95,283
124: 31,32,123,373,7,129,331,332,35,339,147,284,2,20,96,33,125,333,119,325
125: 374,33,120,126,148,326,334,333,36,130,340,97,21,285,32,124,332
126: 375,33,335,121,327,125,98,149,131,334,333,341,286
127: 122,128,150,330,378,337,34,336,338,22,100,290,344,132
128: 31,123,7,129,331,337,127,35,34,339,338,291,3,23,101,345,37,133,151,379
129: 32,128,124,7,332,35,34,339,338,292,0,4,24,102,36,130,340,134,152,346,40,380,38
130: 33,125,131,333,341,36,340,103,5,25,293,7,129,35,339,153,39,347,135,381
131: 382,154,342,126,334,341,36,130,340,26,104,294,348,136
132: 345,37,385,344,351,133,137,343,155,106,298,337,127
133: 386,345,37,344,352,132,138,156,299,107,27,128,34,338,134,346,38
134: 346,39,347,135,38,108,28,6,300,7,129,35,339,345,37,133,387,157,139,353
135: 134,354,346,39,388,347,348,136,140,158,38,109,29,301,36,130,340
136: 389,355,39,349,302,347,348,135,141,110,159,131,341
137: 391,357,344,351,352,350,132,138,305,111
138: 392,345,37,306,351,160,352,133,137,358,112,139,353
139: 352,138,161,359,353,393,113,30,307,134,354,346,140,38
140: 162,354,394,355,39,360,308,347,135,141,114,139,353
141: 354,395,355,356,361,348,136,140,115,309
142: 399,372,118,146,143,324,362,365,366,367
143: 363,142,373,366,367,147,368,144,119,325
144: 374,369,368,364,120,148,326,143,367
145: 372,371,122,146,150,330,365,370,378
146: 31,372,371,123,142,145,373,331,366,147,151,379
147: 32,372,146,373,124,143,332,367,374,148,152,40,380
148: 375,374,33,368,125,144,149,333,373,147,153,381
149: 376,375,374,382,154,369,126,148,334
150: 371,145,378,337,127,377,385,155,151,379
151: 386,156,379,372,146,128,150,378,34,338,152,40,380
152: 153,163,40,381,380,373,7,129,35,339,147,387,151,157,379
153: 152,388,40,381,380,158,374,382,154,148,36,130,340
154: 375,382,149,383,131,341,389,153,381,159
155: 391,386,385,384,344,132,156,150,378
156: 392,386,345,37,385,160,133,155,387,151,157,379
157: 386,156,387,161,393,134,152,346,388,40,380,158,38
158: 162,394,389,153,39,388,347,135,381,159,387,157
159: 395,390,389,388,348,136,158,382,154
160: 396,392,391,386,352,138,156,161,393
161: 392,160,387,397,157,139,353,393,162,394
162: 398,354,395,394,388,140,158,161,393
163: 152,40,380
164: 41,175
165: 42,169,190,166
166: 165,43,191,170,167
167: 44,171,192,166
168: 45,169,195,173
169: 46,165,168,196,174,170
170: 169,47,197,166,171,41,175
171: 48,167,172,198,170,176
172: 49,171,199,177
173: 168,174,50,202,178
174: 169,51,203,173,179,41,175
175: 204,41,52,164,176,180,8,174,170
176: 41,175,177,181,171,53,205
177: 54,176,182,206,172
178: 55,179,209,173
179: 56,178,183,210,174,180
180: 41,175,181,184,179,211,57
181: 58,176,180,182,185,212
182: 59,177,181,213
183: 60,179,216,184
184: 61,180,185,217,183
185: 62,181,184,218
186: 42,190,224,187
187: 186,225,43,191,188
188: 44,192,226,187
189: 42,45,63,190,195,229
190: 42,46,64,165,186,189,196,230,43,191
191: 42,190,65,231,47,197,43,166,187,44,192
192: 44,48,66,167,188,193,198,232,43,191
193: 44,49,67,192,199,233
194: 45,195,235,201
195: 45,46,68,168,189,194,196,236,50,202
196: 9,42,45,46,69,169,190,195,237,47,197,51,203
197: 46,196,47,43,191,170,10,48,70,198,238,204,52,8
198: 11,44,48,49,71,171,192,199,239,53,205,47,197
199: 48,49,72,172,240,193,198,200,54,206
200: 49,241,199,207
201: 194,50,202,208,242
202: 45,195,51,201,203,50,173,55,209,73,243
203: 46,196,51,174,50,202,244,56,12,210,74,204,52,8
204: 41,52,175,8,47,197,51,203,53,205,75,13,211,57,1,245
205: 48,198,53,204,14,52,54,58,76,176,206,212,246,8
206: 54,59,77,177,207,213,247,49,199,53,205
207: 54,206,214,248,200
208: 55,209,249,201
209: 55,56,78,178,208,210,215,250,50,202
210: 15,55,56,60,79,179,209,216,251,211,57,51,203
211: 56,210,57,204,16,52,58,61,80,180,212,217,252,8
212: 17,58,59,62,81,181,213,218,253,53,205,211,57
213: 54,58,59,82,182,206,212,214,219,254
214: 59,207,213,255
215: 55,60,83,209,216,257
216: 56,60,84,183,210,215,220,258,61,217
217: 61,62,85,184,218,221,259,60,216,211,57
218: 58,61,62,86,185,212,217,219,222,260
219: 59,62,87,213,218,261
220: 60,216,264,221
221: 61,217,222,265,220
222: 62,218,221,266
223: 63,224,229,269
224: 64,186,223,230,225,270
225: 224,65,231,187,226,271,88
226: 66,188,227,232,225,272
227: 273,67,226,233
228: 63,229,235,274
229: 63,64,68,189,223,228,230,236,89,275
230: 9,42,63,64,69,190,224,229,237,65,231,90,276
231: 64,230,65,225,43,191,10,66,70,232,238,18,91,277
232: 11,44,66,67,71,192,226,233,239,65,231,92,278
233: 66,67,72,240,193,93,279,227,232,234
234: 67,241,280,233
235: 68,194,228,236,242,281
236: 9,45,63,68,69,195,229,235,237,73,243,94,282
237: 9,46,64,68,69,196,230,236,19,95,283,10,70,238,244,12,74
238: 10,11,70,71,239,9,69,237,65,231,47,197,284,2,20,96,75,13,1,245
239: 10,11,97,48,21,66,70,71,72,240,285,198,232,238,14,76,246
240: 11,49,67,71,72,241,199,233,239,77,247,98,286
241: 72,240,200,234,248,287
242: 249,73,243,235,201,99,289
243: 244,12,78,74,250,73,242,68,236,50,202,22,100,290
244: 15,12,79,75,13,74,251,73,243,1,245,9,69,237,291,51,203,3,23,101
245: 244,12,75,13,74,1,292,0,4,24,102,10,70,238,204,14,16,52,76,80,246,252,8
246: 14,17,76,77,81,247,253,11,71,103,239,5,25,293,53,205,75,13,1,245
247: 14,54,76,77,82,206,246,248,254,72,240,26,104,294
248: 77,207,247,255,241,295,105
249: 78,208,250,256,242,297
250: 15,55,78,79,83,209,249,251,257,73,243,106,298
251: 15,299,244,56,12,107,78,79,84,27,210,74,250,258,16,80,252
252: 16,17,80,81,85,253,259,15,79,75,108,13,28,251,6,300,211,57,1,245
253: 109,14,16,17,58,76,80,81,82,86,29,212,301,246,252,254,260
254: 17,59,77,81,82,87,213,247,253,255,261,302,110
255: 82,214,248,254,262,303
256: 83,304,249,257
257: 78,83,84,215,305,250,256,258,263,111
258: 15,60,79,83,84,216,251,257,264,85,259,306,112
259: 16,113,61,80,85,86,30,217,252,260,265,307,84,258
260: 17,62,81,85,86,87,218,253,259,261,266,308,114
261: 115,82,86,87,309,219,254,260,262,267
262: 310,87,255,261
263: 311,83,257,264
264: 84,220,258,263,265,312
265: 85,221,259,266,264,313,116
266: 86,222,260,265,267,314
267: 315,87,261,266
268: 271,88
269: 223,89,275,317,270
270: 318,224,269,90,276,271,88
271: 319,88,268,272,225,18,91,277,270
272: 320,271,88,92,278,273,226
273: 93,279,227,321,272
274: 228,89,275,281,322
275: 63,229,89,274,269,90,276,117,323,94,282
276: 64,230,19,95,283,89,275,90,18,91,277,118,324,270
277: 18,91,65,231,284,2,20,96,90,276,271,88,119,325,92,278
278: 120,326,92,272,97,21,66,285,93,279,232,18,91,277
279: 273,67,93,280,233,121,327,98,92,278,286
280: 93,279,234,287,328
281: 329,94,99,289,282,235,274
282: 122,281,330,94,68,236,19,95,283,89,275,22,100,290
283: 9,69,237,19,291,95,284,2,3,20,23,96,101,90,276,31,123,331,94,282
284: 19,95,292,283,0,2,4,20,24,96,102,10,97,21,70,285,238,18,91,277,32,124,332
285: 11,97,21,71,103,239,5,25,293,284,2,20,96,33,125,98,333,92,278,286
286: 287,126,98,334,97,21,72,240,285,93,279,26,104,294
287: 335,98,286,241,280,295,105
288: 99,289
289: 281,336,99,288,22,100,290,242,297
290: 291,3,23,101,22,100,73,243,94,337,127,99,289,282,106,298
291: 19,95,292,283,0,3,4,23,24,101,102,22,100,290,299,244,12,107,27,74,128,34,338
292: 291,284,0,2,3,4,20,23,24,96,101,102,103,5,25,293,75,108,13,28,6,300,1,245,7,129,35,339
293: 97,21,103,285,5,25,26,104,294,292,0,4,24,102,109,14,76,29,301,246,36,130,340
294: 103,5,25,293,26,104,77,247,98,131,341,286,295,105,302,110
295: 296,105,303,26,104,294,248,342,287
296: 295,105
297: 343,106,298,304,249,99,289
298: 344,132,106,297,22,100,290,299,107,78,27,305,250,111
299: 15,107,79,108,27,28,251,6,300,291,3,23,101,345,37,306,133,106,112,298
300: 299,107,108,27,28,6,292,0,4,24,102,109,16,113,80,30,29,301,252,307,134,346,38
301: 109,17,81,29,253,103,5,25,293,108,28,6,300,39,308,302,347,135,110,114
302: 348,136,110,303,26,104,294,109,115,82,29,309,301,254
303: 295,349,105,302,110,310,255
304: 305,256,111,350,297
305: 311,83,304,257,111,306,351,137,106,112,298
306: 352,138,112,312,299,107,84,27,305,258,111,113,30,307
307: 113,85,30,259,108,28,6,300,306,112,139,353,308,313,116,114
308: 354,314,140,114,109,113,115,86,30,29,309,301,260,307
309: 315,115,310,87,261,355,308,302,141,110,114
310: 115,309,262,356,303
311: 305,263,111,357,312
312: 306,358,112,311,264,313,116
313: 314,316,116,113,30,265,307,312,359
314: 360,308,313,116,114,315,266
315: 115,309,267,314,361
316: 313,116
317: 117,318,323,269
318: 118,317,324,362,270,319
319: 320,271,88,119,325,363,318
320: 319,364,120,326,321,272
321: 320,121,327,273
322: 117,323,329,274
323: 117,118,122,317,322,324,330,365,89,275
324: 31,117,118,123,142,318,323,331,366,90,276,119,325
325: 319,120,326,119,18,91,277,32,118,124,143,324,332,367
326: 320,33,368,120,121,327,125,144,333,119,325,92,278
327: 369,120,121,126,326,334,321,328,93,279
328: 335,121,327,280
329: 122,281,322,330,370,336
330: 31,371,117,122,123,145,323,329,331,94,337,127,282
331: 31,32,372,118,122,123,146,128,124,324,330,332,34,338,19,95,283
332: 31,32,123,373,124,7,129,331,35,339,147,284,2,20,96,33,125,333,119,325
333: 374,33,120,125,126,148,326,334,36,130,340,97,21,285,32,124,332
334: 375,33,335,121,327,125,126,98,149,131,333,341,286
335: 376,342,287,126,334,328
336: 329,337,127,99,289,377,343
337: 122,128,150,330,378,127,34,336,338,22,100,290,344,132
338: 31,123,128,7,129,331,337,127,35,34,339,291,3,23,101,345,37,133,151,379
339: 32,128,124,7,129,332,35,34,338,292,0,4,24,102,36,130,340,134,152,346,40,380,38
340: 33,125,131,333,341,36,130,103,5,25,293,7,129,35,339,153,39,347,135,381
341: 382,154,342,126,131,334,36,130,340,26,104,294,348,136
342: 335,383,131,341,295,349,105
343: 384,344,350,132,297,336
344: 345,37,385,351,132,133,137,343,155,106,298,337,127
345: 386,37,344,352,132,133,138,156,299,107,27,128,34,338,134,346,38
346: 134,39,347,135,38,108,28,6,300,7,129,35,339,345,37,133,387,157,139,353
347: 134,354,346,39,388,348,135,136,140,158,38,109,29,301,36,130,340
348: 389,355,39,349,302,347,135,136,141,110,159,131,341
349: 390,356,348,136,303,342
350: 351,137,343,304
351: 391,357,344,352,350,132,137,138,305,111
352: 392,345,37,306,351,160,133,137,138,358,112,139,353
353: 352,138,161,139,359,393,113,30,307,134,354,346,140,38
354: 162,394,355,39,360,308,347,135,140,141,114,139,353
355: 354,395,356,361,348,136,140,141,115,309
356: 355,349,141,310
357: 351,137,358,311
358: 396,357,352,138,312,359
359: 358,397,139,353,360,313,116
360: 398,354,314,361,140,359
361: 355,360,141,315
362: 363,142,318,366
363: 143,362,367,319,364
364: 320,368,144,363
365: 371,117,142,145,323,366
366: 399,372,118,142,146,143,324,362,365,367
367: 363,142,373,143,366,147,368,144,119,325
368: 374,369,364,120,144,148,326,143,367
369: 375,368,121,327,144,149
370: 371,145,329,377
371: 372,122,145,146,150,330,365,370,378
372: 31,371,123,142,145,146,373,331,366,147,151,379
373: 32,372,146,124,143,332,367,147,374,148,152,40,380
374: 375,33,368,125,144,148,149,333,373,147,153,381
375: 376,374,382,154,369,126,148,149,334
376: 375,335,149,383
377: 150,370,378,336,384
378: 371,145,150,337,127,377,385,155,151,379
379: 386,156,151,372,146,128,150,378,34,338,152,40,380
380: 152,153,163,40,381,373,7,129,35,339,147,387,151,157,379
381: 152,153,388,40,380,158,374,382,154,148,36,130,340
382: 375,154,149,383,131,341,389,153,381,159
383: 376,382,154,342,390
384: 385,343,155,377
385: 391,386,384,344,132,155,156,150,378
386: 392,345,37,385,160,133,155,156,387,151,157,379
387: 386,156,161,157,393,134,152,346,388,40,380,158,38
388: 162,394,389,153,39,347,135,381,158,159,387,157
389: 395,390,388,348,136,158,159,382,154
390: 389,349,159,383
391: 392,385,351,160,137,155
392: 396,391,386,160,352,138,156,161,393
393: 392,160,387,397,161,157,139,353,162,394
394: 398,162,354,395,388,140,158,161,393
395: 162,394,389,355,141,159
396: 392,160,358,397
397: 396,161,359,393,398
398: 162,394,360,397
399: 142,366