0: 11,71,24,102,292,239,4,278,92,284,70,238,10,2,20,96,277,91,18
1: 75,13,51,245,203,70,12,74,238,10,244,57,8,204,52,14,76,246,205,252,16,80,53
2: 19,284,95,283,70,238,10,20,96,57,0,24,102,292,4,31,123,277,91,331,18,32,124,332
3: 19,95,283,101,12,74,244,23,291,57,27,73,243,299,107,100,22,290,338,34,128
4: 0,11,71,24,102,292,239,278,92,284,70,238,10,2,20,96,277,91,18
5: 103,293,25,98,286,340,36,130,26,104,294,57,14,76,246
6: 135,39,347,114,28,108,300,308,307,113,30,17,81,253
7: 392,386,157,160,156,387,339,129,35,393,161
8: 48,198,204,52,170,75,13,51,245,1,203,205,176,53,180
9: 42,46,64,68,69,196,230,236,237,19,95,283,70,12,74,238,10,244
10: 9,69,237,19,284,95,283,70,12,74,238,244,2,20,96,57,0,24,102,292,4,14,76,246,75,13,245,1
11: 0,48,66,71,72,24,240,102,198,292,232,239,4,14,76,246
12: 9,46,69,196,237,101,70,74,238,10,244,3,23,291,57,75,13,51,245,73,243,1,203
13: 75,51,245,1,203,70,12,74,238,10,244,57,8,204,52,14,76,246,205,252,16,80,53
14: 11,71,239,76,246,70,238,10,57,75,13,245,1,205,17,301,81,253,109,29,53,103,293,5,25
15: 306,56,60,78,79,83,27,210,216,250,251,257,264,112,299,107
16: 61,252,17,58,80,81,253,217,212,180,56,75,210,13,245,1
17: 252,16,58,80,301,81,253,109,29,212,14,76,246,28,6,108,300
18: 277,91,284,276,90,2,20,96,0,24,102,292,4,278,92
19: 9,69,237,284,95,283,101,70,276,90,238,10,3,23,291,2,20,96,94,282,31,123,331
20: 19,284,95,283,70,238,10,2,96,57,0,24,102,292,4,31,123,277,91,331,18,32,124,332
21: 66,287,72,241,240,193,232,234,97,285,93,279,280
22: 100,99,337,290,127,289,101,3,23,291,94,282,106,298,73,243
23: 19,95,283,101,12,74,244,3,291,57,27,73,243,299,107,100,22,290,338,34,128
24: 0,11,71,102,292,239,4,278,92,284,70,238,10,2,20,96,277,91,18
25: 103,293,5,98,286,340,36,130,26,104,294,57,14,76,246
26: 131,103,341,293,5,25,98,286,104,294,105,295,66,232,247,77,110,302
27: 306,15,79,106,298,251,112,299,107,101,3,23,291,345,37,133
28: 135,39,347,114,6,108,300,308,307,113,30,17,81,253
29: 205,17,58,59,301,81,253,109,53,212,213,54,206,247,14,76,246,77
30: 306,307,113,313,112,116,114,28,6,108,300,308
31: 372,118,122,123,146,324,330,331,19,284,95,283,2,20,96,32,124,332,338,34,128
32: 143,367,340,124,332,36,130,284,2,20,96,31,123,331,338,34,128
33: 374,333,125,148,381,153,152,380,373,40,147,163
34: 345,37,133,338,38,134,346,128,379,151,101,3,23,291,31,123,331,337,127,32,124,332
35: 392,386,157,160,156,387,339,7,129,393,161
36: 131,103,341,293,5,25,381,153,98,286,32,340,124,332,130,38,134,346,135,389,39,347
37: 386,345,344,352,132,133,138,156,338,38,134,346,34,128,27,299,107
38: 386,345,37,157,133,156,338,134,346,34,387,128,379,151,340,36,130,135,39,347
39: 135,354,348,389,388,158,136,140,347,28,6,108,300,340,36,130,38,134,346
40: 152,372,146,380,373,147,33,333,125,379,151,163
41: 180,175,164
42: 9,45,46,64,69,165,189,190,195,196,230,237,191,43,65,231
43: 42,165,191,166,65,231,47,188,187,197
44: 47,48,49,167,171,188,192,193,198,199,197
45: 42,46,68,168,189,194,195,196,236,258,202,50
46: 9,42,45,69,169,195,196,237,12,74,244,174,202,51,50,203
47: 44,48,167,171,192,198,197,191,166,43,170
48: 11,44,47,49,8,71,171,54,192,198,199,206,239,204,52,197,205,176,53
49: 177,44,48,72,171,172,240,54,192,193,198,199,200,206
50: 55,56,202,178,209,210,51,203,45,46,195,196,258,173,174
51: 56,202,75,210,13,245,1,50,203,46,196,12,74,244,174,8,204,52
52: 48,8,198,204,170,75,13,51,245,1,203,205,176,53,180
53: 205,58,301,176,109,29,212,48,8,54,198,206,204,52,14,76,246,75,13,245,1
54: 177,48,49,72,240,198,199,207,206,247,77,205,59,301,109,29,53,213
55: 56,78,202,178,208,209,210,215,250,50
56: 15,55,79,202,179,209,210,51,251,50,203,252,16,80
57: 284,101,70,12,74,238,10,244,3,23,291,2,20,96,14,76,246,75,13,245,1,103,293,5,25
58: 61,205,252,17,16,59,62,80,301,81,253,181,109,217,29,53,212,213,218,180
59: 58,62,301,182,109,29,212,213,214,218,219,54,206
60: 15,85,79,83,183,215,216,220,259,251,257,263,264
61: 252,16,58,62,80,181,185,184,217,212,218,180,211
62: 61,58,59,181,182,185,217,212,213,218,219
63: 64,68,189,223,228,229,230,236,275,89
64: 9,42,63,69,223,224,229,230,237,65,231,276,90
65: 42,64,224,230,191,225,43,231,187
66: 11,71,72,240,232,239,21,97,247,285,278,92,77,93,279,98,286,26,104,294
67: 188,226,227,233
68: 9,45,63,69,195,229,235,236,237,258,94,282,73,243
69: 9,42,46,64,68,196,230,236,237,19,95,283,70,12,74,238,10,244
70: 9,69,237,19,284,95,283,12,74,238,10,244,2,20,96,57,0,24,102,292,4,14,76,246,75,13,245,1
71: 0,11,48,66,72,24,240,102,198,292,232,239,4,14,76,246
72: 11,49,66,71,241,240,54,193,199,200,232,206,239,21,97,247,285,77
73: 78,106,298,250,243,242,68,236,258,101,12,74,244,3,23,291,100,22,290
74: 9,46,69,196,237,101,70,12,238,10,244,3,23,291,57,75,13,51,245,73,243,1,203
75: 13,51,245,1,203,70,12,74,238,10,244,57,8,204,52,14,76,246,205,252,16,80,53
76: 11,71,239,14,246,70,238,10,57,75,13,245,1,205,17,301,81,253,109,29,53,103,293,5,25
77: 66,72,240,54,232,206,247,301,248,109,29,26,104,294,105,295
78: 15,55,79,83,106,298,209,249,250,251,257,73,243
79: 306,15,56,60,78,83,27,210,216,250,251,257,264,112,299,107
80: 61,252,17,16,58,81,253,217,212,180,56,75,210,13,245,1
81: 252,17,16,58,80,301,253,109,29,212,14,76,246,28,6,108,300
82: 303,254,255,261,310,262,87,110,302,115,309
83: 15,60,78,79,216,250,251,256,257,263,264,111,305
84: 264,313,116,265,312,316
85: 60,216,220,259,263
86: 222,260,219
87: 267,254,261,266,82,262,219,115,309
88: 320,271,319,272,268
89: 117,323,275,63,229,276,90,274,269,94,282
90: 64,230,19,95,283,270,276,118,277,91,324,275,89,18
91: 277,18,284,276,90,2,20,96,0,24,102,292,4,278,92
92: 0,66,24,102,292,232,4,278,277,91,18,93,120,326,279,98,286,272
93: 120,121,327,326,279,98,286,273,280,66,232,21,97,285,278,92
94: 68,236,19,95,283,281,282,122,100,22,330,275,290,89
95: 9,69,237,19,284,283,101,70,276,90,238,10,3,23,291,2,20,96,94,282,31,123,331
96: 19,284,95,283,70,238,10,2,20,57,0,24,102,292,4,31,123,277,91,331,18,32,124,332
97: 66,287,72,241,240,193,232,234,21,285,93,279,280
98: 93,120,121,327,131,326,103,341,293,5,279,25,286,340,36,130,26,104,294,66,232,278,92
99: 336,288,100,22,290,289,281,242,297
100: 99,22,337,290,127,289,101,3,23,291,94,282,106,298,73,243
101: 19,95,283,12,74,244,3,23,291,57,27,73,243,299,107,100,22,290,338,34,128
102: 0,11,71,24,292,239,4,278,92,284,70,238,10,2,20,96,277,91,18
103: 293,5,25,98,286,340,36,130,26,104,294,57,14,76,246
104: 131,103,341,293,5,25,98,286,26,294,105,295,66,232,247,77,110,302
105: 126,26,104,294,295,287,247,77,303,248,110,302,342,296
106: 78,27,298,250,73,243,299,297,107,111,305,100,22,290,344,132
107: 306,15,79,27,106,298,251,112,299,101,3,23,291,345,37,133
108: 135,39,347,114,28,6,300,308,307,113,30,17,81,253
109: 205,17,58,59,301,81,253,29,53,212,213,54,206,247,14,76,246,77
110: 348,302,342,349,136,303,254,82,26,104,294,105,295
111: 306,83,106,298,257,112,304,311,305,351
112: 306,15,307,113,79,27,251,264,299,107,111,305,30,352,138,312
113: 306,307,313,112,116,30,114,28,6,108,300,308
114: 354,355,115,141,140,309,28,6,108,300,308,307,113,30,315,314
115: 355,141,309,114,308,315,254,261,310,82,262,87
116: 307,113,84,313,30,314,265,312,359,316
117: 118,122,142,317,322,323,324,330,365,275,89
118: 31,117,122,123,142,318,323,324,330,331,276,90
119: 142,362,325,373,147,143,368,367,144,363,334
120: 143,320,368,93,121,327,367,144,326,279,98,286,278,92
121: 369,93,335,120,327,328,326,321,279,98,286,280
122: 31,371,117,118,123,145,323,324,329,330,331,337,127,94,282
123: 31,372,118,122,146,324,330,331,19,284,95,283,2,20,96,32,124,332,338,34,128
124: 143,367,32,340,332,36,130,284,2,20,96,31,123,331,338,34,128
125: 374,33,333,148,381,153,152,380,373,40,147,163
126: 335,105,295,287,342,296
127: 336,122,100,150,22,330,378,337,290,344,132,338,34,128,379,151
128: 345,37,133,338,38,134,346,34,379,151,101,3,23,291,31,123,331,337,127,32,124,332
129: 392,386,157,160,156,387,339,7,35,393,161
130: 131,103,341,293,5,25,381,153,98,286,32,340,124,332,36,38,134,346,135,389,39,347
131: 375,154,335,149,341,382,98,286,340,36,130,26,104,294,389,342
132: 345,37,385,344,351,133,343,155,106,298,337,127
133: 386,345,37,344,352,132,138,156,338,38,134,346,34,128,27,299,107
134: 386,345,37,157,133,156,338,38,346,34,387,128,379,151,340,36,130,135,39,347
135: 354,348,389,39,388,158,136,140,347,28,6,108,300,340,36,130,38,134,346
136: 135,110,395,348,389,302,355,39,141,349,347
137: 391,357,351,350
138: 392,345,37,351,160,352,133,358,139,353,306,112
139: 396,392,160,352,138,358,353,359,393,161,397
140: 135,398,162,354,395,394,355,39,141,347,114,308
141: 354,395,348,355,356,115,136,361,140,309,114,308
142: 372,371,117,118,145,146,119,323,324,362,365,366,325
143: 374,368,120,367,144,148,326,32,124,332,119,325,373,147
144: 374,143,369,368,364,120,367,148,326,119,325
145: 372,371,122,142,146,150,330,365,370,378
146: 31,152,372,371,123,142,145,331,380,373,40,147,379,151
147: 152,372,146,119,380,325,373,40,374,143,33,333,125,367,148
148: 375,374,143,33,368,333,125,367,144,149,381,153,373,147
149: 376,375,374,369,154,335,148,131,341,382
150: 371,145,378,337,127,385,155,379,151,377
151: 386,385,155,156,338,38,134,346,34,128,379,152,372,146,150,380,378,337,127,40
152: 372,146,380,373,40,147,33,333,125,379,151,163
153: 374,33,154,333,125,148,382,381,340,36,130,389,388,158
154: 376,375,149,131,341,382,381,153,389,383
155: 391,386,385,384,344,132,156,379,151,150,378
156: 392,386,345,37,385,157,160,133,155,38,134,346,387,379,339,7,151,129,35
157: 386,156,38,134,346,387,339,7,129,35,388,158,393,161
158: 135,162,394,389,39,388,347,381,153,157,387
159: 395,390
160: 396,392,391,386,352,138,156,339,7,129,35,139,353,393,161
161: 162,394,393,397,392,157,160,387,339,7,129,35,139,353
162: 398,354,395,394,388,158,140,393,161
163: 152,380,40,33,333,125
164: 175,41
165: 42,169,190,191,166,43
166: 165,191,43,47,167,197
167: 44,47,171,188,192,197,166
168: 45,169,195,173
169: 46,165,168,196,170,174
170: 169,174,175,47,8,204,52,197
171: 177,44,47,48,49,167,172,192,198,199,197,176
172: 177,49,171,199
173: 168,174,202,178,50
174: 46,169,196,173,170,202,179,51,50,203
175: 170,164,41
176: 205,181,53,180,177,48,8,171,198,204,52
177: 49,171,172,54,199,206,176,182
178: 55,202,179,209,215,50,173
179: 56,178,183,210,211,174,180
180: 61,252,16,58,80,176,181,41,217,212,8,204,52,179,211
181: 61,58,62,176,182,185,217,212,218,180
182: 59,62,181,213,218,177
183: 60,179,215,216,211,184
184: 61,185,217,183,211,221
185: 61,62,181,184,217,218,211
186: 190,224,187
187: 188,186,191,225,43,65,231
188: 44,67,167,192,226,233,187,191,43
189: 42,45,63,190,195,229
190: 42,165,186,189
191: 42,165,166,43,65,231,47,188,187,197
192: 44,47,48,49,167,171,188,193,198,199,197
193: 44,49,72,240,192,199,200,21,97,285
194: 45,195,235,258,201
195: 42,45,46,68,168,189,194,196,236,258,202,50
196: 9,42,45,46,69,169,195,237,12,74,244,174,202,51,50,203
197: 44,47,48,167,171,192,198,191,166,43,170
198: 11,44,47,48,49,8,71,171,54,192,199,206,239,204,52,197,205,176,53
199: 177,44,48,49,72,171,172,240,54,192,193,198,200,206
200: 49,72,241,240,193,199,207
201: 208,242,194,258
202: 55,56,178,209,210,51,50,203,45,46,195,196,258,173,174
203: 56,202,75,210,13,51,245,1,50,46,196,12,74,244,174,8,204,52
204: 48,8,198,52,170,75,13,51,245,1,203,205,176,53,180
205: 58,301,176,109,29,53,212,48,8,54,198,206,204,52,14,76,246,75,13,245,1
206: 177,48,49,72,240,54,198,199,207,247,77,205,59,301,109,29,53,213
207: 241,54,200,206,248,214
208: 55,201,209,215,249
209: 55,56,78,202,178,208,210,215,250,50
210: 15,55,56,79,202,179,209,51,251,50,203,252,16,80
211: 179,183,61,185,184,217,180
212: 61,205,252,17,16,58,59,62,80,301,81,253,181,109,217,29,53,213,218,180
213: 58,59,62,301,182,109,29,212,214,218,219,54,206
214: 255,59,213,207
215: 55,60,178,183,208,209,216
216: 15,85,60,79,83,183,215,220,259,251,257,263,264
217: 61,252,16,58,62,80,181,185,184,212,218,180,211
218: 61,58,59,62,181,182,185,217,212,213,219
219: 59,261,62,262,86,87,213,260,218
220: 85,60,216,259,221
221: 220,222,265,184
222: 266,86,265,260,221
223: 63,64,224,229,230,269
224: 64,186,223,230,270,225,268,65,231
225: 224,268,65,231,226,187
226: 67,188,227,233,225,272
227: 67,226,233,273
228: 63,229,235,274
229: 63,64,68,189,223,228,230,236,275,89
230: 9,42,63,64,69,223,224,229,237,65,231,276,90
231: 42,64,224,230,191,225,43,65,187
232: 11,66,71,72,240,239,21,97,247,285,278,92,77,93,279,98,286,26,104,294
233: 67,188,226,227
234: 21,97,285
235: 68,194,228,236,258,281,242
236: 9,45,63,68,69,195,229,235,237,258,94,282,73,243
237: 9,42,46,64,68,69,196,230,236,19,95,283,70,12,74,238,10,244
238: 9,69,237,19,284,95,283,70,12,74,10,244,2,20,96,57,0,24,102,292,4,14,76,246,75,13,245,1
239: 0,11,48,66,71,72,24,240,102,198,292,232,4,14,76,246
240: 11,49,66,71,72,241,54,193,199,200,232,206,239,21,97,247,285,77
241: 287,72,240,200,207,21,97,285,248
242: 201,249,73,243,235,258,99,289
243: 78,106,298,250,73,242,68,236,258,101,12,74,244,3,23,291,100,22,290
244: 9,46,69,196,237,101,70,12,74,238,10,3,23,291,57,75,13,51,245,73,243,1,203
245: 75,13,51,1,203,70,12,74,238,10,244,57,8,204,52,14,76,246,205,252,16,80,53
246: 11,71,239,14,76,70,238,10,57,75,13,245,1,205,17,301,81,253,109,29,53,103,293,5,25
247: 66,72,240,54,232,206,77,301,248,109,29,26,104,294,105,295
248: 303,255,241,207,247,77,105,295
249: 78,208,250,256,242,297
250: 15,55,78,79,83,106,298,209,249,251,257,73,243
251: 306,15,56,60,78,79,83,27,210,216,250,257,264,112,299,107
252: 61,17,16,58,80,81,253,217,212,180,56,75,210,13,245,1
253: 252,17,16,58,80,301,81,109,29,212,14,76,246,28,6,108,300
254: 303,255,261,310,82,262,87,110,302,115,309
255: 303,254,82,262,248,214
256: 83,249,257,304
257: 15,60,78,79,83,216,250,251,256,263,264,111,305
258: 45,68,194,195,235,236,201,202,73,243,50,242
259: 85,60,216,220,263
260: 222,86,219
261: 267,254,266,82,262,87,219,115,309
262: 254,255,261,310,82,87,219,115,309
263: 85,60,83,216,259,257,264,311
264: 306,15,60,79,83,84,216,251,257,263,112,312
265: 222,266,314,84,313,116,221,316
266: 315,267,222,261,87,314,265
267: 315,261,266,87
268: 224,270,225,271,88
269: 223,270,317,275,89
270: 224,268,276,90,269,318
271: 320,319,88,272,268
272: 320,271,273,88,226,278,92
273: 93,321,279,272,227
274: 228,281,322,275,89
275: 117,323,89,63,229,276,90,274,269,94,282
276: 64,230,19,95,283,270,90,118,277,91,324,275,89,18
277: 91,18,284,276,90,2,20,96,0,24,102,292,4,278,92
278: 0,66,24,102,292,232,4,92,277,91,18,93,120,326,279,98,286,272
279: 93,120,121,327,326,98,286,273,280,66,232,21,97,285,278,92
280: 93,121,327,328,279,287,21,97,285
281: 235,274,94,282,99,329,289
282: 68,236,19,95,283,281,94,122,100,22,330,275,290,89
283: 9,69,237,19,284,95,101,70,276,90,238,10,3,23,291,2,20,96,94,282,31,123,331
284: 19,95,283,70,238,10,2,20,96,57,0,24,102,292,4,31,123,277,91,331,18,32,124,332
285: 66,287,72,241,240,193,232,234,21,97,93,279,280
286: 93,120,121,327,131,326,103,341,293,5,279,25,98,340,36,130,26,104,294,66,232,278,92
287: 241,21,97,285,126,280,105,295
288: 99,289
289: 336,288,100,99,22,290,281,242,297
290: 100,99,22,337,127,289,101,3,23,291,94,282,106,298,73,243
291: 19,95,283,101,12,74,244,3,23,57,27,73,243,299,107,100,22,290,338,34,128
292: 0,11,71,24,102,239,4,278,92,284,70,238,10,2,20,96,277,91,18
293: 103,5,25,98,286,340,36,130,26,104,294,57,14,76,246
294: 131,103,341,293,5,25,98,286,26,104,105,295,66,232,247,77,110,302
295: 126,26,104,294,105,287,247,77,303,248,110,302,342,296
296: 303,126,105,295
297: 106,298,249,304,99,289,343
298: 78,27,106,250,73,243,299,297,107,111,305,100,22,290,344,132
299: 306,15,79,27,106,298,251,112,107,101,3,23,291,345,37,133
300: 135,39,347,114,28,6,108,308,307,113,30,17,81,253
301: 205,17,58,59,81,253,109,29,53,212,213,54,206,247,14,76,246,77
302: 110,348,342,349,136,303,254,82,26,104,294,105,295
303: 254,255,310,82,248,105,295,110,302,349,296
304: 256,297,111,305,350
305: 306,83,106,298,257,112,304,311,111,351
306: 15,307,113,79,27,251,264,112,299,107,111,305,30,352,138,312
307: 306,113,313,112,116,30,114,28,6,108,300,308
308: 354,355,115,141,140,309,114,28,6,108,300,307,113,30,315,314
309: 355,115,141,114,308,315,254,261,310,82,262,87
310: 303,254,82,262,356,115,309
311: 263,111,305,357,312
312: 358,306,84,264,313,112,116,311
313: 307,113,84,116,30,314,265,312,359,316
314: 315,266,265,313,116,360,114,359,308,316
315: 267,266,314,115,361,309,114,308
316: 360,359,84,313,116,314,265
317: 117,318,323,269
318: 118,317,324,362,270,319
319: 320,271,363,88,318
320: 271,364,120,319,326,321,88,272
321: 320,121,327,273
322: 117,323,329,274
323: 117,118,122,142,317,322,324,330,365,275,89
324: 31,117,118,122,123,142,318,323,330,331,276,90
325: 142,119,362,373,147,143,368,367,144,363,334
326: 143,320,368,93,120,121,327,367,144,279,98,286,278,92
327: 369,93,335,120,121,328,326,321,279,98,286,280
328: 335,121,327,280
329: 336,122,322,330,370,281
330: 31,371,117,118,122,123,145,323,324,329,331,337,127,94,282
331: 31,372,118,122,123,146,324,330,19,284,95,283,2,20,96,32,124,332,338,34,128
332: 143,367,32,340,124,36,130,284,2,20,96,31,123,331,338,34,128
333: 374,33,125,148,381,153,152,380,373,40,147,163
334: 363,399,119,325
335: 376,375,369,121,327,126,149,328,131,341
336: 99,329,337,127,289,343,377
337: 336,122,100,150,22,330,378,290,127,344,132,338,34,128,379,151
338: 345,37,133,38,134,346,34,128,379,151,101,3,23,291,31,123,331,337,127,32,124,332
339: 392,386,157,160,156,387,7,129,35,393,161
340: 131,103,341,293,5,25,381,153,98,286,32,124,332,36,130,38,134,346,135,389,39,347
341: 375,154,335,149,131,382,98,286,340,36,130,26,104,294,389,342
342: 110,302,349,383,126,131,341,105,295
343: 384,344,350,132,297,336
344: 345,37,385,351,132,133,343,155,106,298,337,127
345: 386,37,344,352,132,133,138,156,338,38,134,346,34,128,27,299,107
346: 386,345,37,157,133,156,338,38,134,34,387,128,379,151,340,36,130,135,39,347
347: 135,354,348,389,39,388,158,136,140,28,6,108,300,340,36,130,38,134,346
348: 135,110,395,389,302,355,39,141,349,136,347
349: 110,348,390,302,342,356,136,303
350: 351,137,343,304
351: 391,357,344,352,350,132,137,138,111,305
352: 392,345,37,351,160,133,138,358,139,353,306,112
353: 396,392,160,352,138,358,139,359,393,161,397
354: 135,398,162,395,394,355,39,141,140,347,114,308
355: 354,395,348,356,115,141,136,361,140,309,114,308
356: 355,141,349,310
357: 351,137,358,311
358: 396,357,352,138,312,139,353
359: 360,316,313,116,314,139,353
360: 359,316,314
361: 355,141,315
362: 142,119,318,366,325,363
363: 364,319,334,119,362,325
364: 320,368,144,363
365: 371,117,142,145,323,366,370
366: 399,142,362,365
367: 374,143,368,120,144,148,326,32,124,332,119,325,373,147
368: 374,143,369,364,120,367,144,148,326,119,325
369: 375,368,335,121,327,144,149
370: 371,145,329,365,377
371: 372,122,142,145,146,150,330,365,370,378
372: 31,152,371,123,142,145,146,331,380,373,40,147,379,151
373: 152,372,146,119,380,325,40,147,374,143,33,333,125,367,148
374: 375,143,33,368,333,125,367,144,148,149,381,153,373,147
375: 376,374,369,154,335,148,149,131,341,382
376: 375,154,335,149,382,383
377: 384,336,150,370,378
378: 371,145,150,337,127,385,155,379,151,377
379: 386,385,155,156,338,38,134,346,34,128,151,152,372,146,150,380,378,337,127,40
380: 152,372,146,373,40,147,33,333,125,379,151,163
381: 374,33,154,333,125,148,382,153,340,36,130,389,388,158
382: 376,375,154,149,131,341,381,153,389,383
383: 390,342,376,154,382
384: 385,343,155,377
385: 391,386,384,344,132,155,156,379,151,150,378
386: 392,345,37,385,157,160,133,155,156,38,134,346,387,379,339,7,151,129,35
387: 386,157,156,38,134,346,339,7,129,35,388,158,393,161
388: 135,162,394,389,39,158,347,381,153,157,387
389: 135,348,39,388,158,136,347,154,131,341,382,381,153,340,36,130
390: 159,349,383
391: 392,385,351,160,137,155
392: 396,391,386,160,352,138,156,339,7,129,35,139,353,393,161
393: 162,394,161,397,392,157,160,387,339,7,129,35,139,353
394: 398,162,354,395,388,158,140,393,161
395: 162,354,394,348,355,159,141,136,140
396: 392,160,358,139,353,397
397: 398,393,161,396,139,353
398: 162,354,394,140,397
399: 366,334