0: 11,71,193,226,292,239,21,294,4,97,279,93,26,104,66,232
1: 245,301,109,29,13,75,247,14,246,76,5,25,103,293,80,57
2: 42,64,68,189,230,236,284,20,275,65,231,174,89
3: 291,134,101,23,38,74,244,5,25,103,293,57,124,332,32,123,31,331
4: 0,11,71,193,226,292,239,21,294,97,279,93,26,104,66,232
5: 14,246,294,76,26,104,25,103,293,57,245,299,1,27,13,75,291,101,3,23,124,278,92,332,32
6: 15,85,79,16,300,251,264,108,28,80,57,250,312
7: 
8: 44,47,167,188,192,204,226,197,166,187
9: 202,201,178,173,50,46,194,45,196,258
10: 64,224,230,225,268,65,231,272,91,18,283,276,95,90,19,270
11: 0,49,71,72,240,247,193,199,14,292,246,239,21,294,4,97,76,26,104
12: 252,301,176,181,109,29,206,177,48,247,198,180
13: 245,1,301,109,29,75,247,14,246,76,5,25,103,293,80,57
14: 11,71,247,246,239,294,76,26,104,5,25,103,293,245,299,1,301,109,29,27,59,13,75
15: 85,55,56,60,78,79,83,209,210,216,69,300,237,251,257,264,108,6,28,80
16: 85,84,300,264,108,6,28,221,313,266,116,265
17: 53,254,81,82,253,214,248,59,54
18: 272,226,91,279,93,10,230,283,95,19,66,232
19: 283,118,276,95,324,90,330,10,230,91,18
20: 42,64,68,189,230,236,284,275,65,231,174,89,2
21: 0,11,287,71,72,240,292,239,294,4,97,26,104,98,105
22: 128,371,338,281,370,127,34,336,377
23: 291,134,101,3,38,74,244,5,25,103,293,57,124,332,32,123,31,331
24: 188,233,225,187
25: 14,246,294,76,26,104,5,103,293,57,245,299,1,27,13,75,291,101,3,23,124,278,92,332,32
26: 0,11,71,14,292,246,239,21,294,4,97,76,104,5,25,103,293,278,92,66,232
27: 135,299,301,109,29,59,14,246,76,5,25,103,293,57,307,354,113,129,35
28: 15,85,79,16,300,251,264,108,6,80,57,250,312
29: 245,53,135,299,58,1,301,12,109,27,212,59,13,75,247,14,246,76
30: 84,112,313,116,265,107,316
31: 386,36,123,156,331,130,291,134,101,3,23,38,150,124,332,32,387
32: 124,368,278,92,332,125,333,5,25,103,293,291,143,101,367,3,23,123,31,331,153
33: 375
34: 117,102,128,338,281,322,323,122,365,22,127
35: 354,133,346,345,129,57,135,299,27
36: 386,250,385,344,132,123,156,353,329,31,331,130,134,38,150
37: 159,154
38: 291,134,122,101,337,3,23,150,74,244,36,123,329,31,331,130
39: 162,395,394,389,388,158,347,96,133,346,345,387,153
40: 152,372,146,147,380,373,150,163,125,381,333,379,387
41: 252,176,52,175,164,170
42: 165,186,189,190,229,284,20,43,65,231,174,2,187
43: 42,165,168,189,190,195,229,174
44: 47,48,49,167,171,172,192,193,204,198,199,197,8
45: 68,189,194,236,290,100,174,258,9
46: 168,169,196,173,9
47: 44,48,170,167,171,192,204,198,197,8,166,191,205
48: 177,44,47,49,170,171,172,247,192,198,199,197,176,12
49: 11,177,44,48,71,72,172,240,247,192,193,198,199,200,239,206
50: 55,56,78,202,178,179,51,209,210,9,203,70,238,258
51: 56,202,179,210,50,203,180,70,169,238,252
52: 252,176,181,185,41,211
53: 17,254,58,301,81,82,253,219,109,29,212,214,260,218,206,59
54: 287,72,241,240,207,17,81,253,248
55: 15,56,60,78,79,83,202,178,179,208,209,210,215,216,251,257,50
56: 15,55,79,202,179,51,209,210,69,237,251,50,203,80,180,70,238
57: 300,108,6,28,80,5,25,103,293,245,135,299,1,27,13,75,291,101,3,23,250,129,35
58: 61,53,135,261,301,266,109,217,29,212,260,218
59: 17,53,254,299,301,81,82,253,109,29,27,14,246,76,110,302
60: 15,85,55,79,83,209,215,216,220,251,257,263,264
61: 58,261,266,185,217,212,85,184,211,221,180
62: 261,86,185,213,218
63: 228,102,274,281
64: 10,186,224,229,230,284,20,275,65,231,89,2,269,276,90,270
65: 42,10,64,186,230,284,20,225,231,2,187
66: 278,120,92,232,0,226,292,91,294,4,279,93,26,104,18
67: 
68: 70,243,189,45,236,238,284,290,73,20,100,174,2,74,244,94,282,69,237
69: 15,56,78,79,210,237,251,80,70,68,243,236,238,73,74,244,250
70: 68,236,238,174,56,202,51,210,69,237,50,203
71: 0,11,49,72,240,247,193,199,14,292,246,239,21,294,4,97,76,26,104
72: 11,49,287,71,241,240,193,199,200,239,21,207,97,54
73: 68,243,236,290,100,258,74,244,94,282,99,289,298,78,69,237,106,242,329
74: 68,243,236,73,244,94,282,69,237,291,134,101,3,23,38,329
75: 245,1,301,109,29,13,247,14,246,76,5,25,103,293,80,57
76: 11,71,247,14,246,239,294,26,104,5,25,103,293,245,299,1,301,109,29,27,59,13,75
77: 254,255,82,262,303,309,310
78: 15,55,298,79,83,202,208,209,69,249,237,251,257,106,50,242,243,73,258
79: 15,85,55,56,60,78,83,209,210,216,69,300,237,251,257,264,108,6,28,80
80: 15,56,79,210,69,300,237,251,108,6,28,180,57,245,135,1,13,75
81: 17,53,254,82,253,214,248,59,54
82: 17,53,254,81,253,87,77,59,110,354,302,309
83: 15,55,60,78,79,208,209,216,249,251,256,257,263,264
84: 85,30,16,220,264,112,221,265
85: 15,60,79,84,16,216,220,300,251,264,108,6,28,221,61,217
86: 62
87: 254,135,115,82,260,354,308,309
88: 320,271,268,272
89: 64,189,228,284,20,275,2,269,276,102,90
90: 283,117,276,102,95,317,323,19,330,270,10,64,230,275,89,269
91: 272,226,279,93,18,10,230,283,95,19,66,232
92: 124,368,278,332,66,32,232,294,26,104,5,25,103,293
93: 0,272,226,227,292,233,91,4,279,18,120,273,66,232
94: 68,243,236,290,73,100,74,244,282,99,289,281,122,329
95: 283,118,276,324,90,19,330,10,230,91,18
96: 389,39,388,158,347,387,153,163,149,125,381,333
97: 0,11,287,71,72,240,292,239,21,294,4,26,104,98,105
98: 335,126,328,105,286,296,287,280,21,97
99: 243,73,94,282,289,298,106,242,288,371,281,336,329
100: 68,243,189,45,236,290,73,258,94,282
101: 291,134,3,23,38,74,244,5,25,103,293,57,124,332,32,123,31,331
102: 117,276,128,338,274,317,322,323,90,34,63,228,275,89,269
103: 14,246,294,76,26,104,5,25,293,57,245,299,1,27,13,75,291,101,3,23,124,278,92,332,32
104: 0,11,71,14,292,246,239,21,294,4,97,76,26,5,25,103,293,278,92,66,232
105: 335,126,98,131,341,296,21,97,342,295
106: 298,78,249,242,243,73,99,289,344,132,329,297
107: 352,138,358,312,359,30,264,112,313,116
108: 15,85,79,16,300,251,264,6,28,80,57,250,312
109: 245,53,135,299,58,1,301,12,29,27,212,59,13,75,247,14,246,76
110: 307,354,348,302,342,349,136,303,113,295,309,254,82,59
111: 357,351,350,137,305,311,304
112: 306,84,30,263,264,107,311
113: 307,110,354,348,389,302,342,136,153,299,27,131,341
114: 398,139,397
115: 267,266,260,87,314,315
116: 313,265,314,30,16,107,359,340,316
117: 276,102,142,128,338,317,318,322,323,324,365,90,34,330
118: 283,95,119,318,362,325,19,363
119: 143,118,142,147,318,324,362,334,325,373,367,363
120: 320,326,321,273,66,286,232,279,93
121: 376,369,335,327,328,326,382,286
122: 128,371,338,281,134,337,34,38,94,282,329
123: 386,36,156,31,331,130,291,134,101,3,23,38,150,124,332,32,387
124: 368,278,92,332,125,32,333,5,25,103,293,291,143,101,367,3,23,123,31,331,153
125: 374,124,368,332,148,32,381,333,152,143,147,380,373,40,367,150,96,387,153
126: 383,335,98,328,105,296,342,295
127: 128,338,322,365,370,22,34
128: 117,102,338,281,322,323,122,365,22,127,34
129: 354,133,346,345,35,57,135,299,27
130: 386,250,36,385,344,132,123,156,353,329,31,331,134,38,150
131: 376,368,335,149,326,105,341,307,389,342,113,153
132: 250,36,385,344,351,350,343,353,329,130,304,298,106
133: 161,39,393,140,347,346,345,129,35,387
134: 291,122,101,337,3,23,38,150,74,244,36,123,329,31,331,130
135: 299,58,301,109,29,27,212,87,80,57,354,129,35
136: 307,110,354,395,348,390,389,302,355,342,356,141,349,113,309
137: 391,357,351,350,111,305
138: 396,357,351,352,358,353,107,312,359
139: 398,162,394,355,141,361,140,114,308,397,340
140: 162,161,394,393,139,133,308,397,346,345,340,359
141: 162,395,394,348,355,356,136,361,139,308,346
142: 399,372,117,145,146,119,318,323,324,362,365,366,325
143: 119,147,324,325,373,367,374,124,368,332,148,125,32,333
144: 369,364,277
145: 399,372,142,146,365,366,370,337
146: 399,152,372,142,145,147,380,337,373,40,150
147: 152,372,143,146,119,380,334,325,373,40,367,374,148,125,381,333
148: 374,368,149,326,382,125,381,333,277,143,147,373,367
149: 376,374,148,131,341,382,381,389,154,96,153
150: 152,372,146,134,380,337,40,38,125,333,386,36,123,156,31,331,130,379,387
151: 371,370,337,385,384,155,378,377
152: 372,146,147,380,373,40,150,163,125,381,333,379,387
153: 307,389,39,347,96,113,387,124,368,332,149,131,341,125,32,333
154: 390,389,159,37,376,383,149
155: 392,391,385,384,160,378,151
156: 386,36,385,123,353,31,331,130,379,150,387
157: 396,339,161,393,397
158: 162,161,395,394,39,388,393,347,96
159: 395,390,154,37
160: 392,391,155,339
161: 162,394,388,393,158,140,133,397,346,345,157
162: 398,161,395,394,355,39,388,393,158,141,140,347,139,346
163: 381,152,380,40,379,96
164: 175,41
165: 42,168,190,191,43,166
166: 47,167,188,204,197,8,165,191,187
167: 44,47,171,188,192,204,197,8,166
168: 46,165,169,196,43
169: 46,168,191,205,196,174,51,203
170: 47,48,171,198,197,191,205,175,252,176,41
171: 44,47,48,170,167,172,192,198,197
172: 177,44,48,49,171,192,198,199,200
173: 178,9,46,196
174: 70,42,68,169,189,45,236,238,284,205,20,43,2
175: 191,164,170,41
176: 252,12,181,52,41,177,48,170,198
177: 48,49,172,198,199,176,12,182,206
178: 55,202,179,208,209,215,173,9,50
179: 55,56,202,178,183,51,209,210,215,211,50,203,180
180: 56,179,51,210,211,203,80,61,252,12,217
181: 176,12,182,52,185,213,218
182: 181,213,214,206,177
183: 184,179,215,220,211
184: 183,220,211,221,61,185,217
185: 61,261,62,181,52,217,218,184,211
186: 42,64,190,224,229,225,65,231,187
187: 42,186,225,65,231,188,204,24,8,166
188: 167,204,24,8,166,187
189: 42,68,45,229,236,284,290,20,100,275,43,174,89,2
190: 42,165,186,229,43
191: 165,169,205,175,47,170,197,166
192: 44,47,48,49,167,171,172,193,204,198,199,197,8
193: 0,11,44,49,71,72,240,192,199,200,226,292,239,4
194: 45,235,258,201,9
195: 43
196: 46,168,169,173,9
197: 44,47,48,170,167,171,192,204,198,8,166,191,205
198: 177,44,47,48,49,170,171,172,247,192,199,197,176,12
199: 11,177,44,48,49,71,72,172,240,247,192,193,198,200,239,206
200: 49,72,241,172,240,193,199,207
201: 208,9,242,194,235,258
202: 55,56,78,178,179,51,209,210,9,50,203,70,238,258
203: 56,202,179,51,210,50,180,70,169,238,252
204: 44,47,167,188,192,226,197,8,166,187
205: 169,191,174,47,170,197
206: 53,12,182,214,177,49,247,199
207: 72,241,240,200,54,214,248
208: 55,78,83,201,178,209,249,257
209: 15,55,56,60,78,79,83,202,178,179,208,210,215,216,251,257,50
210: 15,55,56,79,202,179,51,209,69,237,251,50,203,80,180,70,238
211: 184,179,183,180,61,252,52,185,217
212: 61,53,135,58,261,301,266,109,217,29,260,218
213: 62,181,182,218
214: 17,53,81,253,219,182,206,248,207
215: 55,60,178,179,183,209,216
216: 15,85,55,60,79,83,209,215,220,251,257,263,264
217: 61,58,261,266,185,212,85,184,211,221,180
218: 53,58,261,62,219,181,185,212,213,260
219: 267,53,262,214,260,218
220: 85,60,184,84,183,216,221
221: 85,184,84,16,220,61,222,261,266,265,217
222: 261,266,265,221
223: 228,229,269
224: 10,64,186,225,268,270
225: 10,186,224,268,65,231,187,24
226: 0,193,204,292,233,91,4,8,279,93,18,66,232
227: 233,279,93,273
228: 63,223,275,89,269,102,274
229: 42,64,186,189,190,223,43
230: 10,64,284,20,65,231,2,91,18,283,276,95,90,19,330
231: 42,10,64,186,230,284,20,225,65,2,187
232: 278,120,92,66,0,226,292,91,294,4,279,93,26,104,18
233: 272,226,227,24,279,93
234: 280,285
235: 194,201
236: 70,68,243,189,45,238,284,290,73,20,100,174,2,74,244,94,282,69,237
237: 15,56,78,79,210,69,251,80,70,68,243,236,238,73,74,244,250
238: 70,68,236,174,56,202,51,210,69,237,50,203
239: 0,11,49,71,72,240,247,193,199,14,292,246,21,294,4,97,76,26,104
240: 11,49,287,71,72,241,193,199,200,239,21,207,97,54
241: 287,72,240,200,207,54
242: 298,78,201,249,106,288,243,73,258,99,289
243: 68,236,290,73,100,258,74,244,94,282,99,289,298,78,69,237,106,242,329
244: 68,243,236,73,74,94,282,69,237,291,134,101,3,23,38,329
245: 1,301,109,29,13,75,247,14,246,76,5,25,103,293,80,57
246: 11,71,247,14,239,294,76,26,104,5,25,103,293,245,299,1,301,109,29,27,59,13,75
247: 11,48,49,71,198,199,14,246,239,76,245,1,301,12,109,29,206,13,75
248: 17,81,253,214,207,54
249: 304,298,78,83,208,256,257,106,242,297
250: 36,344,132,353,130,312,69,300,237,108,6,28,57
251: 15,85,55,56,60,78,79,83,209,210,216,69,300,237,257,264,108,6,28,80
252: 176,12,52,41,170,51,211,203,180
253: 17,53,254,81,82,214,248,59,54
254: 17,53,81,82,253,87,77,59,110,354,302,309
255: 77,303,310
256: 304,83,249,257,263
257: 15,55,60,78,79,83,208,209,216,249,251,256,263,264
258: 243,194,45,290,73,100,78,202,201,9,50,242
259: 
260: 267,53,58,261,115,266,219,212,218,87
261: 61,222,58,62,266,185,217,212,260,218,221
262: 267,219,77
263: 60,83,216,256,257,264,112,311
264: 15,85,60,79,83,84,16,216,300,251,257,263,108,6,112,28,107,312
265: 313,222,266,116,314,84,30,16,221
266: 61,222,58,261,115,265,217,212,260,16,221
267: 115,262,219,260
268: 10,224,225,270,271,88
269: 64,223,228,275,89,276,102,317,90,270
270: 276,317,90,10,64,224,268,269
271: 320,88,268,272
272: 233,91,279,93,18,10,320,271,88
273: 120,321,286,227,280,279,93
274: 102,322,63,228
275: 64,189,228,284,20,89,2,269,276,102,90
276: 283,117,102,95,317,323,90,19,330,270,10,64,230,275,89,269
277: 374,369,364,144,148,382,363,334
278: 124,368,92,332,66,32,232,294,26,104,5,25,103,293
279: 0,272,226,227,292,233,91,4,93,18,120,273,66,232
280: 234,98,328,273,286
281: 128,371,338,122,22,34,336,63,94,282,99,289
282: 68,243,236,290,73,100,74,244,94,99,289,281,122,329
283: 118,276,95,324,90,19,330,10,230,91,18
284: 42,64,68,189,230,236,20,275,65,231,174,89,2
285: 234
286: 335,120,121,327,98,328,326,321,273,280
287: 296,72,241,240,21,97,54,98
288: 242,99,289,336
289: 243,73,94,282,99,298,106,242,288,371,281,336,329
290: 68,243,189,45,236,73,100,258,94,282
291: 134,101,3,23,38,74,244,5,25,103,293,57,124,332,32,123,31,331
292: 0,11,71,193,226,239,21,294,4,97,279,93,26,104,66,232
293: 14,246,294,76,26,104,5,25,103,57,245,299,1,27,13,75,291,101,3,23,124,278,92,332,32
294: 0,11,71,14,292,246,239,21,4,97,76,26,104,5,25,103,293,278,92,66,232
295: 110,302,342,349,303,296,383,126,105
296: 287,126,98,105,295
297: 350,343,304,298,249,106
298: 78,249,106,242,243,73,99,289,344,132,329,297
299: 135,301,109,29,27,59,14,246,76,5,25,103,293,57,307,354,113,129,35
300: 15,85,79,16,251,264,108,6,28,80,57,250,312
301: 245,53,135,299,58,1,12,109,29,27,212,59,13,75,247,14,246,76
302: 307,110,354,348,342,349,136,303,113,295,309,254,82,59
303: 110,302,349,295,309,255,77
304: 249,256,344,351,350,132,111,305,297,311
305: 357,351,350,137,111,311,304
306: 112,311
307: 110,354,348,389,302,342,136,113,153,299,27,131,341
308: 354,355,141,361,140,315,139,346,309,87
309: 110,354,348,302,356,349,136,303,308,310,254,82,87,77
310: 356,309,255,77
311: 357,351,111,312,305,306,304,263,112
312: 250,351,352,138,353,107,311,300,264,108,6,28
313: 116,265,314,30,16,107,359,340,316
314: 313,115,116,265,360,315,340,316
315: 361,308,115,314
316: 360,340,30,313,116,314
317: 117,276,102,318,322,323,90,270,269
318: 117,118,142,119,317,323,324,362,365,325
319: 
320: 271,364,120,88,272
321: 369,120,273,286
322: 117,102,128,338,274,317,323,365,127,34
323: 117,276,102,142,128,338,317,318,322,324,365,90,34,330
324: 283,143,117,142,95,119,318,323,337,325,19,367,330
325: 143,118,142,119,147,318,324,362,334,373,367,363
326: 376,374,369,368,335,120,121,327,148,131,341,382,286
327: 376,369,335,121,328,326,382,286
328: 335,121,327,126,98,286,280
329: 36,344,132,130,243,73,74,244,94,282,99,289,298,106,371,134,122,38
330: 283,117,276,95,323,324,90,19,230
331: 386,36,123,156,31,130,291,134,101,3,23,38,150,124,332,32,387
332: 124,368,278,92,125,32,333,5,25,103,293,291,143,101,367,3,23,123,31,331,153
333: 374,124,368,332,148,125,32,381,152,143,147,380,373,40,367,150,96,387,153
334: 399,119,147,362,325,373,363,277
335: 376,121,327,126,98,328,131,326,105,341,286
336: 371,281,22,99,289,288,343
337: 372,145,146,324,134,122,38,150,151
338: 117,102,128,281,322,323,122,365,22,127,34
339: 396,392,157,160
340: 360,140,139,316,313,116,314,359
341: 376,368,335,149,131,326,105,307,389,342,113,153
342: 307,110,348,390,389,302,349,136,113,295,383,126,131,105,341
343: 384,344,350,132,297,371,336
344: 250,36,385,351,350,132,343,353,329,130,304,298,106
345: 161,39,393,140,347,133,346,129,35,387
346: 162,161,354,394,355,39,393,141,140,347,133,308,345,129,35
347: 162,395,394,389,39,388,158,96,133,346,345,387,153
348: 307,110,354,395,390,389,302,355,342,356,141,349,136,113,309
349: 110,348,390,302,342,356,136,303,295,309
350: 344,351,132,137,343,111,305,297,304
351: 357,344,352,350,132,137,138,353,111,312,305,311,304
352: 396,357,351,138,358,353,107,312,359
353: 391,386,250,36,385,344,351,352,132,138,156,130,312
354: 307,110,348,302,136,308,113,346,129,309,35,254,135,299,82,27,87
355: 162,395,394,348,356,141,136,361,139,308,346
356: 348,355,141,349,136,361,309,310
357: 351,352,137,138,358,111,305,311
358: 396,357,352,138,107,359
359: 396,352,138,358,107,313,116,140,397,340
360: 340,316,314
361: 355,356,141,315,139,308
362: 399,118,142,119,318,366,334,325,363
363: 364,277,118,119,362,334,325
364: 320,369,144,363,277
365: 117,142,145,128,338,318,322,323,366,127,34
366: 399,142,145,362,365
367: 143,119,147,324,325,373,374,124,368,332,148,125,32,333
368: 374,124,278,92,332,148,131,326,341,125,32,333,143,367,153
369: 364,121,327,144,326,321,382,277
370: 145,22,127,151,377
371: 281,122,22,336,151,99,289,384,343,329,377
372: 399,152,142,145,146,147,380,337,373,40,150
373: 152,372,143,146,119,147,380,334,325,40,367,374,148,125,381,333
374: 368,148,149,326,382,125,381,333,277,143,147,373,367
375: 376,33,382
376: 375,383,335,121,327,149,131,326,341,382,154
377: 384,371,370,22,151
378: 155,151
379: 386,156,152,380,40,150,163,387
380: 152,372,146,147,373,40,150,163,125,381,333,379,387
381: 374,163,148,149,382,125,333,152,147,380,373,40,96
382: 376,375,374,369,121,327,148,149,326,381,277
383: 376,126,390,342,154,295
384: 385,343,155,377,371,151
385: 391,386,36,384,344,132,155,156,353,130,151
386: 36,385,123,156,353,31,331,130,379,150,387
387: 39,347,96,133,345,153,152,380,40,150,125,333,386,123,156,31,331,379
388: 162,161,395,394,39,393,158,347,96
389: 307,395,348,390,342,39,136,154,347,96,113,153,149,131,341
390: 395,348,389,342,159,349,136,154,383
391: 392,385,160,137,155,353
392: 391,160,155,339
393: 162,161,394,388,158,140,133,397,346,345,157
394: 398,162,161,395,355,39,388,393,158,141,140,347,139,346
395: 162,394,348,390,389,355,39,159,388,158,141,136,347
396: 157,352,138,358,359,339,397
397: 161,393,140,114,139,396,157,359
398: 162,394,114,139
399: 372,142,145,146,362,366,334