0: 11,71,72,24,240,193,292,239,21,4,97,104,285,294,26,66,232
1: 205,252,16,245,80,57,53,13,75,70,238,10,8,246,204,52,14,76,244,12,74
2: 9,42,46,64,69,196,230,237,284,191,70,43,65,231,174,238,20,10
3: 345,37,133,108,300,6,28,291,23,101,244,12,74,31,290,123,128,338,331,100,22,34
4: 0,11,71,72,24,240,193,292,239,21,97,104,285,294,26,66,232
5: 293,103,25,246,104,14,76,294,26,57,278,92
6: 345,37,344,132,133,108,300,3,28,291,23,101,15,298,78,79,111,305,250,251,106
7: 392,157,160,35,387,339,129,161,393
8: 48,170,176,198,204,52,46,196,205,245,53,180,1,13,75
9: 46,68,69,196,236,237,284,70,174,238,2,20,10,73,243,244,12,74
10: 9,69,237,284,70,238,2,20,244,12,74,245,1,13,75
11: 0,48,49,71,72,24,240,54,198,199,246,292,206,239,4,104,14,76,294,26,77,247,205,53
12: 15,56,79,244,210,251,74,9,69,237,70,238,10,73,243,245,1,13,75,3,291,23,101
13: 205,252,16,245,80,57,53,1,75,70,238,10,8,246,204,52,14,76,244,12,74
14: 11,71,246,239,104,76,294,26,77,247,205,245,301,57,109,29,53,1,13,75,293,103,5,25
15: 56,78,79,83,244,210,12,250,251,257,264,27,74,107,299,108,300,6,28
16: 61,252,245,58,80,57,217,212,180,1,13,75,56,210
17: 254,59,301,81,82,262,253,207,109,29,213,214,54,206,77,247,248
18: 143,120,367,319,326,91,272,277,66,232,95,19,283
19: 64,230,95,283,118,324,90,276,18,91,277
20: 9,42,46,64,69,196,230,237,284,191,70,43,65,231,174,238,2,10
21: 0,287,72,241,24,240,193,292,234,4,97,285,98,286,280
22: 290,94,100,337,282,127,289,99,73,243,298,106,3,291,23,101
23: 345,37,133,108,300,6,3,28,291,101,244,12,74,31,290,123,128,338,331,100,22,34
24: 0,11,71,72,240,193,292,239,21,4,97,104,285,294,26,66,232
25: 293,103,5,246,104,14,76,294,26,57,278,92
26: 0,11,71,24,246,292,239,4,104,14,76,294,77,247,98,278,286,92,293,103,5,25
27: 15,79,251,107,299,57
28: 345,37,344,132,133,108,300,6,3,291,23,101,15,298,78,79,111,305,250,251,106
29: 205,17,58,59,301,81,253,57,109,53,212,213,54,246,206,14,76,77,247
30: 306,84,313,112,116,265,312,359,316
31: 372,118,122,123,146,128,338,324,330,331,34,32,124,332,3,291,23,101
32: 143,367,278,124,332,92,31,123,331,38,134,346
33: 374,333,125,148,381,153,152,147,380,373,40,163,96
34: 31,372,123,146,128,338,150,331,378,337,127,386,345,37,385,133,156,38,134,346,151,379,3,291,23,101
35: 392,157,160,387,339,7,129,161,393
36: 386,345,37,157,352,133,138,156,38,134,346,387,130,161,340,393,135,39,140,347
37: 386,345,385,344,132,133,156,353,38,134,346,108,300,6,3,28,291,23,101,36,130,340,128,338,34
38: 386,345,37,133,156,134,346,36,130,340,128,338,34,32,124,332
39: 135,354,348,389,388,158,136,347,307,113,36,130,340
40: 152,372,146,147,380,373,33,333,125,151,379,163
41: 175,170,203,51
42: 64,165,186,189,190,230,284,191,43,65,231,174,2,20
43: 42,165,284,191,166,65,231,2,20,47,188,187,197
44: 47,48,49,167,171,188,192,193,198,199,197
45: 68,168,189,194,195,236,258,174
46: 9,69,169,196,237,284,174,2,20,8,204,52,203,202,51,50
47: 44,48,170,167,171,192,198,197,191,166,43
48: 11,44,47,49,8,71,171,54,192,176,198,199,206,239,204,52,197,205,53
49: 11,177,44,48,71,72,171,172,240,54,192,193,198,199,206,239
50: 203,55,56,202,178,209,210,51,173,46,196,258
51: 203,202,178,179,173,50,46,196,41
52: 48,8,170,176,198,204,46,196,205,245,53,180,1,13,75
53: 205,245,58,301,109,29,212,180,1,13,75,11,48,8,71,54,176,198,246,206,239,204,52,14,76
54: 11,177,48,49,71,72,240,198,199,206,239,77,247,205,17,59,301,81,253,207,109,29,53,213
55: 56,78,202,178,179,208,209,210,215,250,50
56: 15,55,78,79,202,179,244,209,210,12,250,251,74,50,252,16,80
57: 252,16,245,80,301,109,29,1,13,75,246,14,76,27,107,299,293,103,5,25
58: 61,205,252,16,59,62,80,301,181,109,217,29,53,212,213,218,180
59: 17,58,62,301,81,253,207,181,182,109,29,212,213,214,218,177,54,206
60: 85,83,84,215,216,220,259,257,263,264
61: 252,16,58,62,80,181,185,184,217,212,218,180,211
62: 61,58,59,181,182,185,217,212,213,218,219
63: 64,68,189,223,228,229,230,236,102,89,275
64: 42,63,189,223,224,229,230,284,95,19,283,65,231,174,2,20
65: 42,64,186,224,230,284,191,43,231,2,20,226,225,187
66: 98,120,326,18,91,272,277,278,286,232,92,0,24,292,4,93,279
67: 188,226,227,233
68: 9,45,63,69,195,229,235,236,237,258,102,174,73,243,94,282
69: 9,46,68,196,236,237,284,70,174,238,2,20,10,73,243,244,12,74
70: 9,69,237,284,238,2,20,10,244,12,74,245,1,13,75
71: 0,11,48,49,72,24,240,54,198,199,246,292,206,239,4,104,14,76,294,26,77,247,205,53
72: 0,11,49,71,241,24,240,54,193,199,292,206,239,21,4,97,285,77,247,248,207
73: 9,68,69,236,237,258,243,298,78,244,12,250,106,74,242,290,100,22
74: 15,56,79,244,210,12,251,9,69,237,70,238,10,73,243,245,1,13,75,3,291,23,101
75: 205,252,16,245,80,57,53,1,13,70,238,10,8,246,204,52,14,76,244,12,74
76: 11,71,246,239,104,14,294,26,77,247,205,245,301,57,109,29,53,1,13,75,293,103,5,25
77: 11,71,72,240,54,246,206,239,104,14,76,294,26,247,248,17,301,81,253,207,109,29,295,105
78: 15,55,56,298,79,83,209,210,249,250,251,257,106,73,243,108,300,6,28
79: 15,56,78,83,244,210,12,250,251,257,264,27,74,107,299,108,300,6,28
80: 61,252,16,245,58,57,217,212,180,1,13,75,56,210
81: 17,254,59,301,82,262,253,207,109,29,213,214,54,206,77,247,248
82: 17,303,254,261,310,81,262,87,253,110,354,302,115,309
83: 15,60,78,79,111,305,216,250,251,256,257,263,264
84: 306,60,30,216,220,264,112,221,265
85: 60,216,220,259,263
86: 222,260,219
87: 267,254,261,266,82,262,219,115,309
88: 320,271,319,272,268
89: 117,94,274,323,282,90,276,275,63,229,269,102
90: 117,118,317,318,323,324,276,89,275,269,95,19,283,270
91: 143,120,367,319,326,18,272,277,66,232,95,19,283
92: 278,32,66,124,332,232,104,294,26,293,103,5,25
93: 226,227,279,272,66,273,232
94: 290,122,281,330,100,337,282,22,127,89,275,68,236,102
95: 64,230,19,283,118,324,90,276,18,91,277
96: 163,389,388,158,33,333,125,381,153,157,387
97: 0,287,72,241,24,240,193,292,234,21,4,285,98,286,280
98: 335,328,286,66,280,232,287,21,97,104,285,294,26
99: 290,281,100,22,289,298,106,242,288,297,336
100: 290,94,337,282,22,127,289,99,73,243,298,106,3,291,23,101
101: 345,37,133,108,300,6,3,28,291,23,244,12,74,31,290,123,128,338,331,100,22,34
102: 63,68,228,229,235,236,94,274,281,282,89,275
103: 293,5,25,246,104,14,76,294,26,57,278,92
104: 0,11,71,24,246,292,239,4,14,76,294,26,77,247,98,278,286,92,293,103,5,25
105: 126,295,296,287,77,247,248,303,110,302,342
106: 298,78,111,305,249,250,73,243,290,100,22,289,99,344,132,297,108,300,6,28
107: 15,79,251,27,299,57
108: 345,37,344,132,133,300,6,3,28,291,23,101,15,298,78,79,111,305,250,251,106
109: 205,17,58,59,301,81,253,57,29,53,212,213,54,246,206,14,76,77,247
110: 354,348,302,342,349,136,307,113,303,254,82,295,105
111: 298,83,305,257,106,304,344,351,350,132,108,300,6,28,311
112: 306,84,30,263,264,312,311
113: 135,110,348,389,302,342,39,136,347,307,131,341
114: 398,355,141,361,140,139,308
115: 354,355,141,361,309,315,254,261,310,82,87
116: 30,313,266,314,265,312,359,316
117: 118,122,317,322,323,324,329,330,365,90,276,89,275
118: 31,117,122,123,142,119,318,323,324,330,331,325,90,276,95,19,283
119: 118,142,147,324,362,325,373,143,368,367,144,363,334
120: 143,320,368,367,144,326,18,91,272,277,66,232
121: 376,375,369,335,327,149,328
122: 31,371,117,118,123,145,94,323,324,329,330,331,337,282,127
123: 31,372,118,122,146,128,338,324,330,331,34,32,124,332,3,291,23,101
124: 143,367,278,32,332,92,31,123,331,38,134,346
125: 374,33,333,148,381,153,152,147,380,373,40,163,96
126: 335,295,105,296,287,342
127: 290,371,122,145,128,94,338,150,329,330,100,378,337,282,22,34,385,336
128: 31,372,123,146,338,150,331,378,337,127,34,386,345,37,385,133,156,38,134,346,151,379,3,291,23,101
129: 392,157,160,35,387,339,7,161,393
130: 386,345,37,157,352,133,138,156,38,134,346,387,36,161,340,393,135,39,140,347
131: 375,154,335,149,341,382,381,153,307,113
132: 345,37,385,344,351,350,133,343,353,108,300,6,28,298,111,305,106
133: 386,345,37,385,344,132,156,353,38,134,346,108,300,6,3,28,291,23,101,36,130,340,128,338,34
134: 386,345,37,133,156,38,346,36,130,340,128,338,34,32,124,332
135: 354,348,389,39,388,158,136,347,307,113,36,130,340
136: 135,110,354,395,348,390,389,302,355,39,356,141,349,347,307,113
137: 391,357,351,350
138: 392,351,160,352,358,353,312,36,130,340
139: 398,360,140,114,308,397,314,359
140: 114,139,308,397,36,130,161,340,393
141: 395,348,355,356,115,136,361,309,114,308
142: 399,372,371,118,145,146,119,147,324,362,365,366,325,373
143: 374,368,120,367,144,148,326,18,91,277,32,124,332,119,147,325,373
144: 374,143,320,369,368,364,120,367,148,326,363,119,325
145: 372,371,122,142,146,150,329,330,365,370,378,337,127
146: 31,152,372,371,123,142,145,128,338,147,331,380,34,373,40,151,379
147: 152,372,142,146,119,380,325,373,40,374,143,33,333,125,367,148,334
148: 375,374,143,33,368,333,125,367,144,149,381,153,147,373
149: 376,375,374,369,154,121,327,148,131,341,382,381,153
150: 371,145,128,338,370,378,337,127,34,385,384,377,151,379
151: 386,385,156,379,152,372,146,128,338,150,380,378,34,40
152: 372,146,147,380,373,40,33,333,125,151,379,163
153: 375,374,33,154,333,125,148,149,131,341,382,381,389,96
154: 376,375,149,131,341,382,381,153,389,383
155: 391,384
156: 386,345,37,385,157,133,353,38,134,346,387,151,379,36,130,340,128,338,34
157: 386,156,35,387,339,7,129,36,130,161,340,393,388,158,96
158: 135,162,394,389,39,388,347,96,157,387,161,393
159: 395,390,389
160: 396,392,391,352,138,353,35,339,7,129,161,393,397
161: 392,157,160,35,387,339,7,129,36,130,340,393,162,394,388,158,140,397
162: 398,395,394,388,158,161,393
163: 96,152,380,40,33,333,125
164: 175
165: 42,169,190,191,166,43
166: 165,191,43,47,167,197
167: 44,47,171,192,197,166
168: 45,169,195,173
169: 46,165,168,196,173
170: 47,8,171,176,204,52,197,175,41
171: 177,44,47,48,49,170,167,172,192,176,198,199,197
172: 177,49,171,199
173: 203,202,178,51,50,168,169
174: 9,42,45,46,64,68,69,189,195,196,230,236,237,284,2,20
175: 170,164,41
176: 177,48,8,170,171,198,204,52,205,181,53,180
177: 49,171,172,54,176,199,206,59,182,213
178: 203,55,202,179,209,215,51,173,50
179: 203,55,56,178,183,209,210,51,211,180
180: 61,205,252,16,58,80,181,217,53,212,8,176,204,52,179,211
181: 61,58,59,62,182,185,217,212,213,218,180,176
182: 59,62,181,213,214,218,177
183: 179,215,220,211,184
184: 61,185,217,183,211,221
185: 61,62,181,184,217,218,211
186: 42,190,224,65,231,187
187: 188,226,225,186,191,43,65,231
188: 44,67,192,226,233,187,191,43
189: 42,45,63,64,190,195,229,230,174
190: 42,165,186,189
191: 42,165,284,166,43,65,231,2,20,47,188,187,197
192: 44,47,48,49,167,171,188,193,198,199,197
193: 0,44,49,72,24,240,192,199,292,21,4,97,285
194: 45,195,235,258,201
195: 45,68,168,189,194,236,258,174
196: 9,46,69,169,237,284,174,2,20,8,204,52,203,202,51,50
197: 44,47,48,170,167,171,192,198,191,166,43
198: 11,44,47,48,49,8,71,171,54,192,176,199,206,239,204,52,197,205,53
199: 11,177,44,48,49,71,72,171,172,240,54,192,193,198,206,239
200: 241
201: 208,242,194,258
202: 203,55,56,178,209,210,51,173,50,46,196,258
203: 202,178,179,51,173,50,46,196,41
204: 48,8,170,176,198,52,46,196,205,245,53,180,1,13,75
205: 245,58,301,109,29,53,212,180,1,13,75,11,48,8,71,54,176,198,246,206,239,204,52,14,76
206: 11,177,48,49,71,72,240,54,198,199,239,77,247,205,17,59,301,81,253,207,109,29,53,213
207: 17,59,81,253,213,214,72,240,54,206,77,247,248
208: 55,201,209,249
209: 55,56,78,202,178,179,208,210,215,250,50
210: 15,55,56,78,79,202,179,244,209,12,250,251,74,50,252,16,80
211: 179,183,61,185,184,217,180
212: 61,205,252,16,58,59,62,80,301,181,109,217,29,53,213,218,180
213: 17,58,59,62,301,81,253,207,181,182,109,29,212,214,218,177,54,206
214: 17,59,81,253,207,182,213
215: 55,60,178,183,209,216
216: 85,60,83,84,215,220,259,257,263,264
217: 61,252,16,58,62,80,181,185,184,212,218,180,211
218: 61,58,59,62,181,182,185,217,212,213,219
219: 267,261,62,262,86,87,260,218
220: 85,60,84,183,216,259,221
221: 84,220,222,265,184
222: 266,86,265,260,221
223: 63,64,224,229,230,269
224: 64,186,223,230,270,268,65,231,225
225: 226,187,224,268,65,231
226: 67,188,225,233,187,93,279,65,231
227: 67,233,93,279,273
228: 63,229,235,102,274
229: 63,64,68,189,223,228,230,236,102,89,275
230: 42,63,64,189,223,224,229,284,95,19,283,65,231,174,2,20
231: 42,64,186,224,230,284,191,43,65,2,20,226,225,187
232: 98,120,326,18,91,272,277,278,286,66,92,0,24,292,4,93,279
233: 67,188,226,227
234: 21,97,285,280
235: 68,194,228,236,258,102,242
236: 9,45,63,68,69,195,229,235,237,258,102,174,73,243,94,282
237: 9,46,68,69,196,236,284,70,174,238,2,20,10,73,243,244,12,74
238: 9,69,237,284,70,2,20,10,244,12,74,245,1,13,75
239: 0,11,48,49,71,72,24,240,54,198,199,246,292,206,4,104,14,76,294,26,77,247,205,53
240: 0,11,49,71,72,241,24,54,193,199,292,206,239,21,4,97,285,77,247,248,207
241: 287,72,240,200,21,97,285,248
242: 201,249,235,258,73,243,289,99
243: 9,68,69,236,237,258,73,298,78,244,12,250,106,74,242,290,100,22
244: 15,56,79,210,12,251,74,9,69,237,70,238,10,73,243,245,1,13,75,3,291,23,101
245: 205,252,16,80,57,53,1,13,75,70,238,10,8,246,204,52,14,76,244,12,74
246: 11,71,239,104,14,76,294,26,77,247,205,245,301,57,109,29,53,1,13,75,293,103,5,25
247: 11,71,72,240,54,246,206,239,104,14,76,294,26,77,248,17,301,81,253,207,109,29,295,105
248: 287,72,241,240,77,247,17,303,81,253,207,295,105
249: 298,78,208,250,256,106,242,297
250: 15,55,56,298,78,79,83,209,210,249,251,257,106,73,243,108,300,6,28
251: 15,56,78,79,83,244,210,12,250,257,264,27,74,107,299,108,300,6,28
252: 61,16,245,58,80,57,217,212,180,1,13,75,56,210
253: 17,254,59,301,81,82,262,207,109,29,213,214,54,206,77,247,248
254: 17,303,261,310,81,82,262,87,253,110,354,302,115,309
255: 349,303,310
256: 83,249,257,263,304
257: 15,60,78,79,83,111,305,216,250,251,256,263,264
258: 45,68,194,195,235,236,73,243,201,202,50,242
259: 85,60,216,220,263
260: 222,86,219
261: 267,254,266,82,262,87,219,115,309
262: 17,254,261,310,81,82,87,253,219
263: 306,85,60,83,216,259,256,257,264,112,311
264: 306,15,60,79,83,84,216,251,257,263,112,312
265: 222,266,314,84,30,313,116,221
266: 315,267,222,261,87,314,265,313,116
267: 315,261,266,87,219
268: 224,270,225,271,88
269: 223,270,317,90,276,89,275
270: 224,269,268,318,90,276
271: 320,319,88,272,268
272: 320,271,120,319,326,18,91,88,277,66,232,93,279
273: 321,280,227,93,279
274: 281,322,89,275,228,102
275: 117,94,274,323,282,90,276,89,63,229,269,102
276: 117,118,317,318,323,324,90,89,275,269,95,19,283,270
277: 143,120,367,319,326,18,91,272,66,232,95,19,283
278: 32,66,124,332,232,92,104,294,26,293,103,5,25
279: 226,227,93,272,66,273,232
280: 98,328,286,273,234,21,97,285
281: 94,274,329,282,289,99,102
282: 290,122,94,281,330,100,337,22,127,89,275,68,236,102
283: 64,230,95,19,118,324,90,276,18,91,277
284: 9,42,46,64,69,196,230,237,191,70,43,65,231,174,238,2,20,10
285: 0,287,72,241,24,240,193,292,234,21,4,97,98,286,280
286: 98,335,328,66,280,232,287,21,97,104,285,294,26
287: 241,21,97,285,248,98,126,286,295,105,296
288: 289,99
289: 290,281,100,22,99,298,106,242,288,297,336
290: 94,100,337,282,22,127,289,99,73,243,298,106,3,291,23,101
291: 345,37,133,108,300,6,3,28,23,101,244,12,74,31,290,123,128,338,331,100,22,34
292: 0,11,71,72,24,240,193,239,21,4,97,104,285,294,26,66,232
293: 103,5,25,246,104,14,76,294,26,57,278,92
294: 0,11,71,24,246,292,239,4,104,14,76,26,77,247,98,278,286,92,293,103,5,25
295: 126,105,296,287,77,247,248,303,110,302,342
296: 126,295,105,287,303
297: 350,343,298,249,106,304,289,99
298: 78,111,305,249,250,106,73,243,290,100,22,289,99,344,132,297,108,300,6,28
299: 15,79,251,27,107,57
300: 345,37,344,132,133,108,6,3,28,291,23,101,15,298,78,79,111,305,250,251,106
301: 205,17,58,59,81,253,57,109,29,53,212,213,54,246,206,14,76,77,247
302: 110,354,348,342,349,136,307,113,303,254,82,295,105
303: 254,82,248,295,105,296,110,302,255
304: 111,305,256,350,297,311
305: 298,83,111,257,106,304,344,351,350,132,108,300,6,28,311
306: 84,30,263,264,112,312,311
307: 135,110,348,389,302,342,39,136,347,113,131,341
308: 398,355,141,361,140,114,139
309: 354,355,115,141,361,315,254,261,310,82,87
310: 254,82,262,356,115,309,255
311: 357,351,312,306,111,305,263,112,304
312: 352,138,358,359,311,306,30,264,313,112,116
313: 30,116,266,314,265,312,359,316
314: 315,266,265,313,116,359,360,139,316
315: 267,266,314,115,361,309
316: 360,30,313,116,314,359
317: 117,318,323,90,276,269
318: 118,317,324,362,90,276,270,319
319: 320,271,18,363,91,88,272,277,318
320: 271,368,364,120,144,319,326,321,88,272
321: 320,273
322: 117,274,323,329
323: 117,118,122,317,322,324,329,330,365,90,276,89,275
324: 31,117,118,122,123,142,119,318,323,330,331,325,90,276,95,19,283
325: 118,142,119,147,324,362,373,143,368,367,144,363,334
326: 143,320,368,120,367,144,18,91,272,277,66,232
327: 376,375,369,335,121,149,328
328: 98,335,121,327,286,280
329: 371,117,122,145,281,322,323,330,370,337,127,336
330: 31,371,117,118,122,123,145,94,323,324,329,331,337,282,127
331: 31,372,118,122,123,146,128,338,324,330,34,32,124,332,3,291,23,101
332: 143,367,278,32,124,92,31,123,331,38,134,346
333: 374,33,125,148,381,153,152,147,380,373,40,163,96
334: 399,119,147,325,373
335: 376,98,121,327,126,328,131,341,286
336: 343,377,329,337,127,289,99
337: 290,371,122,145,128,94,338,150,329,330,100,378,282,22,127,34,385,336
338: 31,372,123,146,128,150,331,378,337,127,34,386,345,37,385,133,156,38,134,346,151,379,3,291,23,101
339: 392,157,160,35,387,7,129,161,393
340: 386,345,37,157,352,133,138,156,38,134,346,387,36,130,161,393,135,39,140,347
341: 375,154,335,149,131,382,381,153,307,113
342: 110,390,302,349,383,307,113,126,295,105
343: 384,344,350,132,297,336
344: 345,37,385,351,350,132,133,343,353,108,300,6,28,298,111,305,106
345: 386,37,385,344,132,133,156,353,38,134,346,108,300,6,3,28,291,23,101,36,130,340,128,338,34
346: 386,345,37,133,156,38,134,36,130,340,128,338,34,32,124,332
347: 135,354,348,389,39,388,158,136,307,113,36,130,340
348: 135,110,354,395,390,389,302,355,39,356,141,349,136,347,307,113
349: 110,348,390,302,342,356,136,255
350: 344,351,132,137,343,297,111,305,304
351: 391,357,344,352,350,132,137,138,358,353,311,111,305
352: 392,351,160,138,358,353,312,36,130,340
353: 392,391,386,345,37,385,344,351,160,352,132,133,138,156
354: 135,110,348,302,39,115,136,347,309,254,82
355: 395,348,356,115,141,136,361,309,114,308
356: 348,355,141,349,136,310
357: 351,137,358,311
358: 396,357,351,352,138,312,359
359: 358,312,30,313,116,314,139,316
360: 139,316,314
361: 355,115,141,309,114,308,315
362: 142,119,318,366,325,363
363: 368,364,144,319,119,362,325
364: 320,368,144,363
365: 371,117,142,145,323,366,370
366: 399,142,362,365
367: 374,143,368,120,144,148,326,18,91,277,32,124,332,119,147,325,373
368: 374,143,320,369,364,120,367,144,148,326,363,119,325
369: 375,368,121,327,144,149
370: 371,145,150,329,365,378,377
371: 372,122,142,145,146,150,329,330,365,370,378,337,127
372: 31,152,371,123,142,145,146,128,338,147,331,380,34,373,40,151,379
373: 152,372,142,146,119,147,380,325,40,374,143,33,333,125,367,148,334
374: 375,143,33,368,333,125,367,144,148,149,381,153,147,373
375: 376,374,369,154,121,327,148,149,131,341,382,381,153
376: 375,154,335,121,327,149,382,383
377: 384,336,150,370,378
378: 371,145,128,338,150,370,337,127,34,385,384,377,151,379
379: 386,385,156,151,152,372,146,128,338,150,380,378,34,40
380: 152,372,146,147,373,40,33,333,125,151,379,163
381: 375,374,33,154,333,125,148,149,131,341,382,153,389,96
382: 376,375,154,149,131,341,381,153,389,383
383: 390,342,376,154,382
384: 385,343,155,377,150,378
385: 386,345,37,384,344,132,133,156,353,151,379,128,338,150,378,337,127,34
386: 345,37,385,157,133,156,353,38,134,346,387,151,379,36,130,340,128,338,34
387: 386,157,156,35,339,7,129,36,130,161,340,393,388,158,96
388: 135,162,394,389,39,158,347,96,157,387,161,393
389: 135,348,39,159,388,158,136,347,96,307,113,154,382,381,153
390: 348,342,159,349,136,383
391: 392,351,160,137,155,353
392: 396,391,160,352,138,353,35,339,7,129,161,393,397
393: 392,157,160,35,387,339,7,129,36,130,161,340,162,394,388,158,140,397
394: 398,162,395,388,158,161,393
395: 162,394,348,355,159,141,136
396: 392,160,358,397
397: 398,140,139,396,392,160,161,393
398: 162,394,114,139,308,397
399: 142,366,334