0: 335,103,98,326,105,5,4,292,21,66,14,76,246,348
1: 56,75,210,244,74,245,13,70,238,237,69,198,180,2
2: 27,135,301,299,109,29,237,69,75,245,1,13,291,23,331,31,123,57
3: 70,46,68,45,236,238,196,174,202,258,203,244,50,74
4: 335,103,98,326,105,5,0,292,21,66,14,76,246,348
5: 291,368,103,326,232,0,4,292,23,92,278,66,18,91
6: 84,16,264,112,313,265,107,30
7: 
8: 231,44,47,166,167,188,247,192,204,226,197,97
9: 46,194,45,196,173,201
10: 325,118,317,318,268,270,276,271,320
11: 110,17,53,58,301,81,253,12,109,29,212,218,206
12: 180,176,301,181,182,109,29,206,11,177,198,293
13: 56,75,210,244,74,245,1,70,238,237,69,198,180,2
14: 71,76,246,59,27,301,299,109,29,0,4,292,348
15: 135,251,222,58,261,266,184,265,212,260,221,85,84,61,217
16: 85,6,250,264,135,266,265,107,35,116,57
17: 59,53,254,81,82,253,219,214,206,248,77,11,54
18: 231,92,278,226,233,91,97,279,93,19,230,103,5,232
19: 230,284,20,225,65,276,231,18,91,97
20: 19,68,95,189,230,236,284,275,65,89,276,97,330
21: 287,240,193,54,66,239,105,0,4,292
22: 371,281,127,370,34,377
23: 291,143,103,367,5,230,92,278,2
24: 231,188,233,225,187
25: 39,388,158,347,380,96,387,345,379,133,150
26: 104,240,227,234,280,279,93,273
27: 110,135,301,299,109,2,29,14,76,246,307,354,113,57
28: 36,108,130,331,31,123,329,237,69,60,282,134
29: 110,180,27,135,58,301,12,299,109,2,212,11,198,14,76,246
30: 107,359,6,313,340,316
31: 386,312,36,156,108,130,331,123,28,250,2,129,57
32: 332,372,337,125,36,38,130,379,151,150
33: 375,381,37
34: 22,371,281,336,377
35: 386,312,138,156,107,359,16,116,140,129,57
36: 386,385,344,132,156,353,108,38,130,331,31,123,151,28,329,32
37: 389,159,96,387,375,33,154,149,381
38: 386,36,385,156,353,345,130,379,40,133,151,32
39: 162,161,394,124,388,393,158,347,153,380,346,129,387,25,345,133
40: 392,391,385,160,155,38,378,379,151
41: 175,164,170,51,252,176,185
42: 165,168,190,191,205,43,65,174,187,166
43: 42,168,189,190,195,45,229,174
44: 47,48,49,167,171,172,247,192,193,204,199,71,293,197,8
45: 46,189,194,196,290,100,43,174,9,3,258
46: 168,169,45,196,174,173,9,3
47: 44,166,167,171,247,192,204,293,197,8,191,205,170
48: 44,167,171,172,192
49: 177,44,172,192,193,199,200,71,207,206
50: 78,202,201,178,258,208,209,203,243,3
51: 179,252,169,170,41
52: 62,184,181,185,218,211
53: 17,81,253,219,182,213,260,218,11
54: 21,72,239,207,59,17,81,253,214,248,105
55: 85,56,60,210,250,80,203,244,257,264,74,243
56: 55,179,75,210,80,203,211,245,252,1,13,61,217,180
57: 307,113,129,16,250,27,135,299,2,386,156,35,331,31,123
58: 110,180,135,251,301,266,109,29,15,212,260,218,11,61,217
59: 17,254,81,82,253,54,14,76,246,105,303,348
60: 304,55,244,257,74,243,282,312,344,132,108,28
61: 85,56,210,80,211,217,180,135,251,58,184,15,212
62: 261,86,184,52,213,218
63: 228,73,94,102,274,281
64: 223,224,270,269
65: 42,19,186,189,190,229,284,20,225,187,97
66: 92,21,240,193,278,226,279,93,103,5,0,4,292
67: 
68: 95,189,236,284,290,20,100,237,69,3,258,244,74
69: 68,236,237,75,244,74,245,1,13,2,134,108,28
70: 169,238,205,174,3,75,245,1,13
71: 44,49,92,198,247,192,193,278,199,14,76,246
72: 54,239,207,214,248
73: 63,228,274
74: 55,60,75,258,203,244,243,245,282,1,13,68,236,237,69,3
75: 56,210,244,74,245,1,13,70,238,237,69,198,180,2
76: 71,14,246,59,27,301,299,109,29,0,4,292,348
77: 17,254,81,82,262,253,219,87,248,310,255,303,309
78: 202,201,258,208,249,50,243,282,235,242
79: 83,208,256,263
80: 85,55,56,84,179,210,215,220,203,264,61,217
81: 59,17,53,254,82,253,219,214,206,248,77,11,54
82: 59,110,17,254,81,253,219,87,77,354,303,309
83: 79,208,209,215
84: 85,6,216,220,80,264,251,184,265,15,221
85: 55,84,16,250,80,264,61,217,135,251,266,265,15
86: 261,62
87: 110,267,254,115,266,82,219,260,77,310,354,315,308,309
88: 
89: 95,189,228,229,284,20,275,94,269,276,102
90: 102,128,338,274,317,322,228,269
91: 231,92,278,226,233,18,97,279,93,19,230,103,5,232
92: 247,278,71,226,66,18,91,97,230,291,103,5,23
93: 104,226,227,66,233,18,91,26,279,273,272
94: 63,95,189,228,290,100,275,89,102
95: 68,189,236,284,20,275,94,89,117,102,323,134,122,330
96: 153,380,37,387,25,374,163,148,149,381,300,150
97: 231,92,247,204,278,226,18,91,8,19,230,284,20,65
98: 335,126,328,105,296,286,0,4,292,287,280
99: 336,343,297,289,329,242,288,282,281,122
100: 68,189,194,45,236,290,94,242,258
101: 117,142,145,128,338,127,323,324,122,365,370,337
102: 117,128,338,274,322,323,122,90,63,95,228,275,94,89
103: 291,368,326,5,232,0,4,292,23,92,278,66,18,91
104: 240,227,234,280,26,279,93,273
105: 335,126,98,296,0,4,292,287,21,54,59,302,295,348
106: 384,350,336,343,297,298
107: 312,352,359,35,30,6,16,257,264,112
108: 36,130,331,31,123,28,329,237,69,60,282,134
109: 110,180,27,135,58,301,12,299,2,29,212,11,198,14,76,246
110: 27,254,135,58,301,266,82,299,109,29,212,260,87,11,354
111: 357,351,350,137,305,304,311
112: 306,6,257,263,264,311,352,107
113: 307,124,354,153,346,294,129,57,348,27,299
114: 139,397,340
115: 267,222,314,266,260,87,315
116: 140,308,340,16,314,266,359,35
117: 101,102,128,338,323,324,134,122,330,337,95
118: 10,325,317,318,362,319,320,363
119: 399,372,142,146,147,334,152,300,373
120: 320,369,368,364,326,321,273,286,232,272
121: 376,369,335,327,328,326,382,286
122: 101,117,102,371,281,323,134,337,95,99,289,329
123: 386,312,36,156,108,130,331,31,28,250,2,129,57
124: 307,162,395,394,355,39,141,349,347,153,113,346,294,387
125: 372,32,150,380
126: 383,335,98,328,105,296,302,295
127: 101,22,145,322,365,370
128: 101,117,102,338,317,318,322,323,365,90
129: 307,39,347,113,346,57,386,156,35,331,31,123
130: 386,36,385,344,132,156,353,108,38,331,31,123,151,28,329,32
131: 376,374,335,148,149,326,341,389,153,294,348
132: 312,36,385,344,351,350,343,353,130,329,304,60
133: 386,138,156,38,345,379,161,39,393,347,380,25
134: 117,323,122,330,337,95,237,69,108,28,329
135: 110,180,27,251,58,301,266,299,109,2,29,15,212,85,16,250,61,217,57
136: 395,390,355,356,141,349
137: 391,357,385,384,351,350,111,305
138: 396,386,157,156,353,345,359,35,133,161,393,140,397
139: 398,162,394,355,141,361,140,114,308,346,340
140: 116,162,161,394,393,139,308,397,346,340,138,359,35
141: 162,395,394,124,355,356,349,136,361,354,139,308,346,309
142: 399,101,372,145,119,318,324,362,365,366,334
143: 291,368,367,333,232,23,325,324,330
144: 277
145: 399,101,332,142,146,127,365,366,370
146: 399,332,145,147,119
147: 332,372,146,119,163,300,378,150
148: 374,149,131,341,382,381,333,300,153,96
149: 376,375,374,154,148,131,341,382,381,389,153,96,37,387
150: 379,372,147,32,125,163,300,380,96,25
151: 36,385,155,38,130,378,377,40,332,371,370,337,32
152: 163,381,300,373,119,334
153: 307,124,389,39,347,380,113,294,96,387,374,148,149,131,341
154: 376,375,383,149,389,159,37
155: 385,384,378,377,40,151
156: 386,36,138,353,38,345,130,35,133,331,31,123,129,57
157: 396,138,339,161,393,397
158: 162,161,395,394,39,388,393,347,387,25
159: 395,390,389,37,387,154
160: 392,339,379,40
161: 162,394,39,388,393,158,140,347,397,157,138,345,133
162: 161,395,394,124,355,39,388,393,158,141,140,347,139,346
163: 381,152,300,147,150,96
164: 175,41
165: 42,168,190,191,166
166: 47,167,188,204,197,8,42,165,191,205,187
167: 44,47,48,166,171,188,192,204,197,8
168: 42,46,165,169,191,196,43,174
169: 70,46,168,191,238,205,196,175,174,170,51
170: 169,191,205,175,47,293,197,41,51,252
171: 44,47,48,167,192,293,197
172: 177,44,48,49,192,199,200,207
173: 46,196,9,178
174: 70,42,46,168,169,189,45,238,205,196,43,3
175: 169,191,164,170,41
176: 12,181,185,177,293,41,252
177: 49,172,199,293,207,176,12,182,206
178: 202,179,209,203,50,173
179: 56,51,178,183,210,215,80,203,211,252
180: 135,58,301,12,109,29,212,198,56,75,210,211,245,252,1,13,61,217
181: 176,12,182,52,213,218
182: 53,12,181,213,214,218,206,177
183: 179,215,220,211
184: 251,62,52,15,221,84,220,211,61,217
185: 176,52,41,211,252
186: 190,224,229,225,65,187
187: 42,186,190,225,65,231,166,188,24
188: 231,166,167,204,24,8,187
189: 68,95,45,229,236,284,290,20,100,275,43,65,94,174,89
190: 42,165,186,229,43,65,187
191: 42,165,168,169,205,175,170,47,166,197
192: 44,47,48,49,167,171,172,247,193,204,199,71,293,197,8
193: 44,49,21,240,192,199,200,71,226,66
194: 45,235,290,100,9,201,258
195: 229,43
196: 46,168,169,45,174,173,9,3
197: 44,47,166,167,171,247,192,204,293,8,191,205,170
198: 247,71,293,205,75,245,1,13,180,301,12,109,29
199: 177,44,49,172,192,193,200,71,207,206
200: 49,241,172,240,193,199,239,207
201: 78,202,258,50,194,235,9
202: 78,201,178,258,208,209,203,50,243,3
203: 55,56,202,178,179,210,215,80,244,50,74,243,3
204: 231,44,47,166,167,188,247,192,226,197,97,8
205: 70,42,169,191,238,174,170,47,166,198,247,293,197
206: 17,81,253,12,182,214,11,177,49,199,207
207: 177,49,72,172,199,200,54,239,214,206
208: 78,79,83,202,209,249,50,243
209: 83,202,178,208,215,50
210: 55,56,179,75,80,203,211,245,252,1,13,61,217,180
211: 56,179,183,210,220,252,61,217,180,184,52,185
212: 110,180,135,251,58,301,266,109,29,15,260,218,11,61,217
213: 53,62,181,182,218
214: 17,81,253,219,182,206,248,72,54,207
215: 83,179,183,209,220,80,203
216: 84,220,259
217: 85,56,210,80,211,61,180,135,251,58,184,15,212
218: 53,58,261,62,181,182,52,212,213,260,11
219: 267,17,53,254,81,82,262,253,214,260,87,248,77
220: 84,183,215,216,80,211,184
221: 251,222,184,265,15,84
222: 251,261,115,266,265,15,221
223: 64,228,229,269
224: 64,186,225,268,270
225: 19,186,224,268,65,187,231,24
226: 231,92,193,204,278,66,233,18,91,97,8,279,93
227: 104,233,26,279,93,273,272
228: 63,223,73,275,94,89,269,102,274,90
229: 186,189,190,195,223,275,43,65,89
230: 19,284,20,92,278,18,91,97,330,291,23
231: 188,204,226,233,24,18,91,97,8,19,225,187
232: 320,368,143,120,103,367,5,333,272,18,91,325
233: 231,226,227,24,18,91,271,279,93,272
234: 104,287,241,240,280,26,285
235: 194,242,78,201
236: 68,95,189,284,290,20,100,237,69,3,258,244,74
237: 68,236,69,75,244,74,245,1,13,2,134,108,28
238: 70,169,205,174,3,75,245,1,13
239: 287,21,72,241,240,200,54,207
240: 104,287,21,241,193,200,66,234,239,26
241: 240,200,234,239,285
242: 235,290,100,288,78,258,282,99,289
243: 55,60,78,202,258,208,203,244,50,74,282
244: 55,60,75,258,203,74,243,245,282,1,13,68,236,237,69,3
245: 56,75,210,244,74,1,13,70,238,237,69,198,180,2
246: 71,14,76,59,27,301,299,109,29,0,4,292,348
247: 44,47,92,198,192,204,278,71,293,197,97,8,205
248: 17,81,253,219,214,77,72,54
249: 78,208,256,297
250: 85,55,16,257,264,135,312,331,31,123,57
251: 135,222,58,261,266,184,265,15,212,260,221,85,84,61,217
252: 56,51,179,210,211,170,293,41,180,176,185
253: 59,17,53,254,81,82,219,214,206,248,77,11,54
254: 59,110,17,81,82,253,219,87,77,354,303,309
255: 356,303,309,77,310
256: 304,79,249,263,311
257: 304,55,60,250,263,264,112,312,107
258: 78,202,201,244,50,74,243,282,68,194,45,236,290,100,242,3
259: 216
260: 110,267,53,251,58,261,115,266,219,15,212,218,87
261: 251,222,62,86,15,260,218
262: 267,219,77
263: 306,79,256,257,264,311,112
264: 85,55,6,84,16,250,80,257,263,112,107
265: 251,222,266,313,15,221,85,6,84,16
266: 110,135,251,222,58,115,265,15,212,260,87,85,16,116
267: 115,262,219,260,87
268: 224,225,270,271,10
269: 64,223,228,275,89,270,276,317,90
270: 64,224,268,269,10,317
271: 233,268,10,320,272
272: 320,120,273,232,227,233,271,279,93
273: 120,321,286,272,104,227,280,26,279,93
274: 102,322,90,63,228,73
275: 95,189,228,229,284,20,94,89,269,276,102
276: 19,284,20,275,89,269,10,317,330
277: 369,364,144,283,363
278: 92,247,71,226,66,18,91,97,230,291,103,5,23
279: 104,226,227,66,233,18,91,26,93,273,272
280: 104,287,234,26,98,273,286
281: 22,371,122,34,63,288,336,99,289
282: 60,78,258,244,74,243,242,108,99,289,28,329
283: 369,368,364,363,333,277,373,325
284: 19,68,95,189,230,236,20,275,65,89,276,97,330
285: 241,234
286: 335,120,121,327,98,328,326,321,273,280
287: 21,240,234,239,280,98,105,296
288: 242,281,336,297,99,289
289: 336,343,297,99,329,242,288,282,281,122
290: 68,189,194,45,236,100,94,242,258
291: 143,103,367,5,23,230,92,278,2
292: 335,103,98,326,105,5,0,4,21,66,14,76,246,348
293: 177,44,47,198,171,247,192,197,205,170,252,176,12
294: 307,124,390,389,302,349,153,113,348,383,131,341
295: 302,342,303,126,105,296
296: 126,98,105,287,295
297: 350,336,343,106,298,99,289,288,304,249
298: 384,350,336,343,106,297
299: 110,27,135,301,109,2,29,14,76,246,307,354,113,57
300: 374,163,148,381,152,373,372,147,119,150,96
301: 110,180,27,135,58,12,299,109,2,29,212,11,198,14,76,246
302: 390,342,349,303,295,294,348,383,126,105
303: 255,302,342,349,295,309,59,254,82,77
304: 60,256,257,311,312,344,351,350,132,111,305,297
305: 357,351,350,137,111,304,311
306: 263,311,112,352
307: 124,354,153,113,346,294,129,57,348,27,299
308: 116,355,141,361,354,140,315,139,346,309,87
309: 255,355,356,141,349,361,354,303,308,254,82,87,77,310
310: 87,77,255,356,361,309
311: 306,304,256,263,112,352,111,305
312: 344,351,132,353,107,35,331,31,123,304,60,250,257
313: 314,265,6,30,316
314: 115,313,116,360,315,340,316
315: 360,361,308,314,115,87
316: 360,340,314,313,30
317: 10,118,128,338,318,90,270,269,276
318: 10,325,118,142,128,338,317,324,362,365
319: 118
320: 368,364,120,363,232,272,271,10,325,118
321: 120,273,286
322: 102,128,338,274,127,365,90
323: 101,117,102,128,338,324,134,122,330,337,95
324: 101,372,325,117,142,318,323,330,337,143,367
325: 10,118,318,324,362,320,368,143,367,283,363,333,232
326: 369,368,335,120,121,327,103,131,341,5,286,0,4,292
327: 376,369,335,121,328,326,382,286
328: 335,121,327,126,98,286
329: 36,344,132,343,108,130,99,289,28,282,371,134,122,337
330: 117,323,324,134,95,230,284,20,276,143,367
331: 386,312,36,156,108,130,31,123,28,250,2,129,57
332: 145,146,147,370,32,378,151
333: 374,369,368,143,367,148,283,232,373,325
334: 399,142,119,362,366,152,373
335: 376,121,327,126,98,328,131,326,105,341,286,0,4,292,348
336: 343,106,297,298,99,289,288,371,281,34
337: 101,372,117,323,324,134,122,32,151,329
338: 101,117,102,128,317,318,322,323,365,90
339: 396,392,391,157,160
340: 116,360,140,114,139,397,316,314,359,30
341: 376,374,335,148,149,131,326,389,153,294,348
342: 390,302,349,303,295
343: 385,384,344,350,132,336,106,297,298,99,289,329,371
344: 312,36,385,351,350,132,343,353,130,329,304,60
345: 386,138,156,38,379,133,161,39,393,347,380,25
346: 307,162,394,124,355,39,141,354,140,347,139,308,113,129
347: 162,161,394,124,39,388,393,158,153,380,346,129,387,25,345,133
348: 307,302,113,294,14,76,246,59,335,131,105,341,0,4,292
349: 124,390,302,355,342,356,141,136,354,303,294,309
350: 344,351,132,137,343,111,106,305,297,298,304
351: 312,357,385,344,350,132,137,353,111,305,304
352: 357,358,107,306,311,112
353: 391,386,312,36,385,344,351,132,138,156,38,130
354: 307,355,141,349,308,113,346,309,110,27,254,82,299,87
355: 162,395,394,124,356,141,349,136,361,354,139,308,346,309
356: 255,355,141,349,136,361,309,310
357: 351,352,137,358,111,305
358: 396,357,352,359
359: 396,138,358,107,35,30,116,140,397,340
360: 315,340,316,314
361: 355,356,141,315,139,308,309,310
362: 325,118,142,318,366,334,363,373
363: 320,364,283,277,325,118,362
364: 320,369,368,120,283,363,277
365: 101,142,145,128,338,127,318,322,366
366: 399,142,145,362,365,334
367: 291,368,143,333,232,23,325,324,330
368: 320,369,364,143,120,103,367,326,5,283,333,232,325
369: 368,364,120,121,327,326,382,283,333,277
370: 101,332,22,145,371,127,377,151
371: 22,281,122,370,34,336,343,377,151,329
372: 142,147,119,324,337,32,125,300,150
373: 283,333,152,300,119,362,334
374: 148,149,131,341,382,381,333,300,153,96
375: 376,33,154,149,382,37
376: 375,154,383,335,121,327,149,131,341,382,389
377: 384,155,151,22,371,370,34
378: 155,379,40,151,332,147
379: 392,160,38,345,378,40,133,150,32,25
380: 39,347,153,96,25,125,345,133,150
381: 374,33,163,148,149,382,152,300,96,37
382: 376,375,374,369,121,327,148,149,381
383: 376,154,126,390,389,302,294
384: 385,137,343,155,106,298,377
385: 391,36,384,344,351,132,137,343,155,353,38,130,40,151
386: 36,138,156,353,38,345,130,35,133,331,31,123,129,57
387: 395,124,389,39,159,388,158,347,153,96,37,25,149
388: 162,161,395,394,39,393,158,347,387,25
389: 390,159,153,294,37,387,376,154,383,149,131,341
390: 395,389,302,342,159,349,136,294,383
391: 385,137,353,339,40
392: 160,339,379,40
393: 162,161,394,39,388,158,140,347,397,157,138,345,133
394: 162,161,395,124,355,39,388,393,158,141,140,347,139,346
395: 162,394,124,390,355,159,388,158,141,136,387
396: 157,138,358,359,339,397
397: 161,393,140,114,340,396,157,138,359
398: 139
399: 142,145,146,119,366,334