0: 11,280,287,71,72,240,193,292,26,239,21,4,97,104,285,294,98,286,105
1: 252,135,80,301,109,29,13,245,75,14,76,246,247,244,12,74
2: 42,52,64,204,230,284,95,19,283,191,43,65,231,174,20,8,205,53
3: 291,23,38,134,346,101,108,28,300,6,69,237,244,12,74,57,31,123,331
4: 0,11,280,287,71,72,240,193,292,26,239,21,97,104,285,294,98,286,105
5: 124,103,332,293,25,32,278,26,104,294,92,299,27,57,14,76,246
6: 291,340,385,344,132,23,353,130,312,36,101,3,108,28,300,298,250,106,111,305
7: 
8: 52,169,204,284,191,43,174,2,20,70,238,47,205,53,197
9: 45,46,168,194,195,258,173,196,202,201,50
10: 64,224,230,95,19,283,270,268,65,231,225,272,276,90,18,91,277
11: 0,49,71,72,240,193,199,247,292,26,239,4,104,294,14,76,246
12: 244,100,290,74,69,237,70,238,57,1,13,245,75,291,23,101,3
13: 252,135,80,301,109,29,1,245,75,14,76,246,247,244,12,74
14: 299,301,109,29,27,59,1,13,245,75,76,246,11,71,247,26,239,104,294,103,293,25,5
15: 55,56,60,78,79,83,100,209,210,216,250,251,257,264,290
16: 313,266,116,265,250,221
17: 303,254,301,81,82,253,219,109,29,214,218,206,54,77,59,248
18: 319,91,277,143,367,95,19,283,10,272,118,318,324
19: 64,69,230,237,284,95,283,2,20,10,330,276,122,90,18,91,277
20: 42,52,64,204,230,284,95,19,283,191,43,65,231,174,2,8,205,53
21: 0,287,72,241,240,193,200,292,234,4,97,285
22: 128,151,338,281,370,34,377,336
23: 291,38,134,346,101,3,108,28,300,6,69,237,244,12,74,57,31,123,331
24: 225,188,233,187
25: 124,103,332,293,5,32,278,26,104,294,92,299,27,57,14,76,246
26: 0,11,71,278,292,239,4,104,294,92,14,76,246,98,103,232,293,286,66,25,5
27: 254,135,299,82,57,59,14,76,246,103,293,25,5,307,354,113
28: 291,340,385,344,132,23,353,130,312,36,101,3,108,300,6,298,250,106,111,305
29: 252,17,135,58,80,301,81,253,109,212,218,206,54,1,13,245,75,14,76,246,247
30: 84,112,313,116,265,107,316
31: 330,123,122,331,337,127,69,237,124,332,32,291,23,38,134,346,101,3
32: 124,368,103,332,125,293,333,25,5,143,367,31,123,331,38,134,346
33: 375,381
34: 371,117,145,128,151,338,281,323,282,365,337,22,127,94
35: 396,386,340,352,138,156,353,130,339,37,129,36,345,133,161,393,140
36: 340,353,35,130,312,339,37,129,345,108,28,133,300,6,250,57
37: 386,340,156,38,134,346,35,130,339,129,36,345,133,387
38: 386,291,23,156,134,346,37,101,3,345,133,57,31,123,331,124,332,32,387
39: 162,395,394,348,389,388,158,136,347
40: 152,372,146,147,380,373,125,333,163,379
41: 176,175,170,203,51
42: 64,165,186,189,190,229,230,284,191,43,65,231,174,2,20
43: 42,52,165,204,187,284,191,65,231,2,20,8,166,47,188,205,53,197
44: 47,48,49,167,171,188,192,193,198,199,197
45: 9,68,168,189,194,195,236,258,102,174
46: 9,169,173,196,203,202,178,51,50
47: 44,48,170,167,171,188,192,198,197,52,204,191,43,8,166
48: 177,44,47,49,170,171,192,198,199,247,197,176
49: 11,177,44,48,71,72,172,240,192,193,198,199,200,247,239,206,54
50: 55,56,78,202,178,100,209,210,290,9,46,258,196,70,238
51: 203,179,180,46,196,170,41
52: 169,204,284,191,43,174,2,20,8,70,238,47,205,53,197
53: 205,278,92,52,204,284,191,43,2,20,8
54: 17,301,81,253,182,109,29,214,218,206,177,49,199,247,207
55: 15,56,60,78,79,83,202,178,179,208,209,210,215,216,251,257,50
56: 15,55,79,202,179,100,209,210,251,290,50,180,70,238
57: 135,299,27,244,12,74,103,293,25,5,291,340,23,38,134,346,130,36,101,3
58: 61,261,301,87,219,185,109,217,29,212,260,218
59: 17,303,254,299,81,82,253,27,14,76,246,248,307,110,354,302,113
60: 15,85,55,79,83,209,215,216,220,259,251,257,263,264
61: 58,185,217,212,184,211,221,180
62: 86,185,213
63: 228,102,275,89,274,281,282,94
64: 42,224,229,230,284,95,19,283,65,231,2,20,10
65: 42,64,186,224,230,187,284,191,43,231,2,20,10,225
66: 98,120,326,232,286,26,104,279,294,93
67: 
68: 45,195,236,258,102,174,243,73,70,238,100,290
69: 237,95,19,283,244,12,74,31,330,123,122,331,291,23,101,3
70: 52,68,204,236,174,8,238,56,202,244,100,210,12,290,74,50
71: 0,11,49,72,240,193,199,247,292,26,239,4,104,294,14,76,246
72: 0,11,49,287,71,241,240,193,199,200,292,239,21,248,207,4,97,285
73: 68,236,258,102,243,298,78,100,106,290,242,282,94,99,289
74: 244,100,12,290,69,237,70,238,57,1,13,245,75,291,23,101,3
75: 252,135,80,301,109,29,1,13,245,14,76,246,247,244,12,74
76: 299,301,109,29,27,59,1,13,245,75,14,246,11,71,247,26,239,104,294,103,293,25,5
77: 17,303,254,310,81,82,262,253,110,302,255
78: 15,55,298,79,202,100,208,209,249,251,106,290,50,242,258,243,73
79: 15,55,56,60,78,83,100,209,210,216,250,251,257,264,290
80: 252,301,176,181,109,29,218,1,13,245,75,247,180
81: 17,303,254,301,82,253,219,109,29,214,218,206,54,77,59,248
82: 17,303,254,299,261,81,87,253,27,77,59,110,354,302,115,309
83: 15,55,60,79,209,216,249,251,256,257,263,264,111,311,305,304
84: 85,30,220,259,112,221,265
85: 60,84,216,220,259,263
86: 62
87: 267,254,58,261,266,82,219,212,260,115,309
88: 320,271,319,268,272
89: 63,102,275,330,117,276,323,282,122,90,94,269
90: 330,117,118,276,317,318,323,324,122,269,95,19,283,270,275,89,10
91: 319,18,277,143,367,95,19,283,10,272,118,318,324
92: 205,278,26,53,104,294,103,293,25,5
93: 226,227,233,272,279,232,66,273
94: 330,128,338,281,282,122,337,127,34,63,102,275,243,89,73
95: 64,69,230,237,284,19,283,2,20,10,330,276,122,90,18,91,277
96: 388,158,387,153,149,125,381,333,163
97: 0,287,72,241,240,193,200,292,234,21,4,285
98: 335,120,326,232,286,66,105,0,280,292,26,4,104,294
99: 343,297,288,329,289,336,243,73,298,106,242,281
100: 15,56,78,79,202,244,210,12,251,290,74,50,68,236,258,243,73,70,238
101: 291,23,38,134,346,3,108,28,300,6,69,237,244,12,74,57,31,123,331
102: 45,68,195,228,235,236,258,63,275,243,89,73,282,94
103: 124,332,293,25,5,32,278,26,104,294,92,299,27,57,14,76,246
104: 0,11,71,278,292,26,239,4,294,92,14,76,246,98,103,232,293,286,66,25,5
105: 98,296,335,126,286,0,280,287,292,4
106: 298,78,249,111,305,243,73,344,132,343,297,329,108,28,300,6,99,289
107: 352,138,358,312,359,30,264,112,313,116
108: 291,340,385,344,132,23,353,130,312,36,101,3,28,300,6,298,250,106,111,305
109: 252,17,135,58,80,301,81,253,29,212,218,206,54,1,13,245,75,14,76,246,247
110: 307,354,348,302,355,342,356,141,349,136,255,113,295,303,254,82,77,59
111: 298,83,257,106,264,311,305,304,344,351,350,132,312,108,28,300,6
112: 306,84,30,263,264,311,107
113: 307,110,354,348,389,302,342,136,153,299,27,59,131,341
114: 398,162,394,355,141,361,140,139,308
115: 354,355,141,361,309,315,254,261,310,82,87
116: 313,314,266,265,16,30,359,107,316
117: 330,118,276,128,338,317,322,323,324,122,365,90,34,269,275,89
118: 330,117,276,142,119,318,323,324,122,90,325,18,91,277,143,367
119: 118,142,147,324,362,334,325,373,374,148,363,143,367
120: 320,369,368,98,326,321,232,286,66
121: 376,369,335,327,328,382
122: 31,330,117,118,276,123,323,324,282,331,90,337,127,94,69,237,95,19,283,275,89
123: 31,330,122,331,337,127,69,237,124,332,32,291,23,38,134,346,101,3
124: 368,103,332,125,293,333,25,5,32,143,367,31,123,331,38,134,346
125: 374,124,368,332,148,381,333,32,143,367,152,147,380,373,40,96,387,153
126: 383,296,335,105,342,295
127: 31,330,371,123,145,128,151,338,150,282,122,331,378,337,34,94,385,329
128: 371,117,145,151,338,281,323,282,365,337,22,127,34,94
129: 396,386,340,352,138,156,353,35,130,339,37,36,345,133,161,393,140
130: 340,353,35,312,339,37,129,36,345,108,28,133,300,6,250,57
131: 376,335,149,341,307,389,342,113,153
132: 385,344,351,350,343,353,297,329,108,28,300,6,298,106,111,305
133: 386,340,156,38,134,346,35,130,339,37,129,36,345,387
134: 386,291,23,156,38,346,37,101,3,345,133,57,31,123,331,124,332,32,387
135: 299,301,109,29,27,57,1,13,245,75
136: 307,110,354,395,348,390,389,302,355,342,39,141,349,347,113
137: 391,357,351,350
138: 396,357,351,352,358,353,35,312,339,129,107
139: 398,360,140,114,308,397,359
140: 161,393,114,139,308,397,35,359,339,129
141: 110,354,395,348,302,355,356,136,361,114,308,115,309
142: 399,372,371,118,145,146,119,324,362,365,366,325
143: 374,124,368,332,148,18,91,125,277,333,32,367,118,119,147,324,325,373
144: 369,364
145: 372,371,142,146,128,151,338,150,365,370,378,337,127,34
146: 152,372,371,142,145,150,147,380,378,373,40
147: 152,372,146,119,380,334,325,373,40,374,148,125,381,333,143,367
148: 374,369,368,149,382,125,381,333,143,367,119,147,325,373
149: 376,374,148,131,341,382,381,389,96,153
150: 372,371,145,146,151,378,337,127,386,385,156
151: 371,145,128,338,150,370,378,337,22,127,34,385,384,377,329
152: 372,146,147,380,373,40,125,333,163,379
153: 307,389,96,387,113,368,149,131,341,125,333
154: 390,389,159,376,383
155: 392,391,384,160
156: 386,385,353,38,134,346,35,339,37,129,379,345,133,150,378,387
157: 396,161,393,397
158: 162,395,394,389,39,388,347,96
159: 395,390,154
160: 392,155
161: 162,394,393,140,397,157,35,339,129
162: 398,161,395,394,39,388,393,158,347,114,308
163: 381,152,380,40,379,96
164: 175
165: 42,169,190,191,43,174,166
166: 165,191,43,47,167,197
167: 44,47,171,188,192,197,166
168: 9,45,169,189,195
169: 52,46,165,168,204,174,8,196
170: 47,48,171,198,197,175,203,51,176,41
171: 177,44,47,48,170,167,172,192,198,197
172: 177,49,171,199,200
173: 9,46,196
174: 42,45,52,68,165,169,195,204,236,284,2,20,8,70,238
175: 170,164,41
176: 252,80,181,182,41,177,48,170,198
177: 48,49,171,172,198,199,176,182,206,54
178: 55,202,179,209,215,50,46,196
179: 203,55,56,178,183,209,210,215,51,211,180
180: 203,56,179,210,51,211,61,252,80,217
181: 252,80,176,182,185,213,218
182: 176,181,213,214,218,206,54,177
183: 184,179,215,220,211
184: 183,220,211,221,61,185,217
185: 61,58,62,181,217,212,184,211
186: 42,190,224,229,187,65,231
187: 186,191,43,65,231,225,188,24
188: 44,47,167,192,226,24,197,187,191,43
189: 42,45,168,190,195,229
190: 42,165,186,189,229
191: 42,52,165,204,187,284,43,65,231,2,20,8,166,47,188,205,53,197
192: 44,47,48,49,167,171,188,193,198,199,197
193: 0,11,44,49,71,72,240,192,199,200,226,292,239,21,4,97,285
194: 9,45,195,235,258,201
195: 9,45,68,168,189,194,236,258,102,174
196: 9,46,169,173,203,202,178,51,50
197: 44,47,48,170,167,171,188,192,198,52,204,191,43,8,166
198: 177,44,47,48,49,170,171,192,199,247,197,176
199: 11,177,44,48,49,71,72,172,240,192,193,198,200,247,239,206,54
200: 49,72,241,172,240,193,199,21,207,97,285
201: 208,242,9,194,235,258
202: 55,56,78,178,100,209,210,290,50,9,46,258,196,70,238
203: 179,51,180,46,196,170,41
204: 52,169,284,191,43,174,2,20,8,70,238,47,205,53,197
205: 278,53,92,52,204,284,191,43,2,20,8
206: 17,301,81,253,182,109,29,214,218,54,177,49,199,247,207
207: 72,241,240,200,248,214,206,54
208: 55,78,201,209,249,256
209: 15,55,56,60,78,79,83,202,178,179,208,210,215,216,251,257,50
210: 15,55,56,79,202,179,100,209,251,290,50,180,70,238
211: 184,179,183,180,61,185,217
212: 61,58,261,301,87,219,185,109,217,29,260,218
213: 62,181,182,214,218
214: 17,81,253,182,213,218,206,54,207
215: 55,60,178,179,183,209,216,220
216: 15,85,55,60,79,83,209,215,220,259,251,257,263,264
217: 61,58,185,212,184,211,221,180
218: 252,17,58,80,301,81,253,219,181,182,109,29,212,213,214,206,54
219: 17,58,261,81,262,87,253,212,260,218
220: 85,60,184,84,183,215,216,259,221
221: 184,84,220,61,222,265,16,217
222: 266,265,260,221
223: 224,229,270,269
224: 64,186,223,229,230,270,268,65,231,10,225
225: 233,24,272,224,187,268,65,231,10
226: 188,193,233,279,93
227: 233,279,93,273
228: 63,102
229: 42,64,186,189,190,223,224,230
230: 42,64,224,229,284,95,19,283,65,231,2,20,10
231: 42,64,186,224,230,187,284,191,43,65,2,20,10,225
232: 98,120,326,286,66,26,104,279,294,93
233: 225,226,227,24,272,279,93
234: 280,21,97,285
235: 194,258,102,201,242
236: 45,68,195,258,102,174,243,73,70,238,100,290
237: 69,95,19,283,244,12,74,31,330,123,122,331,291,23,101,3
238: 52,68,204,236,174,8,70,56,202,244,100,210,12,290,74,50
239: 0,11,49,71,72,240,193,199,247,292,26,4,104,294,14,76,246
240: 0,11,49,287,71,72,241,193,199,200,292,239,21,248,207,4,97,285
241: 287,72,240,200,21,248,207,97,285
242: 78,201,249,235,258,243,73,99,289
243: 68,236,258,102,73,298,78,100,106,290,242,282,94,99,289
244: 100,12,290,74,69,237,70,238,57,1,13,245,75,291,23,101,3
245: 252,135,80,301,109,29,1,13,75,14,76,246,247,244,12,74
246: 299,301,109,29,27,59,1,13,245,75,14,76,11,71,247,26,239,104,294,103,293,25,5
247: 11,48,49,71,198,199,239,252,80,301,109,29,206,54,1,13,245,75,14,76,246
248: 287,72,241,240,207,17,303,81,253,59
249: 298,78,83,208,256,257,106,242,304,297
250: 15,79,251,264,16,340,130,312,36,108,28,300,6
251: 15,55,56,60,78,79,83,100,209,210,216,250,257,264,290
252: 80,301,176,181,109,29,218,1,13,245,75,247,180
253: 17,303,254,301,81,82,219,109,29,214,218,206,54,77,59,248
254: 17,303,299,261,81,82,87,253,27,77,59,110,354,302,115,309
255: 110,302,356,349,295,303,310,77
256: 83,208,249,257,263,304
257: 15,55,60,79,83,209,216,249,251,256,263,264,111,311,305,304
258: 9,45,68,194,195,235,236,102,243,73,78,202,201,100,290,50,242
259: 85,60,84,216,220,263
260: 267,222,58,261,266,87,219,212
261: 267,254,58,266,82,87,219,212,260,115,309
262: 267,219,77
263: 85,60,83,216,259,256,257,264,311,112
264: 15,60,79,83,216,250,251,257,263,111,311,112,305,312,107
265: 313,222,266,116,16,84,30,221
266: 315,313,267,222,314,261,87,116,265,16,260
267: 315,261,266,262,87,260
268: 224,270,10,225,272,271,88
269: 117,276,317,323,90,223,270,275,89
270: 223,224,268,10,276,317,318,90,269
271: 320,319,88,268,272
272: 225,233,279,93,268,10,320,271,319,18,91,88,277
273: 321,280,227,279,93
274: 322,63
275: 63,102,89,330,117,276,323,282,122,90,94,269
276: 330,117,118,317,318,323,324,122,90,269,95,19,283,270,275,89,10
277: 319,18,91,143,367,95,19,283,10,272,118,318,324
278: 205,26,53,104,294,92,103,293,25,5
279: 226,227,233,272,93,232,66,273
280: 0,292,234,4,98,328,286,105,273
281: 128,338,282,22,34,94,63,99,289,336
282: 330,128,338,281,122,337,127,34,94,63,102,275,243,89,73
283: 64,69,230,237,284,95,19,2,20,10,330,276,122,90,18,91,277
284: 42,52,64,204,230,95,19,283,191,43,65,231,174,2,20,8,205,53
285: 0,287,72,241,240,193,200,292,234,21,4,97
286: 98,335,120,326,232,66,105,0,280,292,26,4,104,294
287: 0,72,241,240,292,21,248,4,97,285,296,105
288: 99,289,336
289: 343,297,288,329,99,336,243,73,298,106,242,281
290: 15,56,78,79,202,244,100,210,12,251,74,50,68,236,258,243,73,70,238
291: 23,38,134,346,101,3,108,28,300,6,69,237,244,12,74,57,31,123,331
292: 0,11,280,287,71,72,240,193,26,239,21,4,97,104,285,294,98,286,105
293: 124,103,332,25,5,32,278,26,104,294,92,299,27,57,14,76,246
294: 0,11,71,278,292,26,239,4,104,92,14,76,246,98,103,232,293,286,66,25,5
295: 110,302,342,349,255,303,296,126
296: 126,105,287,295
297: 344,350,132,343,99,289,298,249,106,304
298: 78,249,106,111,305,243,73,344,132,343,297,329,108,28,300,6,99,289
299: 254,135,82,27,57,59,14,76,246,103,293,25,5,307,354,113
300: 291,340,385,344,132,23,353,130,312,36,101,3,108,28,6,298,250,106,111,305
301: 252,17,135,58,80,81,253,109,29,212,218,206,54,1,13,245,75,14,76,246,247
302: 307,110,354,348,355,342,356,141,349,136,255,113,295,303,254,82,77,59
303: 17,254,81,82,253,77,59,248,110,302,255,295
304: 83,249,256,257,111,311,305,351,350,297
305: 298,83,257,106,264,111,311,304,344,351,350,132,312,108,28,300,6
306: 112
307: 110,354,348,389,302,342,136,113,153,299,27,59,131,341
308: 398,162,394,355,141,361,140,114,139
309: 354,355,141,361,115,315,254,261,310,82,87
310: 77,356,255,115,309
311: 83,257,263,264,111,112,305,304,357,351,312
312: 340,351,352,138,353,130,107,36,108,28,300,6,250,264,111,311,305
313: 314,266,116,265,16,30,359,107,316
314: 315,313,266,116,360,316
315: 267,314,266,361,115,309
316: 360,30,313,314,116,359
317: 117,276,318,323,90,269,270
318: 118,276,317,324,362,90,270,319,18,91,277,363
319: 320,271,364,18,91,88,277,363,272,318
320: 271,364,120,319,326,321,88,272
321: 320,120,326,273
322: 117,274,323
323: 330,117,118,276,128,338,317,322,324,122,365,90,34,269,275,89
324: 330,117,118,276,142,119,318,323,122,90,325,18,91,277,143,367
325: 118,142,119,147,324,362,334,373,374,148,363,143,367
326: 320,369,368,98,120,321,232,286,66
327: 376,369,335,121,328,382
328: 335,121,327,280
329: 385,344,132,343,99,289,298,106,151,337,127
330: 31,117,118,276,123,323,324,282,122,331,90,337,127,94,69,237,95,19,283,275,89
331: 31,330,123,122,337,127,69,237,124,332,32,291,23,38,134,346,101,3
332: 124,368,103,125,293,333,25,5,32,143,367,31,123,331,38,134,346
333: 374,124,368,332,148,125,381,32,143,367,152,147,380,373,40,96,387,153
334: 399,119,147,325,373
335: 376,98,121,327,126,328,131,341,286,105
336: 343,377,288,99,289,281,22
337: 31,330,371,123,145,128,151,338,150,282,122,331,378,127,34,94,385,329
338: 371,117,145,128,151,281,323,282,365,337,22,127,34,94
339: 396,386,340,352,138,156,353,35,130,37,129,36,345,133,161,393,140
340: 353,35,130,312,339,37,129,36,345,108,28,133,300,6,250,57
341: 376,335,149,131,307,389,342,113,153
342: 307,110,348,390,389,302,349,136,113,295,383,126,131,341
343: 384,344,350,132,297,329,99,289,336,298,106
344: 385,351,350,132,343,353,297,329,108,28,300,6,298,106,111,305
345: 386,340,156,38,134,346,35,130,339,37,129,36,133,387
346: 386,291,23,156,38,134,37,101,3,345,133,57,31,123,331,124,332,32,387
347: 162,395,394,348,389,39,388,158,136
348: 307,110,354,395,390,389,302,355,342,39,141,349,136,347,113
349: 110,348,390,302,342,356,136,255,295
350: 344,351,132,137,343,297,111,305,304
351: 391,357,344,352,350,132,137,138,353,312,111,311,305,304
352: 396,357,351,138,358,353,35,312,339,129,107
353: 391,386,340,385,344,351,352,132,138,156,35,130,312,339,129,36,108,28,300,6
354: 307,110,348,302,355,141,136,113,115,309,254,299,82,27,59
355: 110,354,395,348,302,356,141,136,361,114,308,115,309
356: 110,302,355,141,349,361,255,310
357: 351,352,137,138,358,311
358: 396,357,352,138,359,107
359: 358,107,313,116,140,139,316
360: 139,316,314
361: 355,356,141,114,308,115,309,315
362: 142,119,318,366,325,363
363: 364,319,119,318,362,325
364: 320,369,144,319,363
365: 371,117,142,145,128,338,323,366,34
366: 399,142,362,365
367: 374,124,368,332,148,18,91,125,277,333,32,143,118,119,147,324,325,373
368: 374,124,120,332,148,326,125,333,32,143,367,153
369: 374,364,120,121,327,144,148,326,382
370: 371,145,151,22,377
371: 372,142,145,146,128,151,338,150,365,370,378,337,127,34
372: 152,371,142,145,146,150,147,380,378,373,40
373: 152,372,146,119,147,380,334,325,40,374,148,125,381,333,143,367
374: 369,368,148,149,382,125,381,333,143,367,119,147,325,373
375: 376,33,382
376: 375,383,335,121,327,149,131,341,382,154
377: 384,336,151,370,22
378: 372,371,145,146,151,150,337,127,386,385,156
379: 386,156,152,380,40,163,387
380: 152,372,146,147,373,40,125,333,163,379
381: 374,33,148,149,382,125,333,163,147,373,96
382: 376,375,374,369,121,327,148,149,381
383: 376,126,390,342,154
384: 385,343,155,377,151
385: 386,384,344,132,156,353,329,108,28,300,6,151,150,378,337,127
386: 385,156,353,38,134,346,35,339,37,129,379,345,133,150,378,387
387: 96,153,125,333,386,156,38,134,346,37,379,345,133
388: 162,395,394,389,39,158,347,96
389: 307,348,390,342,39,388,158,136,154,347,113,153,149,131,341
390: 395,348,389,342,159,349,136,154,383
391: 351,137,155,353
392: 160,155
393: 162,161,394,140,397,157,35,339,129
394: 398,162,161,395,39,388,393,158,347,114,308
395: 162,394,348,390,355,39,159,388,158,141,136,347
396: 157,352,138,358,35,339,129,397
397: 398,161,393,140,139,396,157
398: 162,394,114,139,308,397
399: 142,366,334