0: 226,66,279,694,908,691,18,784,474,5,732
1: 580,596,18,903,948,782,29,605,548,4,784,367,331
2: 433,212,210,217,652,797,180,56,774,676,915
3: 189,194,45,787,68,752,258,243,518,575,658,677
4: 291,131,784,333,671,367,741,623,1,548,125,331
5: 327,286,474,590,661,737,765,66,279,92,0,877
6: 936,16,542,613,423,313,112,543,742,107,30,795,116
7: 157,462,133,856,550,614
8: 585,604,227,24,840,26,611,722,792,843
9: 194,563,866,950,202,448,575,781
10: 700,318,319,325,553,560,631,276,91,268,455,271,88,764,118
11: 354,182,214,299,645,673,711,729,801,878
12: 814,718,808,809,922,880,870,206,177
13: 46,168,169,45,205,635,717,727,743,944
14: 135,652,797,588,602,293,237,566,774,870
15: 556,261,689,436,815,650,557,648,930,939,251,221,493
16: 6,428,768,60,85,266,543,478,531,547,795,116
17: 744,501,725,704,72,900
18: 226,66,0,903,948,1,784,367,732
19: 604,513,278,226,840,93,97,611,225,707,530,754,587,832
20: 95,230,533,68,747,426,588,602,669,238,769,69
21: 287,199,54,239,483,683,508,517,72,770,904,432
22: 371,151,532,439,638,696,835,377,343
23: 250,210,652,782,588,69,605,713,555,134,702
24: 166,513,188,840,8,611,722,792,733
25: 96,147,119,163,842,856,535,901
26: 585,67,193,461,285,8,479,583,722,843
27: 35,547,620,129,134,702,578,60,478,713,57,656,921
28: 385,289,594,620,156,716,702,565,108,779,719,851
29: 782,669,238,769,697,278,580,1,548,330,871,367
30: 107,420,6,423,313,742,116,340,316,486
31: 129,681,156,702,578,337,125,851,871
32: 101,372,435,633,662,692,130,329,472,681,150
33: 374,457,451,489,813,783,830,898
34: 336,835
35: 344,632,345,430,547,601,620,129,27,853,589,656
36: 122,638,719,854,887,565,244,819,132,716
37: 926,431,154,576,918,374,489,794
38: 449,353,130,329,526,601,739,771
39: 394,158,738,453,647,387,415,810,614,680,761,958
40: 449,384,917,155,829,529,799,834,858
41: 675,170,778,836,913,176,476,408
42: 168,897,485,603,727,777,231,944,953,469,191
43: 195,45,65,412,426,443,464,603,727,944
44: 172,247,499,549,177,629,753,821,839,888,579
45: 13,46,189,194,3,43,174,68,426,464,677
46: 13,194,45,635,563,717,743,202,575,677
47: 168,169,205,570,953,675,567,469,170,70
48: 200,285,509,583,933,941
49: 182,214,715,865,888,579,172,207,554,629,618
50: 201,209,196,447,515,581,575,658,687,781
51: 179,183,211,75,721,524,767,178,762,609,70,169,743,570
52: 460,556,62,184,181,213,218,425,459,891,930
53: 507,556,109,260,425,459,463,666,645,557,673,801
54: 21,199,499,508,72,821,706,253,248
55: 282,208,243,599,518,643,658,682,687,884
56: 180,507,109,666,650,648,676,914,915,2,212,217,902
57: 82,346,386,641,656,921,446,478,81,531,708,713,547,27
58: 110,354,61,301,299,666,645,528,726,676,801,808,912,956
59: 76,199,66,508,92,706,523,590,765,937,294,105
60: 250,108,16,428,768,478,547,620,27,853,702
61: 58,301,666,528,774,676,555,808,809,880,198
62: 460,556,261,86,184,52,213,459,812
63: 274,419,275,873,945,674,73,94,467,760
64: 186,270,269,883,735,466,640,892
65: 186,190,43,412,735,443,603,881
66: 76,199,694,59,92,0,18,839,948,784,5,937
67: 26,461,583,722
68: 189,45,3,20,174,747,426,602,69,237,243,518,677
69: 20,68,747,588,243,23,682,884,779
70: 51,135,75,721,169,205,47,570,293,170,475
71: 206,97,546,566,591,954,753,903,948,198
72: 21,54,239,704,904,900,17,744
73: 94,467,592,275,63
74: 83,259,257,264,599,522,581,600,643,687,755,773
75: 51,135,211,684,677,762,70,205,743,237
76: 199,66,59,839,706,301,523,528,726,937
77: 248,445,491,665,303,938,597,452
78: 249,736,417,235,828
79: 259,522,581,848
80: 660,83,216,220,203,514,581,902
81: 301,458,523,593,627,708,912,956,307,347,82,57,641,730,919
82: 347,610,386,57,745,730,919,81,708
83: 433,259,80,203,264,74,514,581,643,687,757
84: 403,542,613,423,313,822,949
85: 212,936,16,768,672,757,266,543,915
86: 556,261,62,260,436,459,803
87: 354,219,491,309,645,569,593,729,879
88: 320,764,118,940,268,748,271,10,319
89: 230,533,269,455,530,754,769,847,881,697,624,276
90: 910,416,595,621,785,693,441,228,275
91: 10,325,655,276,455,754,697,93,271,367,764,909
92: 287,199,66,694,508,59,877,5,765
93: 604,278,226,19,225,691,271,754,697,91,367,732,869
94: 818,223,674,73,467,637,654,760,274,693,275,63
95: 20,533,747,669,769,128,330,337,624,492,719,851
96: 149,381,783,25,431,415,535,901
97: 192,71,226,19,546,611,591,954,903,587,487,832
98: 296,126,328,409,422,429,527,617,737,765,931,287
99: 772,760,734,288,525,766,887
100: 636,194,751,464,752
101: 372,435,471,534,633,32,692,709,920
102: 117,324,337,490,492,841,534,692,709,852
103: 286,232,661,758,811,442,279,481,612,691
104: 661,775,811,280,442,598,273,927
105: 307,294,246,824,508,59,706,248,458,523,597,893
106: 350,289,298,405,819,712,132,749,796,582,955
107: 358,420,30,352,584,795,805,6,423,112
108: 250,664,682,60,779,28,594,620,702
109: 180,53,507,56,218,425,666,650,718,809,875,930,217
110: 507,58,115,266,463,666,645,593,676,708,879,912,914
111: 357,305,352,537,584,646,705,312,907
112: 6,428,574,613,688,423,107,352,312,795,907
113: 394,158,141,140,647,610,386,418,634,477,756,947,589
114: 413,723,855,849
115: 110,267,222,266,586,543,315,314,708,879,914
116: 386,418,486,6,16,543,531,314,742,30,547,795,805
117: 102,151,492,841,638,692,696,709,923
118: 364,88,764,363,940,10,319,572,631
119: 147,539,163,651,720,25,454,856
120: 321,504,502,608,625
121: 327,326,321,382,286,502,480,544,573,619,685,737,746,820
122: 36,500,492,638,719,854,923,674,290,128
123: 385,344,353,305,289,401,537,577,601,620,925
124: 162,395,390,159,158,536,657,387,520,667,679,756,761,958
125: 324,548,337,662,4,333,671,681,150,578,31,380
126: 98,527,607,885,931,287,292,934
127: 322,365,370,606,421,621,630,696,806,860,895
128: 95,189,674,290,533,747,637,122,624,500,492
129: 632,35,601,620,27,681,702,578,31
130: 632,38,329,472,526,601,133,681,842,150,32,738
131: 291,4,327,341,784,474,590,685,741,623
132: 106,289,594,405,819,716,582,955,565,282,417,244,36
133: 392,157,138,130,472,526,7,771,842,951,738,810,614
134: 27,702,578,782,23,605,713,871,331,921
135: 14,75,797,70,205,293,237,475,870,875
136: 390,342,349,506,833
137: 384,896
138: 396,392,161,157,345,339,874,133,771,951,634,644
139: 844,340,486,540,855,780
140: 394,802,393,141,113,657,723,634,397,855,644,849
141: 398,162,140,113,657,413,723,427,477,855,756,780
142: 372,373,362,334,163,651,710,859,152
143: 291,368,326,300,333,561,686,558,622,685,741,909,670
144: 369,277,504,943,899
145: 366,370,606,473,484,861
146: 473,759,562,651,710
147: 372,119,539,562,163,633,651,25,472,946
148: 149,341,699,381,300,568,685,649,741
149: 96,148,699,381,568,794,389,830,431,415,862,918,153
150: 632,130,681,842,125,662,32,568,671,738,380,862,901
151: 117,22,435,471,638,692,696,709,377,825,343,510
152: 720,381,300,451,571,622,649,142,373,334,163,710
153: 536,850,862,958,149,341,389,623,545
154: 159,926,37,404,519,918,437,868,789,794,389
155: 829,40,799,739,414,825,505
156: 385,28,329,601,681,716,31,510,337,692,719
157: 392,138,339,462,7,133,550,644
158: 394,124,39,453,113,657,647,610,679,756,761,958
159: 395,124,390,536,926,387,154,519,833,918
160: 396,392,339,776,551,731,807
161: 396,344,138,714,345,874,411,430,584,771,805,872,589,634,947
162: 398,124,141,657,520,427,667,756,864
163: 372,142,147,119,373,651,662,720,381,300,152,568,25
164: 245,524,767,668,890,823
165: 190,412,485,603,777
166: 513,167,188,192,204,24,197,611,722,191,733,231
167: 166,468,188,204,197,461,722,724
168: 42,13,169,47,727
169: 13,168,205,47,743,570,51,609,70
170: 41,675,567,913,47,570,721,70,252,475,408,922
171: 468,204,175,778,817
172: 44,247,549,554,629,618,49,888
173: 635,563,717,863
174: 45,205,68,426,602,616,237,944
175: 171,204,724,817
176: 41,247,567,778,618,476,922
177: 44,206,247,753,12,528,808,880,888
178: 51,202,179,196,524,515,762,609,867,635,743
179: 660,51,203,211,402,524,515,178,762,867
180: 56,109,666,774,676,809,875,2,217
181: 52,410,252,218,425,476,814,718,891
182: 11,214,299,49,814,801,888,579
183: 51,211,402,721,767,668,698,424,185
184: 460,62,52,218,815,465,812,930,939,698
185: 252,218,788,465,891,183,245,721,767,668,698
186: 64,190,224,707,65,187,735,640,530,847,881
187: 186,190,224,707,733,837
188: 166,167,24,722
189: 45,3,533,68,747,426,443,464,752,654,258,128
190: 165,186,65,187,412,485,603,733
191: 166,204,469,724,42,485,777,231
192: 166,513,97,611,591,469,897,231,832
193: 585,26,197,461,285,509,549,889,941
194: 636,46,45,3,100,9,464,752,563,575
195: 43,412,464,838,857
196: 202,201,50,515,178,575,687,677,762
197: 166,167,468,193,204,461,611,722,786,889
198: 61,301,605,528,774,555,880,71,580,566,596,948
199: 76,21,54,66,499,683,694,508,59,92,821,839,706
200: 48,241,285,509,626,916,933
201: 202,209,50,196,438,515,642,781
202: 201,196,178,575,781,46,635,9,563
203: 660,83,179,80,211,684,515,687,762
204: 166,167,468,171,197,175,469,724,191,778,786
205: 13,169,174,47,602,743,293,237,944,953,135,75,70
206: 247,71,567,566,591,177,954,753,12,880,870
207: 704,554,629,49,501,865
208: 55,282,249,736,599,447,600,658,755,828
209: 201,50,438,447,515,581,642,755,848
210: 2,250,23,652,768,478,676,713,555,915
211: 51,179,183,203,75,684,402,217,762,797,798,424
212: 2,251,936,514,672,757,85,902,56,648
213: 460,62,52,459
214: 11,182,299,49,744,501,711,725,865,878,579
215: 660,220,402,678,668
216: 552,660,220,259,80,678,514
217: 2,211,902,797,798,424,180,56,109,218,650,875
218: 184,181,52,109,252,425,465,718,185,891,930,217,698,424
219: 260,87,569,673,729
220: 660,251,215,216,80,678,493,902,798,939
221: 552,251,672,689,265,15,648
222: 267,115,689,586,265,260,463,557,648,879,914
223: 94,494,637,654,892
224: 186,707,268,187,466,640,847,837
225: 604,840,93,748,450,19,691,271,792,827,707
226: 604,278,93,97,19,546,908,691,0,18,903,367,732
227: 233,8,450,792,843,827,831
228: 90,592,785,441,275,495
229: 883,412,735,494,838
230: 20,533,89,426,530,587,602,616,769,881
231: 42,897,485,733,832,166,513,192,191
232: 326,286,474,558,103,758,732,869,691
233: 227,481,273,843,826,831
234: 241,240,934,280,517,626,770,927
235: 78,249,447,448,828,816,845,957,242
236: 636,818,242,772,751,787,752,734
237: 205,174,68,588,602,293,135,14,75,684,518,652,677
238: 782,20,29,588,587,602,669,580
239: 21,241,704,683,509,517,629,72,821
240: 434,241,234,280,683,482,479,626,770,877,916,927
241: 240,200,234,239,683,509,517,626,770,916
242: 636,236,787,734,950,235,448,828,957
243: 565,55,282,518,658,682,884,779,244,3,290,68,747,258,69
244: 565,282,243,417,772,290,258,734,36,887,132
245: 164,767,668,823,788,465,185
246: 615,307,255,342,295,294,886,105,335,597,893
247: 44,206,172,567,549,591,177,753,778,786,176
248: 706,77,253,665,432,938,597,54,508,105,824
249: 78,208,736,447,235,600,755,816
250: 433,108,428,210,23,643,652,768,682,60,884,779,702
251: 552,220,212,514,221,493,672,902,15,650,648,939
252: 181,218,788,475,476,718,185,408,922,891,170,721,424
253: 706,354,299,248,445,744,726,878,579,938,54,499
254: 445,711,725,729,878
255: 615,307,342,356,349,628,246,886,452,667,627,597
256: 263,522,600
257: 304,263,264,74,599,522,600,688,643,664,773,311,312
258: 189,772,3,787,290,752,734,243,244
259: 79,83,216,264,74,514,522,581,773,876,882
260: 53,222,86,219,436,463,557,673,803
261: 556,62,86,15,436,815,812
262: 491,659,309,538,569,452,695,310,763
263: 256,257,522,600,773,311
264: 83,259,257,74,514,574,688,643,757,773,876
265: 222,689,586,543,648,914,542,221,672
266: 110,115,543,478,531,314,676,708,914,915,16,85
267: 222,115,586,659,569,360,315,879
268: 224,455,466,640,847,271,10,700,319,690,88
269: 64,89,270,735,640,637,892,560,693,441
270: 64,269,466,640,495,700,317,560,441
271: 93,748,225,268,455,10,91,88,764,869
272: 564,625,758
273: 233,280,442,481,598,826,104,811
274: 910,421,500,693,275,873,63,945,674,94
275: 910,274,90,592,693,228,63,73,94
276: 10,318,323,624,325,490,560,91,89,455,697
277: 369,144,283,504,686,571,608,894,899
278: 226,93,19,903,29,754,587,697,367
279: 434,442,908,612,691,0,877,103,661,5
280: 240,234,442,598,626,273,826,927,104
281: 371,419,525,835,790
282: 565,55,208,736,243,599,417,658,682,828,244,594,132
283: 368,364,277,561,686,571,608,622,894,932,363
284: 338,318,365,323,541,406,595,621,852,860,942
285: 48,193,200,26,461,479,509,583,626,916,941
286: 121,327,326,321,232,474,480,103,661,5,737
287: 21,934,483,482,508,92,770,296,126,98,527,765
288: 417,99,734,766,297,955
289: 385,350,106,28,123,401,594,577,819,712,132,716,924,925
290: 674,772,747,258,128,565,243,244,122
291: 4,143,131,326,784,333,474,558,367,741,732
292: 934,928,126,607,885
293: 205,602,487,237,953,567,566,954,135,14,70,870
294: 307,347,246,559,105,850,348,59,523,728,590,893,545
295: 615,302,246,335,824,665,296,911,893
296: 98,409,911,893,931,287,483,508,295,824
297: 336,796,582,955,288,766
298: 740,336,106,796,582
299: 58,354,11,253,182,214,528,726,801,808,888,579,499
300: 143,148,381,333,152,568,671,622,685,649,741,373,670,163,662
301: 58,446,61,605,523,528,81,726,912,198,956,76,596,641
302: 615,342,935,295,506,335
303: 77,665,615,452
304: 736,257,599,600,664,311,804,351,350,594,405,577
305: 391,357,353,111,714,123,639,401,537,584,663,646,705
306: 444,503,791,846,949
307: 255,347,628,294,246,886,105,919,458,523,81,627,597
308: 356,361,628,427,477,667,695,745,730,756,763,919
309: 262,87,491,659,569,315,593,627,879,730,763
310: 356,452,695,763,262
311: 304,257,263,688,351,577,705,312,907
312: 111,537,577,907,257,428,688,664,311,112
313: 6,84,542,423,701,742,30
314: 115,266,586,543,360,315,531,708,742,116,486,745
315: 267,115,659,309,569,360,593,314,708,879,361,745,730,763
316: 340,486,540,360,701,742,30
317: 700,338,318,416,553,560,595,785,441,270
318: 10,338,317,323,284,325,541,553,560,595,631,276
319: 10,700,553,572,690,268,88,118
320: 368,364,625,758,88,764,869,940,748
321: 120,121,286,502,456,480,573,625
322: 910,127,488,621,630,895,945
323: 318,284,624,500,490,492,841,595,276,693,852,860
324: 102,373,337,125,670,490,496,534,655,662,692,852,333
325: 10,318,541,670,490,496,655,631,276,91,561,764,909
326: 291,368,121,327,143,286,232,474,558,573,685
327: 121,131,326,341,382,286,474,590,685,653,5,737
328: 98,422,527,617,737,820
329: 385,38,130,601,681,156,510,435,32,692
330: 548,337,624,490,492,655,851,871,95,29,669,769,697
331: 346,641,921,348,596,1,605,4,623,134,578
332: 906,521,414,505
333: 291,4,143,300,671,741,373,324,548,125,670,655,662
334: 142,373,362,498,710,152,571,622,932
335: 302,342,935,295,506,246,519,383,728,409,893
336: 298,297,34,582,532,525,766,835
337: 102,324,330,125,490,492,692,719,851,871,95,156,31
338: 317,318,416,284,541,406,553,595,621
339: 396,392,157,160,138,807
340: 844,139,316,486,359,30
341: 327,148,131,382,699,590,685,653,741,389,623,545,153
342: 615,255,390,302,349,136,506,246,886,335
343: 829,799,819,712,716,924,834,510,22,151,532,638,377
344: 161,353,714,345,35,123,430,537,584,601,620,771
345: 161,344,632,138,35,430,601,771,589,951,647
346: 347,453,380,610,57,641,656,679,850,331,921,348,623
347: 307,82,346,294,559,641,679,850,919,348,523,81
348: 347,346,294,641,850,331,523,590,623,937
349: 255,390,342,356,136,520,667,864
350: 351,106,289,401,405,577,705,712,749,896,304
351: 350,705,749,304,311,804
352: 358,111,107,584,907,112
353: 391,449,344,917,714,38,305,123,401,776,771,858,925
354: 58,11,253,299,87,445,645,726,729,878,938,956
355: 398,520,864
356: 255,349,308,628,427,667,695,310,763,864
357: 358,111,714,305,639,411,551,584,646,703
358: 357,107,420,411,352,584,750
359: 844,802,340,849,420,750,470,872
360: 267,586,659,315,314,701,742,361,316,486,540
361: 308,427,477,486,540,695,745,780,763,659,360,315
362: 399,142,373,334,541,496,498,516,759,534,859,942
363: 364,283,561,894,932,118,516,572,631
364: 320,368,283,561,608,625,764,118,363,940
365: 127,370,284,606,406,484,841,621,696,709,860,942
366: 399,145,606,473,484,759,793
367: 291,4,784,732,29,697,278,226,93,18,1,548,655,91
368: 320,364,143,326,283,561,686,558,573,608,625,909
369: 144,277,440,905,899
370: 145,127,365,606,471,484,696,709,806
371: 22,281,532,421,419,439,525,638,696,835,806,790,854,873
372: 101,142,147,373,534,562,163,633,662,32,859
373: 372,142,324,362,334,670,496,534,163,662,300,333,152,622
374: 33,489,783,794,830,37,431
375: 376,382,699,437,440,619,813,746,929
376: 375,382,699,437,868,544,653,389,929
377: 22,151,471,414,825,343,829
378: 379,946,521,505
379: 392,529,462,472,526,946,739,378
380: 738,453,346,862,125,671,623,632,150,578
381: 96,148,149,720,699,300,152,451,568,649,783,830,163
382: 376,375,121,327,341,699,544,619,685,653,746
383: 728,409,422,429,868,617,653,935,506,519,335
384: 137,829,40,834,896
385: 289,28,123,329,601,620,156,716,924,925,510
386: 116,82,113,610,418,57,477,656,745,756,531,547,589
387: 395,124,39,159,536,926,415,680,761,918,958
388: 395,393,550,576,680,761
389: 376,149,341,699,437,868,653,794,545,536,154,519,918,153
390: 124,342,159,349,136,536,506,519,886,559,667,833
391: 917,353,714,305,639,776,551,858
392: 157,160,138,339,379,529,462,526,776,133,731,771,807
393: 394,388,140,657,550,723,644,761
394: 39,393,158,140,113,657,647,634,810,644,761
395: 124,159,388,926,657,387,520,761,952
396: 161,160,138,714,339,874,411,776,551,703
397: 802,140,644,849,874,470
398: 162,355,141,657,520,413,723,427,512,864
399: 362,366,541,498,516,759,793
401: 350,353,305,289,123,577,663,705,896,925
402: 660,179,183,215,211,524,668,698,798
403: 552,84,936,503,514,542,613,672,846,876
404: 154,506,519,833,868
405: 350,106,132,749,796,955,304,736,804
406: 338,365,284,606,541,621,793,942
407: 570,890,609,823
408: 252,788,476,570,41,170,800,913
409: 383,296,98,422,429,617,911,893,931,935,335
410: 181,476,891
411: 396,161,357,358,714,584,703,872
412: 165,190,195,229,43,65,603,838
413: 398,141,114,723,427,855,780
414: 332,471,377,825,505,155,829
415: 39,738,387,431,614,535,680,862,901,918,958,96,149
416: 338,317,90,595,621,785,441
417: 78,282,736,288,828,244,734,132,955
418: 844,116,113,386,477,486,947
419: 371,281,421,525,790,873,63,945
420: 358,107,30,750,805,872,359
421: 910,371,274,127,419,696,806,860,873,923,945
422: 383,98,328,409,617,931
423: 6,84,613,313,949,112,107,30
424: 183,211,721,217,252,218,475,718,875
425: 53,181,52,109,218,459,718,801
426: 189,45,230,20,533,43,174,68,443,602,616,881
427: 398,162,356,141,361,308,413,477,695,756,780,864
428: 250,16,574,643,664,768,60,757,112,312,795,853
429: 383,728,98,409,590,617,653,737,765,893
430: 161,344,345,35,547,584,795,805,853,589
431: 926,37,415,535,576,680,918,374,96,149
432: 248,665,21,483,904,824
433: 83,2,250,684,643,652,768,687,757,884
434: 585,240,279,683,694,479,908,612,877,916
435: 101,151,633,32,692,825,505,329,739,510
436: 261,689,86,15,260,557
437: 376,375,868,489,813,789,794,389,154
438: 201,209,447,642,781,845
439: 22,371,835,806,790
440: 375,369,699,649,813,746,905,830
441: 317,90,416,560,595,785,693,228,270,269,495,892
442: 280,279,481,612,273,826,104,103,661,811
443: 189,533,43,65,426,735,464,637,654,857,881
444: 306,688,791,949,907
445: 254,77,354,253,491,729,878,938
446: 301,605,478,676,713,555,912,57,641
447: 208,209,249,50,438,235,448,658,781,755,845
448: 447,235,658,781,828,957,242,787,9,950
449: 917,353,38,40,529,799,739,924,834,858,925
450: 227,748,225,792,827,831
451: 33,720,457,381,152,649,783,905,830
452: 615,255,310,77,262,491,627,303,597
453: 39,158,738,346,647,380,610,679,862,958,623
454: 856,119,535
455: 268,89,640,754,847,271,10,560,276,91
456: 321,480,811
457: 33,720,451,783
458: 523,81,726,627,938,597,956,307,105
459: 53,556,62,86,52,213,425,673,803
460: 62,184,52,213,465,812
461: 67,167,468,193,26,197,285,583,722,941
462: 392,157,379,7,731,807
463: 110,53,507,222,260,645,557,879
464: 189,194,195,45,751,100,43,443,752,654,857
465: 460,184,218,185,891,245,698
466: 64,224,268,270,640,837,700,690
467: 818,73,94,760,63
468: 167,171,204,197,461,549,786,941
469: 192,204,675,567,591,191,778,786,42,897,47,953
470: 874,872,802,397,849,359
471: 101,906,370,151,709,920,414,377,825,505
472: 130,379,526,946,133,739,842,856,147,633,32
473: 906,145,146,366,484,759,562,920,859
474: 291,327,131,326,784,286,232,5,732,0
475: 252,718,922,870,875,567,170,135,721,70,424
476: 181,410,252,408,922,41,618,176
477: 141,361,308,113,386,418,427,486,745,756,780
478: 266,446,531,676,713,555,915,16,210,768,60,547,27,57
479: 585,434,240,26,285,612,626,843,826,916
480: 121,321,286,456,527,661,737,775,820
481: 233,442,612,273,826,827,831,103,811
482: 287,240,934,770,877,927,527,661
483: 287,21,517,904,928,432,296,885
484: 145,365,366,370,606,473,709,920,942
485: 42,165,190,603,733,777,231,191
486: 844,361,139,116,340,316,418,477,540,360,314,742,30
487: 897,587,602,616,293,832,97,954
488: 322,592,945
489: 374,33,437,813,789,794,898,37
490: 102,324,330,323,337,624,325,492,655,276,852
491: 77,262,87,445,309,627,729,938,452
492: 117,102,122,330,323,337,624,500,490,841,719,923,95,128
493: 251,220,15,815,939
494: 223,229,883,735,838,857,892
495: 270,892,785,441,228
496: 373,324,362,325,541,670,534,852
497: 800,817,836,913
498: 399,362,334,516,759,710
499: 44,199,54,821,839,253,299,528,726,579
500: 274,122,323,492,693,923,674,128
501: 17,214,744,725,865,207,704
502: 120,121,321,504,573,608,619,746,899
503: 306,403,791,846,876,882
504: 120,144,277,502,608,899
505: 332,906,435,471,521,633,414,825,155,946,739,378
506: 390,302,342,136,935,404,519,335,833,383
507: 110,53,56,109,463,666,557,648,914
508: 287,21,199,54,59,92,706,248,296,765,105,824
509: 48,241,193,200,239,285,683,549,629,916,941
510: 385,343,329,799,156,716,924,151,435,692
511: 904,900,928
512: 398,657,520,723,952
513: 166,192,24,840,19,611,707,733,231,832
514: 552,83,251,216,259,80,264,212,936,403,672,757,876
515: 660,179,201,209,203,50,196,581,178,687,762,867
516: 399,362,541,498,572,631,561,932,363
517: 21,241,234,239,934,483,770,928
518: 55,243,684,658,677,884,3,68,237
519: 390,159,536,404,154,506,559,335,833,383,728,868,653,389,545
520: 398,162,395,124,355,349,657,512,864,952
521: 332,906,539,562,633,505,946,378
522: 79,259,256,257,263,74,581,600,755,773,848
523: 706,301,458,81,726,76,59,937,307,347,294,105,641,348
524: 51,179,164,402,767,178,668,890,609,867
525: 371,281,532,419,766,854,873,887,99,760,336
526: 392,38,130,379,529,472,133,739,771
527: 126,98,328,480,607,661,737,775,287,482
528: 58,61,301,299,726,808,880,198,76,499,177,839
529: 392,449,917,379,40,526,731,739
530: 186,230,707,89,754,587,616,847,832,881,19
531: 266,543,478,314,708,16,547,116,386,57
532: 22,371,525,638,835,854,336,343,819,582
533: 95,189,230,20,89,747,426,443,637,769,128,881,624
534: 101,372,102,373,324,362,496,692,709,920,852,859,942
535: 431,415,614,680,96,25,454,856
536: 124,390,159,387,519,559,679,850,918,958,153,389,545
537: 344,111,305,123,577,584,620,312,853
538: 262,569
539: 147,119,521,562,651,946
540: 361,139,316,486,780,360
541: 399,338,318,362,284,325,406,496,516,631,852,942
542: 6,84,936,403,613,672,313,265,543
543: 115,266,586,265,531,314,742,914,6,16,542,85,116
544: 376,121,382,617,619,653,737,820,929
545: 728,341,653,389,536,294,519,559,850,153
546: 71,226,97,694,908,753,889
547: 35,430,27,795,853,589,16,60,478,531,116,386,57,656
548: 330,125,655,871,29,1,4,333,367
549: 44,468,172,247,193,509,629,753,786,889,941
550: 388,393,810,614,644,680,157,7
551: 396,391,357,160,714,639,776,703
552: 251,216,403,514,221,672
553: 10,700,338,317,318,319,572,631
554: 172,207,618,49,715
555: 446,61,605,478,774,676,713,198,210,23
556: 53,261,62,86,52,15,459,557,930
557: 53,507,222,556,689,15,260,436,463,650,648
558: 291,368,143,326,232,732,869,909
559: 390,536,347,294,519,886,679,850,728,545
560: 10,700,317,318,595,276,441,270,269,455,640
561: 368,364,143,283,686,622,764,909,932,363,325,670,516,631
562: 372,906,146,147,473,521,539,633,651,920,859,946
563: 46,194,635,173,9,717,866,202,575
564: 272,940
565: 282,243,682,779,244,290,36,719,28,594,132
566: 206,71,580,954,293,14,774,880,870,198
567: 206,247,675,591,469,170,954,778,176,47,293,953,475,922,870
568: 148,149,381,300,671,741,163,662,150,862,901
569: 267,262,219,87,659,309,538,315,879
570: 169,47,407,170,913,51,721,767,70,823,788,408
571: 283,277,152,686,622,649,905,894,932,334
572: 319,516,553,631,118,363
573: 368,121,326,321,502,686,608,685,746
574: 264,936,428,613,688,757,876,112
575: 202,50,196,658,781,677,46,194,3,9,563
576: 388,926,37,431,680
577: 350,289,123,401,594,537,705,312,304,664,311
578: 632,129,27,681,134,31,125,871,380,331,921
579: 253,182,214,299,49,744,888,44,499,704,629,821
580: 566,596,903,948,1,782,29,238,605,198
581: 79,83,209,259,80,50,74,515,522,687,755
582: 336,106,298,297,819,132,955,532,887
583: 48,67,26,461,285
584: 161,357,344,358,111,714,107,305,411,430,352,537,805
585: 604,434,193,26,8,479,908,612,611,843
586: 267,222,115,265,543,360,314,701,742
587: 230,530,602,487,616,238,832,278,97,19,903
588: 20,602,238,69,237,14,23,652
589: 161,345,35,430,547,113,647,386,634,656,947
590: 728,327,131,341,429,653,5,737,765,59,294,348
591: 206,247,192,71,97,567,469,954,753,778,786,889
592: 488,228,275,73
593: 110,87,309,81,315,627,708,879,912,956,730
594: 289,28,577,132,565,304,282,599,108,664,682
595: 910,338,317,318,90,323,416,284,560,621,693,441,860
596: 580,948,1,301,605,198,937,641,331
597: 77,248,458,627,665,938,615,307,255,246,452,105
598: 280,273,927,104,607
599: 304,55,282,208,736,257,74,600,643,664,682,594
600: 304,208,249,736,256,257,263,74,599,522,755
601: 385,344,632,38,345,130,35,123,329,620,129,681,771,156
602: 230,205,20,174,68,426,588,587,487,616,238,293,237,14
603: 42,165,190,43,65,897,412,485,616,727,944
604: 585,226,840,8,93,19,908,612,611,225,691,827
605: 446,301,713,555,198,782,580,596,1,23,134,641,331,921
606: 145,127,365,366,370,406,484,621,630,793
607: 126,527,775,292,934,598,927
608: 368,364,120,283,277,504,502,686,573,625,899
609: 51,524,178,890,169,635,407,743
610: 158,453,82,113,346,647,386,656,679,756,919
611: 585,166,604,513,192,24,840,197,8,97,19,722,889
612: 585,604,434,442,279,479,481,908,691,843,826,827,103
613: 6,84,936,403,542,574,688,423,876,949,112
614: 39,738,550,415,810,535,680,7,133,842
615: 255,302,342,295,246,452,665,303,597
616: 230,174,897,426,530,587,602,603,487,832,881,944
617: 383,98,328,409,422,429,544,653,737
618: 172,554,176,49,476,814,715,888
619: 375,121,382,502,544,746,820,929
620: 385,344,35,28,123,537,601,129,27,853,702,108,60
621: 910,338,127,322,365,90,416,284,606,406,595,630,860
622: 143,283,300,152,561,686,571,649,932,373,334,670
623: 4,131,341,671,741,453,346,380,850,862,331,348,153
624: 330,323,490,492,276,95,533,89,769,128,697
625: 320,368,364,120,272,321,608,758,940
626: 241,240,200,234,280,285,479,916
627: 458,491,309,81,593,938,597,956,307,255,628,452,730,763
628: 307,255,356,308,667,730,763,919,627
629: 44,172,239,207,704,509,549,821,49,579
630: 127,322,606,621,895
631: 10,318,325,541,516,553,572,561,764,118,363
632: 345,130,35,601,129,681,150,578,951,738,647,380,656
633: 101,372,147,435,521,562,32,505,472,946,739
634: 394,802,140,113,647,810,644,947,161,138,874,589,951
635: 13,46,173,563,717,743,202,178,609
636: 194,242,236,751,787,100,752,950
637: 223,674,533,94,269,735,443,654,128,693
638: 117,22,371,122,36,151,532,696,719,854,923,343,819,716
639: 391,357,305,551,663,646
640: 64,186,224,268,270,269,455,466,847,700,560
641: 347,346,57,331,921,348,596,446,301,605,523,81
642: 201,209,438
643: 55,83,433,250,257,264,74,599,428,664,682,757,884
644: 394,393,140,550,634,810,397,157,138,874
645: 110,53,58,354,11,87,463,666,673,729,801,879
646: 357,111,305,639,663,705
647: 394,39,158,738,453,113,610,634,810,656,632,345,589,951
648: 507,222,56,689,265,15,650,557,914,251,212,221,672
649: 148,699,381,300,152,440,451,686,571,622,685,746,905,830
650: 56,109,15,557,648,930,939,251,217
651: 142,146,147,119,539,562,163,710,720
652: 2,433,250,14,684,210,23,884,797,588,237
653: 376,383,728,327,341,382,429,544,590,617,737,389,545,519
654: 818,189,223,674,751,94,443,464,752,637,857
655: 324,548,330,325,670,490,91,697,333,367,909
656: 346,647,610,386,57,921,632,35,547,27,589
657: 398,162,395,394,124,393,158,141,140,520,723,512,761
658: 55,282,208,50,243,447,518,448,575,781,828,3,787
659: 267,262,309,569,360,315,361,695,763
660: 179,215,216,220,80,203,402,678,515,867
661: 104,286,480,527,103,5,737,775,811,442,279,482
662: 372,373,324,125,163,32,300,333,568,671,150
663: 305,639,401,646,705,858,896
664: 304,257,599,108,428,643,682,594,577,312
665: 77,248,432,303,597,615,295,824
666: 110,180,53,507,58,56,109,61,645,676,801,808,809
667: 162,255,124,390,356,349,308,628,886,679,756,864,919
668: 183,215,164,245,402,524,767,698,185
669: 782,95,20,29,238,769,330,851,871
670: 373,324,325,496,655,143,300,333,561,622,909
671: 4,300,333,568,741,623,125,662,150,380,862
672: 552,251,212,936,403,514,542,221,85,265,648
673: 53,11,219,260,459,645,729,803
674: 818,772,290,94,637,654,760,128,274,122,500,854,873,63
675: 41,567,469,170,778,817,913,47
676: 110,180,58,56,266,446,61,666,478,774,555,912,915,2,210
677: 75,196,684,518,575,762,46,45,3,68,743,237
678: 660,215,216,220
679: 124,158,536,347,453,346,610,559,667,756,850,919,958
680: 39,388,926,387,431,550,415,614,535,576,761
681: 632,130,329,601,129,156,150,578,31,125,32
682: 565,55,282,250,243,599,108,643,664,884,779,69,594
683: 434,21,241,240,199,239,694,509,770,821,877,916
684: 433,203,211,75,518,652,687,677,762,884,797,237
685: 121,327,143,148,131,326,341,382,699,300,686,573,649,741,746
686: 368,143,283,277,561,571,573,608,622,685,649,746,899
687: 55,83,433,203,50,74,196,684,515,581,884
688: 444,257,264,574,613,773,311,876,112,312,907
689: 222,265,15,436,557,648,221
690: 700,319,268,466
691: 604,226,93,279,748,908,612,225,0,827,232,103,758,732,869
692: 101,117,102,324,337,151,435,534,32,709,329,156,510
693: 910,274,90,323,500,595,441,275,94,269,637
694: 434,199,66,683,546,908,92,0,839,877
695: 356,361,308,427,310,763,262,659
696: 117,22,371,127,365,370,151,421,841,638,709,806,923
697: 89,29,754,769,278,93,330,624,655,276,91,367
698: 183,402,668,798,184,218,465,185,939
699: 376,375,148,149,341,382,381,440,685,649,813,746,794,389,830
700: 10,317,319,553,560,690,268,270,466,640
701: 586,360,742,313,316
702: 28,620,129,27,134,31,250,108,23,60,779,851
703: 396,357,411,551
704: 239,207,629,72,821,900,17,744,501,579
705: 351,350,111,305,401,577,663,646,311
706: 253,248,523,726,76,199,54,508,59,105
707: 186,224,187,530,847,733,513,840,19,225
708: 110,115,266,81,315,593,531,314,912,82,57,745,730
709: 101,117,102,365,370,151,471,484,841,534,692,696,920,942
710: 142,146,334,498,759,651,152
711: 254,11,214,725,729,878
712: 350,343,106,289,819,924,834,896,925
713: 446,605,478,555,210,23,27,134,57,921
714: 396,391,161,357,344,353,305,411,776,551,584,771
715: 49,865,554,618
716: 385,343,289,28,819,132,156,924,510,36,638,719
717: 13,46,635,173,563,863
718: 12,181,109,252,218,425,475,814,809,922,875,424
719: 122,337,36,492,638,851,95,565,779,28,156,716
720: 457,381,152,451,783,119,163,651
721: 51,183,767,70,424,570,170,252,788,475,185
722: 166,67,167,188,24,26,197,461,8,611
723: 398,393,141,140,114,657,413,512,855
724: 167,204,175,191
725: 17,254,214,744,501,711,878
726: 706,58,354,253,301,299,458,523,528,956,76,499
727: 42,13,168,43,603,944
728: 383,429,590,653,893,545,294,519,559,335
729: 254,354,11,219,87,445,491,645,673,711,878
730: 308,82,628,745,763,919,309,81,315,593,627,708
731: 392,160,917,529,462,776,807
732: 291,784,232,474,558,367,869,226,93,691,0,18
733: 190,707,187,485,231,166,513,24
734: 242,236,772,787,99,258,417,288,828,244
735: 64,186,229,65,269,883,443,494,637,881,892
736: 304,78,282,208,249,599,417,600,828,804,405,955
737: 121,327,98,328,286,429,480,527,544,590,617,661,653,5,765,820
738: 39,453,647,380,415,810,614,862,901,632,130,133,842,150,951
739: 449,155,38,379,529,472,526,799,435,633,825,505
740: 298
741: 291,4,143,148,131,341,300,333,568,671,685,623
742: 586,543,360,314,701,6,313,30,116,316,486
743: 13,46,169,205,635,51,75,178,677,762,609
744: 17,253,214,501,725,878,579,704,72
745: 361,308,82,386,477,730,315,314,708
746: 375,121,382,699,502,440,686,573,619,685,649,899
747: 95,189,290,20,533,68,128,69,243
748: 450,225,691,271,827,320,758,88,869
749: 351,350,106,405,796,804
750: 358,420,359
751: 636,818,236,100,464,752,654
752: 636,818,189,194,236,751,3,787,100,464,654,258
753: 44,206,247,71,546,549,591,177,839,889
754: 89,455,530,847,697,278,93,19,91
755: 208,209,249,74,447,522,581,600,848
756: 162,124,158,141,308,113,610,386,427,477,667,679,919
757: 83,433,264,212,936,428,514,574,643,768,85
758: 320,272,232,103,625,869,748,691,827
759: 399,146,362,366,473,498,710,859
760: 818,674,772,94,99,467,525,873,887,63
761: 395,394,124,39,388,393,158,657,387,680
762: 51,179,203,211,75,196,684,515,178,677,743
763: 356,361,308,628,695,310,730,262,659,309,315,627
764: 320,364,561,88,909,118,271,10,325,631,91
765: 98,429,590,5,737,287,508,59,92
766: 525,99,288,336,297
767: 51,183,164,245,721,524,668,823,570,788,185
768: 433,250,16,428,210,60,757,85,478,915
769: 95,230,20,533,89,29,669,697,330,624
770: 287,21,241,240,234,934,683,482,517,877
771: 392,161,344,138,353,714,38,345,526,776,601,133
772: 818,674,236,290,99,760,258,734,244,887
773: 259,257,263,264,74,522,688,791,876,882
774: 180,61,676,555,809,880,870,875,198,566,2,14,797
775: 104,480,527,607,661
776: 396,392,391,160,917,353,714,551,731,771
777: 42,165,485,191
778: 41,171,247,204,675,567,591,469,786,176
779: 565,250,243,108,682,69,719,851,28,702
780: 141,361,139,413,427,477,540
781: 202,201,50,438,447,448,575,658,9
782: 29,669,238,580,1,23,605,871,134
783: 374,33,96,720,457,381,451,830
784: 291,4,131,474,367,732,66,0,18,1
785: 317,90,416,441,228,495
786: 468,247,204,197,549,591,469,778,889
787: 636,242,236,3,752,258,734,950,448,658,828
788: 252,185,408,570,245,721,767,823
789: 437,489,154
790: 371,281,419,439,806
791: 306,444,503,773,876,882
792: 227,24,840,8,450,225
793: 399,366,606,406
794: 374,149,699,437,489,813,389,830,37,154,918
795: 107,430,547,805,853,6,16,428,112,116
796: 106,298,297,405,749,955
797: 2,135,211,14,684,217,652,774,875
798: 220,211,402,217,698,902,939
799: 449,343,155,829,40,739,924,834,510,825
800: 497,836,913,408
801: 53,58,11,182,299,425,666,645,808
802: 844,140,634,397,855,849,359,947,874,470,872
803: 86,260,459,673
804: 304,736,351,405,749
805: 161,107,420,430,584,795,872,116,947
806: 371,127,370,421,439,696,790
807: 392,160,339,462,731
808: 58,12,61,299,666,528,801,809,880,177
809: 180,12,109,61,666,774,718,808,880,870,875
810: 394,39,738,647,550,634,614,644,133,951
811: 104,456,103,661,442,481,273
812: 460,261,62,184,815
813: 375,33,699,437,440,489,794,830
814: 12,181,182,718,888,618
815: 261,184,15,812,939,493
816: 249,235
817: 171,675,175,497,836,913
818: 674,236,772,751,94,467,752,654,760
819: 343,106,289,712,132,716,582,36,532,638
820: 121,328,480,544,619,737
821: 44,199,54,239,499,704,683,629,579
822: 84
823: 164,245,767,407,570,788
824: 295,105,508,248,665,432,296,893
825: 151,435,471,414,377,505,155,829,799,739
826: 233,280,442,479,481,612,273,843
827: 604,227,748,450,481,612,225,691,831,758
828: 78,282,208,736,417,235,448,658,242,787,734
829: 384,343,155,40,799,834,414,377,825
830: 374,33,149,699,381,440,451,649,813,783,794
831: 227,233,450,481,827
832: 897,530,587,487,616,231,513,192,97,19
833: 390,159,136,404,506,519
834: 449,384,343,829,40,799,712,924,858,896,925
835: 22,371,281,532,439,336,34
836: 41,497,800,817,913
837: 224,187,466
838: 195,229,412,494,857
839: 44,76,199,66,499,694,753,528
840: 604,513,24,8,19,611,225,792,707
841: 117,102,365,323,492,696,709,852,860,923
842: 130,472,133,150,856,25,738,614,901
843: 585,227,233,26,8,479,612,826
844: 802,139,340,418,486,855,359,947,872
845: 438,447,235,957
846: 306,403,503
847: 186,224,707,268,89,455,640,530,754
848: 79,209,522,755
849: 802,140,114,397,855,359,470
850: 536,347,346,294,559,679,348,153,623,545
851: 330,337,719,871,95,669,779,28,702,31
852: 102,324,323,284,541,490,496,841,534,942
853: 35,430,537,547,620,795,428,60
854: 371,122,36,532,525,638,873,887,923,674
855: 844,802,141,140,114,139,413,723,849
856: 454,472,7,842,119,25,535
857: 195,443,464,494,654,838
858: 391,449,917,353,40,663,834,896,925
859: 372,142,362,473,759,534,562,920
860: 910,127,365,323,284,421,841,595,621
861: 145
862: 738,453,380,415,901,153,149,568,671,623,150
863: 173,717
864: 398,162,355,356,349,520,427,667
865: 214,49,501,715,207
866: 9,563
867: 660,179,524,515,178
868: 376,383,437,389,404,154,519
869: 320,232,558,758,732,93,748,691,271
870: 12,475,774,809,880,875,293,206,567,566,135,14
871: 548,330,337,851,782,29,669,134,578,31
872: 161,420,874,411,805,470,844,802,359,947
873: 371,274,421,419,525,854,63,945,674,760
874: 396,161,138,470,872,802,634,397,644
875: 180,109,475,774,718,809,870,135,217,797,424
876: 259,264,936,403,503,514,574,613,688,773,791
877: 434,240,279,683,482,694,92,770,5
878: 254,354,11,253,214,445,744,711,725,729
879: 110,267,222,115,87,463,309,645,569,315,593
880: 12,61,528,774,808,809,870,198,206,566,177
881: 186,230,533,65,89,426,735,443,530,616
882: 259,503,773,791
883: 64,229,735,494,892
884: 55,433,250,243,684,518,643,652,682,687,69
885: 126,931,292,483
886: 307,255,390,342,246,559,667
887: 36,525,854,772,99,760,244,582
888: 182,299,49,814,579,44,172,177,618
889: 193,197,546,549,611,591,753,786
890: 164,524,609,407
891: 181,52,410,252,218,465,185
892: 64,223,269,883,735,494,495,441
893: 296,728,409,429,295,294,246,105,335,824
894: 283,277,571,932,363
895: 127,322,630
896: 384,350,137,401,663,712,834,858,925
897: 42,603,487,616,231,832,944,953,192,469
898: 33,489
899: 369,144,277,504,502,686,608,746
900: 704,511,72,904,17
901: 738,415,862,96,568,25,842,150
902: 251,220,80,212,217,798,56
903: 278,71,226,580,97,18,948,1,587
904: 21,483,511,72,900,432
905: 369,440,451,571,649
906: 332,473,471,521,562,920,505
907: 111,352,312,444,688,311,112
908: 585,604,434,226,279,694,546,612,691,0
909: 368,143,561,558,764,325,670,655,91
910: 274,322,90,421,595,621,693,275,860,945
911: 296,409,931,295
912: 110,58,446,301,81,593,676,708,956
913: 41,675,497,170,800,817,836,570,408
914: 110,507,222,115,56,266,265,543,648
915: 56,266,478,676,2,210,768,85
916: 434,241,240,200,285,683,479,509,626
917: 391,449,353,40,529,776,731,858
918: 159,536,926,37,387,431,154,415,149,794,389
919: 307,347,308,82,628,610,667,679,730,756,81
920: 101,906,473,471,484,534,562,709,859
921: 346,57,641,656,331,605,713,27,134,578
922: 12,252,475,476,718,567,170,176
923: 117,122,421,500,492,841,638,696,854
924: 449,385,343,289,799,712,716,834,925,510
925: 449,385,353,289,123,401,712,924,834,858,896
926: 395,159,37,387,431,154,576,680,918
927: 240,234,934,280,482,598,104,607
928: 292,483,511,517
929: 376,375,544,619
930: 556,184,52,109,15,218,650,939
931: 296,126,98,409,422,911,885
932: 283,561,571,622,894,363,334,516
933: 48,200
934: 287,234,292,482,517,770,927,126,607
935: 302,506,335,383,409
936: 6,212,403,514,542,574,613,672,757,85,876
937: 76,66,59,596,523,348
938: 77,354,253,248,445,458,491,627,597
939: 184,15,815,650,930,251,220,493,698,798
940: 320,364,564,625,88,118
941: 48,468,193,461,285,509,549
942: 362,365,284,541,406,484,534,709,852
943: 144
944: 42,13,205,43,174,897,603,616,727,953
945: 910,274,322,421,419,488,873,63
946: 379,472,378,147,521,539,562,633,505
947: 844,802,113,418,634,161,805,872,589
948: 71,66,580,596,18,903,1,198
949: 306,444,84,613,423
950: 636,242,787,9,448,957
951: 632,138,345,133,738,647,634,810
952: 395,520,512
953: 42,205,897,47,293,944,567,469
954: 206,71,97,567,566,591,487,293
955: 106,297,405,132,796,582,736,417,288
956: 58,354,301,458,81,726,593,627,912
957: 235,448,845,242,950
958: 124,39,158,536,453,387,415,679,153