0: 11,66,71,24,193,292,239,21,232,4,97,104,285,294,26,98,286
1: 75,244,12,74,13,245,57,70,238,10,246,76,14,135
2: 9,42,52,64,69,204,230,237,284,95,19,283,191,70,43,65,231,174,238,20,10,8,205,53
3: 291,23,101,244,300,12,74,6,28,108,57,31,290,123,331,100,22
4: 0,11,66,71,24,193,292,239,21,232,97,104,285,294,26,98,286
5: 278,32,124,25,332,293,92,103,246,76,104,14,294,26,57,299,27
6: 15,298,78,79,244,300,12,250,251,106,111,74,305,28,108,290,100,22,291,344,132,23,101,3
7: 392,157,160,35,339,129,161,393
8: 52,204,284,191,43,174,2,20,47,170,205,53,197
9: 68,69,236,237,284,70,174,238,2,20,10,73,243,202,244,12,74,50
10: 9,69,237,284,70,238,2,20,205,53,75,244,12,74,1,13,245
11: 0,48,49,71,72,24,240,205,193,246,198,199,76,292,53,239,4,104,14,294,26,54,206,77,247
12: 75,244,300,74,1,6,13,28,108,245,57,9,69,237,70,238,10,73,243,291,23,101,3
13: 75,244,12,74,1,245,57,70,238,10,246,76,14,135
14: 11,71,246,76,239,104,294,26,75,1,13,245,299,301,77,109,29,27,247,25,293,103,5
15: 56,78,79,83,300,210,250,251,257,264,111,16,305,6,28,108
16: 15,79,84,251,264,221,313,116,265
17: 303,254,59,301,81,82,262,253,207,77,109,29,213,214,247
18: 143,120,367,319,326,91,272,277,278,92,95,19,283,66,232
19: 64,230,284,95,283,270,2,20,122,90,276,330,18,91,277
20: 9,42,52,64,69,204,230,237,284,95,19,283,191,70,43,65,231,174,238,2,10,8,205,53
21: 0,287,72,241,24,240,193,292,234,4,97,285,280,98,286
22: 290,99,100,337,127,289,94,282,73,243,298,300,106,6,28,108,291,23,101,3,329
23: 291,101,3,244,300,12,74,6,28,108,57,31,290,123,331,100,22
24: 0,11,66,71,193,292,239,21,232,4,97,104,285,294,26,98,286
25: 278,32,124,332,293,92,103,5,246,76,104,14,294,26,57,299,27
26: 0,11,66,71,24,246,76,292,239,232,4,104,14,294,77,247,278,25,293,92,103,5
27: 135,299,246,76,14,57,25,293,103,5,354
28: 15,298,78,79,244,300,12,250,251,106,111,74,305,6,108,290,100,22,291,344,132,23,101,3
29: 252,17,59,80,301,81,253,77,109,213,247,246,76,14,54,206
30: 306,84,112,313,116,265,107,316
31: 123,122,331,337,127,330,32,124,332,291,23,38,134,346,101,3
32: 143,367,278,124,25,332,293,92,103,5,31,123,331,38,134,346
33: 374,333,125,148,381,153,163,152,147,380,373,40,96
34: 371,117,145,128,338,281,323,365,370,337,127
35: 392,157,160,339,7,129,161,393
36: 340,352,138,130,312,37,133,345
37: 386,340,156,38,134,346,130,36,133,345,161,387,393
38: 386,156,134,346,37,133,345,31,123,331,32,124,332,387
39: 162,395,394,348,389,388,158,136,347
40: 152,372,146,147,380,373,33,333,125,163,151,379,387
41: 203,51,180,175,170,176
42: 64,165,186,189,190,230,284,191,43,65,231,174,2,20
43: 42,52,165,204,284,191,166,65,231,2,20,8,47,188,187,197
44: 47,48,49,167,171,188,192,193,198,199,197
45: 68,168,189,194,195,236,258,174
46: 168,169,196,173,203,202,178,51,50
47: 44,48,170,167,171,192,198,197,52,204,191,166,43,8
48: 11,177,44,47,49,170,71,171,205,192,198,199,53,239,197,54,206,176
49: 11,177,44,48,71,72,171,172,240,192,193,198,199,239,54,206
50: 55,56,78,202,209,210,250,9,69,237,258,73,243,196,46
51: 203,179,180,41,196,46,170
52: 204,284,191,43,174,2,20,8,47,170,205,53,197
53: 11,48,71,205,198,239,52,204,284,70,238,2,20,10,8
54: 11,177,48,49,71,72,240,198,199,239,206,59,301,207,109,29,213
55: 56,78,83,202,178,179,208,209,210,215,250,257,50
56: 15,55,78,79,202,179,209,210,250,251,50,180
57: 75,244,12,74,1,13,245,135,299,27,25,293,103,5,291,23,101,3
58: 61,135,222,261,62,266,87,217,212,218,219
59: 252,17,62,80,301,81,253,181,182,109,29,213,214,218,219,54,206
60: 85,83,84,215,216,220,259,257,263,264
61: 58,185,184,217,212,211,221,180
62: 58,59,86,181,182,185,212,213,260,218,219
63: 64,68,189,223,228,229,230,236,102,275,89
64: 42,63,223,224,229,230,284,95,19,283,65,231,2,20
65: 42,64,186,224,230,284,191,43,231,2,20,226,225,187
66: 0,24,292,232,4,104,294,93,279,26,98,120,326,18,91,272,277,278,286,92
67: 188,226,227,233
68: 9,45,63,69,195,229,235,236,237,258,102,174,73,243,94,282
69: 9,68,236,237,284,70,174,238,2,20,10,73,243,202,244,12,74,50
70: 9,69,237,284,238,2,20,10,205,53,75,244,12,74,1,13,245
71: 0,11,48,49,72,24,240,205,193,246,198,199,76,292,53,239,4,104,14,294,26,54,206,77,247
72: 11,49,71,241,240,193,199,200,239,21,248,97,285,54,206,207
73: 9,68,69,236,237,258,243,78,202,244,12,250,74,50,242,290,100,22
74: 75,244,300,12,1,6,13,28,108,245,57,9,69,237,70,238,10,73,243,291,23,101,3
75: 244,12,74,1,13,245,57,70,238,10,246,76,14,135
76: 11,71,246,239,104,14,294,26,75,1,13,245,299,301,77,109,29,27,247,25,293,103,5
77: 17,303,301,81,253,109,29,247,11,71,246,76,239,248,104,14,294,26,110,302
78: 15,55,56,298,79,83,202,300,209,210,249,250,251,257,106,111,305,50,242,6,28,108,73,243
79: 15,56,78,83,300,210,250,251,257,264,111,16,305,6,28,108
80: 252,59,301,176,181,109,29,213,180
81: 17,303,254,59,301,82,262,253,207,77,109,29,213,214,247
82: 17,303,254,261,310,81,262,87,253,110,354,302,115,309
83: 15,55,60,78,79,209,216,249,250,251,256,257,263,264,111,311,305
84: 306,60,30,216,220,264,16,112,221,265
85: 60,216,220,259,263
86: 267,222,62,260,218,219
87: 267,254,58,261,266,82,262,212,219,115,309
88: 320,271,319,272,268
89: 117,275,274,323,122,90,276,330,94,282,63,229,269,102
90: 117,118,275,317,318,323,324,122,89,276,330,269,95,19,283,270
91: 143,120,367,319,326,18,272,277,278,92,95,19,283,66,232
92: 120,326,18,91,277,278,32,124,25,332,293,103,5,66,232,104,294,26
93: 66,226,227,232,279,272,273
94: 290,275,281,122,100,337,89,22,127,330,282,68,236,102
95: 64,230,284,19,283,270,2,20,122,90,276,330,18,91,277
96: 388,158,387,33,333,125,381,153,163
97: 0,287,72,241,24,240,193,292,234,21,4,285,280,98,286
98: 335,328,286,105,0,66,24,292,21,232,4,97,285,280
99: 290,336,281,100,22,289,298,106,242,288,297,329
100: 290,99,337,22,127,289,94,282,73,243,298,300,106,6,28,108,291,23,101,3,329
101: 291,23,3,244,300,12,74,6,28,108,57,31,290,123,331,100,22
102: 63,68,228,229,235,236,275,274,281,89,94,282
103: 278,32,124,25,332,293,92,5,246,76,104,14,294,26,57,299,27
104: 0,11,66,71,24,246,76,292,239,232,4,14,294,26,77,247,278,25,293,92,103,5
105: 98,335,126,286,287,296
106: 298,78,300,249,250,111,305,242,6,28,108,290,99,100,22,289,344,132,343,297,329
107: 358,312,359,306,30,264,112,313,116
108: 15,298,78,79,244,300,12,250,251,106,111,74,305,6,28,290,100,22,291,344,132,23,101,3
109: 252,17,59,80,301,81,253,77,29,213,247,246,76,14,54,206
110: 307,354,348,302,342,349,136,255,113,295,303,254,82,77,247
111: 15,298,78,79,83,300,250,251,257,106,264,311,305,304,6,28,108,344,351,350,132,312
112: 306,84,30,263,264,311,107
113: 307,110,354,348,389,302,342,136,131,341
114: 398,162,395,394,355,141,361,140,139,308
115: 354,355,141,361,309,315,254,261,310,82,87
116: 313,266,265,30,16,359,107,314,316
117: 118,128,275,338,317,322,323,324,122,365,89,34,90,276,330
118: 117,142,318,323,324,122,90,276,330
119: 142,147,362,325,373,334,143,368,367,144,363
120: 143,320,368,367,144,326,18,91,272,277,278,92,66,232
121: 376,375,369,335,327,149,328
122: 31,117,118,123,275,323,324,331,89,90,276,330,94,282,95,19,283
123: 31,122,331,337,127,330,32,124,332,291,23,38,134,346,101,3
124: 143,367,278,32,25,332,293,92,103,5,31,123,331,38,134,346
125: 374,33,333,148,381,153,163,152,147,380,373,40,96
126: 335,105,296,342,383,295
127: 31,290,371,123,145,128,338,150,331,100,378,337,22,34,94,282,385,329
128: 371,117,145,338,281,323,365,370,337,127,34
129: 392,157,160,35,339,7,161,393
130: 340,352,138,312,36,37,133,345
131: 375,154,335,149,341,382,381,153,307,389,342,113
132: 385,344,351,350,343,353,329,298,300,106,111,305,6,28,108
133: 386,340,156,38,134,346,130,36,37,345,161,387,393
134: 386,156,38,346,37,133,345,31,123,331,32,124,332,387
135: 299,58,27,212,75,1,13,245,57
136: 307,110,354,395,348,390,389,302,355,342,39,141,349,347,113
137: 391,357,351,350
138: 396,392,340,357,351,160,352,358,353,130,312,36
139: 398,360,140,114,308,397,359
140: 114,139,308,161,393,359
141: 354,395,348,355,356,115,136,361,309,114,308
142: 399,372,371,118,145,146,119,147,324,362,365,366,325,373
143: 374,368,120,367,144,148,326,18,91,277,32,124,332,119,147,325,373
144: 374,143,320,369,368,364,120,367,148,326,363,119,325
145: 372,371,142,146,128,338,150,365,370,378,337,127,34
146: 399,152,372,371,142,145,147,380,373,40,151,379
147: 152,372,142,146,119,380,325,373,40,334,374,143,33,333,125,367,148
148: 375,374,143,33,369,368,333,125,367,144,149,381,153,147,373
149: 376,375,374,369,154,335,121,327,148,131,341,382,381,153
150: 371,145,370,378,337,127,385,384,377,151,379,329
151: 386,385,156,379,152,372,146,150,380,378,40,387
152: 372,146,147,380,373,40,33,333,125,163,151,379,387
153: 375,374,33,154,333,125,148,149,131,341,382,381,389,96
154: 376,375,149,131,341,382,381,153,389,383
155: 391,384
156: 386,385,353,38,134,346,151,379,37,133,345,387
157: 396,392,160,35,339,7,129,397,161,393
158: 389,39,388,347,96
159: 395,390
160: 396,392,391,157,352,138,353,35,339,7,129,161,393
161: 162,394,140,397,393,392,157,160,35,339,7,129,37,133,345
162: 398,395,394,39,347,114,308,161,393
163: 33,333,125,152,380,40,96
164: 175
165: 42,169,190,191,166,43
166: 165,191,43,47,167,197
167: 44,47,171,192,197,166
168: 45,169,195,196,46,173
169: 165,168,174,196,46
170: 47,48,171,198,197,52,204,175,8,203,51,41,176
171: 177,44,47,48,49,170,167,172,192,198,199,197,176
172: 177,49,171,199
173: 168,196,46
174: 9,42,45,52,68,69,169,189,195,204,236,237,284,2,20,8
175: 170,164,41
176: 252,80,181,177,48,170,171,198,41
177: 48,49,171,172,198,199,54,206,176,182
178: 55,179,209,215,196,46
179: 203,55,56,178,183,209,210,51,211,180
180: 203,56,179,210,51,211,41,61,252,80,181,217
181: 252,59,62,80,176,182,185,213,218,180
182: 59,62,181,213,214,218,177
183: 179,215,220,211,184
184: 61,185,217,183,220,211,221
185: 61,62,181,184,217,218,211
186: 42,190,224,65,231,187
187: 188,226,225,186,191,43,65,231
188: 44,67,192,226,233,187,191,43
189: 42,45,63,190,195,223,229,174
190: 42,165,186,189
191: 42,52,165,204,284,166,43,65,231,2,20,8,47,188,187,197
192: 44,47,48,49,167,171,188,193,198,199,197
193: 0,11,44,49,71,72,24,240,192,199,292,239,21,4,97,285
194: 45,195,235,258,201
195: 45,68,168,189,194,236,258,174
196: 168,169,46,173,203,202,178,51,50
197: 44,47,48,170,167,171,192,198,52,204,191,166,43,8
198: 11,177,44,47,48,49,170,71,171,205,192,199,53,239,197,54,206,176
199: 11,177,44,48,49,71,72,171,172,240,192,193,198,239,54,206
200: 72,241,240
201: 208,242,194,258
202: 55,56,78,209,210,250,50,9,69,237,258,73,243,196,46
203: 179,51,180,41,196,46,170
204: 52,284,191,43,174,2,20,8,47,170,205,53,197
205: 11,48,71,198,53,239,52,204,284,70,238,2,20,10,8
206: 11,177,48,49,71,72,240,198,199,239,54,59,301,207,109,29,213
207: 17,81,253,214,72,240,248,54,206
208: 55,201,209,249
209: 55,56,78,83,202,178,179,208,210,215,250,257,50
210: 15,55,56,78,79,202,179,209,250,251,50,180
211: 179,183,180,61,185,184,217
212: 61,135,222,58,261,62,266,87,217,218,219
213: 252,17,59,62,80,301,81,253,181,182,109,29,214,218,219,54,206
214: 17,59,81,253,207,182,213
215: 55,60,178,183,209,216
216: 85,60,83,84,215,220,259,257,263,264
217: 61,58,185,184,212,211,221,180
218: 58,59,62,86,181,182,185,212,213,260,219
219: 267,58,59,261,62,262,86,87,212,213,260,218
220: 85,60,84,183,216,259,221,184
221: 84,220,16,61,222,265,184,217
222: 58,266,86,265,212,260,221
223: 63,64,189,224,229,230,269
224: 64,186,223,230,270,268,65,231,225
225: 226,187,224,268,65,231
226: 67,188,227,225,233,187,93,279,65,231
227: 67,226,233,93,279,273
228: 63,229,102,274
229: 63,64,68,189,223,228,230,236,102,275,89
230: 42,63,64,223,224,229,284,95,19,283,65,231,2,20
231: 42,64,186,224,230,284,191,43,65,2,20,226,225,187
232: 0,66,24,292,4,104,294,93,279,26,98,120,326,18,91,272,277,278,286,92
233: 67,188,226,227
234: 21,97,285,280
235: 68,194,236,258,102,242
236: 9,45,63,68,69,195,229,235,237,258,102,174,73,243,94,282
237: 9,68,69,236,284,70,174,238,2,20,10,73,243,202,244,12,74,50
238: 9,69,237,284,70,2,20,10,205,53,75,244,12,74,1,13,245
239: 0,11,48,49,71,72,24,240,205,193,246,198,199,76,292,53,4,104,14,294,26,54,206,77,247
240: 11,49,71,72,241,193,199,200,239,21,248,97,285,54,206,207
241: 287,72,240,200,21,248,97,285
242: 201,298,78,249,250,106,235,258,73,243,99,289
243: 9,68,69,236,237,258,73,78,202,244,12,250,74,50,242,290,100,22
244: 75,300,12,74,1,6,13,28,108,245,57,9,69,237,70,238,10,73,243,291,23,101,3
245: 75,244,12,74,1,13,57,70,238,10,246,76,14,135
246: 11,71,76,239,104,14,294,26,75,1,13,245,299,301,77,109,29,27,247,25,293,103,5
247: 17,303,301,81,253,77,109,29,11,71,246,76,239,248,104,14,294,26,110,302
248: 287,72,241,240,303,207,77,247
249: 298,78,83,208,250,256,257,106,242,297
250: 15,55,56,298,78,79,83,202,300,209,210,249,251,257,106,111,305,50,242,6,28,108,73,243
251: 15,56,78,79,83,300,210,250,257,264,111,16,305,6,28,108
252: 59,80,301,176,181,109,29,213,180
253: 17,303,254,59,301,81,82,262,207,77,109,29,213,214,247
254: 17,303,261,310,81,82,262,87,253,110,354,302,115,309
255: 110,302,356,349,295,303,310
256: 83,249,257,304
257: 15,55,60,78,79,83,209,216,249,250,251,256,263,264,111,311,305
258: 45,68,194,195,235,236,73,243,201,202,50,242
259: 85,60,216,220,263
260: 267,222,62,86,218,219
261: 267,254,58,266,82,262,87,212,219,115,309
262: 17,254,261,310,81,82,87,253,219
263: 306,85,60,83,216,259,257,264,311,112
264: 306,15,60,79,83,84,216,251,257,263,111,16,311,112,305,312,107
265: 313,222,266,116,84,30,16,221
266: 315,313,267,222,58,261,87,116,265,212,314
267: 315,261,266,86,87,260,219
268: 224,270,225,271,88
269: 223,270,275,317,89,90,276
270: 224,269,95,19,283,268,317,318,90,276
271: 320,319,88,272,268
272: 320,271,120,319,326,18,91,88,277,66,232,93,279
273: 321,227,93,279,280
274: 275,281,322,89,228,102
275: 117,274,323,122,89,90,276,330,94,282,63,229,269,102
276: 117,118,275,317,318,323,324,122,89,90,330,269,95,19,283,270
277: 143,120,367,319,326,18,91,272,278,92,95,19,283,66,232
278: 120,326,18,91,277,32,124,25,332,293,92,103,5,66,232,104,294,26
279: 66,226,227,232,93,272,273
280: 234,21,97,285,98,328,286,273
281: 336,128,338,274,99,34,289,94,282,102,288
282: 290,275,281,122,100,337,89,22,127,330,94,68,236,102
283: 64,230,284,95,19,270,2,20,122,90,276,330,18,91,277
284: 9,42,52,64,69,204,230,237,95,19,283,191,70,43,65,231,174,238,2,20,10,8,205,53
285: 0,287,72,241,24,240,193,292,234,21,4,97,280,98,286
286: 98,335,328,105,0,66,24,292,21,232,4,97,285,280
287: 241,21,248,97,285,296,105
288: 336,281,99,289
289: 290,336,281,99,100,22,298,106,242,288,297,329
290: 99,100,337,22,127,289,94,282,73,243,298,300,106,6,28,108,291,23,101,3,329
291: 23,101,3,244,300,12,74,6,28,108,57,31,290,123,331,100,22
292: 0,11,66,71,24,193,239,21,232,4,97,104,285,294,26,98,286
293: 278,32,124,25,332,92,103,5,246,76,104,14,294,26,57,299,27
294: 0,11,66,71,24,246,76,292,239,232,4,104,14,26,77,247,278,25,293,92,103,5
295: 110,302,342,349,255,296,303,126
296: 287,126,105,295
297: 350,343,298,249,106,304,99,289
298: 78,300,249,250,106,111,305,242,6,28,108,290,99,100,22,289,344,132,343,297,329
299: 135,27,246,76,14,57,25,293,103,5,354
300: 15,298,78,79,244,12,250,251,106,111,74,305,6,28,108,290,100,22,291,344,132,23,101,3
301: 252,17,59,80,81,253,77,109,29,213,247,246,76,14,54,206
302: 307,110,354,348,342,349,136,255,113,295,303,254,82,77,247
303: 17,254,81,82,253,77,247,248,110,302,255,295
304: 256,111,311,305,350,297
305: 15,298,78,79,83,300,250,251,257,106,264,111,311,304,6,28,108,344,351,350,132,312
306: 84,30,263,264,311,112,107
307: 110,354,348,389,302,342,136,113,131,341
308: 398,162,395,394,355,141,361,140,114,139
309: 354,355,115,141,361,315,254,261,310,82,87
310: 254,82,262,356,115,309,255
311: 306,83,257,263,264,111,112,305,304,357,351,312
312: 340,351,352,138,130,107,36,264,111,311,305
313: 266,116,265,30,16,359,107,314,316
314: 360,316,315,313,266,116,359
315: 267,266,314,115,361,309
316: 314,360,30,313,116,359
317: 117,318,323,90,276,269,270
318: 118,317,324,362,90,276,270,319
319: 320,271,18,363,91,88,272,277,318
320: 271,368,364,120,144,319,326,321,88,272
321: 320,273
322: 117,274,323
323: 117,118,128,275,338,317,322,324,122,365,89,34,90,276,330
324: 117,118,142,318,323,122,90,276,330
325: 142,119,147,362,373,334,143,368,367,144,363
326: 143,320,368,120,367,144,18,91,272,277,278,92,66,232
327: 376,375,369,335,121,149,328
328: 98,335,121,327,286,280
329: 385,344,132,343,377,298,106,290,336,150,99,100,378,337,22,127,289
330: 31,117,118,123,275,323,324,122,331,89,90,276,94,282,95,19,283
331: 31,123,122,337,127,330,32,124,332,291,23,38,134,346,101,3
332: 143,367,278,32,124,25,293,92,103,5,31,123,331,38,134,346
333: 374,33,125,148,381,153,163,152,147,380,373,40,96
334: 399,119,147,325,373
335: 376,375,98,121,327,126,149,328,131,341,286,105
336: 281,99,289,288,343,377,329
337: 31,290,371,123,145,128,338,150,331,100,378,22,127,34,94,282,385,329
338: 371,117,145,128,281,323,365,370,337,127,34
339: 392,157,160,35,7,129,161,393
340: 352,138,130,312,36,37,133,345
341: 375,154,335,149,131,382,381,153,307,389,342,113
342: 307,110,348,390,302,349,136,383,113,295,126,131,341
343: 384,344,350,132,297,329,298,106,336
344: 385,351,350,132,343,353,329,298,300,106,111,305,6,28,108
345: 386,340,156,38,134,346,130,36,37,133,161,387,393
346: 386,156,38,134,37,133,345,31,123,331,32,124,332,387
347: 162,395,394,348,389,39,388,158,136
348: 307,110,354,395,390,389,302,355,342,39,141,349,136,347,113
349: 110,348,390,302,342,356,136,255,295
350: 344,351,132,137,343,297,111,305,304
351: 357,344,352,350,132,137,138,353,312,111,311,305
352: 396,392,340,357,351,160,138,358,353,130,312,36
353: 392,391,386,385,344,351,160,352,132,138,156
354: 307,110,348,302,355,115,141,136,309,113,254,299,82,27
355: 354,395,348,356,115,141,136,361,309,114,308
356: 355,141,349,255,310
357: 351,352,137,138,358,311
358: 396,357,352,138,359,107
359: 358,107,313,116,314,140,139,316
360: 314,139,316
361: 355,115,141,309,114,308,315
362: 142,119,318,366,325,363
363: 368,364,144,319,119,362,325
364: 320,368,144,363
365: 371,117,142,145,128,338,323,366,34
366: 399,142,362,365
367: 374,143,368,120,144,148,326,18,91,277,32,124,332,119,147,325,373
368: 374,143,320,369,364,120,367,144,148,326,363,119,325
369: 375,374,368,121,327,144,148,149
370: 371,145,128,338,150,378,34,377
371: 372,142,145,146,128,338,150,365,370,378,337,127,34
372: 399,152,371,142,145,146,147,380,373,40,151,379
373: 152,372,142,146,119,147,380,325,40,334,374,143,33,333,125,367,148
374: 375,143,33,369,368,333,125,367,144,148,149,381,153,147,373
375: 376,374,369,154,335,121,327,148,149,131,341,382,381,153
376: 375,154,335,121,327,149,382,383
377: 384,329,336,150,370,378
378: 371,145,150,370,337,127,385,384,377,151,379,329
379: 386,385,156,151,152,372,146,150,380,378,40,387
380: 152,372,146,147,373,40,33,333,125,163,151,379,387
381: 375,374,33,154,333,125,148,149,131,341,382,153,389,96
382: 376,375,154,149,131,341,381,153,389,383
383: 390,342,376,154,126,382
384: 343,155,377,150,378
385: 386,344,132,156,353,151,379,329,150,378,337,127
386: 385,156,353,38,134,346,151,379,37,133,345,387
387: 96,152,380,40,386,156,38,134,346,151,379,37,133,345
388: 389,39,158,347,96
389: 307,348,39,388,158,136,347,113,154,131,341,382,381,153
390: 395,348,342,159,349,136,383
391: 392,160,137,155,353
392: 396,391,157,160,352,138,353,35,339,7,129,161,393
393: 162,394,140,397,161,392,157,160,35,339,7,129,37,133,345
394: 398,162,395,39,347,114,308,161,393
395: 162,394,348,390,355,39,159,141,136,347,114,308
396: 392,157,160,352,138,358,397
397: 398,139,161,393,396,157
398: 162,394,114,139,308,397
399: 372,142,146,366,334