0: 291,292,284,2,3,4,20,23,24,96,101,102,103,5,25,293,75,108,13,28,6,300,1,245,7,129,35,339
1: 244,12,75,13,74,252,245,16,80,292,0,4,24,102,10,70,238,204,14,52,76,8,246
2: 19,95,292,283,284,0,4,20,24,96,102,18,91,277,10,97,21,70,285,238,32,124,332
3: 19,291,95,292,283,0,4,23,24,101,102,22,100,290,299,244,12,107,27,74,128,338,34
4: 291,292,284,0,2,3,20,23,24,96,101,102,103,5,25,293,75,108,13,28,6,300,1,245,7,129,35,339
5: 97,21,103,285,25,293,292,0,4,24,102,109,14,76,29,301,246,294,26,104,36,130,340
6: 299,107,108,27,28,300,252,16,80,292,0,4,24,102,109,113,307,30,29,301,134,346,38
7: 32,128,124,129,332,338,35,34,339,292,0,4,24,102,40,380,36,130,340,152,134,346,38
8: 204,41,52,175,211,53,205,57,47,197,75,13,1,245,51,203
9: 46,64,68,69,196,230,236,237,19,95,283,10,70,238,244,12,74
10: 11,70,71,238,239,47,197,9,69,237,65,231,284,2,20,96,75,13,1,245
11: 10,97,48,21,66,70,71,72,240,285,198,232,238,239,14,76,246
12: 15,244,79,75,13,74,251,73,243,1,245,51,203,9,69,237,291,3,23,101
13: 244,12,75,74,252,1,245,16,80,292,0,4,24,102,10,70,238,204,14,52,76,8,246
14: 17,76,81,246,253,53,205,11,71,103,239,5,25,293,77,247,75,13,1,245
15: 299,244,56,12,107,78,79,84,27,210,74,250,251,258,252,16,80
16: 15,79,75,108,13,28,251,6,300,252,1,245,80,85,259,17,81,253,211,57
17: 109,14,58,76,81,82,86,29,212,301,246,253,254,260,252,16,80
18: 65,231,284,2,20,96,90,276,91,277,88,92,271,278,119,325
19: 9,69,237,291,95,283,284,282,94,2,3,20,23,96,101,90,276,31,123,331
20: 19,95,292,283,284,0,2,4,24,96,102,18,91,277,10,97,21,70,285,238,32,124,332
21: 11,97,71,103,285,239,5,25,293,286,98,92,278,284,2,20,96,33,125,333
22: 291,289,99,282,94,3,23,101,100,290,73,243,106,298,337,127
23: 19,291,95,292,283,0,3,4,24,101,102,22,100,290,299,244,12,107,27,74,128,338,34
24: 291,292,284,0,2,3,4,20,23,96,101,102,103,5,25,293,75,108,13,28,6,300,1,245,7,129,35,339
25: 97,21,103,285,5,293,292,0,4,24,102,109,14,76,29,301,246,294,26,104,36,130,340
26: 302,295,294,104,105,110,103,5,25,293,286,77,98,247,131,341
27: 15,299,107,79,108,28,251,6,300,112,106,298,306,291,3,23,101,345,37,133
28: 299,107,108,27,6,300,252,16,80,292,0,4,24,102,109,113,307,30,29,301,134,346,38
29: 109,17,302,81,308,301,253,110,114,103,5,25,293,108,28,6,300,39,347,135
30: 113,307,313,308,114,116,108,28,6,300,112,306,85,259,139,353
31: 32,372,118,122,123,146,128,124,324,330,331,332,338,34,19,95,283
32: 31,123,373,124,7,129,331,332,35,339,147,284,2,20,96,33,125,333,119,325
33: 374,120,125,126,148,326,334,333,36,130,340,97,21,285,32,124,332
34: 31,123,128,7,129,331,337,338,127,35,339,291,3,23,101,345,37,133,379,151
35: 32,128,124,7,129,332,338,34,339,292,0,4,24,102,40,380,36,130,340,152,134,346,38
36: 33,125,131,333,341,130,340,153,381,103,5,25,293,7,129,35,339,39,347,135
37: 386,345,344,352,132,133,138,156,299,107,27,128,338,34,134,346,38
38: 134,139,346,353,157,39,347,135,387,108,28,6,300,7,129,35,339,345,37,133
39: 134,354,346,388,158,136,38,140,347,348,135,109,29,301,36,130,340
40: 380,152,153,163,381,373,7,129,35,339,147,379,151,157,387
41: 204,52,164,175,176,180,8,174,170
42: 46,64,165,186,189,190,196,230,43,191
43: 42,190,65,231,191,166,187,44,192,47,197
44: 48,66,167,188,192,193,198,232,43,191
45: 46,68,168,189,194,195,196,236,50,202
46: 9,42,45,69,169,190,195,196,237,47,197,51,203
47: 10,48,70,198,238,197,46,196,43,191,170,204,52,8
48: 11,44,49,71,171,192,198,199,239,47,197,53,205
49: 48,72,172,240,193,198,199,200,206,54
50: 45,195,201,202,173,55,209,73,243,51,203
51: 244,56,12,210,74,203,46,196,174,50,202,204,52,8
52: 204,41,175,8,211,53,205,57,47,197,75,13,1,245,51,203
53: 204,14,52,58,76,176,8,212,246,205,48,198,206,54
54: 49,199,206,207,77,247,177,59,213,53,205
55: 56,78,178,208,209,210,215,250,50,202
56: 15,55,60,79,179,209,210,216,251,51,203,211,57
57: 204,52,58,61,180,8,212,217,211,56,210,252,16,80
58: 17,59,62,81,181,212,213,218,253,211,53,205,57
59: 58,82,182,212,213,214,219,254,206,54
60: 56,84,183,210,215,216,220,258,61,217
61: 62,184,217,218,221,211,57,60,216,85,259
62: 58,61,86,185,212,217,218,219,222,260
63: 64,68,189,223,228,229,230,236,89,275
64: 9,42,63,69,190,224,229,230,237,65,231,90,276
65: 64,230,231,225,43,191,18,91,277,10,66,70,232,238
66: 11,44,67,71,192,226,232,233,239,92,278,65,231
67: 66,72,240,193,93,279,227,232,233,234
68: 9,45,63,69,195,229,235,236,237,282,94,73,243
69: 9,46,64,68,196,230,236,237,19,95,283,10,70,238,244,12,74
70: 10,11,71,238,239,47,197,9,69,237,65,231,284,2,20,96,75,13,1,245
71: 10,11,97,48,21,66,70,72,240,285,198,232,238,239,14,76,246
72: 11,49,67,71,241,240,199,233,239,286,77,98,247
73: 244,12,78,74,250,243,242,68,236,50,202,22,100,290
74: 15,244,12,79,75,13,251,73,243,1,245,51,203,9,69,237,291,3,23,101
75: 244,12,13,74,252,1,245,16,80,292,0,4,24,102,10,70,238,204,14,52,76,8,246
76: 14,17,81,246,253,53,205,11,71,103,239,5,25,293,77,247,75,13,1,245
77: 72,240,206,54,247,14,76,82,246,294,248,254,26,104
78: 15,55,79,83,209,249,250,251,257,73,243,106,298
79: 15,299,244,56,12,107,78,84,27,210,74,250,251,258,252,16,80
80: 15,79,75,108,13,28,251,6,300,252,1,245,16,85,259,17,81,253,211,57
81: 109,14,17,58,76,82,86,29,212,301,246,253,254,260,252,16,80
82: 17,59,302,81,87,213,253,254,255,261,110,77,247
83: 78,84,215,305,250,256,257,258,263,111
84: 15,60,79,83,216,251,257,258,264,112,306,85,259
85: 84,258,252,16,80,259,113,307,61,86,30,217,265,260
86: 17,62,266,81,87,308,218,253,260,261,114,85,259
87: 267,115,82,86,309,219,254,260,261,262
88: 271,225,18,91,270,277,319,272,268
89: 63,229,275,274,269,282,94,90,276,117,323
90: 64,230,19,95,283,89,275,276,18,91,270,277,118,324
91: 65,231,284,2,20,96,90,276,18,277,88,92,271,278,119,325
92: 97,21,66,285,93,279,232,278,18,91,277,120,272,326
93: 273,67,279,280,233,286,98,92,278,121,327
94: 68,236,19,95,283,89,275,282,22,100,290,122,281,330
95: 9,69,237,19,291,283,284,282,94,2,3,20,23,96,101,90,276,31,123,331
96: 19,95,292,283,284,0,2,4,20,24,102,18,91,277,10,97,21,70,285,238,32,124,332
97: 11,21,71,103,285,239,5,25,293,286,98,92,278,284,2,20,96,33,125,333
98: 97,21,72,240,285,93,279,286,294,26,104,287,126,334
99: 289,22,100,290,288,242,281,336,297
100: 291,289,99,282,94,3,23,101,22,290,73,243,106,298,337,127
101: 19,291,95,292,283,0,3,4,23,24,102,22,100,290,299,244,12,107,27,74,128,338,34
102: 291,292,284,0,2,3,4,20,23,24,96,101,103,5,25,293,75,108,13,28,6,300,1,245,7,129,35,339
103: 97,21,285,5,25,293,292,0,4,24,102,109,14,76,29,301,246,294,26,104,36,130,340
104: 302,295,294,26,105,110,103,5,25,293,286,77,98,247,131,341
105: 295,294,248,26,104,296,342,287,303
106: 299,107,78,27,305,250,111,298,22,100,290,344,132,297
107: 15,299,79,108,27,28,251,6,300,112,106,298,306,291,3,23,101,345,37,133
108: 299,107,27,28,6,300,252,16,80,292,0,4,24,102,109,113,307,30,29,301,134,346,38
109: 17,302,81,29,308,301,253,110,114,103,5,25,293,108,28,6,300,39,347,135
110: 109,115,302,82,29,309,301,294,254,26,104,303,136,348
111: 311,83,304,305,257,112,106,298,306,351,137
112: 299,107,84,27,305,258,111,306,113,307,30,352,138,312
113: 307,313,30,308,114,116,108,28,6,300,112,306,85,259,139,353
114: 109,113,307,115,86,30,29,308,309,301,260,354,314,140
115: 315,310,302,87,308,309,261,110,114,355,141
116: 113,307,313,30,265,316,359,312,314
117: 118,122,317,322,323,324,330,365,89,275
118: 31,117,123,142,318,323,324,331,366,90,276,119,325
119: 319,120,326,325,18,91,277,32,118,124,143,324,332,367
120: 320,33,368,121,327,125,144,326,333,119,325,92,278
121: 369,120,327,126,326,334,321,328,93,279
122: 31,371,117,123,145,323,329,330,331,337,127,282,94
123: 31,32,372,118,122,146,128,124,324,330,331,332,338,34,19,95,283
124: 31,32,123,373,7,129,331,332,35,339,147,284,2,20,96,33,125,333,119,325
125: 374,33,120,126,148,326,334,333,36,130,340,97,21,285,32,124,332
126: 375,33,335,121,327,125,149,131,334,333,341,286,98
127: 122,128,150,330,378,337,338,34,336,22,100,290,344,132
128: 31,123,7,129,331,337,338,127,35,34,339,291,3,23,101,345,37,133,379,151
129: 32,128,124,7,332,338,35,34,339,292,0,4,24,102,40,380,36,130,340,152,134,346,38
130: 33,125,131,333,341,36,340,153,381,103,5,25,293,7,129,35,339,39,347,135
131: 382,154,342,126,334,341,36,130,340,294,26,104,136,348
132: 345,37,385,344,351,133,137,343,155,106,298,337,127
133: 386,345,37,344,352,132,138,156,299,107,27,128,338,34,134,346,38
134: 139,346,353,157,39,38,347,135,387,108,28,6,300,7,129,35,339,345,37,133
135: 134,354,346,39,388,158,136,38,140,347,348,109,29,301,36,130,340
136: 389,355,39,159,141,349,347,348,135,302,110,131,341
137: 391,357,344,351,352,350,132,138,305,111
138: 392,345,37,351,160,352,133,137,358,112,306,139,353
139: 134,354,346,353,38,140,113,307,30,359,352,138,393,161
140: 139,162,354,394,353,355,39,360,141,347,135,308,114
141: 354,395,355,356,136,361,140,348,115,309
142: 399,372,118,146,143,324,362,365,366,367
143: 363,142,373,366,367,147,368,144,119,325
144: 374,369,368,364,120,148,326,143,367
145: 372,371,122,146,150,330,365,370,378
146: 31,372,371,123,142,145,373,331,366,147,379,151
147: 32,372,146,373,124,143,332,367,374,40,148,380,152
148: 375,374,33,368,125,144,149,333,153,381,373,147
149: 376,375,374,382,154,369,126,148,334
150: 371,145,377,378,337,127,385,155,379,151
151: 386,156,379,372,146,128,150,378,338,34,40,380,152
152: 40,380,153,163,381,373,7,129,35,339,147,379,151,157,387
153: 374,382,154,40,148,380,36,130,340,152,381,388,158
154: 375,382,149,383,131,341,153,381,389,159
155: 391,386,385,384,344,132,156,150,378
156: 392,386,345,37,385,160,133,155,379,151,157,387
157: 134,346,388,158,38,387,40,380,152,386,156,393,161
158: 162,394,389,157,39,159,388,347,135,387,153,381
159: 395,390,389,388,158,136,348,382,154
160: 396,392,391,386,352,138,156,393,161
161: 392,160,393,397,139,162,394,353,157,387
162: 398,354,395,394,388,158,140,393,161
163: 40,380,152
164: 41,175
165: 42,169,190,166
166: 165,43,191,170,167
167: 44,171,192,166
168: 45,169,195,173
169: 46,165,168,196,174,170
170: 169,166,171,47,197,41,175
171: 48,167,172,198,170,176
172: 49,171,199,177
173: 168,174,50,202,178
174: 169,173,179,51,203,41,175
175: 204,41,52,164,176,180,8,174,170
176: 41,175,181,53,205,171,177
177: 172,206,54,176,182
178: 55,179,209,173
179: 56,178,183,210,174,180
180: 41,175,181,184,211,57,179
181: 58,176,180,182,185,212
182: 59,181,213,177
183: 60,179,216,184
184: 61,180,185,217,183
185: 62,181,184,218
186: 42,190,224,187
187: 186,225,43,191,188
188: 44,192,226,187
189: 42,45,63,190,195,229
190: 42,46,64,165,186,189,196,230,43,191
191: 42,190,65,231,43,166,187,44,192,47,197
192: 44,48,66,167,188,193,198,232,43,191
193: 44,49,67,192,199,233
194: 45,195,235,201
195: 45,46,68,168,189,194,196,236,50,202
196: 9,42,45,46,69,169,190,195,237,47,197,51,203
197: 10,48,70,198,238,47,46,196,43,191,170,204,52,8
198: 11,44,48,49,71,171,192,199,239,47,197,53,205
199: 48,49,72,172,240,193,198,200,206,54
200: 49,241,199,207
201: 194,50,202,208,242
202: 45,195,201,50,173,55,209,73,243,51,203
203: 244,56,12,210,74,51,46,196,174,50,202,204,52,8
204: 41,52,175,8,211,53,205,57,47,197,75,13,1,245,51,203
205: 204,14,52,58,76,176,8,212,246,53,48,198,206,54
206: 49,199,54,207,77,247,177,59,213,53,205
207: 200,206,54,214,248
208: 55,209,249,201
209: 55,56,78,178,208,210,215,250,50,202
210: 15,55,56,60,79,179,209,216,251,51,203,211,57
211: 204,52,58,61,180,8,212,217,57,56,210,252,16,80
212: 17,58,59,62,81,181,213,218,253,211,53,205,57
213: 58,59,82,182,212,214,219,254,206,54
214: 59,213,255,207
215: 55,60,83,209,216,257
216: 56,60,84,183,210,215,220,258,61,217
217: 61,62,184,218,221,211,57,60,216,85,259
218: 58,61,62,86,185,212,217,219,222,260
219: 59,62,87,213,218,261
220: 60,216,264,221
221: 61,217,222,265,220
222: 62,266,218,221
223: 63,224,229,269
224: 64,186,223,230,225,270
225: 224,65,231,187,226,88,271
226: 66,188,227,232,225,272
227: 273,67,226,233
228: 63,229,235,274
229: 63,64,68,189,223,228,230,236,89,275
230: 9,42,63,64,69,190,224,229,237,65,231,90,276
231: 64,230,65,225,43,191,18,91,277,10,66,70,232,238
232: 11,44,66,67,71,192,226,233,239,92,278,65,231
233: 66,67,72,240,193,93,279,227,232,234
234: 67,241,280,233
235: 68,194,228,236,242,281
236: 9,45,63,68,69,195,229,235,237,282,94,73,243
237: 9,46,64,68,69,196,230,236,19,95,283,10,70,238,244,12,74
238: 10,11,70,71,239,47,197,9,69,237,65,231,284,2,20,96,75,13,1,245
239: 10,11,97,48,21,66,70,71,72,240,285,198,232,238,14,76,246
240: 11,49,67,71,72,241,199,233,239,286,77,98,247
241: 72,240,200,234,248,287
242: 249,73,243,235,289,99,201
243: 244,12,78,74,250,73,242,68,236,50,202,22,100,290
244: 15,12,79,75,13,74,251,73,243,1,245,51,203,9,69,237,291,3,23,101
245: 244,12,75,13,74,252,1,16,80,292,0,4,24,102,10,70,238,204,14,52,76,8,246
246: 14,17,76,81,253,53,205,11,71,103,239,5,25,293,77,247,75,13,1,245
247: 72,240,206,54,77,14,76,82,246,294,248,254,26,104
248: 295,255,105,241,207,77,247
249: 78,208,250,256,242,297
250: 15,55,78,79,83,209,249,251,257,73,243,106,298
251: 15,299,244,56,12,107,78,79,84,27,210,74,250,258,252,16,80
252: 15,79,75,108,13,28,251,6,300,1,245,16,80,85,259,17,81,253,211,57
253: 109,14,17,58,76,81,82,86,29,212,301,246,254,260,252,16,80
254: 17,59,302,81,82,87,213,253,255,261,110,77,247
255: 82,214,248,254,262,303
256: 83,304,249,257
257: 78,83,84,215,305,250,256,258,263,111
258: 15,60,79,83,84,216,251,257,264,112,306,85,259
259: 84,258,252,16,80,85,113,307,61,86,30,217,265,260
260: 17,62,266,81,86,87,308,218,253,261,114,85,259
261: 267,115,82,86,87,309,219,254,260,262
262: 310,87,255,261
263: 311,83,257,264
264: 84,220,258,263,265,312
265: 266,313,221,116,264,85,259
266: 267,86,222,265,260,314
267: 315,266,87,261
268: 88,271
269: 223,89,275,270,317
270: 224,269,90,276,88,271,318
271: 88,225,18,91,270,277,319,272,268
272: 320,273,226,88,92,271,278
273: 93,279,227,272,321
274: 228,89,275,281,322
275: 63,229,89,274,269,282,94,90,276,117,323
276: 64,230,19,95,283,89,275,90,18,91,270,277,118,324
277: 65,231,284,2,20,96,90,276,18,91,88,92,271,278,119,325
278: 97,21,66,285,93,279,232,92,18,91,277,120,272,326
279: 273,67,93,280,233,286,98,92,278,121,327
280: 93,279,234,287,328
281: 329,235,274,289,99,282,94
282: 68,236,19,95,283,89,275,94,22,100,290,122,281,330
283: 9,69,237,19,291,95,284,282,94,2,3,20,23,96,101,90,276,31,123,331
284: 19,95,292,283,0,2,4,20,24,96,102,18,91,277,10,97,21,70,285,238,32,124,332
285: 11,97,21,71,103,239,5,25,293,286,98,92,278,284,2,20,96,33,125,333
286: 97,21,72,240,285,93,279,98,294,26,104,287,126,334
287: 335,241,280,286,98,295,105
288: 289,99
289: 99,22,100,290,288,242,281,336,297
290: 291,289,99,282,94,3,23,101,22,100,73,243,106,298,337,127
291: 19,95,292,283,0,3,4,23,24,101,102,22,100,290,299,244,12,107,27,74,128,338,34
292: 291,284,0,2,3,4,20,23,24,96,101,102,103,5,25,293,75,108,13,28,6,300,1,245,7,129,35,339
293: 97,21,103,285,5,25,292,0,4,24,102,109,14,76,29,301,246,294,26,104,36,130,340
294: 302,295,26,104,105,110,103,5,25,293,286,77,98,247,131,341
295: 294,248,26,104,105,296,342,287,303
296: 295,105
297: 343,289,99,304,249,106,298
298: 299,107,78,27,305,250,111,106,22,100,290,344,132,297
299: 15,107,79,108,27,28,251,6,300,112,106,298,306,291,3,23,101,345,37,133
300: 299,107,108,27,28,6,252,16,80,292,0,4,24,102,109,113,307,30,29,301,134,346,38
301: 109,17,302,81,29,308,253,110,114,103,5,25,293,108,28,6,300,39,347,135
302: 109,115,82,29,309,301,294,254,26,104,110,303,136,348
303: 349,310,302,295,255,105,110
304: 305,256,111,350,297
305: 311,83,304,257,111,112,106,298,306,351,137
306: 299,107,84,27,305,258,111,112,113,307,30,352,138,312
307: 113,313,30,308,114,116,108,28,6,300,112,306,85,259,139,353
308: 109,113,307,115,86,30,29,309,301,260,114,354,314,140
309: 315,115,310,302,87,308,261,110,114,355,141
310: 115,309,262,303,356
311: 305,263,111,357,312
312: 358,311,264,112,306,313,116
313: 113,307,30,265,116,316,359,312,314
314: 360,315,266,313,308,114,116
315: 267,115,309,314,361
316: 313,116
317: 117,318,323,269
318: 118,317,324,362,270,319
319: 320,119,325,88,271,363,318
320: 319,364,120,272,326,321
321: 320,121,327,273
322: 117,323,329,274
323: 117,118,122,317,322,324,330,365,89,275
324: 31,117,118,123,142,318,323,331,366,90,276,119,325
325: 319,120,326,119,18,91,277,32,118,124,143,324,332,367
326: 320,33,368,120,121,327,125,144,333,119,325,92,278
327: 369,120,121,126,326,334,321,328,93,279
328: 335,121,327,280
329: 122,281,322,330,370,336
330: 31,371,117,122,123,145,323,329,331,337,127,282,94
331: 31,32,372,118,122,123,146,128,124,324,330,332,338,34,19,95,283
332: 31,32,123,373,124,7,129,331,35,339,147,284,2,20,96,33,125,333,119,325
333: 374,33,120,125,126,148,326,334,36,130,340,97,21,285,32,124,332
334: 375,33,335,121,327,125,126,149,131,333,341,286,98
335: 376,342,287,126,334,328
336: 329,377,337,127,289,99,343
337: 122,128,150,330,378,338,127,34,336,22,100,290,344,132
338: 31,123,128,7,129,331,337,127,35,34,339,291,3,23,101,345,37,133,379,151
339: 32,128,124,7,129,332,338,35,34,292,0,4,24,102,40,380,36,130,340,152,134,346,38
340: 33,125,131,333,341,36,130,153,381,103,5,25,293,7,129,35,339,39,347,135
341: 382,154,342,126,131,334,36,130,340,294,26,104,136,348
342: 335,383,131,341,295,105,349
343: 384,344,350,132,297,336
344: 345,37,385,351,132,133,137,343,155,106,298,337,127
345: 386,37,344,352,132,133,138,156,299,107,27,128,338,34,134,346,38
346: 134,139,353,157,39,38,347,135,387,108,28,6,300,7,129,35,339,345,37,133
347: 134,354,346,39,388,158,136,38,140,348,135,109,29,301,36,130,340
348: 389,355,39,159,141,349,136,347,135,302,110,131,341
349: 303,390,356,136,348,342
350: 351,137,343,304
351: 391,357,344,352,350,132,137,138,305,111
352: 392,345,37,351,160,133,137,138,358,112,306,139,353
353: 134,139,354,346,38,140,113,307,30,359,352,138,393,161
354: 139,162,394,353,355,39,360,141,140,347,135,308,114
355: 354,395,356,141,136,361,140,348,115,309
356: 355,141,349,310
357: 351,137,358,311
358: 396,357,359,352,138,312
359: 358,397,313,116,139,353,360
360: 398,354,314,361,140,359
361: 355,360,141,315
362: 363,142,318,366
363: 143,362,367,319,364
364: 320,368,144,363
365: 371,117,142,145,323,366
366: 399,372,118,142,146,143,324,362,365,367
367: 363,142,373,143,366,147,368,144,119,325
368: 374,369,364,120,144,148,326,143,367
369: 375,368,121,327,144,149
370: 371,145,329,377
371: 372,122,145,146,150,330,365,370,378
372: 31,371,123,142,145,146,373,331,366,147,379,151
373: 32,372,146,124,143,332,367,147,374,40,148,380,152
374: 375,33,368,125,144,148,149,333,153,381,373,147
375: 376,374,382,154,369,126,148,149,334
376: 375,335,149,383
377: 150,370,378,336,384
378: 371,145,150,377,337,127,385,155,379,151
379: 386,156,151,372,146,128,150,378,338,34,40,380,152
380: 40,152,153,163,381,373,7,129,35,339,147,379,151,157,387
381: 374,382,154,40,148,380,36,130,340,152,153,388,158
382: 375,154,149,383,131,341,153,381,389,159
383: 376,382,154,342,390
384: 385,343,155,377
385: 391,386,384,344,132,155,156,150,378
386: 392,345,37,385,160,133,155,156,379,151,157,387
387: 134,346,157,388,158,38,40,380,152,386,156,393,161
388: 162,394,389,157,39,159,158,347,135,387,153,381
389: 395,390,159,388,158,136,348,382,154
390: 389,159,349,383
391: 392,385,351,160,137,155
392: 396,391,386,160,352,138,156,393,161
393: 392,160,397,161,139,162,394,353,157,387
394: 398,162,354,395,388,158,140,393,161
395: 162,394,389,355,159,141
396: 392,160,358,397
397: 396,359,393,161,398
398: 162,394,360,397
399: 142,366