0: 11,280,287,71,72,240,193,292,26,239,21,4,97,104,285,294,98,286,105
1: 252,135,246,80,301,109,29,57,13,245,75,14,76,205,247,53,244,12,74
2: 42,64,230,284,95,19,283,65,231,174,20,205,53
3: 291,23,38,134,346,101,108,28,300,6,69,237,244,100,12,290,74,57,31,123,331
4: 0,11,280,287,71,72,240,193,292,26,239,21,97,104,285,294,98,286,105
5: 124,278,103,332,32,293,25,92,299,246,27,57,14,76
6: 291,340,385,344,351,132,23,353,130,36,101,3,108,28,300,312,298,250,106,111,305
7: 
8: 44,47,188,192,204,226,197
9: 202,201,178,208,50,173,46,194,196,258
10: 64,230,95,19,283,268,65,231,225,276,90,18,91,277,270,272
11: 0,49,71,72,240,193,199,247,292,26,239,4,104,294,246,14,76
12: 244,100,290,74,70,69,237,238,57,1,13,245,75,291,23,101,3
13: 252,135,246,80,301,109,29,57,1,245,75,14,76,205,247,53,244,12,74
14: 135,299,246,301,109,29,27,59,1,13,245,75,76,11,71,247,26,239,104,294,103,293,5,25
15: 55,56,60,78,79,83,100,209,210,216,250,251,257,264,111,290,305
16: 313,266,116,265,250,264,221
17: 303,254,301,81,82,253,219,109,29,214,218,206,54,59,248
18: 118,276,318,324,90,91,277,10,95,19,283,319,272
19: 10,64,69,230,237,284,95,283,2,20,330,276,122,90,18,91,277
20: 42,64,230,284,95,19,283,65,231,174,2,205,53
21: 0,280,287,72,241,240,193,200,292,234,4,97,285
22: 128,151,338,281,370,34,336,377
23: 291,38,134,346,101,3,108,28,300,6,69,237,244,100,12,290,74,57,31,123,331
24: 225,188,233,187
25: 124,278,103,332,32,293,5,92,299,246,27,57,14,76
26: 0,11,71,292,239,4,104,294,246,14,76,98,278,232,286,66,92
27: 135,299,246,57,59,14,76,103,293,5,25,307,354,113,35,129
28: 291,340,385,344,351,132,23,353,130,36,101,3,108,300,6,312,298,250,106,111,305
29: 252,17,135,58,246,80,301,81,253,109,212,218,206,54,1,13,245,75,14,76,247
30: 84,112,313,116,265,107,316
31: 330,123,122,331,337,127,69,237,124,332,32,291,23,38,134,346,101,3
32: 124,368,278,103,332,367,143,125,293,333,5,25,92,31,123,331,38,134,346
33: 375,381
34: 371,117,145,128,151,338,281,322,323,282,365,337,22,127,94
35: 129,299,27,57,340,130,37,36,345,133
36: 340,352,138,353,130,37,345,108,28,133,300,6,312,250,35,129
37: 386,340,156,38,134,346,130,36,345,133,161,393,387,35,129
38: 386,291,23,156,134,346,37,101,3,345,133,31,123,331,124,332,32,387
39: 162,395,394,348,389,355,388,158,141,136,347,153
40: 152,372,146,147,380,373,125,333,379,387,163
41: 176,52,175,170,164
42: 64,186,189,190,229,230,284,191,43,65,231,174,2,20
43: 42,165,168,169,189,190,191,174
44: 47,48,49,167,171,172,192,193,204,198,199,197,8
45: 68,189,194,235,236,258,102,174
46: 168,169,196,9,173
47: 44,48,170,167,171,192,204,198,197,8,166
48: 177,44,47,49,170,171,192,198,199,247,197,176
49: 11,177,44,48,71,72,172,240,192,193,198,199,200,247,239,207,206,54
50: 55,56,78,202,178,179,100,209,210,290,9,203,51,70,238,258
51: 56,202,179,210,180,50,203
52: 252,80,176,181,185,41,211
53: 205,247,70,238,284,2,20,1,13,245,75
54: 17,301,81,253,182,109,29,214,218,206,177,49,199,247,207
55: 15,56,60,78,79,83,202,178,179,208,209,210,215,216,251,257,50
56: 15,55,79,202,179,100,209,210,180,251,290,50,203,51,70,238
57: 135,299,27,1,13,245,75,244,12,74,103,293,5,25,291,23,101,3,35,129
58: 61,252,135,261,80,301,266,87,219,181,109,217,29,212,260,218
59: 17,303,254,299,246,81,82,253,27,14,76,307,110,354,302,113
60: 15,85,55,79,83,209,215,216,220,259,251,257,263,264
61: 58,185,217,212,184,180,211,221
62: 86,185,213
63: 274,281,322,282,94,228,102,275,89
64: 42,10,229,230,284,95,19,283,275,65,231,2,20,89,276,90
65: 42,10,64,186,230,284,187,231,2,20,225
66: 98,278,120,326,232,286,92,226,26,104,279,294,93
67: 
68: 70,73,69,45,236,237,238,102,174,243,100,290
69: 68,236,237,95,19,283,244,12,74,31,330,123,122,331,291,23,101,3
70: 68,236,238,174,205,53,56,202,244,100,210,12,290,74,50
71: 0,11,49,72,240,193,199,247,292,26,239,4,104,294,246,14,76
72: 0,11,49,287,71,241,240,193,199,200,292,239,21,248,207,4,97,285
73: 68,236,258,102,243,298,78,100,106,290,242,282,94,99,289
74: 244,100,12,290,70,69,237,238,57,1,13,245,75,291,23,101,3
75: 252,135,246,80,301,109,29,57,1,13,245,14,76,205,247,53,244,12,74
76: 135,299,246,301,109,29,27,59,1,13,245,75,14,11,71,247,26,239,104,294,103,293,5,25
77: 310,303,254,82,262,110,302,255,309
78: 15,55,298,79,83,202,100,208,209,249,251,257,106,290,50,242,73,258,243
79: 15,55,56,60,78,83,100,209,210,216,250,251,257,264,111,290,305
80: 252,58,301,176,181,109,29,212,1,13,245,75,52,247,180
81: 17,303,254,301,82,253,219,109,29,214,218,206,54,59,248
82: 17,303,254,261,81,87,253,77,59,110,354,302,309
83: 15,304,55,60,78,79,208,209,216,249,251,256,257,263,264,111,305
84: 85,30,220,259,264,112,221,265
85: 60,84,216,220,259,263
86: 62
87: 267,254,58,261,115,266,82,219,212,260
88: 320,271,319,272,268
89: 64,230,102,275,330,117,276,323,282,122,90,94,269,63
90: 330,117,118,276,317,318,323,324,122,269,18,91,277,270,10,64,230,95,19,283,275,89
91: 118,276,318,324,90,18,277,10,95,19,283,319,272
92: 124,368,278,103,332,232,32,293,5,66,25,26,104,294
93: 226,227,233,279,320,232,66,273,272
94: 330,128,338,281,282,122,337,127,34,63,73,102,275,243,89,329
95: 10,64,69,230,237,284,19,283,2,20,330,276,122,90,18,91,277
96: 389,388,158,387,153,163,149,125,381,333
97: 0,280,287,72,241,240,193,200,292,234,21,4,285
98: 335,120,326,232,286,66,105,0,280,292,26,4,104,294
99: 336,297,289,288,329,73,243,298,106,242,281
100: 15,56,78,79,202,244,210,12,251,290,74,50,70,73,68,236,238,243,291,23,101,3
101: 291,23,38,134,346,3,108,28,300,6,69,237,244,100,12,290,74,57,31,123,331
102: 73,68,45,228,235,236,275,243,89,282,94,63
103: 124,278,332,32,293,5,25,92,299,246,27,57,14,76
104: 0,11,71,292,26,239,4,294,246,14,76,98,278,232,286,66,92
105: 98,335,126,286,0,280,287,292,4,296
106: 298,78,249,111,305,242,73,243,344,132,99,297,289,329,108,28,300,6
107: 352,138,358,359,312,30,264,112,313,116
108: 291,340,385,344,351,132,23,353,130,36,101,3,28,300,6,312,298,250,106,111,305
109: 252,17,135,58,246,80,301,81,253,29,212,218,206,54,1,13,245,75,14,76,247
110: 307,354,348,302,342,349,136,255,113,295,309,303,254,82,77,59
111: 15,304,298,79,83,249,251,257,106,305,344,351,350,132,297,108,28,300,6,311,312
112: 306,84,30,263,264,107
113: 307,110,354,348,389,302,342,136,153,299,27,59,131,341
114: 398,162,394,355,141,361,140,139,308
115: 267,261,266,87,315,314
116: 313,266,265,16,30,359,107,316,314
117: 330,118,276,128,338,317,322,323,324,122,365,90,34,269,275,89
118: 330,117,276,142,119,318,323,324,122,90,325,18,91,277,367,143
119: 118,142,147,324,362,334,325,373,374,148,367,143,363
120: 320,369,368,98,326,321,232,286,66
121: 376,369,335,327,328,382
122: 31,330,117,118,276,123,323,324,282,331,90,337,127,94,69,237,95,19,283,275,89
123: 31,330,122,331,337,127,69,237,124,332,32,291,23,38,134,346,101,3
124: 368,278,103,332,367,143,125,32,293,333,5,25,92,31,123,331,38,134,346
125: 374,124,368,332,148,367,143,32,381,333,152,147,380,373,40,96,387,153
126: 383,335,105,296,342,295
127: 31,330,371,123,145,128,151,338,150,282,122,331,378,337,34,94,385,329
128: 371,117,145,151,338,281,322,323,282,365,337,22,127,34,94
129: 35,299,27,57,340,130,37,36,345,133
130: 340,352,138,353,37,36,345,108,28,133,300,6,312,250,35,129
131: 376,335,149,341,307,389,342,113,153
132: 385,344,351,350,343,353,297,329,108,28,300,6,298,106,111,305
133: 386,340,156,38,134,346,130,37,36,345,161,393,387,35,129
134: 386,291,23,156,38,346,37,101,3,345,133,31,123,331,124,332,32,387
135: 299,58,246,301,109,29,27,212,57,1,13,245,75,14,76
136: 307,110,354,395,348,390,389,302,355,342,39,141,349,347,113,309
137: 391,357,351,350
138: 396,340,357,351,352,358,353,130,107,36,312
139: 398,360,140,114,308,397,359
140: 161,393,114,139,308,397,359
141: 354,395,348,355,39,356,136,361,347,114,308,309
142: 399,372,371,118,145,146,119,147,324,362,365,366,325,373
143: 374,124,368,332,148,367,125,32,333,118,119,147,324,325,373
144: 369,364
145: 372,371,142,146,128,151,338,150,365,370,378,337,127,34
146: 152,372,371,142,145,150,147,380,378,373,40
147: 152,372,142,146,119,380,334,325,373,40,374,148,367,143,125,333
148: 374,369,368,367,143,382,125,381,333,119,147,325,373
149: 376,131,341,382,381,389,154,96,153
150: 372,371,145,146,151,378,337,127,386,385,156
151: 371,145,128,338,150,370,378,337,22,127,34,385,384,377,329
152: 372,146,147,380,373,40,125,333,379,387,163
153: 307,389,39,347,96,387,113,368,149,131,341,125,333
154: 390,389,159,388,158,376,383,149
155: 392,391,384,160
156: 386,385,353,38,134,346,37,379,345,133,150,378,387
157: 396,339,161,393,397
158: 162,395,394,389,39,388,154,347,96
159: 395,390,154
160: 392,155
161: 162,394,393,140,397,157,37,345,133
162: 398,161,395,394,39,388,393,158,347,114,308
163: 96,152,380,40,381,379
164: 175,41
165: 168,190,191,43,166
166: 47,167,197,165
167: 44,47,171,188,192,197,166
168: 46,165,169,189,190,195,196,191,43
169: 46,168,196,191,43,174
170: 47,48,171,198,197,175,176,41
171: 177,44,47,48,170,167,172,192,198,197
172: 177,44,49,171,192,199,200
173: 178,9,46,196
174: 70,42,68,169,189,45,236,238,284,191,43,2,20
175: 170,164,41
176: 252,80,181,41,52,177,48,170,198
177: 48,49,171,172,198,199,247,176,182,206,54
178: 55,202,179,209,215,9,50,173
179: 55,56,202,178,183,209,210,215,180,211,50,203,51
180: 56,179,210,211,203,51,61,252,80,217
181: 252,58,80,176,182,185,212,213,218,52
182: 181,213,214,218,206,54,177
183: 184,179,215,220,211
184: 183,220,211,221,61,185,217
185: 61,62,181,217,52,184,211
186: 42,190,224,229,187,65,231
187: 186,65,231,225,188,24
188: 167,204,24,8,187
189: 42,168,190,195,45,229,191,43,174
190: 42,165,168,186,189,195,229,191,43
191: 42,165,168,169,189,190,43,174
192: 44,47,48,49,167,171,172,193,204,198,199,197,8
193: 0,11,44,49,71,72,240,192,199,200,292,239,21,4,97,285
194: 45,235,258,201,9
195: 168,189,190
196: 46,168,169,9,173
197: 44,47,48,170,167,171,192,204,198,8,166
198: 177,44,47,48,49,170,171,192,199,247,197,176
199: 11,177,44,48,49,71,72,172,240,192,193,198,200,247,239,207,206,54
200: 49,72,241,172,240,193,199,21,207,97,285
201: 208,9,242,194,235,258
202: 55,56,78,178,179,100,209,210,290,9,50,203,51,70,238,258
203: 56,202,179,210,180,50,51
204: 44,47,188,192,226,197,8
205: 247,53,70,238,284,2,20,1,13,245,75
206: 17,301,81,253,182,109,29,214,218,54,177,49,199,247,207
207: 49,72,241,240,199,200,248,214,206,54
208: 55,78,83,201,209,249,257,9,258
209: 15,55,56,60,78,79,83,202,178,179,208,210,215,216,251,257,50
210: 15,55,56,79,202,179,100,209,180,251,290,50,203,51,70,238
211: 184,179,183,180,61,185,217,52
212: 61,252,135,58,261,80,301,266,87,219,181,109,217,29,260,218
213: 62,181,182,218
214: 17,81,253,182,218,206,54,207
215: 55,60,178,179,183,209,216,220
216: 15,85,55,60,79,83,209,215,220,259,251,257,263,264
217: 61,58,185,212,184,180,211,221
218: 17,58,301,81,253,219,181,182,109,29,212,213,214,206,54
219: 267,17,58,261,81,262,87,253,212,260,218
220: 85,60,184,84,183,215,216,259,221
221: 184,84,220,61,222,265,16,217
222: 266,265,260,221
223: 224,229,269
224: 186,223,268,270
225: 233,24,10,187,268,65,231
226: 204,227,233,8,279,93,232,66
227: 226,233,279,93,273
228: 102,63
229: 42,64,186,189,190,223,230
230: 42,10,64,229,284,95,19,283,275,65,231,2,20,89,276,90
231: 42,10,64,186,230,284,187,65,2,20,225
232: 98,278,120,326,286,66,92,226,26,104,279,294,93
233: 225,226,227,24,279,93,272
234: 280,21,97,285
235: 194,45,258,102,201,242
236: 70,73,68,69,45,237,238,102,174,243,100,290
237: 68,69,236,95,19,283,244,12,74,31,330,123,122,331,291,23,101,3
238: 70,68,236,174,205,53,56,202,244,100,210,12,290,74,50
239: 0,11,49,71,72,240,193,199,247,292,26,4,104,294,246,14,76
240: 0,11,49,287,71,72,241,193,199,200,292,239,21,248,207,4,97,285
241: 287,72,240,200,21,248,207,97,285
242: 298,78,201,249,106,73,235,258,243,99,289,288
243: 73,68,236,258,102,298,78,100,106,290,242,282,94,99,289
244: 100,12,290,74,70,69,237,238,57,1,13,245,75,291,23,101,3
245: 252,135,246,80,301,109,29,57,1,13,75,14,76,205,247,53,244,12,74
246: 135,299,301,109,29,27,59,1,13,245,75,14,76,11,71,247,26,239,104,294,103,293,5,25
247: 11,177,48,49,71,205,198,199,53,239,252,246,80,301,109,29,206,54,1,13,245,75,14,76
248: 287,72,241,240,207,296,17,303,81,253
249: 304,298,78,83,208,256,257,106,111,305,242,297
250: 15,79,251,264,16,340,130,36,108,28,300,6,312
251: 15,55,56,60,78,79,83,100,209,210,216,250,257,264,111,290,305
252: 58,80,301,176,181,109,29,212,1,13,245,75,52,247,180
253: 17,303,254,301,81,82,219,109,29,214,218,206,54,59,248
254: 17,303,261,81,82,87,253,77,59,110,354,302,309
255: 110,302,356,349,295,309,303,77
256: 304,83,249,257
257: 15,304,55,60,78,79,83,208,209,216,249,251,256,263,264,111,305
258: 73,194,45,235,243,78,202,201,208,9,50,242
259: 85,60,84,216,220,263
260: 267,222,58,261,266,87,219,212
261: 267,254,58,115,266,82,87,219,212,260
262: 310,267,219,77
263: 85,60,83,216,259,257,264,112,311
264: 15,60,79,83,84,216,250,251,257,263,112,16,107,312
265: 313,222,266,116,16,84,30,221
266: 313,267,222,58,261,115,87,116,265,16,212,260,314
267: 261,115,266,262,87,219,260,315
268: 10,224,225,270,271,88,272
269: 117,276,317,323,90,270,223,275,89
270: 276,317,318,90,269,10,224,268
271: 320,319,88,272,268
272: 320,271,319,88,10,268,233,279,93,18,91,277
273: 321,280,227,279,93
274: 322,63
275: 64,230,102,89,330,117,276,323,282,122,90,94,269,63
276: 330,117,118,317,318,323,324,122,90,269,18,91,277,270,10,64,230,95,19,283,275,89
277: 118,276,318,324,90,18,91,10,95,19,283,319,272
278: 124,368,103,332,232,32,293,5,66,25,92,26,104,294
279: 226,227,233,93,320,232,66,273,272
280: 0,287,292,234,21,4,97,285,98,328,286,105,273
281: 128,338,282,22,34,94,63,336,99,289
282: 330,128,338,281,122,337,127,34,94,63,73,102,275,243,89,329
283: 10,64,69,230,237,284,95,19,2,20,330,276,122,90,18,91,277
284: 42,64,230,95,19,283,65,231,174,2,20,205,53
285: 0,280,287,72,241,240,193,200,292,234,21,4,97
286: 98,335,120,326,232,66,105,0,280,292,26,4,104,294
287: 0,280,72,241,240,292,21,248,4,97,285,296,105
288: 336,99,289,242
289: 336,99,297,288,329,73,243,298,106,242,281
290: 15,56,78,79,202,244,100,210,12,251,74,50,70,73,68,236,238,243,291,23,101,3
291: 23,38,134,346,101,3,108,28,300,6,69,237,244,100,12,290,74,57,31,123,331
292: 0,11,280,287,71,72,240,193,26,239,21,4,97,104,285,294,98,286,105
293: 124,278,103,332,32,5,25,92,299,246,27,57,14,76
294: 0,11,71,292,26,239,4,104,246,14,76,98,278,232,286,66,92
295: 110,302,342,349,255,296,303,126
296: 287,248,126,105,295
297: 344,350,132,343,99,289,304,298,249,106,111,305
298: 78,249,106,111,305,242,73,243,344,132,99,297,289,329,108,28,300,6
299: 135,246,27,57,59,14,76,103,293,5,25,307,354,113,35,129
300: 291,340,385,344,351,132,23,353,130,36,101,3,108,28,6,312,298,250,106,111,305
301: 252,17,135,58,246,80,81,253,109,29,212,218,206,54,1,13,245,75,14,76,247
302: 307,110,354,348,342,349,136,255,113,295,309,303,254,82,77,59
303: 17,254,81,82,253,77,59,248,110,302,255,295
304: 83,249,256,257,111,305,351,350,297,311
305: 15,304,298,79,83,249,251,257,106,111,344,351,350,132,297,108,28,300,6,311,312
306: 112
307: 110,354,348,389,302,342,136,113,153,299,27,59,131,341
308: 398,162,394,355,141,361,140,114,139
309: 110,354,348,302,355,356,141,349,136,255,310,254,82,77
310: 262,77,315,309
311: 357,351,312,304,263,111,305
312: 340,351,352,138,130,107,36,108,28,300,6,311,250,264,111,305
313: 266,116,265,16,30,359,107,316,314
314: 360,316,313,115,266,116,315,359
315: 310,267,115,361,314
316: 360,314,30,313,116,359
317: 117,276,318,323,90,269,270
318: 118,276,317,324,362,90,18,91,277,270,319,363
319: 320,271,88,363,272,318,18,91,277
320: 271,364,120,319,326,321,88,272,279,93
321: 320,120,326,273
322: 117,128,338,274,323,34,63
323: 330,117,118,276,128,338,317,322,324,122,365,90,34,269,275,89
324: 330,117,118,276,142,119,318,323,122,90,325,18,91,277,367,143
325: 118,142,119,147,324,362,334,373,374,148,367,143,363
326: 320,369,368,98,120,321,232,286,66
327: 376,369,335,121,328,382
328: 335,121,327,280
329: 385,344,132,343,99,289,298,106,151,282,337,127,94
330: 31,117,118,276,123,323,324,282,122,331,90,337,127,94,69,237,95,19,283,275,89
331: 31,330,123,122,337,127,69,237,124,332,32,291,23,38,134,346,101,3
332: 124,368,278,103,367,143,125,32,293,333,5,25,92,31,123,331,38,134,346
333: 374,124,368,332,148,367,143,125,32,381,152,147,380,373,40,96,387,153
334: 399,119,147,325,373
335: 376,98,121,327,126,328,131,341,286,105
336: 343,377,99,289,288,281,22
337: 31,330,371,123,145,128,151,338,150,282,122,331,378,127,34,94,385,329
338: 371,117,145,128,151,281,322,323,282,365,337,22,127,34,94
339: 396,157
340: 352,138,353,130,37,36,345,108,28,133,300,6,312,250,35,129
341: 376,335,149,131,307,389,342,113,153
342: 307,110,348,390,389,302,349,136,113,295,383,126,131,341
343: 384,344,350,132,336,297,329
344: 385,351,350,132,343,353,297,329,108,28,300,6,298,106,111,305
345: 386,340,156,38,134,346,130,37,36,133,161,393,387,35,129
346: 386,291,23,156,38,134,37,101,3,345,133,31,123,331,124,332,32,387
347: 162,395,394,348,389,355,39,388,158,141,136,153
348: 307,110,354,395,390,389,302,355,342,39,141,349,136,347,113,309
349: 110,348,390,302,342,356,136,255,295,309
350: 344,351,132,137,343,297,304,111,305
351: 391,357,344,352,350,132,137,138,353,108,28,300,6,311,312,304,111,305
352: 396,340,357,351,138,358,353,130,107,36,312
353: 391,386,340,385,344,351,352,132,138,156,130,36,108,28,300,6
354: 307,110,348,302,355,141,136,113,309,254,299,82,27,59
355: 354,395,348,39,356,141,136,361,347,114,308,309
356: 355,141,349,255,309
357: 351,352,137,138,358,311
358: 396,357,352,138,359,107
359: 358,107,313,116,140,139,316,314
360: 139,316,314
361: 355,141,114,308,315
362: 142,119,318,366,325,363
363: 364,319,119,318,362,325
364: 320,369,144,363
365: 371,117,142,145,128,338,323,366,34
366: 399,142,362,365
367: 374,124,368,332,148,143,125,32,333,118,119,147,324,325,373
368: 374,124,278,120,332,148,326,367,143,125,32,333,92,153
369: 374,364,120,121,327,144,148,326,382
370: 371,145,151,22,377
371: 372,142,145,146,128,151,338,150,365,370,378,337,127,34
372: 152,371,142,145,146,150,147,380,378,373,40
373: 152,372,142,146,119,147,380,334,325,40,374,148,367,143,125,333
374: 369,368,148,367,143,382,125,381,333,119,147,325,373
375: 376,33,382
376: 375,383,335,121,327,149,131,341,382,154
377: 384,336,151,370,22
378: 372,371,145,146,151,150,337,127,386,385,156
379: 386,156,152,380,40,387,163
380: 152,372,146,147,373,40,125,333,379,387,163
381: 374,33,148,149,382,125,333,96,163
382: 376,375,374,369,121,327,148,149,381
383: 376,126,390,342,154
384: 385,343,155,377,151
385: 386,384,344,132,156,353,329,108,28,300,6,151,150,378,337,127
386: 385,156,353,38,134,346,37,379,345,133,150,378,387
387: 96,153,152,380,40,125,333,386,156,38,134,346,37,379,345,133
388: 162,395,394,389,39,158,154,347,96
389: 307,348,390,342,39,388,158,136,154,347,96,113,153,149,131,341
390: 395,348,389,342,159,349,136,154,383
391: 351,137,155,353
392: 160,155
393: 162,161,394,140,397,157,37,345,133
394: 398,162,161,395,39,388,393,158,347,114,308
395: 162,394,348,390,355,39,159,388,158,141,136,347
396: 157,352,138,358,339,397
397: 398,161,393,140,139,396,157
398: 162,394,114,139,308,397
399: 142,366,334