0: 278,226,66,93,691,291,18,232,474,1,103,367
1: 291,4,18,367,29,278,0,238,596,548
2: 433,135,250,212,210,217,652,180,555,14,676
3: 189,194,45,236,290,68,677,575,243,258
4: 291,131,18,333,153,1,348,596,331,623,578
5: 474,527,103,661,66,279,92
6: 112,16,542,313,543,423,107,430,116,314,30
7: 454,25,535
8: 604,67,513,188,233,26,450,611
9: 636,46,194,575,202,201,438,448
10: 700,318,553,560,631,91,88,268,455,271,320
11: 254,58,354,253,219,182,214,299,445,425,645,673
12: 180,58,181,182,61,425,666,475,528,14,206,176,177
13: 46,168,169,45,205,635,174,677,575,609,75,196
14: 180,12,61,475,528,555,198,588,206,293,238,566,2,135,652
15: 556,261,689,650,557,648,251,221,493
16: 6,112,428,210,542,574,543,478,85,430,547,116
17: 254,253,214,72,501,704
18: 291,4,131,474,590,1,348,76,66,0,596,92
19: 513,192,278,93,97,225,231,707,530,587
20: 95,230,533,68,69,426,588,587,602
21: 287,199,54,239,483,683,508,511,72,432
22: 371,370,151,532,439,471,34,696,377
23: 250,652,69,588,669,605,555,702,27,134
24: 513,188,450,231,187
25: 472,7,147,32,96,163,415,614,535,150
26: 585,604,67,193,233,461,285,8,479,583,611
27: 35,702,547,129,134,250,210,23,60,446,605,555,57
28: 385,343,156,108,289,510,123,702,594,620,565,132,117,31,36
29: 230,588,669,278,238,548,330,1,367
30: 116,314,340,316,418,6,423,107,420,359
31: 117,330,337,36,492,95,69,669,565,156,28,702
32: 372,147,329,633,662,38,130,472,25,150
33: 374,96,457,451
34: 22,371,281,532,439,336
35: 344,632,589,345,537,547,601,620,129,27,60,57,656
36: 117,31,122,500,492,582,638,95,244,290,128,565,132,28
37: 159,387,431,154,576,374,489
38: 449,385,155,353,130,379,510,529,526,505,601,435,329,633,32
39: 394,158,453,647,380,387,550,610,415,614,680,150,632,133
40: 391,449,160,137,529
41: 171,675,175,497,170,408,476
42: 231,165,168,191,485,603,616,192,469,487
43: 189,195,45,65,174,412,426,443,464,603
44: 434,172,247,193,71,499,683,694,509,546,549,579,177,629
45: 13,46,189,194,3,43,174,68,677,464,575
46: 13,194,45,635,9,575,563,202
47: 168,169,205,293,675,567,469,487,170,70
48: 468,193,200,461,285,583,549
49: 182,214,618,501,172,207,554,579,629
50: 55,201,208,209,203,196,515,581,658,687
51: 179,183,211,75,407,70,524,570,169,609
52: 460,556,62,184,181,410,109,213,218,459,465
53: 507,556,86,219,260,425,459,645,557,673
54: 21,199,499,683,704,706,253,299,72
55: 282,50,243,599,518,658,258,682,687
56: 180,507,109,666,650,85,648,676,212,217
57: 116,346,386,656,446,478,589,35,547,27
58: 110,354,11,12,61,301,299,425,666,645
59: 76,199,508,92,706,523,429,590,294,105
60: 250,428,210,664,108,35,537,702,547,620,27
61: 110,180,58,12,301,666,528,555,14,198,676
62: 460,556,261,86,184,52,213,459
63: 275,674,73,99,467,274,122,419,488
64: 186,223,229,269,640,494,495,441
65: 231,186,190,229,43,89,412,426,443,530,603,616
66: 76,226,0,279,694,92,18,474,5
67: 188,26,461,8,583
68: 189,45,237,3,290,20,174,69,426,677,602
69: 95,237,290,20,68,588,669,565,250,243,518,23,652,31,702
70: 51,135,211,75,570,424,169,205,47,293,567,170,252,475
71: 44,206,247,499,580,694,546,566,177,528
72: 17,253,432,21,54,239,511,704
73: 275,94,63,467,592
74: 79,83,208,257,263,264,599,581,600,643,687
75: 51,211,196,684,70,13,169,205,677
76: 199,66,499,694,596,92,59,301,641,18
77: 248,445,458,491,303,597,452,627
78: 249,417,447,235,448,658,258,242
79: 208,259,263,74,522,581
80: 660,83,251,216,220,203,212,402,514,217
81: 347,82,346,446,641,593,708
82: 162,308,346,628,386,531,81,309,708
83: 259,80,264,74,212,514,581,643,687
84: 306,403,542,613,313
85: 56,266,543,478,648,676,212,16,210,542,574,672
86: 53,556,261,62,436,459,557
87: 354,219,260,445,491,463,309,645,569,593
88: 10,319,118,690,268,271,320,564
89: 186,230,533,65,269,426,530,624,637,276
90: 274,322,416,421,488,595,621,228,693,275
91: 10,697,325,230,455,276,93,271,320
92: 76,199,66,279,508,59,296,98,18,429,590,5
93: 278,0,271,19,691,225,91,272
94: 275,223,73,467,494,654
95: 230,290,20,533,128,69,624,669,31,330,36,492
96: 374,33,149,163,457,381,451,568,25,431,415,535
97: 192,278,226,580,19,546,566,591,487,587
98: 296,335,327,328,409,429,590,92
99: 242,674,244,63,467,288,122,419,525
100: 636,194,236,464,467,654
101: 332,372,142,435,473,484,534,562,633,692,709
102: 117,324,365,323,337,284,421,500,490,492,496,534,692,696,709
103: 272,286,232,456,474,661,5,0,612,691
104: 527,607,661,273,442,482,598
105: 307,597,665,294,246,508,59,706,248,458,523,429
106: 384,350,336,343,289,298,297,405,288,532,582
107: 423,358,420,430,352,584,6,112,30
108: 28,123,537,702,594,620,565,282,250,664,60
109: 180,556,56,181,52,218,425,666,650
110: 507,58,266,446,61,301,463,666,645,593,676,708
111: 352,584,646,705,311,688,312
112: 6,16,542,574,613,107,430,352
113: 162,394,158,141,140,647,610,386,634,477
114: 393,141,140,139,413,470
115: 267,222,266,586,265,543,463,315,314
116: 314,386,418,30,57,6,16,543,478,589,420,430,547
117: 102,31,337,36,151,500,492,638,692,156,510,28
118: 363,319,572,631,88,320,364,564
119: 539,651,710,163,457
120: 321,456,608,625
121: 327,328,382,502,480,544,573,619
122: 371,274,36,419,500,525,582,638,674,244,63,99
123: 385,108,289,28,401,537,577,594,620
124: 395,390,159,158,536,657,520,667
125: 324,548,337,329,662,333,671,681
126: 296,328,422,527,292,607
127: 322,365,370,606,421,439,621,630,696
128: 95,674,290,533,624,637,323,36,500,492,693
129: 632,156,35,702,620,27,681,134,578
130: 632,38,472,526,601,133,681,329,32,150
131: 291,4,327,326,341,18,474,590,348
132: 565,282,417,244,36,582,28,405,594
133: 632,345,130,472,526,39,647,614,150
134: 702,129,27,669,23,605,548,331,578
135: 2,433,211,684,70,217,652,424,237,293,180,475,14
136: 390,342,349,404,506
137: 391,449,384,40,401,663
138: 396,392,161,157,160,353,339,397,526
139: 141,361,114,340,413,418,470,477,486,540
140: 394,393,141,114,113,647,634,470,644,397
141: 162,393,140,114,139,113,657,413,470,477
142: 399,101,372,146,373,362,473,484,534,562,651,710
143: 291,368,300,333,561,558,622,685,670,655
144: 369,277,504,440,571
145: 332,366,370,606,473,484
146: 399,142,473,539,562,651,710
147: 372,378,539,562,633,651,32,163,25
148: 149,341,382,381,153,568,685
149: 374,96,148,699,381,153,568,389,387,431,415
150: 39,380,415,614,662,32,568,671,632,130,472,25,133,681
151: 117,22,532,435,638,692,696,709,343,377,510
152: 163,457,381,300,571,622,649,334
153: 4,148,149,341,568,671,389,453,380,545,623
154: 159,37,404,519,376,374,699,437
155: 449,385,384,38,377,529,414,505,435
156: 510,28,702,620,129,681,117,31,329
157: 392,138,339,397,462,550,644
158: 162,395,394,124,39,388,536,453,113,657,387,610,576,679
159: 124,390,389,536,37,387,404,154,519,576
160: 396,392,391,138,353,339,40,529,551
161: 396,344,138,345,420,397,411,647,634,470
162: 158,141,536,308,82,113,346,628,657,610,386,477,667,679
163: 96,457,381,300,152,568,372,147,119,651,662,25
164: 183,407,524,570,185
165: 42,168,190,191,485,603
166: 167,188,204,197,191,485
167: 166,468,188,204,197,461
168: 42,13,165,169,191,205,174,47,603
169: 13,168,205,47,609,51,75,70
170: 41,675,567,497,47,70,570,252,408,476
171: 41,468,247,204,197,675,567,549,591,469
172: 44,247,207,549,554,579,629,49
173: 563
174: 13,168,45,205,43,68,426,602,603,616
175: 41,204,675,497
176: 206,247,567,177,12,181,618,475,476
177: 44,206,247,71,499,176,579,12,182,299,528
178: 202,179,196,524,635,609
179: 660,51,183,203,211,196,524,515,178
180: 56,12,109,61,666,475,14,676,2,135,217,424
181: 12,182,52,410,109,252,218,425,618,475,476,176
182: 11,12,181,214,299,425,49,618,579,177
183: 660,51,179,211,164,245,402,524,570,668,185
184: 460,556,261,62,52,218,465,698,493
185: 410,252,218,408,465,183,164,245,570
186: 64,224,229,707,65,89,187,269,455,640,530
187: 231,186,190,224,707,24
188: 166,67,513,167,192,24,197,461,8,611
189: 45,236,3,290,533,43,68,426,443,464,654
190: 231,165,65,187,412,485,603
191: 42,165,168,485,166,204,469
192: 513,188,197,97,19,611,591,469,487,42,231,485
193: 585,44,48,434,26,197,461,285,546,549,611
194: 636,46,45,236,3,100,9,464,575
195: 229,43,412,443,464,494
196: 202,179,201,203,50,75,684,515,178,13,677,575
197: 166,167,468,171,188,192,193,204,461,611,591,469
198: 61,301,605,528,555,641,14,238,596
199: 76,21,54,499,683,694,508,92,59
200: 48,241,285,509
201: 202,209,50,196,438,447,448,642,658,9,575
202: 201,196,178,642,46,635,9,575,563
203: 660,179,80,50,211,196,684,402,515,581,687
204: 166,167,468,171,197,675,175,469,191
205: 13,168,169,237,174,677,47,602,293,487,75,70
206: 247,71,293,176,567,566,591,177,12,475,528,14
207: 172,629,49,501
208: 79,209,50,74,599,447,522,581,600,658
209: 201,208,50,447,515,642
210: 2,250,212,16,428,60,446,478,85,555,676,547,27
211: 51,179,183,135,203,75,684,402,70,424
212: 83,2,433,80,264,428,210,514,574,643,217,672,56,85
213: 460,62,52,459
214: 17,254,11,253,182,299,49,501,579,704
215: 660,220,678,668
216: 552,251,220,259,80,678,514
217: 2,433,135,80,212,402,424,180,56,650
218: 184,181,52,410,109,252,465,698,185,424
219: 53,11,260,87,445,645,569,673
220: 660,251,215,216,80,402,678,493,668,698
221: 552,251,403,672,689,15,648
222: 267,115,689,265,260,463,557,648
223: 275,64,94,494,495,441,228
224: 186,707,268,187,455,466,640
225: 604,513,227,93,271,450,19,691,707
226: 585,604,278,66,0,580,97,546,691
227: 604,233,481,612,691,225,272
228: 90,416,595,592,275,223,441
229: 64,186,195,65,412,443,494
230: 95,20,533,89,29,530,624,587,276,278,330,697,91,367
231: 42,190,707,65,187,485,530,616,513,192,24,19
232: 291,320,368,272,326,286,456,474,558,103,625,0
233: 585,604,227,26,8,479,481,612
234: 287,240,280,482,517,598
235: 78,438,447,448
236: 636,189,194,242,674,3,244,290,100,464,467,654,258
237: 205,68,69,677,588,602,293,135,684,518,652
238: 278,580,566,596,29,588,605,14,198,1
239: 21,683,509,517,629,704,72
240: 434,287,241,234,280,285,279,683,482,479,509,517,626
241: 240,200,285,509,517,626
242: 636,236,244,99,78,288,417,448,258
243: 565,55,282,518,258,3,290,69
244: 242,674,236,290,99,288,417,132,258,122,36,582
245: 183,668,465,698,185
246: 615,307,302,342,597,665,294,559,105,335,429,295
247: 44,206,171,172,71,176,567,546,549,591,177
248: 706,77,253,458,432,303,597,665,105
249: 304,78,256,599,417,600,351,405
250: 2,433,210,518,23,652,664,682,60,69,108,702,27
251: 552,216,220,80,402,514,221,493,672,15,650
252: 181,410,218,408,475,476,185,170,70,570,424
253: 706,17,254,354,11,214,299,248,445,72,54,704
254: 17,11,253,214,445
255: 615,307,342,356,349,597,628,452,627,667
256: 249,522,600
257: 304,263,264,74,311,600,688,643,664,312,577
258: 55,78,243,417,448,658,636,242,236,3,244,290
259: 79,83,216,263,264,503,514,581
260: 267,53,507,222,219,87,463,645,557,569
261: 556,62,86,184,15,436
262: 491,659,538,569,310
263: 444,79,259,257,264,74,503,522,600,688
264: 83,259,257,263,74,212,503,514,574,613,688,643
265: 222,115,689,586,543,648,542,313
266: 110,507,115,543,463,478,85,648,708
267: 222,115,260,463,659,569,315
268: 224,455,466,271,10,700,690,88
269: 64,186,89,640,637,441,276,560,595,693
270: 466,640,495,441,700,317
271: 93,225,268,455,10,91,88,320,272
272: 320,232,456,564,103,625,227,93,271,612,691
273: 104,456,661,442,481,612
274: 122,90,421,419,500,488,693,696,63
275: 223,73,94,63,90,488,592,228,693
276: 230,89,269,455,624,318,697,560,91
277: 369,144,283,504,686,571,608
278: 226,0,238,93,580,97,19,691,230,29,587,1,367
279: 585,434,240,66,442,482,694,479,612,92,5
280: 240,234,442,482,479,598,626
281: 371,419,439,525,34
282: 565,304,55,243,599,132,664,682,108,594
283: 364,277,561,686,571,622,363,334,498,516
284: 102,338,318,365,323,541,421,496,595,621
285: 48,434,241,240,193,200,26,479,509,583,626
286: 327,326,321,232,456,474,480,573,103,661
287: 21,240,234,483,683,482,517
288: 417,242,244,99,525,582,336,106,297,405
289: 385,384,350,343,106,28,123,401,405,594
290: 95,189,674,236,3,244,533,68,128,69,565,243,258,36
291: 368,4,143,131,326,18,333,232,474,558,1,367,0,655
292: 296,126,607,483
293: 206,567,566,487,237,205,47,135,70,475,14
294: 307,347,246,559,545,105,59,523,335,429,590,348
295: 296,409,429,508,302,665,246
296: 126,98,409,429,292,295,483,508,92
297: 350,336,106,298,405,288
298: 384,350,336,106,297
299: 58,354,11,253,182,214,301,54,499,579,177
300: 143,163,381,152,568,622,685,373,662
301: 706,110,58,354,61,299,523,528,641,593,198,76,499
302: 342,506,246,383,409,295
303: 77,248,615,597,665,452
304: 282,249,257,599,600,664,351,405,577,594
305: 391,357,344,353,401,537,663,705
306: 444,84,503,613
307: 255,347,597,628,294,246,559,627,105,667,458,523
308: 162,356,361,82,628,427,477,486,531,695,310,309,315
309: 87,491,463,659,569,315,593,708,308,82,628,627,310
310: 356,308,452,627,695,262,491,659,309
311: 257,688,312,351,111,577,705
312: 257,311,428,688,664,111,430,537,577,352,584
313: 6,84,542,586,265,701,423,314
314: 116,360,340,418,30,486,531,6,313,115,586,543,315,701
315: 267,115,463,659,309,360,314,308,486,531
316: 340,30,701,423
317: 700,338,416,553,560,595,270,441
318: 10,284,325,541,490,496,553,560,631,276
319: 572,118,690,88
320: 368,364,272,232,564,561,558,625,271,10,325,631,118,91,88
321: 120,286,502,456,480,573
322: 127,90,488,621,630
323: 102,284,421,500,490,492,595,693,128,624
324: 102,373,337,125,670,490,496,534,655
325: 318,697,670,490,496,516,655,631,91,320,561,558
326: 291,368,327,131,382,286,232,474,573,685
327: 121,98,328,131,326,341,382,286,474,480,573,590,653
328: 121,327,126,98,409,422,480,527,617
329: 125,32,692,156,38,130,510,681
330: 31,548,337,697,490,492,655,95,230,29,624,669
331: 623,578,596,605,641,4,348,134
332: 101,145,435,473,562,633
333: 291,4,143,671,548,125,655
334: 399,373,362,498,710,283,152,571,622
335: 383,98,341,409,429,590,617,653,389,294,246,519,559,545
336: 106,298,297,288,532,525,34,582
337: 117,102,31,324,548,330,125,490,492,655
338: 317,416,284,541,553,595,621
339: 396,392,157,160,138,397,462
340: 139,314,316,418,30,470,486,540,359
341: 335,327,148,131,699,153,653,389,545
342: 615,255,390,302,349,136,506,246,559,667
343: 385,384,106,289,377,510,28,151,532,582,638
344: 396,161,357,589,358,353,345,420,305,35,430,537,584
345: 161,344,632,589,353,35,601,133,647,634,656
346: 162,347,82,610,386,57,656,679,81
347: 307,346,294,545,623,679,81,523,641,348
348: 4,131,18,590,596,641,347,331,294,545,623
349: 255,390,355,342,356,136,520,667
350: 384,351,106,289,298,297,401,405
351: 350,405,577,705,304,249,311
352: 111,107,584,444,112,613,688,312
353: 396,391,449,344,160,138,38,345,305,529,526,601
354: 706,58,11,253,301,299,87,445,458,645,593
355: 398,356,349,520,427
356: 255,355,349,308,628,427,627,667,695,310
357: 396,391,344,358,305,639,551,584,703
358: 357,344,107,420,411,359,584,703
359: 358,420,411,340,30,470
360: 361,314,486,540,315,701
361: 360,139,308,427,486,540,695
362: 399,142,373,334,670,406,496,498,516,534
363: 498,516,572,118,283
364: 320,368,283,564,561,608,625,118
365: 102,127,284,606,421,406,484,496,534,621,709
366: 399,145,606,406,473,484
367: 291,558,1,230,29,278,0,548,697,655
368: 291,320,364,143,326,232,561,686,558,608,625,685
369: 144,382,277,504,502,440,686,573,608,649
370: 22,145,127,606,439,696,709
371: 22,281,122,532,419,439,525,34,638,696
372: 101,142,147,373,562,633,651,662,32,163
373: 372,142,324,362,334,670,534,651,662,300,622
374: 375,33,96,149,699,437,451,489,37,431,154
375: 376,374,382,699,437,440,451,544,653
376: 375,383,699,437,544,617,653,154,519
377: 384,343,155,22,151,532,435,471
378: 147,521,539,562,633,505
379: 392,38,529,472,526,505
380: 39,453,610,623,578,150,153,671,632,681
381: 96,148,149,163,457,300,152,451,568,685,649
382: 375,369,121,327,148,326,440,451,544,573,685,649,653
383: 376,335,409,617,302,506,519
384: 449,385,350,137,343,155,106,289,298,377,401
385: 449,384,343,155,38,289,510,28,123,401
386: 116,162,82,113,346,418,57,634,477,531,656,589
387: 389,39,159,158,536,453,37,431,415,576,680,149
388: 395,394,393,158,550,576,644,680
389: 159,536,453,387,519,545,335,149,341,699,153
390: 124,342,159,349,136,536,404,506,519,559,667
391: 449,357,160,137,353,305,40,401,551,663
392: 157,160,138,339,379,529,462,526
393: 395,394,388,141,140,114,657,413,512,644
394: 39,388,393,158,140,113,647,550,644,680
395: 124,388,393,158,657,512,576
396: 161,357,344,160,138,353,339,397,411,551,703
397: 396,161,157,138,339,411,140,644
398: 355,657,520,413,427,512
399: 142,146,362,366,334,406,473,484,498,710
401: 391,449,385,384,350,137,305,289,123,663,705
402: 660,183,251,220,80,203,211,217,668,424,650,698
403: 552,84,514,542,574,613,221,672
404: 390,159,136,154,506,519
405: 351,350,106,289,297,594,304,249,288,417,132
406: 399,362,365,366,606,484
407: 51,164,524,570,609,497
408: 410,252,476,185,41,497,170,570
409: 383,296,335,98,328,422,429,617,295,302
410: 181,52,252,218,408,465,476,185
411: 396,161,358,420,397,359,703,470
412: 190,195,229,43,65,603
413: 398,393,141,114,139,512
414: 155,505,435,471
415: 39,387,431,614,535,680,150,96,149,568,25
416: 338,317,90,595,621,228,441
417: 78,249,288,132,258,242,244,405
418: 116,139,314,340,386,30,634,470,477,486,531,589,420
419: 371,274,281,122,488,525,63,99
420: 161,344,589,358,107,411,430,359,116,418,30,634,470
421: 102,274,127,365,90,323,284,500,621,693,696,709
422: 126,328,409,617
423: 107,6,313,316,30
424: 135,211,402,70,217,180,252,218,475
425: 53,58,11,12,181,182,109,459,666,645,673
426: 189,20,533,43,65,174,89,68,443,602,603,616
427: 398,355,356,361,308,695
428: 212,16,210,574,643,664,312,60,430,537,547
429: 296,335,98,409,590,295,508,92,59,294,246,105
430: 344,589,107,420,537,547,584,6,112,16,428,312,116
431: 37,387,415,535,576,680,374,96,149
432: 248,72,21,483,508,511,665
433: 2,135,250,212,684,518,217,652,682,687
434: 585,44,240,193,285,279,683,694,479,509,546
435: 101,332,151,471,633,155,38,377,414,505
436: 261,689,86,557
437: 376,375,374,489,154
438: 201,447,235,448,642,9
439: 22,371,281,127,370,34
440: 375,369,144,382,451,649
441: 64,223,270,269,640,495,317,416,560,595,228
442: 280,279,482,479,481,612,104,661,273
443: 189,195,229,533,43,65,426,464,637,654
444: 306,263,503,613,688,352
445: 254,77,354,11,253,219,87,491
446: 110,478,555,676,708,210,27,57,81
447: 78,201,208,209,438,235,448,658
448: 78,201,438,447,235,658,258,636,242,9
449: 391,385,384,137,155,353,38,40,529,401
450: 513,24,8,225
451: 375,374,33,96,457,382,381,440,649
452: 615,255,597,627,310,77,303
453: 389,39,158,536,380,387,610,545,623,679,153
454: 7
455: 186,224,707,268,640,276,271,10,700,560,91
456: 120,272,321,286,232,103,661,625,273
457: 33,96,163,381,152,451,119
458: 706,77,354,248,491,523,593,307,597,627,105
459: 53,556,62,86,52,213,425,673
460: 62,184,52,213,465
461: 48,67,167,468,188,193,26,197,583,611
462: 392,157,339
463: 110,267,507,222,115,266,260,87,659,309,569,315,708
464: 189,194,195,45,236,100,43,443,654
465: 460,184,52,410,218,185,245
466: 224,268,270,640,700
467: 674,236,73,100,94,63,99,654
468: 48,167,171,204,197,461,549
469: 171,192,204,197,675,567,591,487,42,191,47
470: 141,140,114,139,340,418,634,161,420,411,359
471: 22,435,377,414
472: 130,379,526,25,133,32,614,150
473: 399,101,332,142,145,146,366,484,562
474: 291,327,131,326,18,286,232,103,5,66,0
475: 180,12,181,252,14,206,293,176,567,135,70,424
476: 181,410,252,408,618,41,176,170
477: 162,141,139,308,113,386,418,634,486,531
478: 266,446,543,85,16,210,547,116,57
479: 585,434,240,233,280,26,442,285,279,481,626
480: 121,327,328,321,286,527,573,661
481: 227,233,442,479,612,273
482: 287,240,234,280,442,279,598,104,607
483: 287,21,508,511,432,296,292
484: 399,101,142,145,365,366,606,406,473,534,709
485: 42,231,165,190,191,166,192
486: 360,361,139,314,308,340,418,477,531,540,315
487: 192,293,97,567,566,591,469,42,205,47,587,602
488: 274,322,90,419,592,275,63
489: 374,437,37
490: 102,318,324,330,323,337,697,325,492,496,655,624
491: 77,262,87,445,458,309,569,627,310
492: 117,102,31,330,323,337,36,500,490,95,128,624
493: 251,220,184,15,650,698
494: 64,195,223,229,94
495: 64,223,270,640,441
496: 102,318,324,362,365,284,325,541,670,490,516,534
497: 41,675,175,170,407,570,408
498: 399,363,362,334,516,283
499: 44,76,199,71,54,694,177,706,301,299,528
500: 117,102,274,122,323,36,421,492,638,696,128
501: 17,214,49,207,579,629,704
502: 369,121,321,504,573,619
503: 306,444,259,263,264,613
504: 369,144,277,502,608
505: 155,38,379,414,435,378,633
506: 390,302,342,136,404,519,383
507: 110,53,56,266,260,463,666,645,557,648
508: 21,199,483,92,59,432,296,429,295,665,105
509: 44,434,241,240,200,239,285,683,629
510: 385,343,156,38,28,117,151,329,692
511: 21,483,72,432
512: 398,395,393,657,520,413
513: 604,188,192,24,8,450,19,611,225,231,707
514: 552,83,251,216,259,80,264,212,403,574,672
515: 660,179,209,203,50,196,581
516: 363,362,325,541,670,496,498,572,631,283,561
517: 287,241,240,234,239
518: 55,433,250,243,684,652,682,687,237,69,677
519: 390,389,159,404,154,506,559,376,383,335,699
520: 398,124,355,349,657,512
521: 378,539
522: 79,208,256,263,600
523: 706,301,458,641,593,59,307,347,294,105
524: 51,179,183,164,407,178,609
525: 371,281,122,532,419,582,99,288,336
526: 392,138,353,38,130,379,529,472,601,133
527: 126,328,104,480,607,661,5
528: 12,61,301,14,198,206,71,499,177
529: 392,449,160,155,353,38,379,40,526
530: 231,186,230,707,65,89,587,616,19
531: 314,308,82,386,418,477,486,315
532: 22,371,151,525,34,582,638,336,343,106,377
533: 95,189,230,290,20,89,128,426,443,624,637
534: 101,102,142,373,324,362,365,484,496,692,709
535: 431,415,614,680,96,25,7
536: 162,124,390,389,159,158,453,387,559,545,667,679
537: 344,108,305,35,123,430,547,577,620,428,664,312,60
538: 262
539: 146,147,119,521,378,562,651
540: 360,361,139,340,486
541: 338,318,284,496,516,553,572,631
542: 6,84,112,403,16,574,313,672,265,543,85
543: 115,266,265,478,85,6,16,542,116,314
544: 376,375,121,382,617,653
545: 389,536,347,453,294,559,623,679,335,341,153,590,348
546: 585,44,434,247,193,71,226,580,97,694,611,591
547: 589,35,430,537,27,16,428,210,60,478,116,57
548: 330,337,125,655,29,669,333,1,367,134
549: 44,48,468,171,172,247,193
550: 394,39,388,614,644,680,157
551: 396,391,357,160,639,703
552: 251,216,403,514,221
553: 10,700,338,317,318,541,560,572,631
554: 172,49,618
555: 446,61,605,14,198,676,2,210,23,652,27
556: 53,261,62,86,184,52,109,15,459,557
557: 53,507,222,556,689,86,15,260,436,648
558: 291,320,368,143,232,561,367,697,325,655
559: 307,390,342,536,294,246,519,545,667,335
560: 10,700,317,318,553,595,269,455,640,441,276
561: 320,368,364,143,283,558,325,670,516,631
562: 101,332,372,142,146,147,473,378,539,633,651
563: 46,635,173,202
564: 320,364,272,625,118,88
565: 282,243,132,290,69,31,36,108,28,594
566: 206,71,293,238,580,97,591,487,14
567: 206,171,247,293,176,675,591,469,487,170,47,70,475
568: 96,148,149,163,381,300,153,671,662,415,150
569: 267,262,219,260,87,491,463,659,309
570: 51,183,164,407,70,497,170,252,408,185
571: 144,283,277,152,686,622,649,334
572: 363,319,541,516,553,631,118
573: 369,121,327,326,321,382,286,502,480,608
574: 264,212,112,403,16,428,514,542,613,672,85
575: 13,46,194,45,3,9,677,202,201,196
576: 395,159,388,158,37,387,431,680
577: 351,123,537,594,705,304,257,311,664,312
578: 331,380,623,4,671,129,681,134
579: 44,172,177,629,704,182,214,299,49,501
580: 278,71,226,238,97,694,546,566
581: 79,83,208,259,203,50,74,515,687
582: 122,36,532,525,638,244,288,132,336,343,106
583: 48,67,26,461,285
584: 357,344,358,111,107,430,352,312
585: 604,434,193,226,233,26,279,479,546,612,691
586: 115,265,701,313,314
587: 230,20,530,602,616,278,97,19,487
588: 237,20,29,69,669,238,23,652,14
589: 344,345,420,35,430,547,116,386,418,57,634,656
590: 335,327,98,131,18,429,348,92,59,294,545
591: 206,171,247,192,197,97,567,546,566,469,487
592: 488,228,275,73
593: 110,354,301,87,458,309,523,708,81
594: 108,289,28,123,405,577,565,304,282,132,664
595: 338,317,90,323,416,284,560,621,228,693,269,441
596: 76,238,605,641,198,4,18,1,348,331
597: 615,307,255,665,246,452,627,105,77,248,458,303
598: 234,280,482,104,607
599: 304,55,282,208,249,74,600,658
600: 304,208,249,256,257,263,74,599,522
601: 632,353,38,345,130,35,526,620
602: 237,205,20,174,68,426,587,616,487
603: 42,165,168,190,43,65,174,412,426,616
604: 585,513,226,227,233,26,8,611,691,225
605: 555,198,238,596,23,27,134,331
606: 145,127,365,366,370,406,484,630
607: 126,104,527,292,482,598
608: 369,368,364,120,277,504,686,573,625
609: 13,169,635,51,407,524,178
610: 162,39,158,453,113,346,647,380,656,679,632
611: 604,513,188,192,193,26,197,461,8,546
612: 585,227,233,442,279,481,691,272,103,273
613: 306,444,84,264,112,403,503,574,688,352
614: 39,550,415,535,680,150,472,25,133
615: 255,342,597,246,452,303
616: 42,231,65,174,426,530,587,602,603
617: 376,383,335,328,409,422,544,653
618: 181,182,49,476,176,554
619: 121,502
620: 156,108,35,28,123,537,702,601,129,60
621: 338,127,322,365,90,416,284,421,595,630
622: 143,283,300,152,686,571,685,373,334,670
623: 347,453,331,380,545,679,578,4,153,348
624: 95,230,533,89,128,637,276,330,323,697,490,492
625: 320,368,364,120,272,232,456,564,608
626: 241,240,280,285,479
627: 307,255,356,597,628,452,310,77,458,491,309
628: 162,307,255,356,308,82,627,667,309
629: 44,172,239,207,509,579,704,49,501
630: 127,322,606,621
631: 10,318,325,541,516,553,572,118,320,561
632: 345,130,35,601,133,129,681,39,647,380,610,656,150
633: 101,332,372,147,435,378,562,32,38,505
634: 140,113,647,386,418,470,477,656,161,589,345,420
635: 13,46,563,609,202,178
636: 194,242,236,100,9,448,258
637: 533,89,269,128,443,624,654,693
638: 117,371,122,36,151,532,500,582,696,343
639: 357,551,646
640: 64,186,224,270,269,455,466,495,441,700,560
641: 301,523,198,76,596,348,347,331,81
642: 202,201,209,438
643: 83,257,264,74,212,428,664,682,687
644: 394,388,393,140,550,157,397
645: 110,53,507,58,354,11,219,260,87,425,666
646: 111,639
647: 394,39,140,113,610,634,656,161,632,345,133
648: 507,222,56,266,689,265,15,85,557,221,672
649: 369,382,381,152,440,451,686,571,685
650: 56,109,15,698,251,402,493,217
651: 372,142,146,147,119,373,539,562,710,163
652: 2,433,135,250,518,23,237,69,588,555,14
653: 376,375,335,327,341,382,699,544,617
654: 189,674,236,100,94,443,464,467,637
655: 324,548,330,337,697,325,670,490,291,143,333,558,367
656: 346,647,610,386,57,634,632,589,345,35
657: 398,162,395,124,393,158,141,520,512
658: 55,78,201,208,50,599,447,448,258
659: 267,262,463,309,569,315,695,310
660: 179,183,215,220,80,203,402,515,668
661: 104,286,456,480,527,103,273,5,442
662: 372,373,125,32,163,300,568,671,150
663: 391,137,305,401,705
664: 304,282,250,257,428,643,682,312,60,108,537,577,594
665: 597,246,105,508,248,432,303,295
666: 110,180,507,58,56,12,109,61,425,645,676
667: 162,307,255,124,390,342,356,349,536,628,559
668: 660,183,215,220,245,402,698
669: 95,29,69,588,23,31,548,330,702,134
670: 373,324,362,325,496,516,655,143,561,622
671: 333,153,568,125,662,681,380,578,150
672: 251,212,403,514,542,574,221,85,648
673: 53,11,219,425,459
674: 236,244,290,128,63,99,467,654,122
675: 41,171,204,567,175,469,497,170,47
676: 110,180,56,446,61,666,85,555,2,210
677: 13,45,237,3,205,68,575,75,196,684,518
678: 215,216,220
679: 162,158,536,347,453,346,610,545,623
680: 394,39,388,387,431,550,415,614,535,576
681: 632,156,130,129,125,329,671,380,578,150
682: 55,282,433,250,518,643,664,687
683: 44,434,287,21,240,199,54,239,694,509
684: 433,135,203,211,75,196,518,687,237,677
685: 368,143,148,326,382,381,300,686,622,649
686: 369,368,283,277,571,608,622,685,649
687: 55,83,433,203,50,74,684,518,581,643,682
688: 444,257,263,264,311,613,312,111,352
689: 222,265,15,436,557,648,221
690: 700,319,88,268
691: 585,604,278,226,227,0,93,612,225,272,103
692: 101,117,102,151,329,534,709,510
693: 274,90,323,421,595,275,269,128,637
694: 44,434,76,199,71,66,279,499,580,683,546
695: 356,361,308,427,310,659
696: 22,102,371,274,127,370,151,421,500,638,709
697: 330,325,490,655,91,230,624,276,558,367
698: 184,218,650,220,245,402,493,668
699: 376,375,374,149,341,653,389,154,519
700: 10,317,553,560,690,268,270,455,466,640
701: 586,313,360,314,316
702: 156,108,28,620,129,27,134,69,669,250,23,60,31
703: 396,357,358,411,551
704: 54,239,579,629,17,253,214,72,501
705: 351,111,305,401,577,663,311
706: 354,253,301,248,458,523,54,499,59,105
707: 231,186,224,187,455,530,513,19,225
708: 110,266,446,463,309,593,82,81
709: 101,102,365,370,151,421,484,534,692,696
710: 399,142,146,119,334,651