0: 108,28,6,300,4,24,102,292,291,1,284,2,3,245,20,23,75,96,101,13,103,5,25,293,7,129,35,339
1: 245,75,13,10,70,238,14,76,246,244,12,74,0,4,24,102,292,204,52,252,80,8,16
2: 19,95,283,284,277,20,96,18,91,10,70,238,97,21,285,0,4,24,102,292,124,332,32
3: 19,291,95,283,23,101,22,100,290,299,244,12,107,27,74,0,4,24,102,292,128,338,34
4: 108,28,6,300,0,24,102,292,291,1,284,2,3,245,20,23,75,96,101,13,103,5,25,293,7,129,35,339
5: 97,21,103,285,25,293,14,76,246,0,4,24,102,292,109,294,104,29,301,26,36,340,130
6: 299,107,108,27,28,300,30,307,113,0,4,24,102,292,109,252,80,29,301,16,38,134,346
7: 380,128,152,129,40,338,35,34,339,0,4,24,102,292,36,340,124,130,332,32,38,134,346
8: 204,52,53,205,1,245,75,13,47,197,41,175,51,203,57,211
9: 46,64,68,69,196,230,236,237,19,95,283,10,70,238,244,12,74
10: 9,69,237,1,284,2,245,20,75,96,13,70,238,65,11,71,239,231,47,197
11: 97,48,21,66,71,72,240,285,198,232,239,14,76,246,10,70,238
12: 15,244,79,74,251,51,203,9,69,237,291,1,243,73,3,245,23,75,101,13
13: 1,245,75,10,70,238,14,76,246,244,12,74,0,4,24,102,292,204,52,252,80,8,16
14: 11,71,103,239,5,25,293,247,76,77,246,1,245,75,13,17,81,53,205,253
15: 299,244,56,12,107,78,79,84,27,210,74,250,251,258,252,80,16
16: 17,81,252,80,253,1,245,75,13,15,79,108,28,251,6,300,259,85,57,211
17: 109,58,81,82,86,252,80,29,212,260,301,253,254,16,14,76,246
18: 88,284,277,271,2,20,96,90,276,91,65,231,92,278,119,325
19: 9,69,237,291,95,283,284,282,94,2,3,20,23,96,101,90,276,31,123,331
20: 19,95,283,284,277,2,96,18,91,10,70,238,97,21,285,0,4,24,102,292,124,332,32
21: 11,97,71,103,285,239,5,25,293,286,98,92,278,284,2,20,96,33,125,333
22: 291,243,73,289,99,282,94,3,23,101,100,290,106,298,337,127
23: 19,291,95,283,3,101,22,100,290,299,244,12,107,27,74,0,4,24,102,292,128,338,34
24: 108,28,6,300,0,4,102,292,291,1,284,2,3,245,20,23,75,96,101,13,103,5,25,293,7,129,35,339
25: 97,21,103,285,5,293,14,76,246,0,4,24,102,292,109,294,104,29,301,26,36,340,130
26: 295,294,105,302,104,110,103,5,25,293,286,98,247,77,131,341
27: 15,299,107,79,108,28,251,6,300,112,106,298,306,291,3,23,101,345,37,133
28: 299,107,108,27,6,300,30,307,113,0,4,24,102,292,109,252,80,29,301,16,38,134,346
29: 109,17,302,81,308,301,110,114,253,103,5,25,293,108,28,6,300,135,39,347
30: 108,28,6,300,259,85,112,307,113,306,116,313,308,114,139,353
31: 372,118,122,123,146,128,324,330,331,338,34,19,95,283,124,332,32
32: 33,125,124,332,333,119,325,284,2,20,96,31,123,373,7,129,331,35,339,147
33: 374,36,340,120,125,126,124,148,130,326,332,334,333,32,97,21,285
34: 31,123,128,7,129,331,337,338,127,35,339,151,379,291,3,23,101,345,37,133
35: 380,128,152,7,129,40,338,34,339,0,4,24,102,292,36,340,124,130,332,32,38,134,346
36: 33,153,340,125,381,130,333,131,341,103,5,25,293,7,129,35,339,135,39,347
37: 386,345,344,352,132,133,138,156,38,134,346,299,107,27,128,338,34
38: 345,37,133,134,346,108,28,6,300,7,129,35,339,135,139,353,157,39,387,347
39: 135,354,348,388,158,136,140,347,109,29,301,36,340,130,38,134,346
40: 380,373,152,7,129,35,163,339,147,151,379,153,381,157,387
41: 175,174,164,180,170,204,52,176,8
42: 46,64,165,186,189,190,196,230,43,191
43: 42,190,191,187,65,44,192,166,231,47,197
44: 48,66,167,188,192,193,198,232,43,191
45: 46,68,168,189,194,195,196,236,50,202
46: 9,42,45,69,169,190,195,196,237,47,197,51,203
47: 48,198,170,197,46,196,43,191,10,70,238,204,52,8
48: 11,44,49,71,171,192,198,199,239,47,197,53,205
49: 48,72,172,240,193,198,199,200,206,54
50: 45,195,243,73,201,202,55,209,51,203,173
51: 244,56,12,210,74,174,203,46,196,50,202,204,52,8
52: 204,53,8,205,1,245,75,13,47,197,41,175,51,203,57,211
53: 204,52,58,176,8,212,205,48,198,206,54,14,76,246
54: 49,199,206,207,247,77,59,53,213,205,177
55: 56,78,178,208,209,210,215,250,50,202
56: 15,55,60,79,179,209,210,216,251,51,203,57,211
57: 56,210,211,61,217,180,204,52,58,252,80,8,212,16
58: 17,59,62,81,53,181,212,213,218,205,253,57,211
59: 58,82,182,212,213,214,219,254,206,54
60: 56,84,183,210,215,216,220,258,61,217
61: 60,216,259,85,221,57,184,211,217,62,218
62: 58,86,185,212,260,218,219,222,61,217
63: 64,68,189,223,228,229,230,236,89,275
64: 9,42,63,69,190,224,229,230,237,90,276,65,231
65: 66,232,231,225,64,230,43,191,277,18,91,10,70,238
66: 65,11,44,67,71,192,226,232,233,239,231,92,278
67: 66,72,240,193,93,279,227,232,233,234
68: 9,45,63,69,195,229,235,236,237,243,73,282,94
69: 9,46,64,68,196,230,236,237,19,95,283,10,70,238,244,12,74
70: 9,69,237,1,284,2,245,20,75,96,13,10,238,65,11,71,239,231,47,197
71: 11,97,48,21,66,72,240,285,198,232,239,14,76,246,10,70,238
72: 11,49,67,71,241,240,199,233,239,286,98,247,77
73: 68,236,243,50,202,22,100,290,242,244,12,78,74,250
74: 15,244,12,79,251,51,203,9,69,237,291,1,243,73,3,245,23,75,101,13
75: 1,245,13,10,70,238,14,76,246,244,12,74,0,4,24,102,292,204,52,252,80,8,16
76: 11,71,103,239,5,25,293,247,14,77,246,1,245,75,13,17,81,53,205,253
77: 72,240,206,54,247,14,76,246,248,294,82,104,26,254
78: 15,55,79,83,209,249,250,251,257,106,298,243,73
79: 15,299,244,56,12,107,78,84,27,210,74,250,251,258,252,80,16
80: 17,81,252,253,16,1,245,75,13,15,79,108,28,251,6,300,259,85,57,211
81: 109,17,58,82,86,252,80,29,212,260,301,253,254,16,14,76,246
82: 17,255,59,261,302,81,87,213,110,253,254,247,77
83: 78,84,215,305,250,256,257,258,263,111
84: 15,60,79,83,216,251,257,258,264,259,85,112,306
85: 84,258,259,30,307,113,265,61,217,86,252,80,260,16
86: 17,261,62,266,81,87,308,260,218,114,253,259,85
87: 267,115,261,82,262,86,309,260,219,254
88: 270,277,271,268,18,91,272,225,319
89: 63,229,275,274,269,282,94,90,276,117,323
90: 64,230,19,95,283,89,275,270,277,276,18,91,118,324
91: 88,284,277,271,2,20,96,90,276,18,65,231,92,278,119,325
92: 97,21,66,285,93,279,232,272,278,277,18,91,120,326
93: 273,67,279,280,233,286,98,92,278,121,327
94: 68,236,19,95,283,89,275,282,22,100,290,281,122,330
95: 9,69,237,19,291,283,284,282,94,2,3,20,23,96,101,90,276,31,123,331
96: 19,95,283,284,277,2,20,18,91,10,70,238,97,21,285,0,4,24,102,292,124,332,32
97: 11,21,71,103,285,239,5,25,293,286,98,92,278,284,2,20,96,33,125,333
98: 97,21,287,72,240,285,93,279,286,294,104,26,126,334
99: 289,288,22,100,290,242,281,297,336
100: 291,243,73,289,99,282,94,3,23,101,22,290,106,298,337,127
101: 19,291,95,283,3,23,22,100,290,299,244,12,107,27,74,0,4,24,102,292,128,338,34
102: 108,28,6,300,0,4,24,292,291,1,284,2,3,245,20,23,75,96,101,13,103,5,25,293,7,129,35,339
103: 97,21,285,5,25,293,14,76,246,0,4,24,102,292,109,294,104,29,301,26,36,340,130
104: 295,294,105,302,26,110,103,5,25,293,286,98,247,77,131,341
105: 295,294,104,303,296,26,287,248,342
106: 299,107,78,27,305,250,111,298,297,22,100,290,344,132
107: 15,299,79,108,27,28,251,6,300,112,106,298,306,291,3,23,101,345,37,133
108: 299,107,27,28,6,300,30,307,113,0,4,24,102,292,109,252,80,29,301,16,38,134,346
109: 17,302,81,29,308,301,110,114,253,103,5,25,293,108,28,6,300,135,39,347
110: 109,294,115,302,82,104,303,29,309,301,26,254,348,136
111: 311,83,304,305,257,112,106,298,306,351,137
112: 299,107,84,312,27,305,258,111,30,307,113,306,352,138
113: 108,28,6,300,259,85,112,30,307,306,116,313,308,114,139,353
114: 109,314,115,86,29,308,309,260,301,30,307,113,354,140
115: 315,261,310,302,87,308,309,110,114,355,141
116: 312,30,307,113,265,313,316,314,359
117: 118,122,317,322,323,324,330,365,89,275
118: 31,117,123,142,318,323,324,331,366,90,276,119,325
119: 120,124,326,332,325,32,277,18,91,118,319,143,324,367
120: 320,33,368,121,327,125,144,326,333,119,325,92,278
121: 369,120,327,126,326,334,321,328,93,279
122: 31,371,117,123,145,323,329,330,331,337,127,282,94
123: 31,372,118,122,146,128,324,330,331,338,34,19,95,283,124,332,32
124: 33,125,332,333,119,325,32,284,2,20,96,31,123,373,7,129,331,35,339,147
125: 374,33,36,340,120,126,124,148,130,326,332,334,333,32,97,21,285
126: 375,33,335,121,327,125,149,334,333,131,341,286,98
127: 122,128,150,330,378,337,338,34,22,100,290,344,132,336
128: 31,123,7,129,331,337,338,127,35,34,339,151,379,291,3,23,101,345,37,133
129: 380,128,152,7,40,338,35,34,339,0,4,24,102,292,36,340,124,130,332,32,38,134,346
130: 33,153,36,340,125,381,333,131,341,103,5,25,293,7,129,35,339,135,39,347
131: 382,154,36,340,126,130,334,341,294,104,26,348,136,342
132: 345,37,385,344,351,133,137,343,155,106,298,337,127
133: 386,345,37,344,352,132,138,156,38,134,346,299,107,27,128,338,34
134: 345,37,133,38,346,108,28,6,300,7,129,35,339,135,139,353,157,39,387,347
135: 354,348,39,388,158,136,140,347,109,29,301,36,340,130,38,134,346
136: 135,348,389,355,39,159,141,349,347,302,110,131,341
137: 391,357,344,351,352,350,132,138,305,111
138: 392,345,37,351,160,352,133,137,358,112,306,139,353
139: 354,353,359,140,30,307,113,161,352,138,393,38,134,346
140: 135,139,162,354,394,353,355,39,360,141,347,308,114
141: 354,395,348,355,356,136,361,140,115,309
142: 399,372,118,146,143,324,362,365,366,367
143: 363,142,373,366,367,147,368,144,119,325
144: 374,369,368,364,120,148,326,143,367
145: 372,371,122,146,150,330,365,370,378
146: 31,372,371,123,142,145,373,331,366,147,151,379
147: 380,372,146,373,152,143,40,367,374,124,148,332,32
148: 375,374,33,368,153,125,144,381,149,333,373,147
149: 376,375,374,382,154,369,126,148,334
150: 371,145,377,378,337,127,151,379,385,155
151: 380,372,146,128,152,150,40,378,338,34,379,386,156
152: 380,373,7,129,40,35,163,339,147,151,379,153,381,157,387
153: 374,382,154,36,340,381,148,130,380,152,40,388,158
154: 375,382,153,381,149,383,131,341,389,159
155: 391,386,385,384,344,132,156,150,378
156: 392,386,345,37,385,160,133,155,151,379,157,387
157: 388,158,387,380,152,40,386,161,156,393,38,134,346
158: 135,162,394,389,157,39,159,388,387,347,153,381
159: 395,348,390,389,388,158,136,382,154
160: 396,392,391,386,161,352,138,156,393
161: 392,160,393,139,162,397,394,353,157,387
162: 398,354,395,394,388,158,140,161,393
163: 380,152,40
164: 41,175
165: 42,169,190,166
166: 167,170,165,43,191
167: 44,171,192,166
168: 45,169,195,173
169: 46,165,168,196,170,174
170: 171,166,47,197,169,41,175
171: 48,167,172,198,170,176
172: 49,171,199,177
173: 178,174,168,50,202
174: 179,41,175,51,203,173,169
175: 41,174,164,180,170,204,52,176,8
176: 53,181,205,177,171,41,175
177: 176,182,172,206,54
178: 55,179,209,173
179: 56,178,183,210,174,180
180: 179,41,175,57,184,211,181
181: 58,176,182,185,212,180
182: 59,181,213,177
183: 60,179,216,184
184: 183,61,217,180,185
185: 62,181,218,184
186: 42,190,224,187
187: 186,43,191,188,225
188: 44,192,226,187
189: 42,45,63,190,195,229
190: 42,46,64,165,186,189,196,230,43,191
191: 42,190,43,187,65,44,192,166,231,47,197
192: 44,48,66,167,188,193,198,232,43,191
193: 44,49,67,192,199,233
194: 45,195,235,201
195: 45,46,68,168,189,194,196,236,50,202
196: 9,42,45,46,69,169,190,195,237,47,197,51,203
197: 48,198,47,170,46,196,43,191,10,70,238,204,52,8
198: 11,44,48,49,71,171,192,199,239,47,197,53,205
199: 48,49,72,172,240,193,198,200,206,54
200: 49,241,199,207
201: 194,50,202,242,208
202: 45,195,243,73,201,50,55,209,51,203,173
203: 244,56,12,210,74,174,51,46,196,50,202,204,52,8
204: 52,53,8,205,1,245,75,13,47,197,41,175,51,203,57,211
205: 204,52,58,176,53,8,212,48,198,206,54,14,76,246
206: 49,199,54,207,247,77,59,53,213,205,177
207: 200,206,54,248,214
208: 55,209,249,201
209: 55,56,78,178,208,210,215,250,50,202
210: 15,55,56,60,79,179,209,216,251,51,203,57,211
211: 56,210,57,61,217,180,204,52,58,252,80,8,212,16
212: 17,58,59,62,81,53,181,213,218,205,253,57,211
213: 58,59,82,182,212,214,219,254,206,54
214: 255,59,213,207
215: 55,60,83,209,216,257
216: 56,60,84,183,210,215,220,258,61,217
217: 60,216,259,85,221,57,184,211,61,62,218
218: 58,62,86,185,212,260,219,222,61,217
219: 59,261,62,87,213,218
220: 60,216,264,221
221: 220,265,61,217,222
222: 62,266,218,221
223: 63,224,229,269
224: 64,186,223,230,270,225
225: 65,226,231,224,88,187,271
226: 66,188,227,232,272,225
227: 273,67,226,233
228: 63,229,235,274
229: 63,64,68,189,223,228,230,236,89,275
230: 9,42,63,64,69,190,224,229,237,90,276,65,231
231: 65,66,232,225,64,230,43,191,277,18,91,10,70,238
232: 65,11,44,66,67,71,192,226,233,239,231,92,278
233: 66,67,72,240,193,93,279,227,232,234
234: 67,241,280,233
235: 68,194,228,236,242,281
236: 9,45,63,68,69,195,229,235,237,243,73,282,94
237: 9,46,64,68,69,196,230,236,19,95,283,10,70,238,244,12,74
238: 9,69,237,1,284,2,245,20,75,96,13,10,70,65,11,71,239,231,47,197
239: 11,97,48,21,66,71,72,240,285,198,232,14,76,246,10,70,238
240: 11,49,67,71,72,241,199,233,239,286,98,247,77
241: 287,72,240,200,234,248
242: 235,243,73,289,99,201,249
243: 68,236,73,50,202,22,100,290,242,244,12,78,74,250
244: 15,12,79,74,251,51,203,9,69,237,291,1,243,73,3,245,23,75,101,13
245: 1,75,13,10,70,238,14,76,246,244,12,74,0,4,24,102,292,204,52,252,80,8,16
246: 11,71,103,239,5,25,293,247,14,76,77,1,245,75,13,17,81,53,205,253
247: 72,240,206,54,14,76,77,246,248,294,82,104,26,254
248: 241,207,247,77,295,255,105
249: 78,208,250,256,297,242
250: 15,55,78,79,83,209,249,251,257,106,298,243,73
251: 15,299,244,56,12,107,78,79,84,27,210,74,250,258,252,80,16
252: 17,81,80,253,16,1,245,75,13,15,79,108,28,251,6,300,259,85,57,211
253: 109,17,58,81,82,86,252,80,29,212,260,301,254,16,14,76,246
254: 17,255,59,261,302,81,82,87,213,110,253,247,77
255: 82,262,303,214,254,248
256: 83,304,249,257
257: 78,83,84,215,305,250,256,258,263,111
258: 15,60,79,83,84,216,251,257,264,259,85,112,306
259: 84,258,85,30,307,113,265,61,217,86,252,80,260,16
260: 17,261,62,266,81,86,87,308,218,114,253,259,85
261: 267,115,82,262,86,87,309,260,219,254
262: 255,261,310,87
263: 311,83,257,264
264: 84,312,220,258,263,265
265: 264,259,85,221,116,313,266
266: 267,314,86,260,222,265
267: 315,261,266,87
268: 88,271
269: 223,89,275,270,317
270: 224,269,88,271,90,276,318
271: 88,270,277,268,18,91,272,225,319
272: 273,226,92,278,88,271,320
273: 93,279,227,272,321
274: 228,89,275,281,322
275: 63,229,89,274,269,282,94,90,276,117,323
276: 64,230,19,95,283,89,275,270,277,90,18,91,118,324
277: 88,284,271,2,20,96,90,276,18,91,65,231,92,278,119,325
278: 97,21,66,285,93,279,232,272,92,277,18,91,120,326
279: 273,67,93,280,233,286,98,92,278,121,327
280: 287,93,279,234,328
281: 235,274,289,99,282,94,329
282: 68,236,19,95,283,89,275,94,22,100,290,281,122,330
283: 9,69,237,19,291,95,284,282,94,2,3,20,23,96,101,90,276,31,123,331
284: 19,95,283,277,2,20,96,18,91,10,70,238,97,21,285,0,4,24,102,292,124,332,32
285: 11,97,21,71,103,239,5,25,293,286,98,92,278,284,2,20,96,33,125,333
286: 97,21,287,72,240,285,93,279,98,294,104,26,126,334
287: 241,280,286,98,295,105,335
288: 289,99
289: 99,288,22,100,290,242,281,297,336
290: 291,243,73,289,99,282,94,3,23,101,22,100,106,298,337,127
291: 19,95,283,3,23,101,22,100,290,299,244,12,107,27,74,0,4,24,102,292,128,338,34
292: 108,28,6,300,0,4,24,102,291,1,284,2,3,245,20,23,75,96,101,13,103,5,25,293,7,129,35,339
293: 97,21,103,285,5,25,14,76,246,0,4,24,102,292,109,294,104,29,301,26,36,340,130
294: 295,105,302,104,26,110,103,5,25,293,286,98,247,77,131,341
295: 294,105,104,303,296,26,287,248,342
296: 295,105
297: 304,249,106,298,289,99,343
298: 299,107,78,27,305,250,111,106,297,22,100,290,344,132
299: 15,107,79,108,27,28,251,6,300,112,106,298,306,291,3,23,101,345,37,133
300: 299,107,108,27,28,6,30,307,113,0,4,24,102,292,109,252,80,29,301,16,38,134,346
301: 109,17,302,81,29,308,110,114,253,103,5,25,293,108,28,6,300,135,39,347
302: 109,294,115,82,104,303,29,309,301,26,110,254,348,136
303: 295,255,310,105,302,110,349
304: 305,256,111,297,350
305: 311,83,304,257,111,112,106,298,306,351,137
306: 299,107,84,312,27,305,258,111,112,30,307,113,352,138
307: 108,28,6,300,259,85,112,30,113,306,116,313,308,114,139,353
308: 109,314,115,86,29,309,260,301,114,30,307,113,354,140
309: 315,115,261,310,302,87,308,110,114,355,141
310: 115,262,303,309,356
311: 312,305,263,111,357
312: 311,264,112,306,116,313,358
313: 312,30,307,113,265,116,316,314,359
314: 315,266,308,114,116,313,360
315: 267,314,115,309,361
316: 116,313
317: 117,318,323,269
318: 118,319,317,324,362,270
319: 363,318,88,271,320,119,325
320: 364,120,326,321,272,319
321: 320,121,327,273
322: 117,323,329,274
323: 117,118,122,317,322,324,330,365,89,275
324: 31,117,118,123,142,318,323,331,366,90,276,119,325
325: 120,124,326,332,119,32,277,18,91,118,319,143,324,367
326: 320,33,368,120,121,327,125,144,333,119,325,92,278
327: 369,120,121,126,326,334,321,328,93,279
328: 335,121,327,280
329: 122,322,330,370,281,336
330: 31,371,117,122,123,145,323,329,331,337,127,282,94
331: 31,372,118,122,123,146,128,324,330,338,34,19,95,283,124,332,32
332: 33,125,124,333,119,325,32,284,2,20,96,31,123,373,7,129,331,35,339,147
333: 374,33,36,340,120,125,126,124,148,130,326,332,334,32,97,21,285
334: 375,33,335,121,327,125,126,149,333,131,341,286,98
335: 376,126,334,328,287,342
336: 343,289,99,329,377,337,127
337: 122,128,150,330,378,338,127,34,22,100,290,344,132,336
338: 31,123,128,7,129,331,337,127,35,34,339,151,379,291,3,23,101,345,37,133
339: 380,128,152,7,129,40,338,35,34,0,4,24,102,292,36,340,124,130,332,32,38,134,346
340: 33,153,36,125,381,130,333,131,341,103,5,25,293,7,129,35,339,135,39,347
341: 382,154,36,340,126,130,334,131,294,104,26,348,136,342
342: 349,295,105,335,383,131,341
343: 384,344,350,132,336,297
344: 345,37,385,351,132,133,137,343,155,106,298,337,127
345: 386,37,344,352,132,133,138,156,38,134,346,299,107,27,128,338,34
346: 345,37,133,38,134,108,28,6,300,7,129,35,339,135,139,353,157,39,387,347
347: 135,354,348,39,388,158,136,140,109,29,301,36,340,130,38,134,346
348: 135,389,355,39,159,141,349,136,347,302,110,131,341
349: 348,390,356,136,342,303
350: 351,137,343,304
351: 391,357,344,352,350,132,137,138,305,111
352: 392,345,37,351,160,133,137,138,358,112,306,139,353
353: 139,354,359,140,30,307,113,161,352,138,393,38,134,346
354: 135,139,162,394,353,355,39,360,141,140,347,308,114
355: 354,395,348,356,141,136,361,140,115,309
356: 355,141,349,310
357: 351,137,358,311
358: 396,357,352,138,312,359
359: 139,397,353,360,116,313,358
360: 398,354,359,361,140,314
361: 355,360,141,315
362: 363,142,318,366
363: 319,143,362,367,364
364: 320,368,144,363
365: 371,117,142,145,323,366
366: 399,372,118,142,146,143,324,362,365,367
367: 363,142,373,143,366,147,368,144,119,325
368: 374,369,364,120,144,148,326,143,367
369: 375,368,121,327,144,149
370: 371,145,329,377
371: 372,122,145,146,150,330,365,370,378
372: 31,371,123,142,145,146,373,331,366,147,151,379
373: 380,372,146,152,143,40,367,147,374,124,148,332,32
374: 375,33,368,153,125,144,381,148,149,333,373,147
375: 376,374,382,154,369,126,148,149,334
376: 375,335,149,383
377: 150,370,378,384,336
378: 371,145,150,377,337,127,151,379,385,155
379: 380,372,146,128,152,150,40,378,338,34,151,386,156
380: 373,152,7,129,40,35,163,339,147,151,379,153,381,157,387
381: 374,382,154,153,36,340,148,130,380,152,40,388,158
382: 375,154,153,381,149,383,131,341,389,159
383: 376,382,154,390,342
384: 385,343,155,377
385: 391,386,384,344,132,155,156,150,378
386: 392,345,37,385,160,133,155,156,151,379,157,387
387: 157,388,158,380,152,40,386,161,156,393,38,134,346
388: 135,162,394,389,157,39,159,158,387,347,153,381
389: 395,348,390,159,388,158,136,382,154
390: 389,159,349,383
391: 392,385,351,160,137,155
392: 396,391,386,161,160,352,138,156,393
393: 392,161,160,139,162,397,394,353,157,387
394: 398,162,354,395,388,158,140,161,393
395: 162,394,389,355,159,141
396: 392,160,358,397
397: 398,359,396,161,393
398: 162,397,394,360
399: 142,366