0: 11,71,24,277,91,239,4,18,292,102,70,65,231,238,10,92,278
1: 75,13,245,203,51,70,12,74,238,10,244,8,204,52,205,53,252,76,80,57,14,16,246
2: 31,124,123,332,284,96,331,20,32,19,95,283,57
3: 100,22,290,291,23,101,19,95,283,12,74,244,27,299,107,57,338,34,128
4: 0,11,71,24,277,91,239,18,292,102,70,65,231,238,10,92,278
5: 103,293,25,98,286,294,104,26,76,57,14,109,246,29,301,36,130,340
6: 211,85,252,62,80,266,86,221,185,259,260,218,16,222,28,108,300,217,61
7: 392,386,161,160,156,157,387,339,129,35,393
8: 204,52,176,205,53,170,180,75,13,245,1,174,203,51
9: 42,45,46,63,64,68,69,195,196,229,230,236,237,19,95,283,70,12,74,238,10,244
10: 9,69,237,70,12,74,238,244,0,11,71,24,239,4,292,102,75,13,245,1,57
11: 0,48,71,72,24,240,198,239,4,205,53,292,102,70,238,10,76,14,246
12: 9,46,69,196,237,70,74,238,10,244,75,13,245,73,243,1,203,51,57,291,3,23,101
13: 75,245,1,203,51,70,12,74,238,10,244,8,204,52,205,53,252,76,80,57,14,16,246
14: 17,76,81,253,57,246,77,247,11,71,239,205,53,75,13,245,1,103,293,5,25
15: 306,56,60,78,79,83,27,210,216,250,251,257,264,112,299,107
16: 211,85,252,17,58,62,80,81,86,253,259,212,260,218,6,28,108,300,217,180,75,13,245,1,61
17: 252,254,76,58,80,81,82,86,253,14,109,212,260,16,246,29,301
18: 0,24,277,91,272,4,292,102,276,90,88,271,92,278
19: 9,69,237,95,283,282,94,31,123,284,96,331,2,291,20,276,90,3,23,101
20: 31,124,123,332,284,96,331,2,32,19,95,283,57
21: 66,287,72,241,240,200,280,232,234,97,285
22: 100,337,290,291,127,289,99,3,23,101,282,94,106,298,73,243
23: 100,22,290,291,3,101,19,95,283,12,74,244,27,299,107,57,338,34,128
24: 0,11,71,277,91,239,4,18,292,102,70,65,231,238,10,92,278
25: 103,293,5,98,286,294,104,26,76,57,14,109,246,29,301,36,130,340
26: 294,66,232,104,110,302,295,105,77,247,131,103,341,293,5,25
27: 306,15,79,106,298,251,112,299,107,291,3,23,101,345,37,133
28: 211,85,252,62,80,266,86,221,185,259,260,218,16,222,6,108,300,217,61
29: 110,17,302,81,253,109,308,114,301,103,293,5,25,135,39,347
30: 139,353,307,113,306,313,112,116,85,259,308,114
31: 124,372,118,122,123,142,146,332,284,96,324,330,331,2,20,32,19,95,283,338,34,128
32: 31,124,123,332,284,147,96,331,2,20,373,143,367,98,286,338,34,128,36,130,340
33: 374,333,125,148,147,373,40,152,380,163
34: 345,37,133,338,379,151,128,31,124,123,332,331,337,291,127,32,3,23,101
35: 392,386,161,160,156,157,387,339,7,129,393
36: 135,389,39,347,153,381,130,340,124,332,32,131,103,341,293,5,25,98,286
37: 386,345,344,351,352,132,133,138,156,338,38,134,346,34,128,27,299,107
38: 386,345,37,161,133,156,134,346,157,387,393,135,139,353,39,347
39: 135,354,348,389,388,158,136,140,347,36,130,340,109,29,301,38,134,346
40: 399,372,146,152,380,33,333,125,163
41: 175,164
42: 9,46,64,69,165,189,190,196,230,237,191,43,65,231
43: 42,165,191,65,231,187,166,47,197
44: 48,49,167,171,172,192,193,198,199,47,197
45: 9,46,68,69,168,189,194,195,196,236,237,258,202,50
46: 9,42,45,69,169,195,196,237,12,74,170,244,203,51
47: 44,48,167,171,192,198,166,197,191,43
48: 11,44,49,71,171,192,198,199,239,205,47,53,197
49: 44,48,72,172,240,192,193,198,199,200,206,54
50: 55,56,201,202,178,209,210,174,203,51,45,195,258,173
51: 180,56,202,75,210,13,245,1,50,174,203,46,196,12,74,244,8,204,52
52: 8,204,176,205,53,170,180,75,13,245,1,174,203,51
53: 11,48,8,71,198,239,204,52,176,205,206,54,75,13,245,1,76,58,14,212,246
54: 49,199,207,205,206,53,177,59,213,77,247
55: 56,78,202,178,208,209,210,215,250,50
56: 15,180,55,60,79,202,179,209,210,216,251,50,203,51
57: 76,14,246,70,12,74,238,10,244,75,13,245,1,284,96,2,291,20,3,23,101,103,293,5,25
58: 252,17,59,62,80,81,253,181,212,213,218,16,205,53,180
59: 254,58,82,182,212,213,214,219,206,54
60: 15,217,56,79,183,210,215,216,220,251,264,61
61: 217,60,216,184,211,85,252,62,80,221,259,218,16,6,28,108,300
62: 211,252,58,80,86,185,212,260,218,219,16,222,6,28,108,300,217,61
63: 9,64,68,69,189,223,228,229,230,236,237,89,275
64: 9,42,63,69,224,229,230,237,65,231,276,90
65: 42,64,224,230,191,225,43,231,0,24,187,4,292,102
66: 294,287,72,240,232,21,97,104,26,285,295,105,77,247,93,126,131,341,279
67: 188,226,233,187
68: 9,45,63,69,195,229,235,236,237,258,282,94,73,243
69: 9,42,45,46,63,64,68,195,196,229,230,236,237,19,95,283,70,12,74,238,10,244
70: 9,69,237,12,74,238,10,244,0,11,71,24,239,4,292,102,75,13,245,1,57
71: 0,11,48,72,24,240,198,239,4,205,53,292,102,70,238,10,76,14,246
72: 11,49,66,71,241,240,199,200,232,239,21,97,285,77,247
73: 78,106,298,250,243,242,68,236,258,12,74,244,100,22,290
74: 9,46,69,196,237,70,12,238,10,244,75,13,245,73,243,1,203,51,57,291,3,23,101
75: 13,245,1,203,51,70,12,74,238,10,244,8,204,52,205,53,252,76,80,57,14,16,246
76: 17,81,253,57,14,246,77,247,11,71,239,205,53,75,13,245,1,103,293,5,25
77: 254,76,82,248,14,246,247,294,66,72,240,232,206,104,26,54
78: 15,55,79,83,106,298,209,249,250,251,257,73,243
79: 306,15,56,60,78,83,27,210,216,250,251,257,264,112,299,107
80: 211,85,252,17,58,62,81,86,253,259,212,260,218,16,6,28,108,300,217,180,75,13,245,1,61
81: 252,17,254,76,58,80,82,86,253,14,109,212,260,16,246,29,301
82: 110,17,254,255,59,261,302,81,87,253,213,77,247
83: 15,78,79,215,305,250,251,256,257,263,264,111
84: 220,264,313,116,265,312
85: 252,80,266,86,259,260,16,265,6,28,108,300,217,313,116,61,30,307,113
86: 85,252,17,261,62,80,266,81,87,253,259,308,114,260,218,16,6,28,108,300
87: 267,254,261,82,262,86,260,219,115,309
88: 318,270,268,271,277,91,272,18,319
89: 63,229,275,269,282,94,117,323,276,90,274
90: 118,324,270,276,64,230,19,95,283,89,275,277,91,18
91: 0,24,277,272,4,18,292,102,276,90,88,271,92,278
92: 93,120,326,279,278,0,24,277,91,272,4,18,292,102
93: 121,327,279,92,278,273,66,280,232
94: 68,236,19,95,283,89,275,282,122,100,22,330,290,281
95: 9,69,237,19,283,282,94,31,123,284,96,331,2,291,20,276,90,3,23,101
96: 31,124,123,332,284,331,2,20,32,19,95,283,57
97: 66,287,72,241,240,200,280,232,234,21,285
98: 374,148,131,103,341,293,5,25,286,124,332,32,153,36,381,130,340
99: 336,100,22,290,289,281,288,242,297
100: 22,337,290,291,127,289,99,3,23,101,282,94,106,298,73,243
101: 100,22,290,291,3,23,19,95,283,12,74,244,27,299,107,57,338,34,128
102: 0,11,71,24,277,91,239,4,18,292,70,65,231,238,10,92,278
103: 293,5,25,98,286,294,104,26,76,57,14,109,246,29,301,36,130,340
104: 294,66,232,26,110,302,295,105,77,247,131,103,341,293,5,25
105: 248,295,294,66,287,232,104,26,296,126,342,303
106: 78,27,298,305,250,111,73,243,299,107,297,100,22,290,344,351,132
107: 306,15,79,27,106,298,251,112,299,291,3,23,101,345,37,133
108: 211,85,252,62,80,266,86,221,185,259,260,218,16,222,6,28,300,217,61
109: 110,17,302,81,253,308,114,29,301,103,293,5,25,135,39,347
110: 254,302,82,109,29,301,294,104,26,348,115,136,309,303
111: 306,83,106,298,305,257,112,304,311,351
112: 306,15,79,27,305,251,111,299,107,351,352,138,312,30,307,113
113: 139,353,30,307,306,313,112,116,85,259,308,114
114: 314,86,109,308,260,29,301,354,115,30,140,307,309,113
115: 315,348,355,141,136,309,110,261,310,302,87,308,114
116: 316,84,313,85,314,259,265,312,359,30,307,113
117: 118,122,317,322,323,324,330,365,89,275
118: 31,117,123,142,119,318,323,324,331,325,276,90
119: 372,118,142,146,147,324,362,325,373,143,367,363
120: 143,320,368,121,327,367,144,326,321,92,278
121: 369,93,335,120,327,328,326,321,279
122: 31,371,117,123,145,323,329,330,331,337,127,282,94
123: 31,124,372,118,122,142,146,332,284,96,324,330,331,2,20,32,19,95,283,338,34,128
124: 31,123,332,284,147,96,331,2,20,32,373,143,367,98,286,338,34,128,36,130,340
125: 374,33,333,148,147,373,40,152,380,163
126: 296,335,66,287,232,295,105,342
127: 336,122,100,150,22,330,378,337,290,344,132,338,34,128
128: 345,37,133,338,34,379,151,31,124,123,332,331,337,291,127,32,3,23,101
129: 392,386,161,160,156,157,387,339,7,35,393
130: 135,389,39,347,153,36,381,340,124,332,32,131,103,341,293,5,25,98,286
131: 154,335,341,382,98,286,294,66,232,104,26,348,389,342,136,36,130,340
132: 345,37,385,344,351,133,343,155,106,298,337,127
133: 386,345,37,344,351,352,132,138,156,338,38,134,346,34,128,27,299,107
134: 386,345,37,161,133,156,38,346,157,387,393,135,139,353,39,347
135: 354,348,389,39,388,158,136,140,347,36,130,340,109,29,301,38,134,346
136: 135,348,389,355,39,356,115,141,349,347,309,303,110,302,131,341
137: 391,357,351,350
138: 392,345,37,351,160,352,133,358,306,112,139,353
139: 354,353,30,140,307,113,161,352,138,38,134,346,359,393
140: 135,139,162,354,394,353,355,39,360,141,347,308,114
141: 354,395,348,355,356,115,136,361,140,309
142: 31,372,118,123,146,147,119,318,324,331,362,365,366,325,373,143,367
143: 374,368,120,367,144,148,326,124,142,332,147,119,325,32,373
144: 374,143,369,368,364,120,367,148,326
145: 372,371,122,146,150,330,365,370,378
146: 31,372,371,123,142,145,147,119,331,325,373,40,152,380,379,151
147: 124,372,142,146,332,119,325,32,373,374,143,33,333,125,367,148
148: 375,374,143,33,368,333,125,367,144,149,98,286,147,373,153,381
149: 376,375,374,369,154,335,148,382
150: 371,145,377,378,337,127,385,155,379,151
151: 386,156,338,34,379,128,372,146,150,378
152: 399,372,146,40,380,33,333,125,163
153: 389,388,158,36,381,130,340,374,154,148,382,98,286
154: 375,149,131,341,382,389,153,381,383
155: 391,386,385,384,344,132,156,150,378
156: 392,386,345,37,385,160,133,155,38,134,346,157,387,379,339,7,151,129,35
157: 386,161,156,38,134,346,387,339,7,129,35,393,388,158
158: 135,162,394,389,39,388,347,153,381,157,387
159: 395,390
160: 396,392,391,386,161,352,138,156,339,7,129,35,393
161: 392,160,38,134,346,157,387,339,7,129,35,393,397,139,162,394,353
162: 398,354,395,394,388,158,140,161,393
163: 40,152,380,33,333,125
164: 175,41
165: 42,169,190,191,43,166
166: 167,47,197,165,191,43
167: 44,171,192,166,47,197
168: 45,169,195,173
169: 46,165,168,196,170,174
170: 46,169,196,175,8,204,52,174
171: 44,48,167,172,192,198,176,47,197,177
172: 44,49,171,192,199,177
173: 168,202,178,50,174
174: 202,179,50,203,51,169,173,170,8,204,52
175: 170,164,41
176: 8,171,204,52,205,53,177,181
177: 182,171,172,176,206,54
178: 55,202,179,209,50,173
179: 180,56,178,183,210,174,211
180: 56,179,210,203,51,8,204,52,211,252,58,80,181,212,16
181: 211,58,182,185,212,176,180
182: 177,59,181,213
183: 60,179,216,184,211
184: 217,183,61,211,221,185
185: 211,62,181,218,6,28,108,300,184
186: 190,224,187
187: 67,188,233,186,191,225,43,65,231
188: 67,226,233,187
189: 42,45,63,190,195,229
190: 42,165,186,189
191: 42,165,43,65,231,187,166,47,197
192: 44,48,49,167,171,172,193,198,199,47,197
193: 44,49,192,199
194: 45,195,235,258,201
195: 9,45,46,68,69,168,189,194,196,236,237,258,202,50
196: 9,42,45,46,69,169,195,237,12,74,170,244,203,51
197: 44,48,167,171,192,198,166,47,191,43
198: 11,44,48,49,71,171,192,199,239,205,47,53,197
199: 44,48,49,72,172,240,192,193,198,200,206,54
200: 49,72,241,240,199,207,21,97,285
201: 202,208,50,242,194,258
202: 55,56,201,178,209,210,50,174,203,51,45,195,258,173
203: 180,56,202,75,210,13,245,1,50,174,51,46,196,12,74,244,8,204,52
204: 8,52,176,205,53,170,180,75,13,245,1,174,203,51
205: 11,48,8,71,198,239,204,52,176,206,53,54,75,13,245,1,76,58,14,212,246
206: 49,199,207,205,53,54,177,59,213,77,247
207: 241,200,206,54,248,214
208: 55,201,209,249
209: 55,56,78,202,178,208,210,215,250,50
210: 15,180,55,56,60,79,202,179,209,216,251,50,203,51
211: 252,62,80,181,185,218,16,6,28,108,300,217,180,179,183,184,61
212: 252,17,58,59,62,80,81,253,181,213,218,16,205,53,180
213: 254,58,59,82,182,212,214,219,206,54
214: 255,59,213,207
215: 55,60,83,209,216,257,264
216: 15,217,56,60,79,183,210,215,220,251,264,61
217: 60,216,184,61,211,85,252,62,80,221,259,218,16,6,28,108,300
218: 211,252,58,62,80,86,185,212,260,219,16,222,6,28,108,300,217,61
219: 59,261,62,87,213,218
220: 60,84,216,264,221
221: 222,265,6,28,108,300,217,220,184,61
222: 62,266,221,218,6,28,108,300
223: 63,224,229,269
224: 64,186,223,230,225,65,231,270
225: 224,65,231,226,187
226: 67,188,227,233,272,225
227: 273,226
228: 63,229,235,274
229: 9,63,64,68,69,189,223,228,230,236,237,89,275
230: 9,42,63,64,69,224,229,237,65,231,276,90
231: 42,64,224,230,191,225,43,65,0,24,187,4,292,102
232: 294,66,287,72,240,21,97,104,26,285,295,105,77,247,93,126,131,341,279
233: 67,188,226,187
234: 280,21,97,285
235: 68,194,228,236,258,242,281
236: 9,45,63,68,69,195,229,235,237,258,282,94,73,243
237: 9,42,45,46,63,64,68,69,195,196,229,230,236,19,95,283,70,12,74,238,10,244
238: 9,69,237,70,12,74,10,244,0,11,71,24,239,4,292,102,75,13,245,1,57
239: 0,11,48,71,72,24,240,198,4,205,53,292,102,70,238,10,76,14,246
240: 11,49,66,71,72,241,199,200,232,239,21,97,285,77,247
241: 287,72,240,200,207,21,97,285,248
242: 201,249,73,243,235,258,289,99
243: 78,106,298,250,73,242,68,236,258,12,74,244,100,22,290
244: 9,46,69,196,237,70,12,74,238,10,75,13,245,73,243,1,203,51,57,291,3,23,101
245: 75,13,1,203,51,70,12,74,238,10,244,8,204,52,205,53,252,76,80,57,14,16,246
246: 17,76,81,253,57,14,77,247,11,71,239,205,53,75,13,245,1,103,293,5,25
247: 254,76,82,248,14,246,77,294,66,72,240,232,206,104,26,54
248: 255,295,105,77,247,241,207
249: 78,208,250,256,242,297
250: 15,55,78,79,83,106,298,209,249,251,257,73,243
251: 306,15,56,60,78,79,83,27,210,216,250,257,264,112,299,107
252: 211,85,17,58,62,80,81,86,253,259,212,260,218,16,6,28,108,300,217,180,75,13,245,1,61
253: 252,17,254,76,58,80,81,82,86,14,109,212,260,16,246,29,301
254: 110,17,255,59,261,302,81,82,87,253,213,77,247
255: 254,82,262,248,214,303
256: 83,249,257,304
257: 15,78,79,83,215,305,250,251,256,263,264,111
258: 45,68,194,195,235,236,201,202,73,243,50,242
259: 85,252,80,266,86,260,16,265,6,28,108,300,217,313,116,61,30,307,113
260: 85,252,17,261,62,80,266,81,86,87,253,259,308,114,218,16,6,28,108,300
261: 267,254,82,262,86,87,260,219,115,309
262: 255,261,310,87
263: 83,257,264,311
264: 15,60,79,83,84,215,216,220,251,257,263
265: 85,266,221,259,316,84,313,116
266: 85,267,314,86,259,260,222,265,6,28,108,300
267: 261,266,87,315
268: 88,271,319
269: 223,89,275,317,270
270: 318,276,90,88,271,224,269
271: 318,270,88,268,277,91,272,18,319
272: 273,277,91,226,18,88,271,320,92,278
273: 227,272,93,321,279
274: 322,281,228,89,275
275: 63,229,89,269,282,94,117,323,276,90,274
276: 118,324,270,90,64,230,19,95,283,89,275,277,91,18
277: 0,24,91,272,4,18,292,102,276,90,88,271,92,278
278: 93,120,326,279,92,0,24,277,91,272,4,18,292,102
279: 93,121,327,92,278,273,66,280,232
280: 287,234,21,97,285,93,328,279
281: 329,289,99,274,235,282,94
282: 68,236,19,95,283,89,275,94,122,100,22,330,290,281
283: 9,69,237,19,95,282,94,31,123,284,96,331,2,291,20,276,90,3,23,101
284: 31,124,123,332,96,331,2,20,32,19,95,283,57
285: 66,287,72,241,240,200,280,232,234,21,97
286: 374,148,131,103,341,293,5,25,98,124,332,32,153,36,381,130,340
287: 66,241,280,232,21,97,285,295,105,296,126
288: 289,99
289: 336,100,22,290,99,281,288,242,297
290: 100,22,337,291,127,289,99,3,23,101,282,94,106,298,73,243
291: 100,22,290,3,23,101,19,95,283,12,74,244,27,299,107,57,338,34,128
292: 0,11,71,24,277,91,239,4,18,102,70,65,231,238,10,92,278
293: 103,5,25,98,286,294,104,26,76,57,14,109,246,29,301,36,130,340
294: 66,232,104,26,110,302,295,105,77,247,131,103,341,293,5,25
295: 248,105,294,66,287,232,104,26,296,126,342,303
296: 126,287,295,105
297: 106,298,249,304,289,99,343
298: 78,27,106,305,250,111,73,243,299,107,297,100,22,290,344,351,132
299: 306,15,79,27,106,298,251,112,107,291,3,23,101,345,37,133
300: 211,85,252,62,80,266,86,221,185,259,260,218,16,222,6,28,108,217,61
301: 110,17,302,81,253,109,308,114,29,103,293,5,25,135,39,347
302: 110,254,82,109,29,301,294,104,26,348,115,136,309,303
303: 348,349,136,110,255,310,302,295,105
304: 305,256,111,297,350
305: 306,83,106,298,257,111,112,304,311,351
306: 15,79,27,305,251,111,112,299,107,351,352,138,312,30,307,113
307: 139,353,30,113,306,313,112,116,85,259,308,114
308: 314,86,109,114,260,29,301,354,115,30,140,307,309,113
309: 315,348,355,115,141,136,110,261,310,302,87,308,114
310: 262,356,115,309,303
311: 305,263,111,357,312
312: 358,306,84,313,112,116,311
313: 316,84,116,85,314,259,265,312,359,30,307,113
314: 266,308,114,313,116,315,360
315: 115,361,309,267,314
316: 313,116,265
317: 117,318,323,269
318: 118,142,317,324,362,270,88,271,319
319: 320,363,318,88,268,271
320: 364,120,319,326,321,272
321: 320,120,121,327,326,273
322: 117,323,329,274
323: 117,118,122,317,322,324,330,365,89,275
324: 31,117,118,123,142,119,318,323,331,325,276,90
325: 372,118,142,146,147,119,324,362,373,143,367,363
326: 143,320,368,120,121,327,367,144,321,92,278
327: 369,93,335,120,121,328,326,321,279
328: 335,121,327,280
329: 336,122,322,330,370,281
330: 31,371,117,122,123,145,323,329,331,337,127,282,94
331: 31,124,372,118,122,123,142,146,332,284,96,324,330,2,20,32,19,95,283,338,34,128
332: 31,124,123,284,147,96,331,2,20,32,373,143,367,98,286,338,34,128,36,130,340
333: 374,33,125,148,147,373,40,152,380,163
334: 
335: 376,375,369,121,327,126,149,328,131,341
336: 329,377,337,127,289,99,343
337: 336,122,100,150,22,330,378,290,127,344,132,338,34,128
338: 345,37,133,34,379,151,128,31,124,123,332,331,337,291,127,32,3,23,101
339: 392,386,161,160,156,157,387,7,129,35,393
340: 135,389,39,347,153,36,381,130,124,332,32,131,103,341,293,5,25,98,286
341: 154,335,131,382,98,286,294,66,232,104,26,348,389,342,136,36,130,340
342: 349,383,295,105,126,131,341
343: 384,344,350,132,297,336
344: 345,37,385,351,132,133,343,155,106,298,337,127
345: 386,37,344,351,352,132,133,138,156,338,38,134,346,34,128,27,299,107
346: 386,345,37,161,133,156,38,134,157,387,393,135,139,353,39,347
347: 135,354,348,389,39,388,158,136,140,36,130,340,109,29,301,38,134,346
348: 135,389,355,39,356,115,141,349,136,347,309,303,110,302,131,341
349: 348,390,342,356,136,303
350: 351,137,343,304
351: 391,345,37,357,344,352,350,132,133,137,138,306,106,298,305,111,112
352: 392,345,37,351,160,133,138,358,306,112,139,353
353: 139,354,30,140,307,113,161,352,138,38,134,346,359,393
354: 135,139,162,394,353,355,39,360,141,140,347,308,114
355: 354,395,348,356,115,141,136,361,140,309
356: 348,355,141,349,136,310
357: 351,137,358,311
358: 396,357,352,138,312,359
359: 358,397,313,116,139,353,360
360: 398,354,361,140,314,359
361: 315,355,360,141
362: 142,119,318,366,325,363
363: 364,319,119,362,325
364: 320,368,144,363
365: 371,117,142,145,323,366
366: 399,142,362,365
367: 374,143,368,120,144,148,326,124,142,332,147,119,325,32,373
368: 374,143,369,364,120,367,144,148,326
369: 375,368,335,121,327,144,149
370: 371,145,329,377
371: 372,122,145,146,150,330,365,370,378
372: 31,371,123,142,145,146,147,119,331,325,373,40,152,380,379,151
373: 124,372,142,146,332,147,119,325,32,374,143,33,333,125,367,148
374: 375,143,33,368,333,125,367,144,148,149,98,286,147,373,153,381
375: 376,374,369,154,335,148,149,382
376: 375,335,149,383
377: 336,150,370,378,384
378: 371,145,150,377,337,127,385,155,379,151
379: 386,156,338,34,151,128,372,146,150,378
380: 399,372,146,40,152,33,333,125,163
381: 389,388,158,153,36,130,340,374,154,148,382,98,286
382: 375,154,149,131,341,389,153,381,383
383: 390,342,376,154,382
384: 385,343,155,377
385: 391,386,384,344,132,155,156,150,378
386: 392,345,37,385,160,133,155,156,38,134,346,157,387,379,339,7,151,129,35
387: 386,161,156,38,134,346,157,339,7,129,35,393,388,158
388: 135,162,394,389,39,158,347,153,381,157,387
389: 135,348,39,388,158,136,347,153,36,381,130,340,154,131,341,382
390: 159,349,383
391: 392,385,351,160,137,155
392: 396,391,386,161,160,352,138,156,339,7,129,35,393
393: 392,161,160,38,134,346,157,387,339,7,129,35,397,139,162,394,353
394: 398,162,354,395,388,158,140,161,393
395: 162,394,355,159,141
396: 392,160,358,397
397: 396,161,359,393,398
398: 162,394,360,397
399: 366,40,152,380