0: 11,66,71,24,102,292,232,239,4,70,10,238,92,278
1: 205,252,16,80,53,13,75,245,70,10,238,8,204,52,14,76,246,12,51,57,74,244,203
2: 9,64,69,230,237,19,284,95,283,70,65,231,20,10,238,90,276
3: 31,123,290,23,291,331,101,100,22,19,95,283,243,73,27,12,57,74,299,244,107,338,34,128
4: 0,11,66,71,24,102,292,232,239,70,10,238,92,278
5: 103,293,25,98,286,340,36,130,26,104,294,14,76,246,57
6: 135,39,347,114,28,108,300,308,307,113,30,17,81,253
7: 392,157,160,35,387,339,129,393,161
8: 48,198,204,52,176,46,196,174,170,51,203,205,53,180,1,13,75,245
9: 45,46,68,69,195,196,236,237,284,258,70,243,2,20,10,238,73,12,51,74,244,203
10: 9,69,237,19,284,95,283,70,2,20,238,0,24,102,292,4,12,51,57,74,244,203,1,13,75,245
11: 0,48,49,66,71,72,24,240,54,102,198,199,292,232,206,239,4,247,14,76,77,246,205,53
12: 27,51,57,74,299,244,107,203,9,69,237,70,243,10,238,73,1,13,75,245,23,291,3,101
13: 205,252,16,80,53,1,75,245,70,10,238,8,204,52,14,76,246,12,51,57,74,244,203
14: 11,71,239,247,76,77,246,57,205,17,301,81,253,109,29,53,1,13,75,245,103,293,5,25
15: 306,56,60,78,79,83,27,210,216,250,251,257,264,112,299,107
16: 61,252,17,58,80,81,253,217,212,180,1,13,75,245,56,210
17: 252,16,58,80,301,81,253,109,29,212,14,76,246,28,6,108,300
18: 143,120,367,319,326,92,278,91,277,90,276
19: 284,95,283,70,2,20,10,238,90,276,31,123,94,23,291,3,331,282,101
20: 9,64,69,230,237,19,284,95,283,70,65,231,2,10,238,90,276
21: 66,287,72,241,240,193,232,234,97,285,93,279,280
22: 290,94,23,99,291,3,337,282,127,101,289,100,243,73,106,298
23: 31,123,290,291,3,331,101,100,22,19,95,283,243,73,27,12,57,74,299,244,107,338,34,128
24: 0,11,66,71,102,292,232,239,4,70,10,238,92,278
25: 103,293,5,98,286,340,36,130,26,104,294,14,76,246,57
26: 131,103,341,293,5,25,98,286,104,294,105,295,66,232,247,77,110,302
27: 306,15,79,12,251,106,74,112,299,244,107,298,23,291,3,101,345,37,133
28: 135,39,347,114,6,108,300,308,307,113,30,17,81,253
29: 205,17,58,59,301,81,253,109,53,212,213,54,206,247,14,76,77,246
30: 306,307,113,313,112,116,312,114,28,6,108,300,308
31: 372,118,122,123,146,23,291,3,324,330,331,101,19,95,283,32,124,332,338,34,128
32: 143,367,340,124,332,36,130,31,123,331
33: 374,333,125,148,381,153,152,380,373,40,147,163,96
34: 386,345,37,385,133,156,38,134,346,151,379,338,128,31,123,23,291,3,331,337,127,101
35: 392,157,160,387,339,7,129,393,161
36: 131,103,341,293,5,25,381,153,32,340,124,332,130,38,134,346,135,389,39,347
37: 386,345,385,344,352,132,133,138,156,353,38,134,346,338,34,128,306,27,106,112,299,107,298
38: 386,345,37,157,133,156,134,346,387,338,34,128,340,36,130,135,39,347
39: 135,354,348,389,388,158,136,140,347,28,6,108,300,340,36,130,38,134,346
40: 152,372,146,380,373,147,33,333,125,151,379,163
41: 180,164,175
42: 45,46,64,165,189,190,195,196,230,191,43,65,231
43: 42,46,165,196,191,166,65,231,47,188,187,197
44: 47,48,49,167,171,188,192,193,198,199,197
45: 9,42,46,68,69,168,189,194,195,196,236,237,258,202,50
46: 9,42,45,69,169,195,196,237,191,43,174,170,8,204,52,51,203
47: 44,48,167,171,192,198,197,191,166,43,170
48: 11,44,47,49,8,71,171,54,192,198,199,206,239,204,52,197,176,205,53
49: 11,177,44,48,71,72,171,172,240,54,192,193,198,199,200,206,239
50: 55,56,202,178,209,210,51,173,203,45,195,258,174
51: 56,202,210,12,74,50,244,203,9,46,69,196,237,70,174,10,238,8,204,52,1,13,75,245
52: 48,8,198,204,176,46,196,174,170,51,203,205,53,180,1,13,75,245
53: 205,58,301,109,29,212,1,13,75,245,11,48,8,71,54,198,206,239,204,52,14,76,246,176
54: 11,177,48,49,71,72,240,198,199,207,206,239,247,77,205,59,301,109,29,53,213
55: 56,78,202,178,208,209,210,215,250,50
56: 15,55,79,202,179,209,210,51,251,50,203,252,16,80
57: 12,74,244,70,10,238,14,76,246,1,13,75,245,23,291,3,101,103,293,5,25
58: 61,205,252,17,16,59,62,80,301,81,253,181,109,217,29,53,212,213,218,180
59: 58,62,301,182,109,29,212,213,214,218,219,177,54,207,206
60: 15,85,79,83,215,216,220,259,251,257,263,264
61: 252,16,58,62,80,181,185,184,217,212,218,180,211
62: 61,58,59,181,182,185,217,212,213,218,219
63: 64,68,189,223,228,229,230,236,275,89
64: 42,63,189,223,224,229,230,284,65,231,2,20,90,276
65: 42,64,186,224,230,284,191,43,231,2,20,187,225
66: 0,11,71,72,24,240,102,292,232,239,21,4,97,247,285,77,93,279,98,286,26,104,294,92,278
67: 188,226,227,233
68: 9,45,63,69,195,229,235,236,237,258,281,243,73,94,282
69: 9,45,46,68,195,196,236,237,284,258,70,243,2,20,10,238,73,12,51,74,244,203
70: 9,69,237,19,284,95,283,2,20,10,238,0,24,102,292,4,12,51,57,74,244,203,1,13,75,245
71: 0,11,48,49,66,72,24,240,54,102,198,199,292,232,206,239,4,247,14,76,77,246,205,53
72: 11,49,66,71,241,240,54,193,199,200,232,206,239,21,97,247,285,77
73: 9,68,69,236,237,258,243,78,12,250,74,242,244,290,23,291,3,101,100,22
74: 27,12,51,57,299,244,107,203,9,69,237,70,243,10,238,73,1,13,75,245,23,291,3,101
75: 205,252,16,80,53,1,13,245,70,10,238,8,204,52,14,76,246,12,51,57,74,244,203
76: 11,71,239,247,14,77,246,57,205,17,301,81,253,109,29,53,1,13,75,245,103,293,5,25
77: 11,66,71,72,240,54,232,206,239,247,14,76,246,301,248,109,29,26,104,294
78: 15,55,79,83,209,249,250,251,257,106,298,243,73
79: 306,15,56,60,78,83,27,210,216,250,251,257,264,112,299,107
80: 61,252,17,16,58,81,253,217,212,180,1,13,75,245,56,210
81: 252,17,16,58,80,301,253,109,29,212,14,76,246,28,6,108,300
82: 303,254,255,261,310,262,87,110,302,115,309
83: 15,60,78,79,111,305,216,250,251,256,257,263,264
84: 263,264,313,116,265,312
85: 60,216,220,259,263
86: 222,260,219
87: 267,254,261,266,82,262,219,115,309
88: 320,271,319,272,268
89: 117,122,94,322,323,330,275,282,269,63,229,274,90,276
90: 64,230,19,284,95,283,270,2,20,276,118,324,275,89,269,18,91,277
91: 143,120,367,319,326,92,278,18,277,90,276
92: 93,120,326,279,98,286,272,278,18,91,277,0,66,24,102,292,232,4
93: 120,121,327,326,279,98,286,273,280,92,278,66,232,21,97,285
94: 122,290,329,330,275,282,89,100,22,68,236,19,95,283,281
95: 19,284,283,70,2,20,10,238,90,276,31,123,94,23,291,3,331,282,101
96: 163,388,158,33,333,125,381,153,157,387
97: 66,287,72,241,240,193,232,234,21,285,93,279,280
98: 93,335,120,121,327,131,326,103,341,293,5,279,25,286,26,104,294,92,278,66,232
99: 336,290,289,100,22,288,281,242,297
100: 290,94,23,99,291,3,337,282,127,101,289,22,243,73,106,298
101: 31,123,290,23,291,3,331,100,22,19,95,283,243,73,27,12,57,74,299,244,107,338,34,128
102: 0,11,66,71,24,292,232,239,4,70,10,238,92,278
103: 293,5,25,98,286,340,36,130,26,104,294,14,76,246,57
104: 131,103,341,293,5,25,98,286,26,294,105,295,66,232,247,77,110,302
105: 126,26,104,294,295,296,287,303,248,110,302,342
106: 78,111,27,305,250,299,107,298,290,100,22,345,37,344,132,133,297
107: 306,15,79,27,12,251,106,74,112,299,244,298,23,291,3,101,345,37,133
108: 135,39,347,114,28,6,300,308,307,113,30,17,81,253
109: 205,17,58,59,301,81,253,29,53,212,213,54,206,247,14,76,77,246
110: 348,302,342,349,136,303,254,82,26,104,294,105,295
111: 306,83,305,257,106,112,304,311,298,344,351,132
112: 306,15,307,113,79,111,27,30,305,251,264,299,107,345,37,352,133,138,312
113: 306,307,30,313,112,116,312,114,28,6,108,300,308
114: 354,355,115,141,140,309,28,6,108,300,308,307,113,30,315,314
115: 355,141,309,114,308,315,254,261,310,82,87
116: 307,113,84,30,313,314,265,316,312,359
117: 118,122,317,322,323,324,330,365,275,89
118: 31,117,122,123,142,318,323,324,330,331,90,276
119: 142,362,325,373,147,143,368,367,144,363,334
120: 143,320,368,93,121,327,367,144,326,321,279,98,286,92,278,18,91,277
121: 369,93,335,120,327,328,326,321,279,98,286,280
122: 31,371,117,118,123,145,94,323,324,329,330,331,275,337,282,89,127
123: 31,372,118,122,146,23,291,3,324,330,331,101,19,95,283,32,124,332,338,34,128
124: 143,367,32,340,332,36,130,31,123,331
125: 374,33,333,148,381,153,152,380,373,40,147,163,96
126: 335,105,295,296,287,342
127: 336,371,122,145,290,150,329,330,378,337,100,22,385,338,34,128
128: 386,345,37,385,133,156,38,134,346,151,379,338,34,31,123,23,291,3,331,337,127,101
129: 392,157,160,35,387,339,7,393,161
130: 131,103,341,293,5,25,381,153,32,340,124,332,36,38,134,346,135,389,39,347
131: 375,154,335,149,341,382,381,153,98,286,340,36,130,26,104,294,389,342
132: 345,37,385,344,351,350,133,343,353,297,111,305,106,298
133: 386,345,37,385,344,352,132,138,156,353,38,134,346,338,34,128,306,27,106,112,299,107,298
134: 386,345,37,157,133,156,38,346,387,338,34,128,340,36,130,135,39,347
135: 354,348,389,39,388,158,136,140,347,28,6,108,300,340,36,130,38,134,346
136: 135,110,354,395,348,390,389,302,355,39,388,158,141,349,140,347
137: 391,357,351,350
138: 392,345,37,351,160,352,133,358,353,312,306,112
139: 398,354,360,140,397,359
140: 135,162,354,395,394,348,355,39,388,158,141,136,347,114,139,308
141: 354,395,348,355,356,115,136,361,140,309,114,308
142: 399,372,371,118,145,146,119,324,362,365,366,325
143: 374,368,120,367,144,148,326,32,124,332,18,91,277,119,325,373,147
144: 374,143,369,368,364,120,367,148,326,119,325
145: 372,371,122,142,146,150,330,365,370,378,337,127
146: 31,152,372,371,123,142,145,331,380,373,40,147,151,379
147: 152,372,146,119,380,325,373,40,374,143,33,333,125,367,148,334
148: 375,374,143,33,368,333,125,367,144,149,381,153,373,147
149: 376,375,374,369,154,335,148,131,341,382,381,153
150: 371,145,370,378,337,127,385,384,377,151,379
151: 386,385,156,379,338,34,128,152,372,146,150,380,378,40
152: 372,146,380,373,40,147,33,333,125,151,379,163
153: 375,374,33,154,333,125,148,149,131,341,382,381,340,36,130,389,96
154: 376,375,149,131,341,382,381,153,389,342,383
155: 391,384
156: 386,345,37,385,157,133,353,38,134,346,387,151,379,338,34,128
157: 386,156,38,134,346,35,387,339,7,129,388,158,96,393,161
158: 135,162,354,395,394,348,389,39,388,136,140,347,96,157,387
159: 395,390
160: 396,392,391,352,138,353,35,339,7,129,393,161,397
161: 162,394,393,397,392,157,160,35,387,339,7,129
162: 398,354,395,394,388,158,140,393,161
163: 96,152,380,40,33,333,125
164: 175,41
165: 42,169,190,191,166,43
166: 165,191,43,47,167,197
167: 44,47,171,188,192,197,166
168: 45,169,195,173
169: 46,165,168,196,174,170
170: 46,169,196,174,47,8,204,52,197,175
171: 177,44,47,48,49,167,172,192,198,199,197,176
172: 177,49,171,199
173: 202,178,50,168,174
174: 46,169,196,170,8,204,52,202,179,51,173,50,203
175: 164,170,41
176: 177,48,8,171,198,204,52,205,181,53,180
177: 49,171,172,54,199,206,176,59,182,213
178: 55,202,179,209,215,173,50
179: 56,178,183,210,211,174,180
180: 61,252,16,58,80,181,41,217,212,8,204,52,176,179,211
181: 61,58,62,182,185,217,212,218,180,176
182: 59,62,181,213,218,177
183: 179,215,211,184
184: 61,185,217,183,211,221
185: 61,62,181,184,217,218,211
186: 190,224,65,231,187
187: 188,225,186,191,43,65,231
188: 44,67,167,192,226,233,187,191,43
189: 42,45,63,64,190,195,223,229,230
190: 42,165,186,189
191: 42,46,165,196,166,43,65,231,47,188,187,197
192: 44,47,48,49,167,171,188,193,198,199,197
193: 44,49,72,240,192,199,200,21,97,285
194: 45,195,235,258,201
195: 9,42,45,46,68,69,168,189,194,196,236,237,258,202,50
196: 9,42,45,46,69,169,195,237,191,43,174,170,8,204,52,51,203
197: 44,47,48,167,171,192,198,191,166,43,170
198: 11,44,47,48,49,8,71,171,54,192,199,206,239,204,52,197,176,205,53
199: 11,177,44,48,49,71,72,171,172,240,54,192,193,198,200,206,239
200: 49,72,241,240,193,199,207
201: 208,242,194,258
202: 55,56,178,209,210,51,173,50,203,45,195,258,174
203: 56,202,210,12,51,74,50,244,9,46,69,196,237,70,174,10,238,8,204,52,1,13,75,245
204: 48,8,198,52,176,46,196,174,170,51,203,205,53,180,1,13,75,245
205: 58,301,109,29,53,212,1,13,75,245,11,48,8,71,54,198,206,239,204,52,14,76,246,176
206: 11,177,48,49,71,72,240,54,198,199,207,239,247,77,205,59,301,109,29,53,213
207: 241,54,200,206,59,248,213,214
208: 55,201,209,249
209: 55,56,78,202,178,208,210,215,250,50
210: 15,55,56,79,202,179,209,51,251,50,203,252,16,80
211: 179,183,61,185,184,217,180
212: 61,205,252,17,16,58,59,62,80,301,81,253,181,109,217,29,53,213,218,180
213: 58,59,62,301,182,109,29,212,214,218,219,177,54,207,206
214: 255,59,213,207
215: 55,60,178,183,209,216
216: 15,85,60,79,83,215,220,259,251,257,263,264
217: 61,252,16,58,62,80,181,185,184,212,218,180,211
218: 61,58,59,62,181,182,185,217,212,213,219
219: 59,261,62,262,86,87,213,260,218
220: 85,60,216,259,221
221: 220,222,265,184
222: 266,86,265,260,221
223: 63,64,189,224,229,230,269
224: 64,186,223,230,270,268,65,231,225
225: 226,187,224,268,65,231
226: 67,188,227,233,225,272
227: 67,226,233,273
228: 63,229,235,274
229: 63,64,68,189,223,228,230,236,275,89
230: 42,63,64,189,223,224,229,284,65,231,2,20,90,276
231: 42,64,186,224,230,284,191,43,65,2,20,187,225
232: 0,11,66,71,72,24,240,102,292,239,21,4,97,247,285,77,93,279,98,286,26,104,294,92,278
233: 67,188,226,227
234: 21,97,285
235: 68,194,228,236,258,281,242
236: 9,45,63,68,69,195,229,235,237,258,281,243,73,94,282
237: 9,45,46,68,69,195,196,236,284,258,70,243,2,20,10,238,73,12,51,74,244,203
238: 9,69,237,19,284,95,283,70,2,20,10,0,24,102,292,4,12,51,57,74,244,203,1,13,75,245
239: 0,11,48,49,66,71,72,24,240,54,102,198,199,292,232,206,4,247,14,76,77,246,205,53
240: 11,49,66,71,72,241,54,193,199,200,232,206,239,21,97,247,285,77
241: 287,72,240,200,207,21,97,285,248
242: 201,249,235,258,243,73,99,289
243: 9,68,69,236,237,258,73,78,12,250,74,242,244,290,23,291,3,101,100,22
244: 27,12,51,57,74,299,107,203,9,69,237,70,243,10,238,73,1,13,75,245,23,291,3,101
245: 205,252,16,80,53,1,13,75,70,10,238,8,204,52,14,76,246,12,51,57,74,244,203
246: 11,71,239,247,14,76,77,57,205,17,301,81,253,109,29,53,1,13,75,245,103,293,5,25
247: 11,66,71,72,240,54,232,206,239,14,76,77,246,301,248,109,29,26,104,294
248: 255,241,207,247,77,105,295
249: 78,208,250,256,242,297
250: 15,55,78,79,83,209,249,251,257,106,298,243,73
251: 306,15,56,60,78,79,83,27,210,216,250,257,264,112,299,107
252: 61,17,16,58,80,81,253,217,212,180,1,13,75,245,56,210
253: 252,17,16,58,80,301,81,109,29,212,14,76,246,28,6,108,300
254: 303,255,261,310,82,262,87,110,302,115,309
255: 303,254,82,262,248,214
256: 83,249,257,304
257: 15,60,78,79,83,111,305,216,250,251,256,263,264
258: 9,45,68,69,194,195,235,236,237,243,73,201,202,50,242
259: 85,60,216,220,263
260: 222,86,219
261: 267,254,266,82,262,87,219,115,309
262: 254,255,261,310,82,87,219
263: 85,60,83,84,216,259,257,264,311
264: 306,15,60,79,83,84,216,251,257,263,112,312
265: 222,266,314,316,84,313,116,221
266: 315,267,222,261,87,314,265
267: 315,261,266,87
268: 224,270,225,271,88
269: 317,275,89,223,270,90,276
270: 224,268,90,276,318,269
271: 320,319,88,272,268
272: 320,271,273,88,92,278,226
273: 93,321,279,272,227
274: 228,281,322,275,89
275: 117,122,94,322,323,330,282,89,269,63,229,274,90,276
276: 64,230,19,284,95,283,270,2,20,90,118,324,275,89,269,18,91,277
277: 143,120,367,319,326,92,278,18,91,90,276
278: 93,120,326,279,98,286,272,92,18,91,277,0,66,24,102,292,232,4
279: 93,120,121,327,326,98,286,273,280,92,278,66,232,21,97,285
280: 93,121,327,328,279,287,21,97,285
281: 68,235,236,274,94,99,329,282,289
282: 122,290,94,329,330,275,89,100,22,68,236,19,95,283,281
283: 19,284,95,70,2,20,10,238,90,276,31,123,94,23,291,3,331,282,101
284: 9,64,69,230,237,19,95,283,70,65,231,2,20,10,238,90,276
285: 66,287,72,241,240,193,232,234,21,97,93,279,280
286: 93,335,120,121,327,131,326,103,341,293,5,279,25,98,26,104,294,92,278,66,232
287: 241,21,97,285,126,280,105,295
288: 99,289
289: 336,290,99,100,22,288,281,242,297
290: 94,23,99,291,3,337,282,127,101,289,100,22,243,73,106,298
291: 31,123,290,23,3,331,101,100,22,19,95,283,243,73,27,12,57,74,299,244,107,338,34,128
292: 0,11,66,71,24,102,232,239,4,70,10,238,92,278
293: 103,5,25,98,286,340,36,130,26,104,294,14,76,246,57
294: 131,103,341,293,5,25,98,286,26,104,105,295,66,232,247,77,110,302
295: 126,26,104,294,105,296,287,303,248,110,302,342
296: 126,105,295,303
297: 344,132,343,249,106,304,298,99,289
298: 78,111,27,305,250,106,299,107,290,100,22,345,37,344,132,133,297
299: 306,15,79,27,12,251,106,74,112,244,107,298,23,291,3,101,345,37,133
300: 135,39,347,114,28,6,108,308,307,113,30,17,81,253
301: 205,17,58,59,81,253,109,29,53,212,213,54,206,247,14,76,77,246
302: 110,348,342,349,136,303,254,82,26,104,294,105,295
303: 254,255,310,82,105,295,296,110,302,349
304: 111,305,256,350,297
305: 306,83,111,257,106,112,304,311,298,344,351,132
306: 15,307,113,79,111,27,30,305,251,264,112,299,107,345,37,352,133,138,312
307: 306,113,30,313,112,116,312,114,28,6,108,300,308
308: 354,355,115,141,140,309,114,28,6,108,300,307,113,30,315,314
309: 355,115,141,114,308,315,254,261,310,82,87
310: 303,254,82,262,356,115,349,309
311: 111,305,263,357,351,312
312: 352,138,358,359,306,307,113,84,30,264,313,112,116,311
313: 307,113,84,30,116,314,265,316,312,359
314: 315,266,265,316,313,116,359,360,114,308
315: 267,266,314,115,361,309,114,308
316: 314,265,313,116,359,360
317: 117,318,323,269
318: 118,317,324,362,270,319
319: 320,271,363,88,18,91,277,318
320: 271,364,120,319,326,321,88,272
321: 320,120,121,327,326,273
322: 117,323,329,275,89,274
323: 117,118,122,317,322,324,330,365,275,89
324: 31,117,118,122,123,142,318,323,330,331,90,276
325: 142,119,362,373,147,143,368,367,144,363,334
326: 143,320,368,93,120,121,327,367,144,321,279,98,286,92,278,18,91,277
327: 369,93,335,120,121,328,326,321,279,98,286,280
328: 335,121,327,280
329: 336,122,94,322,330,370,337,282,127,281
330: 31,371,117,118,122,123,145,94,323,324,329,331,275,337,282,89,127
331: 31,372,118,122,123,146,23,291,3,324,330,101,19,95,283,32,124,332,338,34,128
332: 143,367,32,340,124,36,130,31,123,331
333: 374,33,125,148,381,153,152,380,373,40,147,163,96
334: 363,399,119,325,373,147
335: 376,375,369,121,327,126,149,328,131,341,98,286
336: 99,329,337,127,289,343,377
337: 336,371,122,145,290,150,329,330,378,127,100,22,385,338,34,128
338: 386,345,37,385,133,156,38,134,346,151,379,34,128,31,123,23,291,3,331,337,127,101
339: 392,157,160,35,387,7,129,393,161
340: 131,103,341,293,5,25,381,153,32,124,332,36,130,38,134,346,135,389,39,347
341: 375,154,335,149,131,382,381,153,98,286,340,36,130,26,104,294,389,342
342: 110,390,302,349,383,154,126,131,341,382,105,295
343: 384,344,350,132,297,336
344: 345,37,385,351,350,132,133,343,353,297,111,305,106,298
345: 386,37,385,344,352,132,133,138,156,353,38,134,346,338,34,128,306,27,106,112,299,107,298
346: 386,345,37,157,133,156,38,134,387,338,34,128,340,36,130,135,39,347
347: 135,354,348,389,39,388,158,136,140,28,6,108,300,340,36,130,38,134,346
348: 135,110,354,395,390,389,302,355,39,388,158,141,349,136,140,347
349: 110,348,390,302,342,356,136,303,310
350: 344,351,132,137,343,304
351: 391,357,344,352,350,132,137,138,353,111,305,311
352: 392,345,37,351,160,133,138,358,353,312,306,112
353: 392,391,386,345,37,385,344,351,160,352,132,133,138,156
354: 135,162,395,394,348,355,39,388,158,141,136,140,347,114,139,308
355: 354,395,348,356,115,141,136,361,140,309,114,308
356: 355,141,349,310
357: 351,137,358,311
358: 396,357,352,138,312,359
359: 358,312,313,116,314,316,360,139
360: 139,314,316,359
361: 355,141,315
362: 142,119,318,366,325,363
363: 364,319,334,119,362,325
364: 320,368,144,363
365: 371,117,142,145,323,366,370
366: 399,142,362,365
367: 374,143,368,120,144,148,326,32,124,332,18,91,277,119,325,373,147
368: 374,143,369,364,120,367,144,148,326,119,325
369: 375,368,335,121,327,144,149
370: 371,145,150,329,365,378,377
371: 372,122,142,145,146,150,330,365,370,378,337,127
372: 31,152,371,123,142,145,146,331,380,373,40,147,151,379
373: 152,372,146,119,380,325,40,147,374,143,33,333,125,367,148,334
374: 375,143,33,368,333,125,367,144,148,149,381,153,373,147
375: 376,374,369,154,335,148,149,131,341,382,381,153
376: 375,154,335,149,382,383
377: 384,336,150,370,378
378: 371,145,150,370,337,127,385,384,377,151,379
379: 386,385,156,151,338,34,128,152,372,146,150,380,378,40
380: 152,372,146,373,40,147,33,333,125,151,379,163
381: 375,374,33,154,333,125,148,149,131,341,382,153,340,36,130,389,96
382: 376,375,154,149,131,341,381,153,389,342,383
383: 390,342,376,154,382
384: 343,155,377,150,378
385: 386,345,37,344,132,133,156,353,151,379,338,34,128,150,378,337,127
386: 345,37,385,157,133,156,353,38,134,346,387,151,379,338,34,128
387: 386,157,156,38,134,346,35,339,7,129,388,158,96,393,161
388: 135,162,354,395,394,348,389,39,158,136,140,347,96,157,387
389: 135,348,39,388,158,136,347,154,131,341,382,381,153,340,36,130
390: 348,342,159,349,136,383
391: 392,351,160,137,155,353
392: 396,391,160,352,138,353,35,339,7,129,393,161,397
393: 162,394,161,397,392,157,160,35,387,339,7,129
394: 398,162,354,395,388,158,140,393,161
395: 162,354,394,348,355,159,388,158,141,136,140
396: 392,160,358,397
397: 398,139,393,161,396,392,160
398: 162,394,139,397
399: 142,366,334