0: 11,71,72,24,240,193,292,239,21,4,97,104,285,294,26,98,286,232,66
1: 252,135,80,13,75,245,70,238,10,246,76,14,244,12,74
2: 42,52,64,204,230,284,95,19,283,191,70,43,65,231,174,238,20,10,8,205,53
3: 291,23,38,134,346,101,108,28,300,6,69,237,244,100,12,74,290,31,123,331
4: 0,11,71,72,24,240,193,292,239,21,97,104,285,294,26,98,286,232,66
5: 278,103,92,25,293,246,76,104,14,294,26,299,27,57
6: 291,340,344,132,23,130,312,36,101,3,108,28,300,15,298,79,251,106,111,305
7: 392,157,160,35,339,129,379,393,161
8: 52,204,284,191,43,174,2,20,47,205,53,197
9: 45,46,168,194,195,258,173,196,201
10: 69,237,284,70,238,2,20,205,53,244,12,74,1,13,75,245
11: 0,48,49,71,72,24,240,193,246,198,199,76,292,239,4,104,14,294,26,77,247,206,54
12: 244,100,74,290,69,237,70,238,10,57,1,13,75,245,291,23,101,3
13: 252,135,80,1,75,245,70,238,10,246,76,14,244,12,74
14: 11,71,246,76,239,104,294,26,135,301,77,247,109,29,1,13,75,245,5,103,25,293
15: 56,78,79,83,210,250,251,257,264,111,305,108,28,300,6
16: 221,313,135,116,265
17: 303,254,59,301,81,82,262,253,219,77,247,109,29,213,214,206,54,207
18: 143,120,367,319,326,91,272,277,278,92,95,19,283
19: 64,230,284,95,283,2,20,330,276,122,90,18,91,277
20: 42,52,64,204,230,284,95,19,283,191,70,43,65,231,174,238,2,10,8,205,53
21: 0,280,287,72,241,24,240,193,292,234,4,97,285,98,286,105
22: 128,338,370,34,377,151,336
23: 291,38,134,346,101,3,108,28,300,6,69,237,244,100,12,74,290,31,123,331
24: 0,11,71,72,240,193,292,239,21,4,97,104,285,294,26,98,286,232,66
25: 5,278,103,92,293,246,76,104,14,294,26,299,27,57
26: 0,11,71,24,246,76,292,239,4,104,14,294,77,247,98,5,278,286,103,92,25,293
27: 135,299,57,5,103,25,293,307,354,113
28: 291,340,344,132,23,130,312,36,101,3,108,300,6,15,298,79,251,106,111,305
29: 252,17,135,59,80,301,81,253,77,247,109,213,206,54,246,76,14
30: 84,112,313,116,265,107,316
31: 330,123,122,331,337,127,69,237,332,32,124,291,23,38,134,346,101,3
32: 143,368,367,332,278,92,124,31,123,331,38,134,346
33: 374,333,125,148,381,153,163,152,147,380,373,40,96
34: 371,117,145,128,338,281,323,282,365,370,337,22,127,94
35: 392,157,160,339,7,129,379,393,161
36: 340,352,138,130,312,108,28,300,6,37,133,345,57
37: 386,340,156,38,134,346,130,36,133,345,387
38: 386,291,23,156,134,346,101,3,37,133,345,31,123,331,332,32,124,387
39: 162,395,394,348,389,388,158,136,347
40: 152,372,146,147,380,373,33,333,125,163,379
41: 176,180,175,170,203,51
42: 64,165,186,189,190,229,230,284,191,43,65,231,174,2,20
43: 42,52,165,204,284,191,166,65,231,2,20,8,47,188,205,53,187,197
44: 47,48,49,167,171,188,192,193,198,199,197
45: 9,68,168,189,194,195,236,258,174
46: 9,169,173,196,203,202,178,51,50
47: 44,48,170,167,171,192,198,197,52,204,191,166,43,8
48: 11,177,44,47,49,170,71,171,192,198,199,239,197,176,206,54
49: 11,177,44,48,71,72,171,172,240,192,193,198,199,200,239,207,206,54
50: 55,56,202,100,209,210,290,46,258,196
51: 203,179,46,196,170,180,41
52: 204,284,191,43,174,2,20,8,47,205,53,197
53: 205,52,204,284,191,70,43,238,2,20,10,8
54: 252,17,59,80,301,81,253,77,247,109,29,213,206,11,177,48,49,71,198,199,239,207
55: 56,78,83,202,178,179,208,209,210,215,250,257,50
56: 15,55,78,79,202,179,100,209,210,250,251,50,290
57: 135,299,27,244,12,74,5,103,25,293,340,130,36
58: 61,252,135,59,261,62,80,87,219,185,217,212,213,260,218
59: 252,17,58,62,80,301,81,253,219,181,182,109,29,212,213,214,218,206,54
60: 85,83,84,215,216,220,259,257,263,264
61: 58,185,217,212,180,211,221,184
62: 58,59,219,181,182,185,212,213,260,218
63: 228,102,275,274,281,282,89,94
64: 42,223,224,229,230,284,95,19,283,65,231,2,20
65: 42,64,186,224,230,284,191,43,231,2,20,226,225,187
66: 98,120,326,278,286,92,232,0,24,292,4,93,279
67: 188,226,227,233
68: 45,195,236,258,102,174,73,100,243,290,282,94
69: 237,70,238,10,244,100,12,74,290,31,330,123,122,331,291,23,101,3
70: 69,237,284,238,2,20,10,205,53,244,12,74,1,13,75,245
71: 0,11,48,49,72,24,240,193,246,198,199,76,292,239,4,104,14,294,26,77,247,206,54
72: 0,11,49,71,241,24,240,193,199,200,292,239,21,248,207,4,97,285
73: 298,78,100,249,250,106,243,242,290,68,236,258,282,94,99,289
74: 244,100,12,290,69,237,70,238,10,57,1,13,75,245,291,23,101,3
75: 252,135,80,1,13,245,70,238,10,246,76,14,244,12,74
76: 11,71,246,239,104,14,294,26,135,301,77,247,109,29,1,13,75,245,5,103,25,293
77: 17,303,301,81,253,247,109,29,206,54,11,71,246,76,239,248,104,14,294,26
78: 15,55,56,298,79,83,73,100,208,209,210,249,250,251,257,106,111,243,305,290
79: 15,56,78,83,210,250,251,257,264,111,305,108,28,300,6
80: 252,58,59,301,176,181,109,29,212,213,206,54,1,13,75,245,180
81: 17,303,254,59,301,82,262,253,219,77,247,109,29,213,214,206,54,207
82: 17,303,254,261,310,81,262,87,253,115,309,110,354,302
83: 15,55,60,78,79,209,216,249,250,251,256,257,263,264,111,311,305
84: 85,60,30,216,220,259,112,221,265
85: 60,84,216,220,259,263
86: 
87: 267,254,58,261,266,82,262,219,212,260,115,309
88: 320,271,319,272,268
89: 330,117,276,275,323,282,122,90,94,269,102,63
90: 330,117,118,276,275,317,318,323,324,122,89,269,95,19,283,270
91: 143,120,367,319,326,18,272,277,278,92,95,19,283
92: 368,5,120,326,18,332,91,277,278,103,25,293,232,32,124,66,104,294,26
93: 226,227,279,320,272,273,232,66
94: 330,128,275,338,281,282,122,337,89,127,34,68,236,102,63,73,243
95: 64,230,284,19,283,2,20,330,276,122,90,18,91,277
96: 388,158,387,33,333,125,381,153,163,379
97: 0,280,287,72,241,24,240,193,292,234,21,4,285,98,286,105
98: 335,286,105,232,66,0,280,24,292,21,4,97,104,285,294,26
99: 343,297,288,329,336,289,298,73,106,243,242,281
100: 56,78,202,73,244,210,12,250,243,74,50,290,68,69,236,237,258,291,23,101,3
101: 291,23,38,134,346,3,108,28,300,6,69,237,244,100,12,74,290,31,123,331
102: 68,228,235,236,63,275,281,282,89,94
103: 5,278,92,25,293,246,76,104,14,294,26,299,27,57
104: 0,11,71,24,246,76,292,239,4,14,294,26,77,247,98,5,278,286,103,92,25,293
105: 98,335,126,286,287,21,97,285,296
106: 298,78,73,249,250,111,243,305,344,132,343,297,329,108,28,300,6,99,289
107: 352,138,358,312,359,30,264,112,313,116
108: 291,340,344,132,23,130,312,36,101,3,28,300,6,15,298,79,251,106,111,305
109: 252,17,135,59,80,301,81,253,77,247,29,213,206,54,246,76,14
110: 307,354,348,302,342,349,136,255,113,295,303,254,82
111: 15,298,78,79,83,250,251,257,106,264,311,305,304,344,351,350,132,312,108,28,300,6
112: 306,84,30,263,264,311,313,116,107
113: 307,110,354,348,389,302,342,136,299,27,131,341
114: 398,162,395,394,355,141,361,140,139,308
115: 315,254,261,310,82,87,309,354,355,141,361
116: 313,266,265,30,112,16,359,107,314,316
117: 330,118,276,128,275,338,317,322,323,324,122,365,90,89,34
118: 330,117,276,142,318,323,324,122,90
119: 399,142,147,362,325,373,334,143,367,363
120: 143,320,368,367,326,18,91,382,272,277,278,92,232,66
121: 376,375,369,335,327,149,328,382
122: 31,330,117,118,276,123,275,323,324,282,331,90,89,94,69,237,95,19,283
123: 31,330,122,331,337,127,69,237,332,32,124,291,23,38,134,346,101,3
124: 143,368,367,332,278,92,32,31,123,331,38,134,346
125: 374,33,333,148,381,153,163,152,147,380,373,40,96
126: 335,105,296,342,383,295
127: 31,371,123,145,128,338,150,282,331,378,337,34,94,385,329,151
128: 371,117,145,338,281,323,282,365,370,337,22,127,34,94
129: 392,157,160,35,339,7,379,393,161
130: 340,352,138,312,36,108,28,300,6,37,133,345,57
131: 376,335,341,382,381,153,307,389,342,113
132: 385,344,351,350,343,353,329,108,28,300,6,298,106,111,305
133: 386,340,156,38,134,346,130,36,37,345,387
134: 386,291,23,156,38,346,101,3,37,133,345,31,123,331,332,32,124,387
135: 299,58,301,109,29,27,212,57,1,13,75,245,246,76,14,16
136: 307,110,354,395,348,390,389,302,355,342,39,141,349,347,113
137: 391,357,351,350
138: 396,392,340,357,351,160,352,358,353,130,312,107,36
139: 398,360,140,114,308,397,359
140: 393,114,139,308,397,161,359
141: 354,395,348,355,356,136,361,114,308,115,309
142: 399,372,371,118,145,146,119,324,362,365,366,325
143: 374,368,120,367,148,326,18,332,91,277,32,124,119,147,325,373
144: 369,364
145: 372,371,142,146,128,338,150,365,370,378,337,127,34,151
146: 399,152,372,371,142,145,150,147,380,378,373,40
147: 152,372,146,119,380,325,373,40,334,374,143,33,333,125,367,148
148: 375,374,143,33,369,368,333,125,367,149,382,381,153,147,373
149: 376,375,374,369,121,327,148,382,381,153
150: 372,371,145,146,378,337,127,385,151
151: 385,384,343,377,329,371,145,150,370,378,337,22,127
152: 372,146,147,380,373,40,33,333,125,163,379
153: 375,374,33,368,333,125,148,149,131,341,382,381,389,96
154: 390,159,388,158,383
155: 391,384
156: 386,385,353,38,134,346,379,37,133,345,387
157: 396,392,160,35,339,7,129,393,397,161
158: 389,39,388,347,96,154
159: 395,390,154
160: 396,392,391,157,352,138,353,35,339,7,129,393,161
161: 162,394,393,140,397,392,157,160,35,339,7,129
162: 398,395,394,39,393,347,114,308,161
163: 33,333,125,152,380,40,379,96
164: 175
165: 42,168,169,190,191,166,43
166: 165,191,43,47,167,197
167: 44,47,171,188,192,197,166
168: 9,45,165,169,189,195
169: 46,165,168,174,196
170: 47,48,171,198,197,175,203,51,176,41
171: 177,44,47,48,49,170,167,172,192,198,199,197
172: 177,49,171,199,200
173: 9,46,196
174: 42,45,52,68,169,189,195,204,236,284,2,20,8
175: 170,164,41
176: 252,80,181,180,41,177,48,170,198
177: 48,49,171,172,198,199,176,182,206,54
178: 55,179,209,215,46,196
179: 203,55,56,178,183,209,210,51,211,180
180: 61,252,80,176,181,217,41,203,179,51,211
181: 252,59,62,80,176,182,185,213,218,180
182: 59,62,181,213,214,218,177
183: 179,215,220,211,184
184: 183,220,211,221,61,185,217
185: 61,58,62,181,217,212,218,211,184
186: 42,190,224,229,65,231,187
187: 188,225,186,191,43,65,231
188: 44,67,167,192,226,233,187,191,43
189: 42,45,168,190,195,228,229,174
190: 42,165,186,189,229
191: 42,52,165,204,284,166,43,65,231,2,20,8,47,188,205,53,187,197
192: 44,47,48,49,167,171,188,193,198,199,197
193: 0,11,44,49,71,72,24,240,192,199,200,292,239,21,4,97,285
194: 9,45,195,235,258,201
195: 9,45,68,168,189,194,236,258,174
196: 9,46,169,173,203,202,178,51,50
197: 44,47,48,170,167,171,192,198,52,204,191,166,43,8
198: 11,177,44,47,48,49,170,71,171,192,199,239,197,176,206,54
199: 11,177,44,48,49,71,72,171,172,240,192,193,198,200,239,207,206,54
200: 49,72,241,172,240,193,199
201: 208,242,9,194,235,258
202: 55,56,100,209,210,50,290,46,258,196
203: 179,51,46,196,170,180,41
204: 52,284,191,43,174,2,20,8,47,205,53,197
205: 53,52,204,284,191,70,43,238,2,20,10,8
206: 252,17,59,80,301,81,253,77,247,109,29,213,54,11,177,48,49,71,198,199,239,207
207: 49,72,241,240,199,248,17,81,253,214,206,54
208: 55,201,78,209,249,250,242
209: 55,56,78,83,202,178,179,208,210,215,250,257,50
210: 15,55,56,78,79,202,179,100,209,250,251,50,290
211: 179,183,184,61,185,217,180
212: 61,252,135,58,59,261,62,80,87,219,185,217,213,260,218
213: 252,17,58,59,62,80,301,81,253,219,181,182,109,29,212,214,218,206,54
214: 17,59,81,253,182,213,207
215: 55,60,178,183,209,216
216: 85,60,83,84,215,220,259,257,263,264
217: 61,58,185,212,180,211,221,184
218: 58,59,62,219,181,182,185,212,213,260
219: 17,58,59,261,62,81,262,87,253,212,213,260,218
220: 85,60,84,183,216,259,221,184
221: 84,220,184,16,61,222,265,217
222: 266,265,260,221
223: 64,224,229,230,269,270
224: 64,186,223,229,230,270,268,65,231,225
225: 226,187,224,268,65,231
226: 67,188,227,225,233,93,279,65,231
227: 67,226,233,93,279,273
228: 189,102,63
229: 42,64,186,189,190,223,224,230
230: 42,64,223,224,229,284,95,19,283,65,231,2,20
231: 42,64,186,224,230,284,191,43,65,2,20,226,225,187
232: 98,120,326,278,286,92,66,0,24,292,4,93,279
233: 67,188,226,227
234: 280,21,97,285
235: 194,258,102,201,242
236: 45,68,195,258,102,174,73,100,243,290,282,94
237: 69,70,238,10,244,100,12,74,290,31,330,123,122,331,291,23,101,3
238: 69,237,284,70,2,20,10,205,53,244,12,74,1,13,75,245
239: 0,11,48,49,71,72,24,240,193,246,198,199,76,292,4,104,14,294,26,77,247,206,54
240: 0,11,49,71,72,241,24,193,199,200,292,239,21,248,207,4,97,285
241: 287,72,240,200,21,248,207,97,285
242: 201,73,208,249,243,235,258,99,289
243: 298,78,73,100,249,250,106,242,290,68,236,258,282,94,99,289
244: 100,12,74,290,69,237,70,238,10,57,1,13,75,245,291,23,101,3
245: 252,135,80,1,13,75,70,238,10,246,76,14,244,12,74
246: 11,71,76,239,104,14,294,26,135,301,77,247,109,29,1,13,75,245,5,103,25,293
247: 17,303,301,81,253,77,109,29,206,54,11,71,246,76,239,248,104,14,294,26
248: 287,72,241,240,207,303,77,247
249: 298,78,83,73,208,250,256,257,106,243,242,297
250: 15,55,56,298,78,79,83,73,100,208,209,210,249,251,257,106,111,243,305,290
251: 15,56,78,79,83,210,250,257,264,111,305,108,28,300,6
252: 58,59,80,301,176,181,109,29,212,213,206,54,1,13,75,245,180
253: 17,303,254,59,301,81,82,262,219,77,247,109,29,213,214,206,54,207
254: 17,303,261,310,81,82,262,87,253,115,309,110,354,302
255: 110,302,356,349,295,303,310
256: 83,249,257,263,304
257: 15,55,60,78,79,83,209,216,249,250,251,256,263,264,111,311,305
258: 9,45,68,194,195,235,236,201,202,73,100,243,50,242,290
259: 85,60,84,216,220,263
260: 267,222,58,261,62,266,87,219,212,218
261: 267,254,58,266,82,262,87,219,212,260,115,309
262: 267,17,254,261,310,81,82,87,253,219
263: 306,85,60,83,216,259,256,257,264,311,112
264: 15,60,79,83,216,251,257,263,111,311,112,305,312,107
265: 313,222,266,116,84,30,221,16
266: 315,313,267,222,261,87,116,265,260,314
267: 315,261,266,262,87,260
268: 224,270,225,271,88
269: 223,270,276,275,317,90,89
270: 223,224,269,268,276,317,318,90
271: 320,319,88,272,268
272: 320,271,120,319,326,18,91,88,277,93,279
273: 321,280,227,93,279
274: 322,63
275: 330,117,276,323,282,122,90,89,94,269,102,63
276: 330,117,118,275,317,318,323,324,122,90,89,269,95,19,283,270
277: 143,120,367,319,326,18,91,272,278,92,95,19,283
278: 368,5,120,326,18,332,91,277,103,92,25,293,232,32,124,66,104,294,26
279: 226,227,93,320,272,273,232,66
280: 287,234,21,97,285,98,328,286,273
281: 128,338,282,34,94,102,63,99,289
282: 330,128,275,338,281,122,337,89,127,34,94,68,236,102,63,73,243
283: 64,230,284,95,19,2,20,330,276,122,90,18,91,277
284: 42,52,64,204,230,95,19,283,191,70,43,65,231,174,238,2,20,10,8,205,53
285: 0,280,287,72,241,24,240,193,292,234,21,4,97,98,286,105
286: 98,335,105,232,66,0,280,24,292,21,4,97,104,285,294,26
287: 280,241,21,248,97,285,296,105
288: 336,99,289
289: 343,297,288,329,336,99,298,73,106,243,242,281
290: 56,78,202,73,244,100,210,12,250,243,74,50,68,69,236,237,258,291,23,101,3
291: 23,38,134,346,101,3,108,28,300,6,69,237,244,100,12,74,290,31,123,331
292: 0,11,71,72,24,240,193,239,21,4,97,104,285,294,26,98,286,232,66
293: 5,278,103,92,25,246,76,104,14,294,26,299,27,57
294: 0,11,71,24,246,76,292,239,4,104,14,26,77,247,98,5,278,286,103,92,25,293
295: 110,302,342,349,255,296,303,126
296: 287,126,105,295
297: 350,343,99,289,298,249,106,304
298: 78,73,249,250,106,111,243,305,344,132,343,297,329,108,28,300,6,99,289
299: 135,27,57,5,103,25,293,307,354,113
300: 291,340,344,132,23,130,312,36,101,3,108,28,6,15,298,79,251,106,111,305
301: 252,17,135,59,80,81,253,77,247,109,29,213,206,54,246,76,14
302: 307,110,354,348,342,349,136,255,113,295,303,254,82
303: 17,254,81,82,253,77,247,248,110,302,255,295
304: 256,111,311,305,350,297
305: 15,298,78,79,83,250,251,257,106,264,111,311,304,344,351,350,132,312,108,28,300,6
306: 263,311,112
307: 110,354,348,389,302,342,136,113,299,27,131,341
308: 398,162,395,394,355,141,361,140,114,139
309: 315,254,261,310,82,87,115,354,355,141,361
310: 254,82,262,115,309,356,255
311: 306,83,257,263,264,111,112,305,304,357,351,312
312: 340,351,352,138,130,107,36,108,28,300,6,264,111,311,305
313: 266,116,265,30,112,16,359,107,314,316
314: 360,316,315,313,266,116,359
315: 267,266,115,309,314,361
316: 314,360,30,313,116,359
317: 117,276,318,323,90,269,270
318: 118,276,317,324,362,90,270,319,363
319: 320,271,364,18,91,88,272,277,363,318
320: 271,364,120,319,326,321,88,272,93,279
321: 320,273
322: 117,274,323
323: 330,117,118,276,128,275,338,317,322,324,122,365,90,89,34
324: 330,117,118,276,142,318,323,122,90
325: 399,142,119,147,362,373,334,143,367,363
326: 143,320,368,120,367,18,91,382,272,277,278,92,232,66
327: 376,375,369,335,121,149,328,382
328: 335,121,327,280
329: 385,344,132,343,151,99,289,298,106,337,127
330: 31,117,118,276,123,275,323,324,282,122,331,90,89,94,69,237,95,19,283
331: 31,330,123,122,337,127,69,237,332,32,124,291,23,38,134,346,101,3
332: 143,368,367,278,92,32,124,31,123,331,38,134,346
333: 374,33,125,148,381,153,163,152,147,380,373,40,96
334: 399,119,147,325,373
335: 376,98,121,327,126,328,131,341,382,286,105
336: 343,377,288,99,289,22
337: 31,371,123,145,128,338,150,282,331,378,127,34,94,385,329,151
338: 371,117,145,128,281,323,282,365,370,337,22,127,34,94
339: 392,157,160,35,7,129,379,393,161
340: 352,138,130,312,36,108,28,300,6,37,133,345,57
341: 376,335,131,382,381,153,307,389,342,113
342: 307,110,348,390,302,349,136,383,113,295,126,131,341
343: 384,344,350,132,297,329,151,336,99,289,298,106
344: 385,351,350,132,343,353,329,108,28,300,6,298,106,111,305
345: 386,340,156,38,134,346,130,36,37,133,387
346: 386,291,23,156,38,134,101,3,37,133,345,31,123,331,332,32,124,387
347: 162,395,394,348,389,39,388,158,136
348: 307,110,354,395,390,389,302,355,342,39,141,349,136,347,113
349: 110,348,390,302,342,356,136,255,295
350: 344,351,132,137,343,297,111,305,304
351: 391,357,344,352,350,132,137,138,353,312,111,311,305
352: 396,392,340,357,351,160,138,358,353,130,312,107,36
353: 392,391,386,385,344,351,160,352,132,138,156
354: 307,110,348,302,355,141,136,113,254,299,82,27,115,309
355: 354,395,348,356,141,136,361,114,308,115,309
356: 355,141,349,255,310
357: 351,352,137,138,358,311
358: 396,357,352,138,359,107
359: 358,107,313,116,314,140,139,316
360: 314,139,316
361: 355,141,114,308,315,115,309
362: 142,119,318,366,325,363
363: 364,319,119,318,362,325
364: 320,144,319,363
365: 371,117,142,145,128,338,323,366,34
366: 399,142,362,365
367: 374,143,368,120,148,326,18,332,91,277,32,124,119,147,325,373
368: 374,143,120,367,148,326,332,382,381,153,278,92,32,124
369: 375,374,121,327,144,148,149,382
370: 371,145,128,338,22,34,377,151
371: 372,142,145,146,128,338,150,365,370,378,337,127,34,151
372: 399,152,371,142,145,146,150,147,380,378,373,40
373: 152,372,146,119,147,380,325,40,334,374,143,33,333,125,367,148
374: 375,143,33,369,368,333,125,367,148,149,382,381,153,147,373
375: 376,374,369,121,327,148,149,382,381,153
376: 375,335,121,327,149,131,341,382,383
377: 384,151,336,370,22
378: 372,371,145,146,150,337,127,385,151
379: 386,156,35,339,7,129,152,380,40,163,96,387
380: 152,372,146,147,373,40,33,333,125,163,379
381: 375,374,33,368,333,125,148,149,131,341,382,153,389,96
382: 376,375,374,369,368,335,120,121,327,148,149,131,326,341,381,153
383: 390,342,154,376,126
384: 343,155,377,151
385: 386,344,132,156,353,329,151,150,378,337,127
386: 385,156,353,38,134,346,379,37,133,345,387
387: 96,386,156,38,134,346,379,37,133,345
388: 389,39,158,347,96,154
389: 307,348,39,388,158,136,347,113,131,341,381,153
390: 395,348,342,159,349,136,383,154
391: 392,351,160,137,155,353
392: 396,391,157,160,352,138,353,35,339,7,129,393,161
393: 162,394,140,397,161,392,157,160,35,339,7,129
394: 398,162,395,39,393,347,114,308,161
395: 162,394,348,390,355,39,159,141,136,347,114,308
396: 392,157,160,352,138,358,397
397: 398,393,140,139,161,396,157
398: 162,394,114,139,308,397
399: 372,142,146,119,366,325,334