   0.0000000e+00   1.0000000e+01   1.0000000e+01
   1.0000000e-01   8.8708900e+00   9.9890770e+00
   2.0000000e-01   8.4432000e+00   9.9781428e+00
   3.0000000e-01   8.1978900e+00   9.9672387e+00
   4.0000000e-01   8.0331200e+00   9.9564852e+00
   5.0000000e-01   7.9124600e+00   9.9460607e+00
   6.0000000e-01   7.8191500e+00   9.9361323e+00
   7.0000000e-01   7.7441900e+00   9.9268091e+00
   8.0000000e-01   7.6822800e+00   9.9181491e+00
   9.0000000e-01   7.6300600e+00   9.9101700e+00
   1.0000000e+00   7.5853100e+00   9.9028625e+00
   1.1000000e+00   7.5465100e+00   9.8961998e+00
   1.2000000e+00   7.5125500e+00   9.8901450e+00
   1.3000000e+00   7.4826200e+00   9.8846564e+00
   1.4000000e+00   7.4561000e+00   9.8796897e+00
   1.5000000e+00   7.4325100e+00   9.8752015e+00
   1.6000000e+00   7.4114800e+00   9.8711503e+00
   1.7000000e+00   7.3926800e+00   9.8674972e+00
   1.8000000e+00   7.3758400e+00   9.8642033e+00
   1.9000000e+00   7.3607300e+00   9.8612343e+00
   2.0000000e+00   7.3471600e+00   9.8585592e+00
   2.1000000e+00   7.3349700e+00   9.8561493e+00
   2.2000000e+00   7.3240100e+00   9.8539789e+00
   2.3000000e+00   7.3141700e+00   9.8520242e+00
   2.4000000e+00   7.3053100e+00   9.8502642e+00
   2.5000000e+00   7.2973400e+00   9.8486794e+00
   2.6000000e+00   7.2901700e+00   9.8472526e+00
   2.7000000e+00   7.2837200e+00   9.8459680e+00
   2.8000000e+00   7.2779100e+00   9.8448115e+00
   2.9000000e+00   7.2726900e+00   9.8437705e+00
   3.0000000e+00   7.2679900e+00   9.8428333e+00
   3.1000000e+00   7.2637500e+00   9.8419895e+00
   3.2000000e+00   7.2599500e+00   9.8412301e+00
   3.3000000e+00   7.2565200e+00   9.8405464e+00
   3.4000000e+00   7.2534300e+00   9.8399309e+00
   3.5000000e+00   7.2506500e+00   9.8393770e+00
   3.6000000e+00   7.2481500e+00   9.8388782e+00
   3.7000000e+00   7.2459000e+00   9.8384294e+00
   3.8000000e+00   7.2438800e+00   9.8380253e+00
   3.9000000e+00   7.2420500e+00   9.8376615e+00
   4.0000000e+00   7.2404100e+00   9.8373341e+00
   4.1000000e+00   7.2389300e+00   9.8370394e+00
   4.2000000e+00   7.2376000e+00   9.8367740e+00
   4.3000000e+00   7.2364000e+00   9.8365352e+00
   4.4000000e+00   7.2353300e+00   9.8363202e+00
   4.5000000e+00   7.2343600e+00   9.8361267e+00
   4.6000000e+00   7.2334800e+00   9.8359525e+00
   4.7000000e+00   7.2327000e+00   9.8357957e+00
   4.8000000e+00   7.2319900e+00   9.8356545e+00
   4.9000000e+00   7.2313500e+00   9.8355274e+00
   5.0000000e+00   7.2307800e+00   9.8354130e+00
   5.1000000e+00   7.2302600e+00   9.8353102e+00
   5.2000000e+00   7.2298000e+00   9.8352174e+00
   5.3000000e+00   7.2293800e+00   9.8351340e+00
   5.4000000e+00   7.2290000e+00   9.8350589e+00
   5.5000000e+00   7.2286600e+00   9.8349912e+00
   5.6000000e+00   7.2283600e+00   9.8349305e+00
   5.7000000e+00   7.2283300e+00   9.8349247e+00
   5.8000000e+00   7.2283300e+00   9.8349247e+00
   5.9000000e+00   7.2283300e+00   9.8349247e+00
   6.0000000e+00   7.2283300e+00   9.8349247e+00
   6.1000000e+00   7.2283300e+00   9.8349247e+00
   6.2000000e+00   7.2283300e+00   9.8349247e+00
   6.3000000e+00   7.2283300e+00   9.8349247e+00
   6.4000000e+00   7.2283300e+00   9.8349247e+00
   6.5000000e+00   7.2283300e+00   9.8349247e+00
   6.6000000e+00   7.2283300e+00   9.8349247e+00
   6.7000000e+00   7.2283300e+00   9.8349247e+00
   6.8000000e+00   7.2283300e+00   9.8349247e+00
   6.9000000e+00   7.2283300e+00   9.8349247e+00
   7.0000000e+00   7.2283300e+00   9.8349247e+00
   7.1000000e+00   7.2283300e+00   9.8349247e+00
   7.2000000e+00   7.2283300e+00   9.8349247e+00
   7.3000000e+00   7.2283300e+00   9.8349247e+00
   7.4000000e+00   7.2283300e+00   9.8349247e+00
   7.5000000e+00   7.2283300e+00   9.8349247e+00
   7.6000000e+00   7.2283300e+00   9.8349247e+00
   7.7000000e+00   7.2283300e+00   9.8349247e+00
   7.8000000e+00   7.2283300e+00   9.8349247e+00
   7.9000000e+00   7.2283300e+00   9.8349247e+00
   8.0000000e+00   7.2283300e+00   9.8349247e+00
   8.1000000e+00   7.2283300e+00   9.8349247e+00
   8.2000000e+00   7.2283300e+00   9.8349247e+00
   8.3000000e+00   7.2283300e+00   9.8349247e+00
   8.4000000e+00   7.2283300e+00   9.8349247e+00
   8.5000000e+00   7.2283300e+00   9.8349247e+00
   8.6000000e+00   7.2283300e+00   9.8349247e+00
   8.7000000e+00   7.2283300e+00   9.8349247e+00
   8.8000000e+00   7.2283300e+00   9.8349247e+00
   8.9000000e+00   7.2283300e+00   9.8349247e+00
   9.0000000e+00   7.2283300e+00   9.8349247e+00
   9.1000000e+00   7.2283300e+00   9.8349247e+00
   9.2000000e+00   7.2283300e+00   9.8349247e+00
   9.3000000e+00   7.2283300e+00   9.8349247e+00
   9.4000000e+00   7.2283300e+00   9.8349247e+00
   9.5000000e+00   7.2283300e+00   9.8349247e+00
   9.6000000e+00   7.2283300e+00   9.8349247e+00
   9.7000000e+00   7.2283300e+00   9.8349247e+00
   9.8000000e+00   7.2283300e+00   9.8349247e+00
   9.9000000e+00   7.2283300e+00   9.8349247e+00
   1.0000000e+01   7.2283300e+00   9.8349247e+00
