   0.0000000e+00   1.0000000e+01   1.0000000e+01
   1.0000000e-01   9.0364100e+00   9.9877111e+00
   2.0000000e-01   8.5790400e+00   9.9754284e+00
   3.0000000e-01   8.3155800e+00   9.9632128e+00
   4.0000000e-01   8.1397400e+00   9.9512066e+00
   5.0000000e-01   8.0119200e+00   9.9395790e+00
   6.0000000e-01   7.9137000e+00   9.9284783e+00
   7.0000000e-01   7.8351800e+00   9.9180181e+00
   8.0000000e-01   7.7705900e+00   9.9082607e+00
   9.0000000e-01   7.7163300e+00   9.8992292e+00
   1.0000000e+00   7.6699800e+00   9.8909216e+00
   1.1000000e+00   7.6298800e+00   9.8833159e+00
   1.2000000e+00   7.5948500e+00   9.8763777e+00
   1.3000000e+00   7.5640200e+00   9.8700656e+00
   1.4000000e+00   7.5367100e+00   9.8643348e+00
   1.5000000e+00   7.5124300e+00   9.8591399e+00
   1.6000000e+00   7.4907600e+00   9.8544363e+00
   1.7000000e+00   7.4713700e+00   9.8501813e+00
   1.8000000e+00   7.4540000e+00   9.8463349e+00
   1.9000000e+00   7.4384000e+00   9.8428595e+00
   2.0000000e+00   7.4243700e+00   9.8397202e+00
   2.1000000e+00   7.4117600e+00   9.8368858e+00
   2.2000000e+00   7.4004000e+00   9.8343272e+00
   2.3000000e+00   7.3901700e+00   9.8320178e+00
   2.4000000e+00   7.3809600e+00   9.8299339e+00
   2.5000000e+00   7.3726500e+00   9.8280533e+00
   2.6000000e+00   7.3651700e+00   9.8263566e+00
   2.7000000e+00   7.3584200e+00   9.8248257e+00
   2.8000000e+00   7.3523300e+00   9.8234448e+00
   2.9000000e+00   7.3468400e+00   9.8221990e+00
   3.0000000e+00   7.3419000e+00   9.8210754e+00
   3.1000000e+00   7.3374300e+00   9.8200619e+00
   3.2000000e+00   7.3334100e+00   9.8191480e+00
   3.3000000e+00   7.3297800e+00   9.8183243e+00
   3.4000000e+00   7.3265100e+00   9.8175803e+00
   3.5000000e+00   7.3235600e+00   9.8169092e+00
   3.6000000e+00   7.3208900e+00   9.8163038e+00
   3.7000000e+00   7.3184900e+00   9.8157576e+00
   3.8000000e+00   7.3163300e+00   9.8152668e+00
   3.9000000e+00   7.3143800e+00   9.8148235e+00
   4.0000000e+00   7.3126200e+00   9.8144253e+00
   4.1000000e+00   7.3110400e+00   9.8140649e+00
   4.2000000e+00   7.3096100e+00   9.8137411e+00
   4.3000000e+00   7.3083400e+00   9.8134497e+00
   4.4000000e+00   7.3071900e+00   9.8131895e+00
   4.5000000e+00   7.3062100e+00   9.8129698e+00
   4.6000000e+00   7.3053900e+00   9.8127827e+00
   4.7000000e+00   7.3046400e+00   9.8126110e+00
   4.8000000e+00   7.3039400e+00   9.8124536e+00
   4.9000000e+00   7.3033100e+00   9.8123091e+00
   5.0000000e+00   7.3027300e+00   9.8121765e+00
   5.1000000e+00   7.3021900e+00   9.8120548e+00
   5.2000000e+00   7.3017000e+00   9.8119432e+00
   5.3000000e+00   7.3012500e+00   9.8118408e+00
   5.4000000e+00   7.3008400e+00   9.8117467e+00
   5.5000000e+00   7.3004600e+00   9.8116605e+00
   5.6000000e+00   7.3001100e+00   9.8115813e+00
   5.7000000e+00   7.2997900e+00   9.8115088e+00
   5.8000000e+00   7.2995000e+00   9.8114421e+00
   5.9000000e+00   7.2994800e+00   9.8114357e+00
   6.0000000e+00   7.2994800e+00   9.8114357e+00
   6.1000000e+00   7.2994800e+00   9.8114357e+00
   6.2000000e+00   7.2994800e+00   9.8114357e+00
   6.3000000e+00   7.2994800e+00   9.8114357e+00
   6.4000000e+00   7.2994800e+00   9.8114357e+00
   6.5000000e+00   7.2994800e+00   9.8114357e+00
   6.6000000e+00   7.2994800e+00   9.8114357e+00
   6.7000000e+00   7.2994800e+00   9.8114357e+00
   6.8000000e+00   7.2994800e+00   9.8114357e+00
   6.9000000e+00   7.2994800e+00   9.8114357e+00
   7.0000000e+00   7.2994800e+00   9.8114357e+00
   7.1000000e+00   7.2994800e+00   9.8114357e+00
   7.2000000e+00   7.2994800e+00   9.8114357e+00
   7.3000000e+00   7.2994800e+00   9.8114357e+00
   7.4000000e+00   7.2994800e+00   9.8114357e+00
   7.5000000e+00   7.2994800e+00   9.8114357e+00
   7.6000000e+00   7.2994800e+00   9.8114357e+00
   7.7000000e+00   7.2994800e+00   9.8114357e+00
   7.8000000e+00   7.2994800e+00   9.8114357e+00
   7.9000000e+00   7.2994800e+00   9.8114357e+00
   8.0000000e+00   7.2994800e+00   9.8114357e+00
   8.1000000e+00   7.2994800e+00   9.8114357e+00
   8.2000000e+00   7.2994800e+00   9.8114357e+00
   8.3000000e+00   7.2994800e+00   9.8114357e+00
   8.4000000e+00   7.2994800e+00   9.8114357e+00
   8.5000000e+00   7.2994800e+00   9.8114357e+00
   8.6000000e+00   7.2994800e+00   9.8114357e+00
   8.7000000e+00   7.2994800e+00   9.8114357e+00
   8.8000000e+00   7.2994800e+00   9.8114357e+00
   8.9000000e+00   7.2994800e+00   9.8114357e+00
   9.0000000e+00   7.2994800e+00   9.8114357e+00
   9.1000000e+00   7.2994800e+00   9.8114357e+00
   9.2000000e+00   7.2994800e+00   9.8114357e+00
   9.3000000e+00   7.2994800e+00   9.8114357e+00
   9.4000000e+00   7.2994800e+00   9.8114357e+00
   9.5000000e+00   7.2994800e+00   9.8114357e+00
   9.6000000e+00   7.2994800e+00   9.8114357e+00
   9.7000000e+00   7.2994800e+00   9.8114357e+00
   9.8000000e+00   7.2994800e+00   9.8114357e+00
   9.9000000e+00   7.2994800e+00   9.8114357e+00
   1.0000000e+01   7.2994800e+00   9.8114357e+00
