   0.0000000e+00   1.0000000e+01   1.0000000e+01
   1.0000000e-01   8.9744400e+00   9.9869723e+00
   2.0000000e-01   8.4879800e+00   9.9739469e+00
   3.0000000e-01   8.2107200e+00   9.9609985e+00
   4.0000000e-01   8.0271900e+00   9.9482823e+00
   5.0000000e-01   7.8944800e+00   9.9359764e+00
   6.0000000e-01   7.7932100e+00   9.9241925e+00
   7.0000000e-01   7.7127400e+00   9.9130439e+00
   8.0000000e-01   7.6468300e+00   9.9026135e+00
   9.0000000e-01   7.5915700e+00   9.8929393e+00
   1.0000000e+00   7.5444400e+00   9.8840261e+00
   1.1000000e+00   7.5037400e+00   9.8758554e+00
   1.2000000e+00   7.4681700e+00   9.8683935e+00
   1.3000000e+00   7.4369000e+00   9.8615982e+00
   1.4000000e+00   7.4092000e+00   9.8554231e+00
   1.5000000e+00   7.3845700e+00   9.8498211e+00
   1.6000000e+00   7.3626100e+00   9.8447457e+00
   1.7000000e+00   7.3429300e+00   9.8401517e+00
   1.8000000e+00   7.3253000e+00   9.8359957e+00
   1.9000000e+00   7.3094700e+00   9.8322382e+00
   2.0000000e+00   7.2952100e+00   9.8288422e+00
   2.1000000e+00   7.2824100e+00   9.8257754e+00
   2.2000000e+00   7.2708700e+00   9.8230051e+00
   2.3000000e+00   7.2604800e+00   9.8205046e+00
   2.4000000e+00   7.2511000e+00   9.8182458e+00
   2.5000000e+00   7.2426500e+00   9.8162080e+00
   2.6000000e+00   7.2350300e+00   9.8143671e+00
   2.7000000e+00   7.2281700e+00   9.8127078e+00
   2.8000000e+00   7.2219900e+00   9.8112110e+00
   2.9000000e+00   7.2164200e+00   9.8098624e+00
   3.0000000e+00   7.2113900e+00   9.8086441e+00
   3.1000000e+00   7.2068300e+00   9.8075408e+00
   3.2000000e+00   7.2027300e+00   9.8065494e+00
   3.3000000e+00   7.1990400e+00   9.8056571e+00
   3.4000000e+00   7.1957000e+00   9.8048533e+00
   3.5000000e+00   7.1927400e+00   9.8041314e+00
   3.6000000e+00   7.1900300e+00   9.8034766e+00
   3.7000000e+00   7.1876300e+00   9.8028925e+00
   3.8000000e+00   7.1854600e+00   9.8023658e+00
   3.9000000e+00   7.1835200e+00   9.8018957e+00
   4.0000000e+00   7.1817900e+00   9.8014753e+00
   4.1000000e+00   7.1802900e+00   9.8011117e+00
   4.2000000e+00   7.1789200e+00   9.8007807e+00
   4.3000000e+00   7.1777300e+00   9.8004915e+00
   4.4000000e+00   7.1766500e+00   9.8002312e+00
   4.5000000e+00   7.1756800e+00   9.7999953e+00
   4.6000000e+00   7.1747900e+00   9.7997808e+00
   4.7000000e+00   7.1739800e+00   9.7995850e+00
   4.8000000e+00   7.1732400e+00   9.7994055e+00
   4.9000000e+00   7.1725500e+00   9.7992406e+00
   5.0000000e+00   7.1719600e+00   9.7990967e+00
   5.1000000e+00   7.1715000e+00   9.7989841e+00
   5.2000000e+00   7.1711300e+00   9.7988962e+00
   5.3000000e+00   7.1709000e+00   9.7988388e+00
   5.4000000e+00   7.1707600e+00   9.7988051e+00
   5.5000000e+00   7.1706200e+00   9.7987722e+00
   5.6000000e+00   7.1704900e+00   9.7987399e+00
   5.7000000e+00   7.1703600e+00   9.7987084e+00
   5.8000000e+00   7.1702300e+00   9.7986775e+00
   5.9000000e+00   7.1701100e+00   9.7986473e+00
   6.0000000e+00   7.1699800e+00   9.7986177e+00
   6.1000000e+00   7.1698600e+00   9.7985887e+00
   6.2000000e+00   7.1698300e+00   9.7985802e+00
   6.3000000e+00   7.1698300e+00   9.7985802e+00
   6.4000000e+00   7.1698300e+00   9.7985802e+00
   6.5000000e+00   7.1698300e+00   9.7985802e+00
   6.6000000e+00   7.1698300e+00   9.7985802e+00
   6.7000000e+00   7.1698300e+00   9.7985802e+00
   6.8000000e+00   7.1698300e+00   9.7985802e+00
   6.9000000e+00   7.1698300e+00   9.7985802e+00
   7.0000000e+00   7.1698300e+00   9.7985802e+00
   7.1000000e+00   7.1698300e+00   9.7985802e+00
   7.2000000e+00   7.1698300e+00   9.7985802e+00
   7.3000000e+00   7.1698300e+00   9.7985802e+00
   7.4000000e+00   7.1698300e+00   9.7985802e+00
   7.5000000e+00   7.1698300e+00   9.7985802e+00
   7.6000000e+00   7.1698300e+00   9.7985802e+00
   7.7000000e+00   7.1698300e+00   9.7985802e+00
   7.8000000e+00   7.1698300e+00   9.7985802e+00
   7.9000000e+00   7.1698300e+00   9.7985802e+00
   8.0000000e+00   7.1698300e+00   9.7985802e+00
   8.1000000e+00   7.1698300e+00   9.7985802e+00
   8.2000000e+00   7.1698300e+00   9.7985802e+00
   8.3000000e+00   7.1698300e+00   9.7985802e+00
   8.4000000e+00   7.1698300e+00   9.7985802e+00
   8.5000000e+00   7.1698300e+00   9.7985802e+00
   8.6000000e+00   7.1698300e+00   9.7985802e+00
   8.7000000e+00   7.1698300e+00   9.7985802e+00
   8.8000000e+00   7.1698300e+00   9.7985802e+00
   8.9000000e+00   7.1698300e+00   9.7985802e+00
   9.0000000e+00   7.1698300e+00   9.7985802e+00
   9.1000000e+00   7.1698300e+00   9.7985802e+00
   9.2000000e+00   7.1698300e+00   9.7985802e+00
   9.3000000e+00   7.1698300e+00   9.7985802e+00
   9.4000000e+00   7.1698300e+00   9.7985802e+00
   9.5000000e+00   7.1698300e+00   9.7985802e+00
   9.6000000e+00   7.1698300e+00   9.7985802e+00
   9.7000000e+00   7.1698300e+00   9.7985802e+00
   9.8000000e+00   7.1698300e+00   9.7985802e+00
   9.9000000e+00   7.1698300e+00   9.7985802e+00
   1.0000000e+01   7.1698300e+00   9.7985802e+00
