   0.0000000e+00   1.0000000e+01   1.0000000e+01
   1.0000000e-01   9.2770700e+00   9.9913487e+00
   2.0000000e-01   8.9550900e+00   9.9823250e+00
   3.0000000e-01   8.7636400e+00   9.9731918e+00
   4.0000000e-01   8.6318300e+00   9.9642731e+00
   5.0000000e-01   8.5333400e+00   9.9558084e+00
   6.0000000e-01   8.4559400e+00   9.9479270e+00
   7.0000000e-01   8.3927700e+00   9.9406862e+00
   8.0000000e-01   8.3398100e+00   9.9340962e+00
   9.0000000e-01   8.2945800e+00   9.9281356e+00
   1.0000000e+00   8.2554500e+00   9.9227676e+00
   1.1000000e+00   8.2212900e+00   9.9179469e+00
   1.2000000e+00   8.1912700e+00   9.9136266e+00
   1.3000000e+00   8.1647700e+00   9.9097593e+00
   1.4000000e+00   8.1413000e+00   9.9063012e+00
   1.5000000e+00   8.1204800e+00   9.9032113e+00
   1.6000000e+00   8.1019700e+00   9.9004511e+00
   1.7000000e+00   8.0855000e+00   9.8979863e+00
   1.8000000e+00   8.0708300e+00   9.8957863e+00
   1.9000000e+00   8.0577600e+00   9.8938225e+00
   2.0000000e+00   8.0461200e+00   9.8920698e+00
   2.1000000e+00   8.0357300e+00   9.8905058e+00
   2.2000000e+00   8.0264700e+00   9.8891103e+00
   2.3000000e+00   8.0182100e+00   9.8878705e+00
   2.4000000e+00   8.0108400e+00   9.8867646e+00
   2.5000000e+00   8.0042700e+00   9.8857769e+00
   2.6000000e+00   7.9984100e+00   9.8848943e+00
   2.7000000e+00   7.9931900e+00   9.8841061e+00
   2.8000000e+00   7.9885300e+00   9.8834024e+00
   2.9000000e+00   7.9843700e+00   9.8827741e+00
   3.0000000e+00   7.9806600e+00   9.8822131e+00
   3.1000000e+00   7.9773500e+00   9.8817122e+00
   3.2000000e+00   7.9743900e+00   9.8812651e+00
   3.3000000e+00   7.9717600e+00   9.8808662e+00
   3.4000000e+00   7.9694000e+00   9.8805100e+00
   3.5000000e+00   7.9673100e+00   9.8801920e+00
   3.6000000e+00   7.9654300e+00   9.8799086e+00
   3.7000000e+00   7.9637600e+00   9.8796553e+00
   3.8000000e+00   7.9622700e+00   9.8794296e+00
   3.9000000e+00   7.9609400e+00   9.8792279e+00
   4.0000000e+00   7.9597500e+00   9.8790482e+00
   4.1000000e+00   7.9587000e+00   9.8788877e+00
   4.2000000e+00   7.9577500e+00   9.8787443e+00
   4.3000000e+00   7.9569100e+00   9.8786166e+00
   4.4000000e+00   7.9561500e+00   9.8785025e+00
   4.5000000e+00   7.9554800e+00   9.8784006e+00
   4.6000000e+00   7.9548800e+00   9.8783099e+00
   4.7000000e+00   7.9543500e+00   9.8782289e+00
   4.8000000e+00   7.9538700e+00   9.8781565e+00
   4.9000000e+00   7.9534400e+00   9.8780921e+00
   5.0000000e+00   7.9530600e+00   9.8780344e+00
   5.1000000e+00   7.9527300e+00   9.8779830e+00
   5.2000000e+00   7.9524200e+00   9.8779371e+00
   5.3000000e+00   7.9523700e+00   9.8779287e+00
   5.4000000e+00   7.9523700e+00   9.8779287e+00
   5.5000000e+00   7.9523700e+00   9.8779287e+00
   5.6000000e+00   7.9523700e+00   9.8779287e+00
   5.7000000e+00   7.9523700e+00   9.8779287e+00
   5.8000000e+00   7.9523700e+00   9.8779287e+00
   5.9000000e+00   7.9523700e+00   9.8779287e+00
   6.0000000e+00   7.9523700e+00   9.8779287e+00
   6.1000000e+00   7.9523700e+00   9.8779287e+00
   6.2000000e+00   7.9523700e+00   9.8779287e+00
   6.3000000e+00   7.9523700e+00   9.8779287e+00
   6.4000000e+00   7.9523700e+00   9.8779287e+00
   6.5000000e+00   7.9523700e+00   9.8779287e+00
   6.6000000e+00   7.9523700e+00   9.8779287e+00
   6.7000000e+00   7.9523700e+00   9.8779287e+00
   6.8000000e+00   7.9523700e+00   9.8779287e+00
   6.9000000e+00   7.9523700e+00   9.8779287e+00
   7.0000000e+00   7.9523700e+00   9.8779287e+00
   7.1000000e+00   7.9523700e+00   9.8779287e+00
   7.2000000e+00   7.9523700e+00   9.8779287e+00
   7.3000000e+00   7.9523700e+00   9.8779287e+00
   7.4000000e+00   7.9523700e+00   9.8779287e+00
   7.5000000e+00   7.9523700e+00   9.8779287e+00
   7.6000000e+00   7.9523700e+00   9.8779287e+00
   7.7000000e+00   7.9523700e+00   9.8779287e+00
   7.8000000e+00   7.9523700e+00   9.8779287e+00
   7.9000000e+00   7.9523700e+00   9.8779287e+00
   8.0000000e+00   7.9523700e+00   9.8779287e+00
   8.1000000e+00   7.9523700e+00   9.8779287e+00
   8.2000000e+00   7.9523700e+00   9.8779287e+00
   8.3000000e+00   7.9523700e+00   9.8779287e+00
   8.4000000e+00   7.9523700e+00   9.8779287e+00
   8.5000000e+00   7.9523700e+00   9.8779287e+00
   8.6000000e+00   7.9523700e+00   9.8779287e+00
   8.7000000e+00   7.9523700e+00   9.8779287e+00
   8.8000000e+00   7.9523700e+00   9.8779287e+00
   8.9000000e+00   7.9523700e+00   9.8779287e+00
   9.0000000e+00   7.9523700e+00   9.8779287e+00
   9.1000000e+00   7.9523700e+00   9.8779287e+00
   9.2000000e+00   7.9523700e+00   9.8779287e+00
   9.3000000e+00   7.9523700e+00   9.8779287e+00
   9.4000000e+00   7.9523700e+00   9.8779287e+00
   9.5000000e+00   7.9523700e+00   9.8779287e+00
   9.6000000e+00   7.9523700e+00   9.8779287e+00
   9.7000000e+00   7.9523700e+00   9.8779287e+00
   9.8000000e+00   7.9523700e+00   9.8779287e+00
   9.9000000e+00   7.9523700e+00   9.8779287e+00
   1.0000000e+01   7.9523700e+00   9.8779287e+00
