0: 311,217,120
1: 172,326,385
2: 310
3: 239
4: 296,283
5: 68,113,271
6: 155,306,362,331
7: 144,255
8: 244,268
9: 197,384
10: 316,337,164,327
11: 127,167,320,346
12: 108,21,241,324
13: 46,302,176
14: 165,358,273
15: 312,231
16: 360,190,265
17: 298,329,308
18: 230,299,118
19: 334,148,152,357
20: 186,227
21: 349,12
22: 109,203,208
23: 153,313
24: 249,192
25: 216,300,138,94,246
26: 335,145,284
27: 102,210,162,205,381
28: 125,314
29: 139,237,351,209
30: 275,279,378
31: 328,269
32: 262,372
33: 234
34: 74,254
35: 129,211
36: 240,319,291
37: 287,274
38: 201,224,386,202
39: 130,309
40: 187,48,172,223,258,280
41: 383,348
42: 243,269,347,365
43: 236
44: 207,103,230
45: 159,386,189
46: 13,182,195,302,354
47: 123,377
48: 202,40,223,224,124
49: 306,367
50: 263,161,303,374
51: 200
52: 276,146
53: 163,240,319
54: 363,157,180
55: 250,263,356
56: 278,288,182,379,177
57: 213,292
58: 272,215,270,136
59: 198,204,242,297,117
60: 140,257,256
61: 336,304
62: 126,189,257
63: 187,350,197,376,144
64: 106,247
65: 158,337,361
66: 322
67: 370,194,368
68: 161,232,5,181
69: 289,355,132
70: 209,298,107,179
71: 375,173
72: 248,133,283
73: 272,266
74: 34,315
75: 259,214
76: 255,199,266
77: 226,220
78: 82,174
79: 294,143
80: 109,238
81: 120,317,342,372
82: 78,343
83: 89,235,151,340
84: 198,379,384,177,333
85: 281,293,358
86: 253,88,295
87: 225,229,104
88: 253,86,307,193
89: 83,243,237
90: 99,335,369
91: 153,364,184,264
92: 191,206,373
93: 330,347
94: 246,357,25,216,285,300
95: 160,166,262,352,154
96: 149,245,318,321
97: 129,267,137
98: 181,221,218
99: 90,171,141,329
101: 278,201
102: 27,200,210
103: 207,44,230
104: 273,87,225
105: 119,244
106: 247,184,64,277
107: 179,70,298
108: 212,12,140,324
109: 22,80,214
110: 294,253,349
111: 364,184,208,264
112: 245,290,234
113: 285,5,271
114: 312,231,275
115: 252,282
116: 251,259,285
117: 59,204,242,297
118: 316,351,18,299
119: 105,254,222
120: 342,81,0
121: 218,297
122: 322,220
123: 228,282,47
124: 48,233,223,224
125: 314,347,28
126: 233,62,257
127: 290,309,236,11
128: 243,269
129: 35,97,211,246
130: 39,344
131: 239,324
132: 338,69
133: 283,72
134: 163,213
135: 248,283,343
136: 58,215,270
137: 301,97,267
138: 246,25,216,353
139: 158,237,351,29,313
140: 206,108,60
141: 268,329,99
142: 293
143: 200,275,79
144: 7,354,63
145: 284,309,26
146: 52,201,224,339,380
147: 227,295
148: 19,152,357
149: 96,245,321
150: 258,280
151: 340,277,183,83,305
152: 219,301,19,334,148
153: 91,264,23
154: 279,378,95
155: 306,6,219,334
156: 355,249
157: 180,345,54
158: 65,139,337,342
159: 45,272
160: 95,286,352
161: 68,232,303,50
162: 317,210,27,381
163: 53,240,134
164: 311,327,10,316
165: 14,358
166: 95,260,262
167: 11,346
168: 250,175
169: 323,366,322
170: 331,190,310
171: 261,99
172: 385,1,40
173: 381,71
174: 78,278,288
175: 332,168
176: 356,13,302
177: 196,333,84,379,56,278
178: 361,369
179: 366,107,70,298,328
180: 157,336,54,363,304
181: 98,221,68,232
182: 46,379,56
183: 274,235,151,305
184: 111,364,264,277,91,106
185: 365,287
186: 227,362,20
187: 63,40,350,197
188: 383,348
189: 62,45,386,325
190: 170,265,16
191: 325,359,92,373
192: 315,24,371
193: 307,382,88
194: 368,67
195: 46,341
196: 177,375,333,380
197: 9,376,63,187
198: 59,84,384,367
199: 76,255
200: 143,275,378,51,102
201: 38,146,224,339,101,333,380
202: 48,38,224,386
203: 22,208
204: 59,242,297,117
205: 381,27
206: 140,92,373
207: 44,103
208: 22,111,364,203
209: 70,346,351,29
210: 102,27,162,317,372
211: 35,129
212: 108
213: 134,292,57
214: 259,75,109
215: 58,136
216: 25,285,353,138,94,246
217: 0
218: 98,121,297
219: 152,155
220: 226,77,122
221: 181,98,302
222: 119,254
223: 233,280,40,48,124
224: 38,146,201,202,48,124
225: 87,104
226: 77,220
227: 147,186,295,20
228: 123,240,282
229: 87
230: 18,44,103
231: 275,114,15
232: 161,68,181
233: 223,280,126,124
234: 33,112
235: 83,183,305
236: 127,43
237: 139,89,29
238: 80
239: 131,3
240: 53,163,228,36,319
241: 382,12
242: 59,204,384,117
243: 89,42,269,128
244: 8,105,320
245: 96,112,149,318,327,290
246: 129,138,94,25,216
247: 106,64
248: 72,135,283
249: 24,156
250: 55,168,356
251: 116,259
252: 115,292,343,355
253: 294,88,86,110
254: 119,222,34
255: 7,76,199
256: 60
257: 126,62,60
258: 150,280,385,40
259: 116,251,75,214
260: 166
261: 171
262: 95,166,32,372
263: 50,55,374
264: 111,364,184,277,91,153
265: 190,16
266: 76,73
267: 97,137
268: 141,8
269: 42,243,128,31
270: 58,272,136
271: 5,113
272: 58,73,159,270
273: 14,104
274: 183,37
275: 30,231,143,200,114
276: 52
277: 184,264,106,151,340
278: 56,288,101,177,174
279: 30,154,378
280: 150,233,223,258,40
281: 85,368,358
282: 115,123,228
283: 133,72,248,135,4
284: 145,338,327,26
285: 113,116,216,94
286: 334,160
287: 37,185,365
288: 56,278,174
289: 69
290: 127,309,112,245
291: 36
292: 252,213,355,57
293: 85,142
294: 79,253,349,110
295: 147,227,86
296: 4
297: 59,204,218,117,121
298: 70,17,107,179
299: 18,118
300: 25,94
301: 137,152,357
302: 13,46,221,176
303: 161,374,50
304: 180,336,61
305: 183,235,151
306: 155,49,362,6
307: 193,384,88
308: 329,17
309: 39,127,145,290
310: 2,331,170
311: 164,0
312: 114,15
313: 139,23
314: 125,349,28
315: 192,74,371
316: 10,118,164,327
317: 162,342,210,81
318: 96,245,327,338
319: 53,240,36,332
320: 244,11
321: 96,149
322: 122,66,169,323
323: 169,366,322
324: 108,12,131
325: 191,386,189
326: 384,1
327: 164,245,318,10,316,284
328: 31,366,179
329: 141,99,17,308
330: 93,347,381
331: 170,310,6
332: 175,319
333: 196,177,380,84,201
334: 19,286,152,155
335: 26,90,369
336: 180,304,61
337: 10,65,158,361
338: 132,318,284
339: 146,201,380
340: 151,277,83
341: 195,376
342: 120,158,317,372,81
343: 252,135,82
344: 130
345: 157
346: 209,167,11
347: 93,125,42,330
348: 188,41
349: 21,294,110,314
350: 63,187
351: 118,139,29,209
352: 95,160
353: 216,138
354: 46,144
355: 69,156,252,292
356: 55,176,250
357: 301,94,19,148
358: 14,165,85,281
359: 191
360: 16
361: 178,369,65,337
362: 306,6,186
363: 54,180
364: 111,184,208,264,91
365: 42,185,287
366: 179,169,323,328
367: 198,49
368: 194,281,67
369: 90,178,335,361
370: 67
371: 192,315
372: 342,262,32,210,81
373: 191,206,92
374: 303,50,263
375: 196,71,380
376: 197,341,63
377: 47
378: 30,154,200,279
379: 84,182,56,177
380: 196,375,333,146,201,339
381: 205,173,330,27,162
382: 193,241
383: 188,41
384: 9,84,198,242,307,326
385: 172,1,258
386: 38,325,202,45,189