0: 129,168,46,178
2: 64,40,133,233,13,191
3: 44,137,225,59,77
4: 113,149,200,206,141,199
5: 108,146,174,220,167
6: 150,221,94,82,15,193
7: 240,154,130,198,11,14
8: 19,76,256,115,163,13
9: 49,22,231,171,187,210
10: 29,114,248,212,37,175
11: 179,236,14,240,7,25,154
12: 126,121,61,146,186,174
13: 2,128,64,76,256,8,191
14: 118,11,236,130,165,198,7
15: 82,127,255,193,6,202,221
16: 30,196,205,252,145,128
17: 156,226,209
18: 66,190,136,214,75,73,197,84
19: 52,76,115,8,163,219,79
20: 67,171,187,222,109,195
21: 65,226,132,144,86,74,162
22: 49,9,231,187,87,120,207
23: 137,235,92,107,93,172
24: 77,238,173,96
25: 33,240,140,11,99,179
26: 242,45,108,195,177,222
27: 232,244
28: 48,124,249,116,246
29: 10,239,248
30: 250,122,205,43,16,252,31,57
31: 252,228,57,227,30
32: 46,178,243,253,254
33: 25,136,140,147,84,131
34: 103,97,130,134,151,154
35: 139,142,158,40,133
36: 67,74,138,83,132,143,160
37: 78,39,212,147,175,131,10
38: 81,240,66,136,148,151,154
39: 78,37,147,155,197
40: 87,2,204,207,233,35,158
41: 99,161,215,140,114,248
42: 234,181,180,164,217
43: 250,30,201,57,101,211,166
44: 3,137,153,169
45: 26,195,160,186,174,83,104
46: 32,178,0
47: 62,228,116,164,246,111,181
48: 28,183,249
49: 22,9,138,162,187,87
50: 96,89,161,152,189,215
51: 91,75,159,192,167,73
52: 19,76,170,194,219
53: 128,64,120,241,245,90,196
54: 250,122,80,94,185,201,82
55: 88,157,213,218,230,185,203
56: 255,208,117,223,202,172,92
57: 228,31,211,250,30,43
58: 97,213,230,251,150
59: 96,237,225,216,3,77,173
60: 125,107,93,105,202,221
61: 126,12,146,220,224
62: 47,228,100,164,217,227
63: 127,229,98,135,141,255,208
64: 2,128,233,241,13,53,256
65: 21,129,132,143,144,168
66: 81,18,38,190,136,148
67: 20,36,74,138,187,83,195
68: 123,170,191,142,133
69: 129,144,209
70: 81,148,222,109,134,242
71: 152,238,119
72: 156,158,204,226,86
73: 155,197,84,214,18,51,75,159
74: 67,36,138,162,21,132,143
75: 51,159,167,108,214,18,73
76: 52,19,8,170,191,13
77: 24,173,3,59
78: 39,37,175,176
79: 19,115,219,180
80: 245,90,122,54,185,203
81: 38,66,190,70,148,242,177
82: 15,135,193,94,54,201,6
83: 67,36,104,45,195,160
84: 73,147,197,18,33,136
85: 200,199,244
86: 226,21,72,204,162
87: 40,204,207,49,22,162
88: 55,157,182,210,213,218,203,231
89: 96,50,118,179,215,236,237
90: 245,80,203,120,53,231,218
91: 51,192,220,224,167
92: 23,235,56,223,172
93: 60,225,107,105,216,23,137
94: 54,185,82,230,6
95: 111,188,234,181
96: 50,89,237,59,24,173
97: 34,58,103,130,157,213,251,198
98: 63,127,135,141,166,101,149
99: 41,179,215,25,140,114
100: 252,62,145,217,227,115,163
101: 149,211,43,98,166
102: 153
103: 34,109,97,157,182,213,134
104: 121,106,143,83,45,160,186
105: 125,60,225,93,165,216,118
106: 104,121,178,143,168,160
107: 60,93,202,221,172,23
108: 5,214,26,174,177,75,167
109: 103,182,134,20,171,222,70
110: 184,254
111: 95,188,181,47,246
112: 200,206
113: 4,149,206,249
114: 10,248,140,41,99,212,131
115: 19,8,163,79,100,217
116: 47,228,246,28,124
117: 232,223,229,56,208
118: 89,236,237,14,105,165,216
119: 239,152,189,71
120: 207,241,53,90,22,231,218
121: 104,178,243,12,106,186
122: 245,250,30,80,54,205
123: 68,247,170
124: 28,211,249,228,116
125: 60,251,105,150,165,198,221
126: 61,184,243,253,12
127: 63,15,98,135,255,193,208
128: 64,13,53,256,145,196,16
129: 69,0,65,144,168
130: 34,97,198,7,154,14
131: 212,37,147,33,140,114
132: 65,21,143,168,36,74
133: 2,68,191,35,142
134: 34,103,109,182,70,148,151
135: 82,63,127,98,166,193,201
136: 18,38,33,66,190,84
137: 44,23,3,235,225,93
138: 49,67,36,74,162,187
139: 35,142,156,158
140: 33,25,41,99,212,131,114
141: 63,229,98,199,4,149
142: 35,139,68,133
143: 65,132,168,36,74,104,106,160
144: 69,65,226,21,129,209
145: 252,100,256,163,128,16
146: 5,186,174,61,12,220,224
147: 39,212,37,197,84,131,33
148: 81,38,66,70,151,134,242
149: 113,101,4,98,141
150: 125,251,6,221,58,230
151: 38,240,148,154,34,134
152: 50,189,238,119,71
153: 102,44
154: 38,240,7,151,34,130,11
155: 39,73,197,159
156: 17,72,139,158,226
157: 55,103,88,97,182,210,213
158: 72,35,139,156,40,204
159: 51,75,192,73,155,197
160: 45,143,36,83,104,106
161: 50,41,189,215,248
162: 49,74,138,87,204,21,86
163: 19,256,115,8,100,145,217
164: 47,62,217,234,42,181
165: 125,105,198,216,118,236,14
166: 98,135,101,250,201,43
167: 51,91,75,220,5,108,214
168: 0,65,129,132,143,178,106
169: 44,235
170: 52,76,191,194,123,68,247
171: 20,9,187,222,109,182,210
172: 107,202,56,223,23,92
173: 77,24,96,237,59
174: 5,45,108,146,186,12
175: 78,212,37,176,10
176: 78,175
177: 242,108,214,26,81,190
178: 32,121,46,243,106,0,168
179: 11,89,99,215,236,25
180: 42,79
181: 95,111,234,42,47,164,246
182: 103,109,88,157,210,134,171
183: 48
184: 126,253,254,110
185: 80,94,54,203,55,230
186: 45,146,174,104,121,12
187: 49,67,22,20,9,138,171
188: 95,111
189: 50,161,152,119,239
190: 81,18,66,136,214,177
191: 76,170,68,2,133,13
192: 51,91,159
193: 82,15,127,135,255,201,6
194: 52,170,247
195: 242,45,26,67,20,222,83
196: 245,205,16,128,53
197: 39,73,147,155,84,18,159
198: 125,251,165,97,130,7,14
199: 229,141,4,200,85
200: 4,206,85,112,199
201: 250,54,43,82,135,166,193
202: 60,107,221,172,15,56,255
203: 90,80,185,55,88,218
204: 87,40,72,158,86,162
205: 245,250,122,30,196,16,252
206: 113,4,200
207: 87,40,120,233,241,22
208: 63,127,229,56,255,117,223
209: 69,226,144,17
210: 88,157,182,218,9,231,171
211: 124,101,228,57,43
212: 37,147,175,131,140,114,10
213: 58,55,103,88,97,157,230
214: 108,177,18,190,75,167,73
215: 50,41,89,99,161,179
216: 225,93,105,165,118,237,59
217: 62,100,164,42,115,163
218: 55,88,210,120,90,203,231
219: 52,19,79
220: 91,224,167,61,5,146
221: 125,60,107,6,150,202,15
222: 20,171,109,242,26,195,70
223: 232,117,56,208,172,92
224: 91,220,61,146
225: 93,105,216,3,137,59
226: 21,144,209,86,17,72,156
227: 252,62,228,31,100
228: 47,62,31,116,57,227,124,211
229: 63,141,199,208,117
230: 58,55,213,94,185,150
231: 22,9,120,90,88,210,218
232: 27,117,223
233: 2,64,40,207,241
234: 95,42,181,164
235: 23,137,169,92
236: 118,11,89,179,237,14,165
237: 96,118,89,236,59,216,173
238: 24,152
239: 29,119,248,189
240: 38,7,25,151,154,11
241: 64,120,207,233,53
242: 26,195,177,222,81,70,148
243: 32,126,121,178,253
244: 27,85
245: 90,122,80,196,205,53
246: 47,116,111,181,28
247: 123,170,194
248: 29,114,10,239,41,161
249: 48,113,28,124
250: 122,30,54,201,205,43,57,166
251: 125,150,198,58,97
252: 31,100,145,227,30,205,16
253: 32,126,184,243,254
254: 32,184,253
255: 63,15,127,56,193,208,202
256: 8,163,145,128,64,13