0: 129,168,46
2: 13,191,133,64,233
3: 77,59,137,225,44,153
4: 200,141,206,113,149
5: 61,186,146,174,108,220
6: 82,15,94,193,221,150
7: 14,236,11,154,240,130
8: 76,256,163,19,115,52
9: 49,171,187,210,231,22
10: 29,114,248,212,175
11: 7,236,99,179,240,25
12: 146,121,243,253,126
13: 2,76,256,128,191,64
14: 7,236,165,198,130
15: 6,193,255,60,221,202
16: 145,128,252,205,196,245
17: 72,156,209,226
18: 197,136,190,84,75,73
19: 79,219,115,194,52,8
20: 67,109,171,187,195,222
21: 86,74,65,226,132,144
22: 87,231,120,207,49,9
23: 172,137,107,225,92,235
24: 77,173,238,152
25: 240,11,99,33,140
26: 177,242,45,174,195,222
27: 244,232
28: 188,48,249,116,246,124
29: 10,239,248
30: 57,31,205,43,250,122
31: 57,252,227,228,30,205
32: 254,46,253,178,243
33: 136,84,131,25,140
34: 103,97,134,154,151,130
35: 139,156,158,68,142,133
36: 74,132,67,138,83,160
37: 176,78,39,147,212,175
38: 148,154,151,240,66
39: 78,37,155,197,147
40: 204,158,87,207,233
41: 161,114,248,140,215,99
42: 180,79,115,217,234,164
43: 166,101,57,30,250,201
44: 102,169,235,137,3,153
45: 174,26,195,186,83,104
46: 32,0,168,178
47: 116,246,164,181,62
48: 188,28,183,249
49: 9,187,138,87,22,162
50: 189,152,89,96,161,215
51: 91,75,167,73,159,192
52: 170,194,247,19,76,8
53: 241,196,120,245,90,218
54: 250,80,185,82,94,201
55: 230,88,213,157,203,185
56: 117,208,223,255,172,202
57: 228,31,30,124,101,43
58: 230,97,213,251,150,198
59: 77,237,173,3,216,225
60: 125,221,15,93,107,202
61: 126,224,5,146,220
62: 164,47,217,227,100
63: 208,229,98,199,141,127
64: 241,196,233,2,128,13
65: 21,132,143,129,168,144
66: 148,38,81,136,190
67: 20,187,138,36,83,195
68: 123,142,170,191,133,35
69: 129,144,209
70: 242,222,109,134,148,151
71: 119,189,238,152
72: 17,204,156,158,86,226
73: 51,75,197,18,159,155
74: 86,21,36,132,162,138
75: 51,214,167,73,18,190
76: 256,8,13,52,170,191
77: 24,173,59,3,153
78: 176,37,39
79: 180,42,219,19,115
80: 90,250,122,203,54,185
81: 177,242,148,66,214,190
82: 6,94,193,201,135,54
83: 104,160,36,67,45,195
84: 197,136,18,147,33,131
85: 200,199,244
86: 74,226,21,162,72,204
87: 22,207,204,40,162,49
88: 55,157,231,218,203,210
89: 118,179,237,96,215,50
90: 245,122,218,80,203,53
91: 51,220,167,224,192
92: 172,23,223,235
93: 216,107,225,125,60,105
94: 82,6,54,185,230,150
95: 111,234,181
96: 237,173,89,152,50
97: 34,58,103,213,198,130
98: 166,149,141,127,135,63
99: 11,179,25,140,41,215
100: 252,227,217,62,145,163
101: 211,166,149,43,57
102: 169,44,153
103: 34,97,213,157,182,134
104: 186,106,121,83,160,45
105: 125,165,93,216,118
106: 121,104,178,243,160,143
107: 172,93,23,225,202,60
108: 214,220,167,177,174,5
109: 20,171,182,134,222,70
110: 254,253,184
111: 246,181,95,188
112: 206,200
113: 211,149,183,249,206,4
114: 10,248,140,41,212,131
115: 79,42,19,217,8,163
116: 246,47,28,227,228,124
117: 232,208,223,229,56
118: 236,89,105,216,237
119: 71,189,239
120: 241,231,22,53,207,218
121: 186,106,146,104,12,243
122: 245,90,250,80,30,205
123: 68,170,247
124: 211,116,28,249,57,228
125: 60,251,221,165,105,93
126: 184,61,146,12
127: 193,135,98,63,208,255
128: 145,256,13,16,196,64
129: 0,69,168,144,65
130: 154,34,97,198,14,7
131: 84,147,33,114,140,212
132: 74,65,21,36,143,160
133: 68,191,2,35,158
134: 34,103,182,109,70,151
135: 82,127,193,201,166,98
136: 18,190,84,33,66
137: 23,225,44,235,3
138: 49,67,187,74,36,162
139: 35,156,142
140: 114,41,25,99,33,131
141: 4,199,98,149,63
142: 68,35,139
143: 65,132,168,106,178,160
144: 69,129,209,65,226,21
145: 256,128,163,16,252,100
146: 186,121,12,126,61,5
147: 197,84,131,212,37,39
148: 38,151,66,242,81,70
149: 211,113,101,98,4,141
150: 251,221,6,94,58,230
151: 148,154,38,34,134,70
152: 71,189,238,50,24,96
153: 102,44,77,3
154: 38,151,240,130,34,7
155: 39,73,197,159
156: 17,72,35,139,158
157: 55,103,88,213,182,210
158: 72,35,204,156,40,133
159: 192,51,73,155
160: 106,83,104,36,132,143
161: 239,248,41,215,189,50
162: 86,74,204,87,49,138
163: 145,256,8,115,217,100
164: 234,181,47,62,42,217
165: 125,251,105,198,14
166: 101,98,43,201,135
167: 51,91,75,108,214,220
168: 0,129,65,143,46,178
169: 102,44,235
170: 123,68,52,191,247,76
171: 109,20,9,187,210,182
172: 23,107,202,92,223,56
173: 77,24,237,96,59
174: 177,45,26,186,5,108
175: 10,212,176,37
176: 78,37,175
177: 242,174,81,26,108,214
178: 106,243,168,143,46,32
179: 236,11,89,99,215
180: 79,42,234
181: 111,246,234,164,47,95
182: 103,157,134,109,171,210
183: 48,249,206,113
184: 126,110
185: 80,203,54,94,55,230
186: 146,121,104,45,174,5
187: 49,67,20,9,171,138
188: 48,28,111,246
189: 71,119,152,50,161,239
190: 136,18,81,66,75,214
191: 68,170,133,2,76,13
192: 159,51,91
193: 82,6,15,127,135,255
194: 247,219,19,52
195: 45,26,222,67,20,83
196: 241,64,53,128,16,245
197: 18,84,147,73,39,155
198: 251,165,58,97,130,14
199: 85,200,244,141,63,229
200: 85,4,199,206,112
201: 82,135,166,43,250,54
202: 172,107,15,56,255,60
203: 90,218,80,185,55,88
204: 72,158,40,87,86,162
205: 252,31,30,16,245,122
206: 112,183,113,4,200
207: 87,241,120,22,233,40
208: 63,117,229,56,255,127
209: 17,69,144,226
210: 9,171,231,88,157,182
211: 113,124,101,149,249
212: 114,10,147,131,37,175
213: 58,55,103,230,97,157
214: 75,108,167,177,81,190
215: 161,41,89,99,179,50
216: 93,225,105,118,237,59
217: 42,115,164,62,163,100
218: 90,203,231,120,53,88
219: 79,19,194
220: 91,108,167,61,224,5
221: 125,60,251,150,6,15
222: 242,26,195,70,109,20
223: 232,117,56,172,92
224: 61,91,220
225: 93,23,216,137,107,59,3
226: 86,21,209,17,72,144
227: 252,228,31,100,116,62
228: 57,227,31,116,124
229: 63,117,208,199,244
230: 58,55,213,185,94,150
231: 120,22,218,9,210,88
232: 117,223,27
233: 241,64,207,2,40
234: 164,181,95,180,42
235: 169,44,23,137,92
236: 14,7,118,11,179
237: 173,96,59,216,118,89
238: 71,152,24
239: 29,161,248,119,189
240: 154,38,25,7,11
241: 196,64,120,53,207,233
242: 177,81,26,222,70,148
243: 106,121,178,12,32,253
244: 85,199,229,27
245: 90,122,16,205,196,53
246: 116,111,181,47,188,28
247: 194,123,52,170
248: 29,161,114,10,239,41
249: 48,28,183,211,113,124
250: 122,80,54,30,43,201
251: 125,221,165,150,198,58
252: 227,31,100,205,145,16
253: 254,32,12,243,110
254: 32,253,110
255: 208,56,15,127,193,202
256: 145,76,128,8,163,13