0: 17,21,36,46
2: 35,16,64,40
3: 24,44,59
4: 43,48,57
5: 20,45,26,12,51,18
6: 14,15,55,58,53,54,60
7: 14,11,34,38,58,25,41
8: 16,31,62,19,13
9: 22,34,55,58,49,20
10: 33,37,39,29
11: 14,7,25,24,59,60,41
12: 32,51,5,45,46
13: 19,8
14: 15,11,6,7,58,59,60
15: 14,6,54,63,60
16: 8,31,30,64,2
17: 0,21,35
18: 39,5,26,38,51
19: 42,52,13,8,62
20: 49,5,36,45,9,26,34
21: 49,0,17,36,40,35
22: 9,55,53,64,49,40
23: 56,59,60
24: 3,59,11,50
25: 11,7,38,41,33
26: 34,38,20,5,18
27: 63,43,56
28: 31,48,57,62,47
29: 50,10,41,33
30: 16,31,64,57,53,54
31: 8,16,30,28,57,62
32: 12,61,46
33: 10,41,39,38,25,29
34: 7,9,26,38,58,20
35: 2,17,21,40
36: 49,0,20,21,45,46
37: 10,39
38: 7,26,34,25,18,33
39: 10,18,33,37
40: 49,21,2,35,64,22
41: 33,11,7,25,29,50
42: 19,47,62
43: 4,57,27,63,54
44: 3
45: 20,5,36,46,12
46: 0,36,45,32,12
47: 42,28,48,62
48: 4,28,57,47
49: 20,21,36,40,22,9
50: 29,24,41
51: 12,5,18
52: 19,13
53: 22,6,55,54,30,64
54: 15,6,55,53,30,43
55: 22,6,9,58,53,54
56: 23,27,63
57: 4,31,30,28,43,48
58: 14,6,7,9,34,55
59: 3,24,23,60,14,11
60: 23,59,63,14,15,11,6
61: 32
62: 8,31,28,19,42,47
63: 27,43,15,56,60
64: 16,30,2,40,22,53