0: 69,46,106,65
2: 13,35,64,40,68
3: 23,59,44,77
4: 63,85,98,101,113
5: 12,45,61,75,91,108
6: 94,58,82,60,15,125
7: 38,25,97,34,14,11
8: 19,76,100,13,128
9: 49,22,20,67,88,109
10: 78,37,114
11: 89,118,14,7,99
12: 5,45,61,104,121,126
13: 2,64,128,76,8
14: 105,118,125,97,7,11
15: 60,107,82,127,6
16: 53,31,30,122,128
17: 69,72,21
18: 73,66,81,84,75,108
19: 52,76,79,8,115
20: 67,9,83,70,109,26
21: 86,65,74,72,69,17
22: 49,9,87,120,88
23: 3,92,93,44
24: 96,50,71,77
25: 38,33,7,66,99
26: 45,108,20,83,70,81
27: 117,85
28: 47,111,116,124,48
29: 119
30: 16,31,57,43,54,122
31: 16,30,57,100,116
32: 110,126,46,121
33: 37,25,66,84,99,114
34: 103,97,70,109,38,7
35: 2,40,68,72
36: 106,65,67,74,83,104
37: 33,84,78,39,10
38: 7,25,66,81,34,70
39: 78,73,37,84
40: 2,35,87,72,86
41: 50,89,119,99,114
42: 95,115,79
43: 30,57,54,98,101
44: 102,3,23
45: 5,12,104,26,108,83
46: 0,106,32,121
47: 62,28,95,111
48: 113,28,124
49: 22,86,67,9,74,87
50: 96,41,24,71,89,119
51: 75,91,73
52: 19,76,123
53: 16,90,122,64,120,128
54: 82,30,43,80,122
55: 94,103,88,80,90
56: 117,63,127,107,92
57: 31,30,43,116,124,101
58: 94,103,6,97,125
59: 3,105,93,118,96
60: 107,15,105,93,125,6
61: 5,12,91,126
62: 47,100,115,116
63: 117,4,127,85,98,56
64: 13,2,120,128,53
65: 106,21,36,74,69,0
66: 18,38,33,25,81,84
67: 49,20,36,9,74,83
68: 2,35,123
69: 0,17,21,65
70: 34,109,20,26,38,81
71: 50,24,119
72: 35,40,17,21,86
73: 18,84,75,51,39
74: 49,21,86,36,65,67
75: 5,91,108,73,18,51
76: 52,19,123,8,13
77: 96,24,3
78: 39,10,37
79: 19,42,115
80: 82,54,90,122,94,55
81: 18,38,66,70,26,108
82: 54,80,94,6,15
83: 20,36,67,45,104,26
84: 73,18,33,37,66,39
85: 117,63,4,112,27
86: 49,21,74,40,87,72
87: 40,120,49,22,86
88: 55,103,109,22,9
89: 96,50,41,11,118,99
90: 53,80,122,120,55
91: 5,61,75,51
92: 23,107,93,56
93: 60,23,59,107,105,92
94: 58,55,103,6,82,80
95: 47,42
96: 50,24,89,77,59,118
97: 58,34,14,125,7
98: 63,4,127,101,43
99: 33,25,114,41,89,11
100: 62,115,8,31
101: 4,98,124,113,57,43
102: 44
103: 94,58,55,88,34,109
104: 12,45,121,106,36,83
105: 60,59,93,118,14,125
106: 36,65,0,46,104,121
107: 60,15,92,93,127,56
108: 5,45,26,75,18,81
109: 103,88,34,70,20,9
110: 32,126
111: 47,28
112: 85
113: 48,124,4,101
114: 33,99,41,10
115: 42,62,100,19,79
116: 62,28,124,31,57
117: 63,85,56,27
118: 59,105,14,96,89,11
119: 50,41,71,29
120: 64,87,53,90,22
121: 12,104,46,106,32,126
122: 53,16,30,54,80,90
123: 52,76,68
124: 28,116,48,113,57,101
125: 60,105,14,58,6,97
126: 32,110,12,61,121
127: 63,98,56,107,15
128: 13,64,8,53,16