0: 129,259,513,473,776,523
2: 265,437,518,539,588,669,924
3: 77,268,521,563,565,642
4: 913,917,524,878,585,785
5: 365,108,527,621,864,957,978
6: 150,282,640,793,326,260,531,82
7: 130,323,706,535,649,293,996
8: 470,256,683,703,765,543,297
9: 171,546,574,1005,746,750,187,869
10: 29,175,613,451,536,548
11: 445,307,551,696,988,405,179,572
12: 306,555,611,146,510,876
13: 319,316,470,558,829,265,437,549
14: 280,236,323,561,630,874,620
15: 193,326,1022,528,566,888
16: 901,882,903,512,741,252,569
17: 575,576
18: 797,356,197,579,769,341
19: 194,345,297,263,583,955,937
20: 109,171,746,476,586,962
21: 74,589,763,366,980,368,144
22: 979,989,371,593,301,546,750
23: 595,997,752,417,399,986
24: 418,322,598,646,870,992,865
25: 288,140,580,684,600,33
26: 982,45,573,603,390,471,383,768
27: 232,981,517,606
28: 1008,188,48,391,610,672,873
29: 175,613,10
30: 205,616,619,57,495,398,835
31: 1019,403,227,616,619,842,971
32: 254,253,1021,1020,559,597,622
33: 560,625,419,615,600,140,25
34: 261,533,459,628,836,103,97
35: 269,133,338,567,591,633,539
36: 266,804,138,267,438,160,557
37: 394,392,212,309,941,641
38: 154,262,66,645,698,733,860
39: 897,155,596,450,647,274
40: 454,87,298,651,811,233,734
41: 248,656,944,1012,486,810
42: 334,659,739,180,409,915
43: 452,363,661,717,747,919
44: 235,417,137,608,663,995,756,986
45: 104,26,573,666,471,768
46: 786,414,369,178,776,523,597,668
47: 475,447,670,781,889,794,246
48: 188,28,672,429,648,477
49: 301,479,284,654,792,948,674,803
50: 96,612,677,834,870,161,796
51: 313,681,727,815,73,340,759
52: 541,683,765,770,297,263,583
53: 218,90,685,434,444,812,487,538
54: 347,94,282,816,201,688,922
55: 185,715,824,422,404,692
56: 381,699,492,891,993,208
57: 495,228,705,906,30,568,616
58: 458,318,198,708,731,837,943
59: 388,498,525,714,841,268
60: 500,107,716,825,845,909,402
61: 220,278,719,957,621,126
62: 164,504,387,670,707,721,781
63: 401,285,506,723,863,199
64: 410,265,549,588,857,728,508
65: 143,294,520,730,132,987,710
66: 38,446,262,615,645,698,733,884,136
67: 270,557,671,736,952,267,427
68: 505,587,170,375,742,861
69: 513,609,748
70: 311,283,644,751,783,807,578,961
71: 497,431,638,653,755,322,152
72: 86,226,757,801,911,156,969,657
73: 305,51,815,596,759
74: 21,530,554,589,636,697,763,368
75: 313,341,658,766,815,930,940
76: 485,375,808,541,770,999
77: 3,268,642,772,325,388
78: 331,647,905,774
79: 219,778,937,915,409
80: 923,203,185,849,337,393,784
81: 550,788,935,1000,311,807,148,537
82: 135,260,528,687,6,942,793
83: 462,342,743,795,352,104,666,853
84: 797,356,131,545,617,264
85: 482,200,287,691,799,976
86: 72,366,226,744,801,984
87: 40,298,350,991,651,803
88: 295,379,1007,210,805,157,667
89: 481,405,349,572,789,809,946
90: 53,218,355,685,953,487,538,813
91: 360,820,1001,968,167,681,727,483
92: 223,373,822
93: 825,856,909,351,105,466,753,950
94: 347,54,827,282,626,816,489
95: 411,181,817,831
96: 50,612,834,423,796,384
97: 343,103,848,639,496,34,836
98: 974,277,314,838,363,717,166
99: 947,405,349,840,946,215,445,656
100: 227,842,858,461,448,702
101: 124,844,211,818,452,363,974
102: 846,735,722
103: 97,821,848,920,34,459,836
104: 45,666,83,743,853,471
105: 361,466,832,93,125,509,856
106: 143,1002,400,932,599,294,859
107: 60,500,402,291,773,862
108: 365,5,532,767,864,177,474,782
109: 20,594,746,867,476,134,586
110: 872,478,790,420,315
111: 648,875,480,601,447,700
112: 482,917,798,878,206
113: 332,939,484,275,802,602,880
114: 339,304,580,883,926,761
115: 353,488,334,739,885,951
116: 490,1008,721,889,522,819,973
117: 408,386,963,492,891
118: 421,1017,494,970,832,620,179,789
119: 497,431,653,839,895,430
120: 218,370,499,685,898,434,660
121: 900,501,306,469,775,847,762,424
122: 245,503,393,784,855,902
123: 701,904,505,861
124: 101,529,705,844,906,1014,211
125: 1018,509,716,856,909,251,871,105
126: 184,502,851,912,61,278,719
127: 552,760,894,511,614,914,468
128: 354,145,512,916,1023,868,882
129: 276,515,748,259,0,513
130: 323,7,519,630,706,327,535
131: 84,356,625,140,545,526
132: 682,530,554,520,730,143,599,65
133: 35,269,338,887,539,669
134: 476,547,644,783,578,109,594,737
135: 552,260,528,687,894,82,942
136: 190,66,615,733,884,960,560,624
137: 235,44,756,986,281,563,565
138: 284,267,427,571,310,36,804,557
139: 286,676,662,575
140: 288,580,25,526,33,131,625
141: 332,908,585,602,627,690,913,290
142: 273,333,567,591,435,292
143: 106,932,599,294,65,682,132
144: 258,257,516,604,514,980,21,589
145: 128,354,512,607,758
146: 12,611,852,510,912,278
147: 907,443,617,693,709,264
148: 537,645,311,623,81,788
149: 440,290,314,679,838,627
150: 6,631,640,531,854,977,221
151: 320,623,634,637,311,283,578,860
152: 322,677,870,689,71,638
153: 455,642,325
154: 38,645,649,698,860,320,892
155: 897,159,39,596,652,759
156: 333,911,435,662,657,72
157: 182,805,491,336,920,667,88
158: 338,633,673,720,924,300,757,454
159: 897,155,928,652,678,686
160: 342,438,599,266,682,36,557
161: 947,481,349,689,796,50,677
162: 204,925,948,350,310,697,763,654
163: 956,758,954,729,488,703
164: 62,359,707,781,966,460
165: 280,561,712,910,458,198
166: 289,717,919,277,98,687
167: 313,214,727,766,91,968
168: 515,730,732,259,369,987,523
169: 373,663,995,735
170: 505,68,375,738,808
171: 20,9,1005,746,357,187,869,962
172: 202,595,372,381,752,921
173: 498,423,525,629,764,834
174: 186,527,632,767,768,864
175: 29,10,536,771
176: 331,443,693,641,777
177: 397,242,474,550,779,782,108
178: 786,46,710,597,622,400,559
179: 572,789,236,988,421,118,11
180: 806,985,584,409,42,659
181: 95,480,817,831,475,794
182: 157,821,737,920,667,413,328
183: 534,605,718,787,830,391,802
184: 126,510,618,833,851,912
185: 55,923,80,715,489,824,849,422
186: 424,174,527,621,632,852,611,775
187: 357,479,643,792,869,9,171
188: 48,28,700,873,429,648
189: 348,430,877,689,431,638
190: 884,136,344,433,279,624
191: 375,742,829,999,887
192: 441,544,890,800
193: 15,1022,528,760,894,468,255
194: 19,263,955,358,896
195: 982,270,736,899,357,586,962
196: 508,272,582,695,868,882,903
197: 18,797,305,769,907,617,274
198: 458,58,639,837,165,910
199: 63,506,723,690,913,680,290
200: 482,85,287,917,524,680
201: 1016,289,688,919,347,54,942
202: 472,595,773,862,172,694,921
203: 958,923,80,538,813,393,784
204: 162,300,734,744,925,984,298,350
205: 1019,30,619,398,553,754,927
206: 929,112,878
207: 991,651,843,931,593,370,499
208: 562,826,933,56,699,492
209: 385,299,576,918,936
210: 574,938,406,379,1007,88,667
211: 124,101,844,1014,939,818
212: 37,941,536,548,926,761
213: 230,496,570,708,943,343,934
214: 167,766,940,779,945,968
215: 947,99,349,877,656,944
216: 225,498,629,949,841,753,990
217: 951,504,707,702
218: 53,231,120,90,355,685,898,953
219: 964,79,955,937
220: 376,61,360,719,957,978,1001
221: 959,972,251,150,326,531,854
222: 586,665,783,961,367,899
223: 92,556,581,963,822
224: 396,376,719,502,965
225: 216,498,967,949,841,382
226: 72,86,366,801,385,969,657
227: 403,100,31,842,858,971,702
228: 389,57,705,819,973,568
229: 975,664,826,517,606
230: 213,570,708,977,404,407,577,631
231: 218,379,898,953,979,989,406
232: 27,981
233: 518,924,983,720,40,454,811
234: 460,659,739,985,590,359
235: 44,137,986,281,374,997,635
236: 14,323,988,874,620,421,179
237: 1017,466,494,753,990,832,893
238: 992,428
239: 395,542,650,895,994
240: 432,293,780,996,446,649,698
241: 410,312,728,998,660,843
242: 177,550,1000,782,436,1015
243: 501,469,675,1002,1020,439,559
244: 606,442,664,1004
245: 122,302,393,855,487,1006
246: 1008,700,873,47,447,889
247: 738,1010
248: 41,711,1012,304,486,451
249: 389,529,1014,866,453,507,880
250: 464,1016,661,747,922,456,724
251: 1018,125,972,221,318,731,854,871
252: 1019,842,461,741,16,569,754
253: 254,32,745,790,1020,439
254: 465,253,32,745,1021
255: 493,1011,828,468,193,1022,760
256: 319,8,470,558,543,1023,354
257: 258,144,276,515,516,604,732
258: 144,257,520,732,530,589
259: 129,168,515,0,776,523
260: 135,326,528,531,888,82,6
261: 327,34,425,533,628,836,519
262: 38,66,537,645,884,788
263: 194,19,583,704,896,52,541
264: 147,443,617,84,545,791,309
265: 64,2,437,549,588,669,13
266: 682,36,554,636,804,160
267: 138,427,571,36,67,557,671
268: 3,77,563,59,388,714
269: 35,133,567,591,887,587,742
270: 67,982,195,573,736,952,899
271: 459,628,634,737,547,578
272: 196,998,508,582,695,728
273: 142,567,701,587,861,292
274: 907,450,305,197,39,596
275: 332,113,484,802,585,602,785
276: 129,257,515,516,609,740,748,881
277: 440,98,614,838,289,166,552,687
278: 61,146,621,852,126,912
279: 579,624,433,190,341,658
280: 14,165,323,561,630,910
281: 635,235,137,714,563,565
282: 6,347,54,94,827,640,793
283: 311,70,644,807,578,151,623,634
284: 138,479,571,654,49,310
285: 401,63,975,664,723,1004,287,691
286: 139,292,676,662,435
287: 85,200,680,691,285,723
288: 140,580,684,726,883,25
289: 201,717,919,166,277,942,687
290: 149,679,141,627,690,506,199
291: 1022,566,1011,694,500,107,862
292: 286,701,273,142,435
293: 240,307,551,780,996,7,706,874
294: 143,106,400,932,65,987,710
295: 958,88,715,824,355,1007,805
296: 497,725,755,428
297: 345,19,583,729,52,8,683,703
298: 40,454,87,350,803,204,734
299: 881,209,385,514,918,936,604,740
300: 204,734,744,757,801,158,720,454
301: 792,49,869,371,674,22,750
302: 245,569,754,855,1006,901
303: 448,607,702,758,954,353
304: 114,486,883,761,248,451
305: 769,815,73,197,596,759,274
306: 121,12,555,611,775,847
307: 11,1009,445,293,551,696,780
308: 416,830,929,484,785,878
309: 791,37,941,641,443,264
310: 636,697,804,162,138,284,654
311: 70,283,807,151,623,81,148
312: 410,241,983,811,843,931
313: 75,167,51,727,766,815,930
314: 149,974,98,838,908,627,818
315: 420,618,876,478,823,110
316: 13,470,558,765,770,829,999,437
317: 401,562,863,933,850,511
318: 458,58,708,731,854,977,251
319: 13,256,558,1023,916,549,857
320: 327,151,425,637,892,154,860
321: 886,865,772,325
322: 24,418,152,646,870,71,755
323: 14,280,130,236,7,630,706,874
324: 881,936
325: 153,77,642,772,321,886
326: 15,260,528,531,888,6,959,221
327: 261,320,425,533,535,892,130,519
328: 378,413,938,867,182,667
329: 897,774
330: 444,695,901,812,903,487,1006
331: 78,176,693,905
332: 113,908,141,939,275,602,818
333: 142,591,633,673,911,156,435
334: 115,42,814,885,409,778,915
335: 969,575,576,657,918
336: 343,491,157,692,848,920,934
337: 724,784,902,922,80,489,849,816
338: 35,158,133,633,673,720,539,924
339: 114,545,580,926,526,791
340: 928,652,759,51,681,483,800
341: 75,769,658,930,18,279,579,624
342: 83,462,438,932,599,795,160
343: 97,336,848,934,213,496,943
344: 346,788,935,433,190,537,884
345: 19,297,583,729,778,937,814
346: 397,344,779,935,433,940
347: 54,94,282,942,793,201,688
348: 395,430,877,189,650,944,1012
349: 947,89,161,481,405,99,946,215
350: 948,87,298,803,162,204,734,925
351: 382,564,93,825,402,950,949
352: 557,666,671,952,83,438,795
353: 488,115,885,951,303,954
354: 128,145,956,758,256,543,1023
355: 218,90,953,1007,295,958,813
356: 18,797,84,960,131,560,579,625
357: 187,427,643,171,195,736,962
358: 896,964,194
359: 164,966,590,817,460,234
360: 220,91,957,978,1001,968
361: 105,970,832,509,561,712,620
362: 1018,716,845,959,972,888
363: 452,43,717,101,974,98
364: 976,442
365: 108,5,864,474,945,978,968
366: 86,226,980,984,368,385,514,21
367: 1015,222,665,982,603,899
368: 366,925,980,984,21,74,763
369: 786,46,987,523,710,168
370: 499,120,898,989,207,843,593
371: 991,674,593,22,301,750
372: 381,752,891,993,556,963,172
373: 169,608,995,822,92
374: 472,1013,997,635,235
375: 170,68,191,76,742,808,999
376: 224,396,220,719,820,1001
377: 764,598,1003,388,525,772,865
378: 413,328,574,1005,746,938,867
379: 231,953,979,1007,88,210,406
380: 457,1009,600,655,696,684,726
381: 372,56,493,1011,699,921,993,172
382: 351,1013,564,635,225,967,949
383: 390,532,26,603,436,1015,782
384: 481,796,809,1017,893,423,96,834
385: 209,299,969,514,918,366,226,980
386: 408,117,826,981,517,492
387: 504,62,721,858,971,522
388: 59,525,77,268,772,377
389: 249,228,529,705,819,866
390: 383,532,767,768,26,603
391: 28,507,610,672,183,534,718,453
392: 394,37,536,771,540
393: 245,122,784,487,902,80,203,538
394: 392,37,641,777,540
395: 348,239,542,650,711,1012
396: 224,376,820,483,544,890
397: 177,346,474,550,779,935,940
398: 553,927,30,205,619,464,835
399: 417,822,752,556,23
400: 1002,106,294,859,178,710,622,559
401: 63,317,285,975,506,562,723,863
402: 60,107,825,351,564,773
403: 31,227,568,616,619,971
404: 55,422,577,692,230,570
405: 89,99,349,572,840,946,11,445
406: 210,546,574,938,231,379,979
407: 827,577,626,631,640,230,977
408: 386,117,581,963,981
409: 180,584,79,915,42,334
410: 241,64,312,588,983,728
411: 95,590,817,412
412: 806,985,592,411,590
413: 378,328,594,867,182,821,737
414: 46,597,668,1021
415: 601,831
416: 308,605,830,929,484
417: 44,399,608,822,986,23,997
418: 24,764,322,598,612,1003,870
419: 446,615,733,432,600,655,33
420: 618,833,315,110,872
421: 118,970,236,988,620,179,789
422: 55,185,489,849,404,577,626
423: 173,629,990,893,384,96,834
424: 186,471,632,768,900,853,121,775
425: 261,327,320,628,634,637,892
426: 519,630,910,639,837,533,836
427: 357,138,479,267,571,643,67,736
428: 296,755,646,238,992
429: 648,188,48
430: 348,189,650,119,431,895
431: 119,71,638,653,430,189
432: 240,1009,600,655,780,446,419
433: 344,346,190,658,940,279
434: 998,444,582,660,53,120,685
435: 142,333,591,156,286,292,662
436: 1015,665,751,807,383,242,1000,782
437: 265,2,669,316,13,829
438: 342,795,160,36,352,557,671
439: 253,478,1020,243,675,823
440: 149,277,614,679,838,879,914
441: 192,800,678,686
442: 364,976,691,1004,244
443: 147,176,693,264,309,641
444: 330,434,582,695,812,53,685
445: 457,11,307,696,405,99,572,840
446: 419,66,698,733,240,432
447: 47,794,480,111,246,700,873
448: 461,303,607,702,100
449: 704,896,1010
450: 907,647,709,905,274,39,596
451: 613,10,304,761,248,711,548
452: 43,363,713,747,101,844
453: 249,1014,391,507,718,802,880
454: 40,298,158,720,233,300,734
455: 153,521,722
456: 503,553,724,902,464,250
457: 380,445,696,840,684,726,810
458: 58,318,198,731,871,165,712
459: 271,34,628,103,821,737,547
460: 659,739,234,951,164,359,707
461: 448,512,607,741,100,252,842
462: 83,342,932,743,762,795,859
463: 745,790
464: 250,713,747,835,456,398,553
465: 254,1021,749
466: 237,105,494,753,832,950,93,856
467: 521,565,722,663,756,846
468: 493,828,255,511,850,127,193,760
469: 501,243,121,1002,762,859
470: 316,13,8,256,558,683,765,770
471: 424,632,768,104,26,45,853
472: 374,202,1013,564,595,773,862
473: 0,776
474: 397,177,779,945,365,108
475: 47,670,781,966,794,181,817
476: 134,586,644,783,20,109,594
477: 534,787,48,672
478: 790,439,823,110,315
479: 187,284,427,571,643,792,49
480: 181,601,831,111,447,794
481: 89,161,349,796,809,946,384
482: 85,200,112,917,798,799
483: 544,800,396,91,820,681,340
484: 113,275,802,785,416,308,830
485: 76,808,1010,704,541
486: 304,726,810,883,248,41
487: 245,393,1006,330,812,53,90,538
488: 353,115,814,885,729,163,954
489: 185,849,422,337,94,626,816
490: 1008,610,116,889,819,973,866
491: 805,157,336,692,920,934,824
492: 56,891,208,826,386,117
493: 381,1011,699,828,468,255
494: 237,1017,118,466,970,832,893
495: 57,705,844,906,30,713,835
496: 639,213,837,943,343,97,836
497: 296,119,71,653,725,755,839
498: 59,225,173,216,525,629,841
499: 370,120,898,660,207,843,931
500: 60,107,716,845,291,566,888,862
501: 243,121,469,555,675,847,1002,762
502: 126,851,224,719,965
503: 456,122,553,724,855,902,927
504: 62,387,707,217,702,858
505: 170,68,738,861,123
506: 401,63,863,199,290,679,879
507: 391,610,718,249,866,453
508: 196,272,868,916,64,857,728
509: 125,856,871,712,361,105
510: 184,618,876,912,12,146
511: 879,914,317,863,850,127,468
512: 461,128,145,607,741,16,868,882
513: 69,129,748,0
514: 385,299,366,980,144,604
515: 129,276,168,257,516,732,259
516: 144,276,257,515,604,740
517: 27,981,606,229,826,386
518: 233,2,539,588,924,983
519: 130,426,630,261,327,533,535
520: 258,730,732,132,530,589,65
521: 455,3,565,642,722,467
522: 568,971,387,721,116,973
523: 786,46,369,776,168,259,0
524: 200,4,913,917,680,585
525: 59,388,173,498,841,377,764,1003
526: 339,140,545,580,131,625
527: 186,5,174,621,864,852,957
528: 15,193,135,326,260,888,894,82
529: 389,124,249,705,906,1014,866
530: 74,682,132,554,589,258,520
531: 326,260,6,150,640,959,221
532: 108,390,383,767,864,782
533: 261,327,34,836,639,426,519
534: 477,183,718,787,391,672
535: 327,892,130,7,519,649,996
536: 392,212,548,771,175,10
537: 262,148,645,344,81,788
538: 203,813,812,393,487,53,90
539: 2,518,669,924,35,133,338
540: 394,392,771
541: 52,770,704,263,583,485,76
542: 239,395,650,711,613
543: 8,256,703,1023,354,956
544: 192,483,890,800,396,820
545: 339,526,84,131,264,791
546: 9,574,1005,406,750,22,979,869
547: 134,644,578,594,737,271,459,634
548: 212,536,761,451,10
549: 64,265,588,857,319,13
550: 397,177,242,81,788,935,1000
551: 11,307,293,988,706,874
552: 127,135,687,894,277,614,914
553: 456,398,503,927,205,464,835
554: 74,266,682,132,530,589,636
555: 501,306,12,675,823,847,876
556: 223,963,372,752,399,822
557: 67,352,671,36,138,267,438,795,160
558: 319,316,13,470,256,1023
559: 32,1020,178,622,1002,400,243
560: 356,33,960,624,625,615,136
561: 14,280,165,712,620,361,970
562: 401,317,975,208,933
563: 3,268,565,281,137,714
564: 382,351,472,1013,773,402
565: 3,521,563,467,281,137,756
566: 15,291,1022,888,500,845
567: 273,35,269,142,591,587
568: 403,616,971,522,57,228,973
569: 302,754,741,1019,252,16,901
570: 230,213,708,404,577,692,934
571: 138,479,284,267,427,643
572: 89,405,179,789,946,11,445
573: 982,270,26,45,603,666,952
574: 378,9,210,546,1005,938,406
575: 17,335,576,139,662
576: 209,17,335,575,918,936
577: 407,827,626,422,404,230,570
578: 70,283,134,547,644,271,151,634
579: 18,797,356,960,279,624,769,341
580: 339,114,288,140,883,25,526
581: 408,223
582: 196,998,434,444,272,695,660
583: 345,19,297,263,52,541,683
584: 180,806,409
585: 141,275,602,690,785,4,913,524
586: 476,222,783,962,20,109,195,899
587: 68,742,861,273,269,567
588: 410,64,265,2,518,549,983
589: 21,74,530,554,258,144,520
590: 411,817,412,985,234,359
591: 35,269,142,333,567,633,435
592: 412,806
593: 371,207,991,370,22,989
594: 109,413,867,737,476,134,547
595: 23,472,202,997,172,752
596: 39,155,652,759,305,73,450,274
597: 786,46,414,178,622,32,1021
598: 377,24,418,1003,992,865
599: 143,342,106,932,160,682,132
600: 432,380,655,419,33,684,25
601: 415,480,831,111,875
602: 332,113,908,141,275,585
603: 982,26,573,1015,367,390,383
604: 144,257,516,740,299,514,980
605: 183,416,787,830
606: 27,244,517,229,664
607: 461,303,448,145,512,758
608: 373,44,417,995,822,986
609: 276,740,748,881,69
610: 490,1008,391,28,507,866
611: 306,12,775,146,186,852
612: 50,764,96,418,834,1003,870
613: 29,451,10,542,711
614: 440,277,914,127,552,687
615: 419,66,733,136,33,560
616: 30,403,31,568,619,57
617: 147,907,709,264,797,84,197
618: 184,420,510,833,876,315
619: 1019,30,403,31,205,616,398
620: 14,236,561,421,361,118,970
621: 186,5,527,852,61,278,957
622: 178,597,400,32,1021,559
623: 151,311,283,148,645,860
624: 960,279,560,579,190,884,136,341
625: 356,33,960,131,560,140,526
626: 94,407,827,577,816,489,422
627: 908,141,690,149,290,314,838
628: 261,271,34,425,459,634,637
629: 173,216,498,423,990,834
630: 14,280,130,426,323,519,910
631: 150,407,827,640,230,854,977
632: 186,424,174,471,767,768,775
633: 35,158,333,338,591,673
634: 271,151,425,628,637,283,547,578
635: 281,382,374,1013,235,967,714
636: 74,266,310,554,697,763,804
637: 151,320,425,628,634,860
638: 431,71,653,689,152,677,877,189
639: 496,198,837,97,533,836,426,910
640: 6,150,407,827,282,631,793,531
641: 394,37,309,941,777,443,176
642: 153,3,77,521,325
643: 357,187,479,427,571,792,869
644: 476,70,283,134,547,783,578,961
645: 38,154,262,66,148,537,860,623
646: 24,322,992,755,428
647: 78,450,905,39,774
648: 111,429,875,188,48,700
649: 154,698,535,892,7,240,996
650: 348,239,395,430,542
651: 40,207,87,991,811,931
652: 897,159,155,340,928,596,759
653: 497,119,431,71,638
654: 284,49,162,948,310,697
655: 432,1009,380,600,780,419,684
656: 41,944,99,840,215,810
657: 335,969,911,156,72,226
658: 75,341,766,930,433,279
659: 460,42,739,234,180,985
660: 998,434,582,241,843,499,120
661: 1016,43,250,717,747,919
662: 139,286,156,435,575
663: 169,44,995,756,846,735,467
664: 229,285,975,1004,244,606
665: 436,1015,222,751,961,367,899
666: 352,104,45,573,952,83,795
667: 182,805,157,88,328,210,938
668: 46,414,776
669: 265,2,437,539,829,133,887
670: 47,62,475,721,781,889
671: 67,352,557,952,267,438,795
672: 48,391,28,477,534
673: 158,333,338,633,911,757
674: 371,948,991,803,301,792,49
675: 501,243,555,823,847,1020,439
676: 139,286
677: 50,152,870,161,689,796,638
678: 159,686,441
679: 440,149,290,879,506,863
680: 200,287,913,524,723,199
681: 51,727,91,820,483,340
682: 266,132,530,554,143,599,160
683: 52,8,470,703,765,297,583
684: 288,726,25,457,380,600,655
685: 53,218,120,90,898,434,444
686: 159,928,678,441,800
687: 135,552,82,289,166,277,614,942
688: 1016,201,919,922,347,54,816
689: 947,161,152,677,877,189,638
690: 141,585,627,913,290,199
691: 85,287,976,442,285,723,1004
692: 491,336,934,55,824,404,570
693: 147,331,443,176,709,905
694: 1011,921,291,1022,202,862
695: 196,330,444,272,582,901,812,903
696: 457,11,1009,380,445,307,840
697: 74,310,636,763,162,925,654
698: 38,154,446,66,649,733,240
699: 381,56,493,828,993,208,933
700: 188,246,873,111,648,447
701: 123,904,292,273
702: 303,448,217,504,100,227,858
703: 8,683,543,297,729,163,956
704: 449,896,263,485,1010,541
705: 389,57,495,124,228,529,906
706: 130,323,7,874,293,551,996
707: 164,504,62,781,217,460,951
708: 58,318,230,213,570,943,977
709: 147,907,450,617,693,905
710: 786,369,178,987,400,294,65
711: 395,248,542,1012,613,451
712: 165,561,458,871,509,361
713: 464,452,747,835,495,844,906
714: 59,967,841,281,635,268,563
715: 295,958,55,923,185,824
716: 1018,362,60,125,500,825,845,909
717: 43,363,289,661,919,166,98
718: 183,534,830,391,507,453,802,880
719: 224,220,376,61,126,502
720: 158,338,233,924,300,454
721: 62,387,670,781,889,116,522
722: 455,521,467,846,102
723: 401,63,285,199,287,680,691
724: 456,337,503,784,902,1016,250,922
725: 497,296,839
726: 288,486,684,810,883,457,380
727: 313,167,51,681,815,91
728: 410,241,64,857,998,508,272
729: 345,297,488,814,703,163
730: 168,520,732,132,987,65
731: 458,58,318,854,871,251
732: 258,168,257,515,520,730
733: 38,446,419,66,615,698,884,136
734: 204,300,744,40,454,298,350
735: 169,663,846
736: 67,270,195,952,357,427,962
737: 182,821,413,594,134,547,271,459
738: 505,170,1010,247
739: 460,115,42,659,885,234,951
740: 276,516,604,609,881,299
741: 461,512,252,842,16,882,569
742: 587,68,375,191,269,887
743: 83,462,762,859,104,900,853
744: 204,300,86,734,757,801,925,984
745: 463,254,253,790
746: 20,378,109,9,171,1005,867
747: 464,452,1016,43,250,661,713,835
748: 129,276,609,69,513
749: 465,463
750: 9,546,371,22,301,792,869
751: 70,436,665,807,961,1000
752: 372,556,23,595,172,399
753: 237,466,990,950,93,216,949
754: 302,569,855,927,1019,252,205
755: 497,296,71,428,322,646
756: 44,137,663,565,467
757: 72,300,744,801,158,673,911
758: 303,354,145,163,956,607,954
759: 155,340,928,596,652,305,51,73
760: 127,193,894,468,255
761: 114,304,926,212,548,451
762: 462,743,859,900,501,121,469
763: 21,74,636,697,162,925,984,368
764: 377,418,612,834,1003,173,525
765: 316,52,8,470,683,770
766: 313,75,167,214,658,940
767: 108,174,390,532,632,768,864
768: 424,174,390,471,632,767,26,45
769: 305,341,815,930,18,197,579
770: 316,52,470,541,765,999,76
771: 392,536,175,540
772: 77,325,388,377,321
773: 472,202,1013,564,862,107,402
774: 78,647,329
775: 900,306,121,611,847,186,424,632
776: 46,523,668,259,0,473
777: 394,641,176
778: 79,345,937,915,334,814
779: 397,177,346,474,945,214,940
780: 240,432,1009,307,293,655,996
781: 164,47,62,475,670,707,721,966
782: 177,242,436,1015,108,383,532
783: 476,70,134,222,586,644,961
784: 337,122,393,724,902,80,203,849
785: 484,275,585,308,4,878
786: 46,369,178,987,523,710,597
787: 477,183,534,605
788: 344,81,550,935,262,148,537
789: 89,179,572,809,421,1017,118
790: 463,253,478,745,110
791: 309,941,339,545,926,264
792: 301,187,479,643,49,869,674,750
793: 6,347,282,942,640,82
794: 47,475,447,480,181
795: 83,462,342,438,352,557,666,671
796: 161,481,809,384,50,96,677
797: 18,84,356,197,579,907,617
798: 482,112,799
799: 482,85,798,976
800: 192,483,441,544,340,928,686
801: 72,300,86,226,744,757,911
802: 113,484,275,880,183,718,830,453
803: 948,87,298,350,991,674,49
804: 266,310,36,636,138
805: 491,157,667,295,88,824
806: 412,180,985,584,592
807: 311,70,436,283,751,81,1000
808: 170,485,375,76,1010,999
809: 89,481,789,796,384,1017,893
810: 486,726,457,840,41,656
811: 40,651,931,233,312,983
812: 330,444,695,487,1006,53,538
813: 958,923,203,538,90,355
814: 488,334,885,345,729,778
815: 305,313,75,769,51,727,930,73
816: 54,94,626,337,688,922,489
817: 95,411,181,590,475,359,966
818: 332,908,939,101,211,974,314
819: 389,228,973,866,490,116
820: 396,91,376,1001,681,483,544
821: 182,103,737,848,920,413,459
822: 373,417,399,608,92,223,556
823: 555,675,478,439,876,315
824: 295,55,185,715,805,491,692
825: 93,60,716,856,909,402,351,950
826: 229,208,517,492,386
827: 94,407,282,577,626,631,640
828: 493,699,468,255,933,850
829: 316,13,999,191,887,437,669
830: 183,416,308,605,718,484,802
831: 415,95,480,181,601
832: 361,237,105,118,466,494,970
833: 184,420,618,851
834: 50,764,96,612,173,423,629,384
835: 464,713,747,30,495,398,553
836: 261,34,533,103,97,639,496,426
837: 58,639,496,198,943,426,910
838: 440,149,974,277,98,314,627
839: 497,119,725
840: 405,99,457,445,696,810,656
841: 59,225,216,498,967,525,714
842: 1019,100,31,227,252,461,741
843: 207,931,241,312,660,370,499
844: 495,124,101,906,211,452,713
845: 362,60,500,716,959,566,888
846: 663,735,722,467,102
847: 501,306,121,555,675,775
848: 343,103,97,336,821,920,934
849: 923,80,185,489,422,337,784
850: 317,863,933,511,828,468
851: 184,126,502,833
852: 186,527,621,611,146,278
853: 900,83,743,104,424,471
854: 318,731,977,150,631,972,251,221
855: 245,122,503,302,754,927,1006
856: 93,125,509,825,909,105,466
857: 64,549,728,319,916,508,868
858: 100,227,971,504,387,702
859: 1002,462,106,400,932,743,762,469
860: 38,154,645,151,320,623,637,892
861: 505,587,68,123,273
862: 472,202,773,291,694,500,107
863: 401,63,317,506,850,511,679,879
864: 365,108,5,174,527,532,767
865: 321,992,377,24,598,1003
866: 389,249,529,819,490,507,610
867: 378,109,413,328,594,1005,746
868: 196,508,882,128,512,916,857
869: 301,187,643,792,9,171,546,750
870: 50,24,418,322,152,612,677
871: 458,731,125,509,251,712
872: 110,420
873: 1008,188,246,28,700,447
874: 14,236,323,988,706,293,551
875: 111,648,601
876: 510,618,315,12,555,823
877: 348,189,944,947,689,215,638
878: 4,112,917,308,206,785
879: 440,511,679,914,506,863
880: 113,939,802,718,249,1014,453
881: 299,936,324,276,609,740
882: 196,16,868,903,128,512,741
883: 114,288,304,486,580,726
884: 190,262,66,733,136,344,624
885: 353,488,115,334,739,814
886: 321,325
887: 269,133,191,742,829,669
888: 15,326,260,528,566,362,500,845,959
889: 47,670,721,490,1008,246,116
890: 192,544,965,396
891: 372,56,492,993,117,963
892: 327,320,425,535,154,649,860
893: 237,1017,494,990,423,809,384
894: 127,193,135,552,528,760
895: 119,239,430,994
896: 449,704,358,194,263
897: 159,39,155,652
898: 218,370,499,231,120,685,953,989
899: 982,270,195,222,586,665,962,367
900: 853,121,775,743,762,424
901: 16,330,695,903,302,569,1006
902: 456,337,122,503,393,724,784
903: 196,16,330,695,901,882
904: 123,701
905: 78,331,450,647,693,709
906: 57,495,124,529,705,844,713
907: 147,450,617,709,274,797,197
908: 332,141,939,602,627,818,314
909: 1018,93,60,125,716,825,856
910: 280,426,165,630,639,198,837
911: 333,673,156,657,72,757,801
912: 184,126,510,146,278
913: 4,524,680,141,585,690,199
914: 440,511,614,879,127,552
915: 79,778,937,409,42,334
916: 128,319,1023,857,508,868
917: 482,200,4,112,524,878
918: 209,335,385,299,969,576
919: 1016,43,201,289,661,688,717,166
920: 182,103,491,157,336,821,848
921: 381,1011,694,202,172
922: 1016,250,688,337,724,54,816
923: 958,80,203,185,715,813,849
924: 233,2,518,539,158,338,720
925: 162,204,744,984,368,350,697,763
926: 339,114,761,791,212,941
927: 398,503,553,754,855,205
928: 159,340,652,686,759,800
929: 206,416,308
930: 313,75,769,341,658,815
931: 207,651,811,843,312,499
932: 143,462,342,106,599,294,859
933: 317,208,562,850,699,828
934: 343,491,336,692,848,213,570
935: 397,344,346,81,550,788
936: 881,209,299,576,324
937: 219,79,345,19,778,955,915
938: 378,328,210,574,406,667
939: 332,113,908,818,880,1014,211
940: 75,214,766,397,346,779,433,945
941: 791,37,212,309,641,926
942: 347,793,201,289,135,687,82
943: 58,213,496,708,837,343
944: 348,877,41,656,1012,215
945: 474,779,365,978,968,214,940
946: 89,481,405,99,349,572
947: 161,99,349,689,215,877
948: 350,674,803,162,654,49
949: 225,216,382,351,753,950
950: 466,753,93,825,351,949
951: 217,353,460,115,739,707
952: 67,270,352,573,666,671,736
953: 218,231,379,90,355,898,1007
954: 303,163,956,758,353,488
955: 964,219,194,19,937
956: 354,163,758,954,703,543
957: 220,61,360,978,5,527,621
958: 295,923,203,715,813,355,1007
959: 362,845,972,221,326,531,888
960: 356,560,579,624,625,136
961: 70,222,644,665,751,783
962: 586,357,20,171,195,736,899
963: 408,223,117,556,372,891
964: 219,955,358
965: 890,502,224
966: 164,475,359,781,817
967: 225,714,841,382,635
968: 91,360,978,365,945,167,214
969: 335,385,657,918,72,226
970: 421,361,118,494,832,561,620
971: 403,31,227,568,858,522,387
972: 1018,362,959,251,221,854
973: 228,819,490,116,568,522
974: 98,314,838,101,818,363
975: 401,229,285,562,664
976: 364,442,85,691,799
977: 318,230,708,854,150,407,631
978: 220,360,957,968,365,5,945
979: 231,22,379,989,546,406
980: 366,368,385,514,144,604,21
981: 27,232,517,408,386
982: 270,195,26,573,603,899,1015,367
983: 410,233,312,518,588,811
984: 204,86,366,744,925,368,763
985: 412,180,806,590,659,234
986: 235,44,417,137,608,23,997
987: 786,369,710,168,730,294,65
988: 236,874,421,11,551,179
989: 370,231,22,898,979,593
990: 237,753,893,216,423,629
991: 371,207,87,651,674,803,593
992: 238,865,24,598,646,428
993: 372,381,56,699,891
994: 239,895
995: 169,373,44,608,663
996: 240,293,780,535,7,706,649
997: 23,374,595,235,417,986
998: 434,272,582,660,241,728
999: 316,770,829,375,191,76,808
1000: 242,81,550,436,751,807
1001: 220,91,376,360,820
1002: 106,400,859,559,501,243,469
1003: 377,764,418,598,612,525,865
1004: 285,664,691,442,244
1005: 378,9,171,546,574,746,867
1006: 245,302,855,487,330,901,812
1007: 379,355,953,295,958,88,210
1008: 490,246,28,610,116,873,889
1009: 432,380,307,655,696,780
1010: 485,738,808,449,704,247
1011: 381,493,694,921,255,291,1022
1012: 348,395,248,41,711,944
1013: 382,374,472,564,773,635
1014: 124,249,529,211,453,939,880
1015: 436,665,367,982,603,383,242,782
1016: 201,250,661,688,747,919,922,724
1017: 237,118,494,893,789,809,384
1018: 362,125,716,909,972,251
1019: 31,252,205,619,842,569,754
1020: 253,32,439,559,243,675
1021: 465,254,32,414,597,622
1022: 15,193,291,566,1011,694,255
1023: 319,256,558,543,128,354,916