0: 17,21,46,36
2: 13,35,64,40
3: 23,59,44,24
4: 27,63,57,43
5: 12,51,45,18,26
6: 14,58,55,54,15,60
7: 14,58,34,11,38,25
8: 16,31,19,62,13
9: 58,55,22,34,49,20
10: 33,37,25,29,41
11: 59,14,7,25,41,24
12: 32,61,5,46,45
13: 2,52,19,8
14: 58,6,7,60,59,11
15: 63,43,54,6,60,56
16: 53,8,31,30,64
17: 0,21,35
18: 38,33,39,26,51,5
19: 52,42,62,13,8
20: 49,36,45,9,34,26
21: 49,0,17,36,35,40
22: 55,9,64,40,53,49
23: 3,60,59,56
24: 50,41,3,59,11
25: 10,38,33,7,11,41
26: 18,38,20,45,34,5
27: 63,4
28: 47,62,31,57
29: 50,41,10
30: 53,16,31,57,43,54
31: 8,16,30,57,62,28
32: 12,61,46
33: 10,18,38,37,39,25
34: 58,7,9,20,38,26
35: 2,40,17,21
36: 49,0,20,21,46,45
37: 10,33,39
38: 18,33,25,26,7,34
39: 18,33,37,51
40: 2,35,64,49,21,22
41: 29,50,24,11,10,25
42: 47,62,19
43: 30,57,54,63,4,15
44: 3
45: 20,46,36,12,5,26
46: 0,36,45,32,12
47: 42,62,28
48: 28,57,4
49: 20,21,36,40,22,9
50: 29,41,24
51: 5,18,39
52: 19,13
53: 16,30,54,64,55,22
54: 53,30,43,15,55,6
55: 58,22,6,9,53,54
56: 23,63,15
57: 31,30,43,28,4
58: 14,55,6,7,9,34
59: 3,60,23,11,14,24
60: 23,59,15,14,6
61: 32,12
62: 47,42,28,19,8,31
63: 27,4,15,43,56
64: 2,40,53,16,22