0: 1580,1939,2322,1027,1026,2069
2: 437,1125,1033,1041,1495,539
3: 1941,2095,1171,2019,1050,2699
4: 1585,917,2702,2027,2125,2670,785,1942
5: 1672,527,1052,1067,978,1328
6: 82,150,1913,640,531,1858
7: 706,130,323,1871,996,649
8: 470,1570,2149,2310,765,1061,256
9: 574,750,187,171,869,1005
10: 29,613,1951,2074,1066,2047,2564
11: 307,1517,1191,179,1832
12: 1292,1954,2118,2187,2633,2088,555,876
13: 558,316,470,1080,1570,549
14: 236,1901,280,620,874,1811
15: 1805,888,566,1086,1202,1311
16: 569,1089,741,1549,252,1804
17: 1545,1960
18: 1203,1102,1131,197,356,960
19: 263,955,1106,1963,2721,583,2159
20: 962,586,109,171,1889,746
21: 1750,980,1968,1227,1571,1112
22: 371,546,1762,1115,979,1748
23: 1393,372,752,1974,1775,399,2722
24: 1254,1123,646,1382,1977
25: 1205,288,1128,1163,684,1550
26: 1368,1835,1931,573,1133,390
27: 1137,1751,1280,1981,606,2220,2374
28: 2355,1290,1984,2663,873,1143
29: 1108,10,613,1951,1985,175,2564
30: 1152,835,616,398,1324,619
31: 1301,227,252,1156,205,1019
32: 1159,1021,1989,2458,1329,2377,2054
33: 1128,1458,140,1337,615,625
34: 1165,103,97,343,639,836
35: 269,1218,1170,1994,2411,2526,1353
36: 1627,1499,342,160,1173,2000
37: 212,1122,1092,941,1998,2264,641
38: 1912,1818,66,1827,1896,1862,1040
39: 1071,596,2003,2154,2188,2686
40: 811,1190,1395,233,1355,1184
41: 1753,1799,944,215,2267,1187,1186
42: 2010,2215,2465,2737,1417,1457,659,2324
43: 661,1194,1531,717,1661,747
44: 1758,1938,2387,2013,986,1973,1688,2281
45: 1204,471,768,104,1573,1414
46: 2750,2755,597,2016,1060,2132
47: 1472,2018,2122,2352,2565,1209
48: 1586,534,2044,2020,2517,2545
49: 654,284,479,1846,948,1852
50: 1384,1299,1220,1127,2193,1256
51: 1303,340,681,2642,2025,2546,727,1971
52: 1487,2082,2513,1228,2550,541,1043,2062,2109
53: 538,685,434,90,1905,813,812,487
54: 1874,347,1900,94,793,1869
55: 185,422,1413,692,934
56: 1239,381,2033,2492,2573,891,993
57: 1540,228,1241,1152,616,1530
58: 731,854,1872,1932,871,458
59: 1249,2029,2037,2152,2451,1297
60: 125,909,1238,1826,1546,93
61: 957,1716,2038,1500,278,2272,220
62: 781,164,2195,2189,721,1260,1357
63: 199,1178,2436,2467,723,317,1400,2412
64: 857,1855,1828,241,1048,868
65: 1609,1841,143,710,987,2073
66: 1912,1818,262,446,1275,38
67: 1923,267,952,1856,1279
68: 2439,2201,2242,861,2045,1976,1284
69: 748,1287,2046,513
70: 1857,311,1673,961,283,644
71: 1686,2637,2549,2206,653,2049,431
72: 333,757,1558,2051,2081,2540
73: 1235,1695,2053,2447,1606,2289
74: 1162,1309,1138,2056,368,1359
75: 313,930,1634,341,1313,1167
76: 1105,770,2059,2062,2165,2428
77: 2489,642,2669,1057,268,2061,2136,2290,2336
78: 1210,2711,2656,2063
79: 2065,2658,2746,584,2521
80: 1822,849,1603,203,1934
81: 751,148,807,1587,1000,537
82: 1869,640,260,6,1858,942
83: 104,666,1338,352,1551,743
84: 1116,1515,545,1345,2247,2114
85: 1348,1096,2403,2609,1955,2072
86: 801,744,226,1690,1150,1352
87: 803,350,1764,1126,651,1355
88: 1820,938,328,667,1007,1883
89: 1693,1070,789,572,179,1360
90: 53,685,813,1269,1362
91: 1779,1366,2435,2691,2476,2623,2078
92: 1321,822,2079,2480,2553,2628,2654
93: 1694,1546,105,1373,60,1238
94: 922,1854,1900,54,793,1377
95: 1258,1380,2606,1211,2083,2135
96: 834,423,1470,1384,612,1347
97: 103,821,848,1817,343,34
98: 974,363,1390,1194,277,838
99: 1753,1420,215,2741,2086,2267,2727
100: 448,461,2420,1398,1532,842
101: 1403,1291,844,211,1747,1490
102: 2091,2647,2644
103: 97,821,737,1165,34,459
104: 1204,45,83,1414,666,743
105: 1546,1628,1262,93,856,1373
106: 1568,2514,2098,2099,2379,1643,1421
107: 1425,845,500,1850,402
108: 1430,782,177,474,1296,1370
109: 20,476,586,746,1898,1890
110: 2594,790,2593,2103,2130,2580
111: 1521,794,480,1439,2105,2597,2603,1594
112: 798,2107,2258,1741,1585,2125,1442
113: 1073,2671,1445,880,2182,602,1213,2207
114: 1614,2558,1615,1449,883,2710
115: 951,739,2730,885,2111,488,1454
116: 1459,490,1446,670,889,1591
117: 1463,492,1479,1624,1948,2115,2329
118: 1103,1798,832,1467,1465,970
119: 1289,2684,1392,2120,1494,2720
120: 685,1911,434,218,898,1919
121: 900,1148,1702,306,1477,2655
122: 1886,245,1924,393,784,1870
123: 1364,701,1069,2128,2172,2653,2689
124: 906,1014,1747,1074,1490,529
125: 60,909,1018,1909,1928,1546
126: 2666,502,912,1257,1967,2002,2085,2131
127: 552,1645,1134,1679,1504,914
128: 1576,1507,1267,512,1681,916
129: 2191,276,2350,2026,2071,2134,1076,2090
130: 7,323,1906,1871,535,1930
131: 1064,2031,140,1550,1273
132: 1609,1519,682,143,1485,530,520
133: 269,1528,1994,2339,2142,1230,2043
134: 1242,594,783,578,644,1890
135: 894,552,1134,1072,1853,1535
136: 1830,624,560,190,733,884
137: 565,1356,2055,2110,2148,281,2398
138: 1149,1160,310,1543,1090
139: 676,1545,286,2472,2066,2150
140: 33,1128,1550,1337,1273,131
141: 602,627,2207,1268,1560,2155
142: 2376,435,1094,1564,2158,2241,2121
143: 1114,65,1609,1519,1841,132
144: 1349,980,514,257,2161,1571
145: 607,758,1681,1692,1576,1713
146: 1562,1954,2118,2085,2697,2166
147: 2169,2327,1584,2070,1509,443
148: 1827,81,1587,645,1040,537
149: 1592,1506,1285,440,1079,1169
150: 1933,1913,640,6,1891,1823
151: 283,634,1893,637,311,1892
152: 2144,2173,2279,2296,1193,1391
153: 1375,2147,2174,1320,2652,886,2424
154: 1871,892,1896,698,1912,649
155: 897,1502,2184,2154,2177,2289,2686
156: 1731,333,2051,1612,1412,2342
157: 182,1821,491,920,1701,667
158: 673,720,300,1455,1132,1619
159: 759,1622,2543,2177,2184,2430
160: 342,1049,1173,266,36,1848,2186
161: 1394,947,349,1256,796,2086,2727
162: 350,1737,1259,1404,204,1632
163: 956,954,1534,1636,543
164: 1077,1640,62,2195,460,2189
165: 1554,910,198,712,561,458
166: 1853,289,1577,1305,552,1645
167: 214,1677,2368,2194,360,1281
168: 2491,2005,2196,259,369,1651,2228
169: 735,2199,2494,1623
170: 1010,2198,2201,738,1976
171: 187,9,1889,746,1005,20
172: 1596,1663,2707,1678,921,1735,1512
173: 834,1346,1062,2552,764,1669,1271
174: 1672,632,1351,864,1067,767
175: 771,2205,2564,29,1985,2455
176: 1683,693,2406,331,2433,2208
177: 782,108,474,242,1884
178: 786,1552,2073,710,2724,2444,2211
179: 11,1191,572,89,1070,1832
180: 985,2215,2291,2737,1756,1970
181: 1119,1699,2217,2294,2337,2510
182: 157,821,737,920,1701,1440
183: 2044,2221,1214,2218,1705,1087
184: 2651,1319,2646,1987,1333,2224
185: 55,1574,824,422,1819,692
186: 527,632,1067,852,1711,1056
187: 1902,171,9,869,1889
188: 700,1715,2020,2229,2545,648,429
189: 1486,1484,1957,2232,1363,1717,2319
190: 136,624,1825,884,1718,433
191: 829,1777,999,2235,2349,2562
192: 544,2557,2326,1721,2240
193: 528,1086,1722,894,760,1491
194: 263,704,2052,2244,2325,2432
195: 1279,270,899,1935,1923
196: 569,1929,903,1089,1443,695
197: 1203,907,1345,2674,18,1131,2607
198: 1554,165,837,1903,1932,458
199: 1662,1813,63,1178,2250,2436,2467
200: 287,2139,2369,2677,2702,2027,2253,1058
201: 347,1859,919,661,1837,1496
202: 862,1045,472,694,1735,595
203: 393,1934,1897,80,923,1603
204: 1518,1655,734,1632,162,1737
205: 1324,1156,31,1019,1739,1389
206: 2258,1741,929,2715
207: 1742,499,1310,370,593,991
208: 1744,2033,2183,2363,2573,826,2260
209: 2318,299,2261,2704,2751,2388
210: 379,1748,546,406,1910,1820
211: 1403,101,1747,1664,332,818
212: 1749,1122,1092,37,1668,2264,2372,2303
213: 343,1185,943,496,570,708,1817
214: 1677,167,1752,1710,1648,1281,2222
215: 1753,41,877,99,944,2741,2267,2668
216: 1769,753,1755,1680,2529,990
217: 1652,303,353,702,1757,1544
218: 120,685,898,989,231,1362
219: 2270,2733,2721,937,1659,2243,2392
220: 1761,2119,1500,61,1716,2272
221: 1908,631,1868,1866,1913,1891
222: 1873,476,367,961,783,665
223: 581,2079,2275,2553,1208,2153,1765
224: 2509,2680,2457,1767,2664,2277,2486
225: 1769,1755,1691,2380,1729,841,498
226: 757,1300,1690,1298,1352,86
227: 1301,403,971,1156,842,31
228: 57,1540,616,1314,1180,1774
229: 1952,2280,2391,2096,1744,826
230: 407,577,1246,1185,977,404
231: 1885,1936,1362,218,989,979
232: 981,1427,2520,2285
233: 40,1190,454,1780,1184,1588
234: 1637,1417,359,2175,2286,2441,1782,2203
235: 417,1999,2287,2512,2683,1784,997
236: 988,1901,1879,14,874,1863
237: 893,1017,494,466,753,2529,1786
238: 1480,1969,2292,2544,2452
239: 1770,650,1991,2293,2307,1675
240: 698,1616,446,1926,432,1916
241: 1816,857,1828,64,728,843
242: 177,397,474,1884,550,1915
243: 1989,2299,2458,1947,1792,1002,1644,2214
244: 1794,2461,1785,2028,2301,2622
245: 1006,122,1924,487,1870,302
246: 1143,1472,2018,2304,2565,447,1796,1290
247: 1996,2306,1633
248: 1793,1529,1799,944,304,1142,2393
249: 453,529,1801,2671,880,1014,939
250: 1834,1661,464,456,1016,1887
251: 1908,1909,972,854,1872,1018
252: 1301,31,1549,16,1019,1804
253: 1670,254,2315,2481,2313,2256,2269
254: 1803,253,2315,1808,2481,2313
255: 1626,1809,1104,493,1011,1022
256: 1151,1110,1810,8,470,2149
257: 1272,2616,2161,144,2076,2317,1571
258: 1047,1227,2320,1571,1029,2171,2317
259: 1034,2322,2474,2084,1032,168,2196,369
260: 82,1858,1535,942,1072,1815
261: 519,1044,533,1344,327,1814
262: 884,1818,1275,66,1244,1825
263: 1106,194,19,2244,2325,583,2159,2432
264: 1157,1046,2114,2327,617,2648
265: 1225,1125,1824,1033,319,410
266: 1049,160,1173,2186,804,554
267: 1448,67,1054,1856,427,1188
268: 642,77,1037,1057,2290,2336,2497
269: 35,1059,1170,1994,2178,2339,133
270: 195,899,1923,1918,573,982,1931
271: 1893,628,1631,1920,634,1120
272: 1929,508,582,857,728,998
273: 292,2172,2689,567,1177,2170,2345
274: 450,1539,2057,2346,2340,2176,2395
275: 1217,2223,1154,2613,2348,1268
276: 129,2191,2350,2026,1642,1076
277: 98,1390,1305,614,1079,838
278: 1562,1500,1581,1081,2131,61,2038
279: 1237,1415,1718,1334,579,624
280: 910,1084,620,561,1811,14
281: 635,2357,2398,2448,137,1356
282: 1823,793,1377,827,1246,1933
283: 151,578,644,634,70,311
284: 49,571,310,654,1090,1846
285: 1091,2280,2515,1776,2362,2230
286: 676,139,1950,2150,662,2366,2273
287: 2139,200,2138,2369,2375,2677,680,1058
288: 1205,25,684,1865,580,1450
289: 1853,687,1859,166,919,1577
290: 1476,1662,2259,2004,1592,1342
291: 694,1104,1791,1175,500,1850,862
292: 1526,1069,273,2172,567,2376,2158
293: 1009,1860,780,1836,1861,1833
294: 1114,1841,710,2444,400,2098,2379
295: 953,355,1007,1883,1117,805
296: 428,1969,2297,2383,497
297: 2163,2385,2450,2583,2550,1212,2309
298: 454,1126,1184,1536,734,1737
299: 1130,604,2213,2318,209,740,2388,2672
300: 673,1536,1132,1150,1620,158
301: 371,546,1847,406,750,1914
302: 754,1844,901,1006,245,1870
303: 1523,1264,353,1139,702,217
304: 761,1615,1449,2393,451,1529,248
305: 596,2176,2395,2586,2490,2351,1201
306: 121,1148,1075,2088,1322,2655,2397
307: 1517,1833,11,551,1832,1861
308: 416,1608,484,2370,2399,2604,1088
309: 443,1514,2030,2561,2169,2381,2402
310: 654,284,1090,697,636,138
311: 1857,70,623,151,283,1892
312: 1638,931,983,1816,1431,811
313: 75,815,1634,2621,1167,1604,1226
314: 1542,1216,818,1738,1285,1169
315: 2265,2418,2735,2409,1945,2249
316: 13,1174,1080,1570,829,999,2007
317: 975,1161,1740,1400,2412,63,1178
318: 1903,943,1888,708,731,1932
319: 1824,265,1806,1270,410,1048
320: 1892,1842,860,1878,1895,637
321: 1189,2417,2675
322: 1391,2419,2469,2718,2660,870
323: 706,7,130,1867,1876,1906
324: 2251,2479,1197,936,2719,2422
325: 2459,2424,2652,1200,2567
326: 1815,888,1202,531,1858,959
327: 1930,1878,1895,1344,261,1814
328: 413,938,88,1701,667,1024
329: 774,1502,2498,2006,2430,2179
330: 903,695,444,901,812,1006
331: 1210,2433,176
332: 908,1213,1216,818,211,1664
333: 1558,156,72,2051,2563,2526,1612
334: 1943,2437,2112,1192,2465,2535,2577
335: 657,2704,2440,2542,1199,2261
336: 1921,692,848,1817,570,934
337: 1886,1934,724,1907,1822,816
338: 1099,633,924,2142,1230,1619
339: 526,1116,791,545,1064,2445
340: 1303,928,681,51,2053,2378,2447,2025
341: 75,930,769,1313,1237,1082
342: 795,1839,1627,160,36,1848,2186
343: 213,496,97,1817,34,836
344: 1244,1095,935,1825,788,433
345: 778,1578,1247,2450,2583,915,2700
346: 1068,1387,397,1129,1250,1875
347: 1874,1859,54,201,1837,1900
348: 1012,1383,1674,2262,2453,2547
349: 1394,946,1682,161,1597,796
350: 162,87,803,1737,1259,1126
351: 950,949,1343,1166,825,1261
352: 671,2757,438,1338,83,666
353: 303,1264,1757,217,1454
354: 1576,1713,1110,1267,1810,543
355: 958,953,1885,295,1269,1117
356: 1273,18,1131,960,1337,1720
357: 1925,1845,427,1902,1856,736
358: 2460,1725,2311
359: 590,2624,234,2175,2441,2462,1727,817
360: 1716,968,2194,167,1779,2394,1281,2623
361: 620,1671,1283,1901,1733,970
362: 1927,1469,959,888,1311,1882
363: 974,98,1194,1531,452,1291
364: 1294,2361,2635,976,2468
365: 2368,1917,945,1052,1296,978,1746
366: 1298,385,1349,1352,1750,984,2493
367: 1873,899,222,665,982,1904
368: 74,1309,2056,1304,1968,1704,1112
369: 1308,1651,2228,2389,168,2196,259,2474
370: 898,1310,207,989,593,1762
371: 22,546,1847,1115,1312,301
372: 1393,23,1318,2477,752
373: 2480,2654,2694,2233
374: 1575,1795,1784,1325,2448,635,1013
375: 742,2484,2511,2649,1317,1327,2659
376: 1605,2625,2151,2277,2283,2486
377: 525,2488,2029,2017,1361,2687
378: 867,1910,938,1024,574,1005
379: 210,953,1936,1007,1748,1820
380: 1009,1407,1881,696,1263,1880
381: 56,2492,1522,2416,993,1341
382: 1691,1343,564,1795,1729,1013
383: 1368,1840,532,603,1835,1838,1904
384: 893,1182,481,423,2682,1347
385: 366,1298,2413,2493,1771,1300,2639
386: 1243,1463,492,408,2115,2495,1350
387: 1354,504,1734,1357,858,1053
388: 525,2029,2037,1057,2101,2336,2497
389: 529,1801,1667,705,1365,1074
390: 1714,768,1133,1368,26,1712
391: 672,2759,1371,2218,718,2300,2501,1087
392: 394,2058,2698,536,2094,2503
393: 203,1886,122,1924,1934,1897
394: 392,1100,1374,2058,2506,2698
395: 430,1471,1392,2709,2508,2064,2358
396: 1386,2326,2509,1113,2486,1721
397: 1387,474,242,1129,550,346
398: 835,30,1324,1389,1617,1274
399: 1999,2533,2722,1974,1393,23,1775
400: 2514,2102,2098,2438,710,294,1397,2444
401: 975,1400,1952,2726,2412,2515,1505
402: 773,1850,1261,107,1425,1405
403: 227,971,619,1156,1409,1314
404: 1185,570,934,230,1413,577
405: 840,445,1419,1682,1410,656
406: 574,750,546,301,210,1910
407: 230,1823,1246,1891,977,631
408: 386,2495,1350,2679,2520,1949,1962
409: 1192,2518,2521,2535,1221,2065
410: 1828,1048,1431,1225,265,319
411: 1380,2748,1231,412,2524
412: 1231,2180,2524,2525,2752,411
413: 328,1381,1701,1024,1440,547
414: 1557,1444,622,2661,2054,2473,2528
415: 2530,2606,2706,831,2636
416: 308,484,2370,2532,2758
417: 235,1758,2287,2387,2512,2533,2627
418: 1193,1003,1123,1783,2443,2469,2536
419: 1458,600,1307,655,432,615
420: 872,1435,2539,2662,2749,1707,1460
421: 1465,1693,988,1070,1733,1879
422: 55,849,185,1819,1413,626,489
423: 96,1763,1470,2682,384,1347
424: 900,1711,775,1508,853,1474
425: 1893,1922,628,1344,637,1895
426: 1899,1554,910,519,1044,1084
427: 571,1845,357,1188,267,1856
428: 296,1766,1121,2708,1969,2297,2544
429: 1388,648,2716,1482,1972,188,2545
430: 1471,395,2547,1979,2709,2064
431: 653,1980,1363,71,2549,1486,2232
432: 655,1926,1307,1616,240,419
433: 1489,1718,344,935,1825,190
434: 120,53,685,1911,1905,660
435: 142,2551,1094,1492,1564,2168,2241
436: 1840,1838,751,1884,1000,1915
437: 2,1125,1252,1080,549,1495
438: 352,1448,2757,1627,1499,1338
439: 1020,2555,2471,1462,1233,2560
440: 1572,614,149,1506,1079,914
441: 1493,544,1990,2024,2557
442: 2559,1785,1004,2028,2301,2449
443: 1509,2022,309,2561,147,2169
444: 330,695,582,1905,812,660
445: 1517,1293,840,405,1419,1191
446: 698,1912,1616,240,1275,66
447: 1521,1796,2036,2603,1143,246,2565
448: 607,758,1646,100,461,1532
449: 1277,1537,1525,2568,896
450: 274,1539,2442,2570,1071,1181,2176
451: 1529,2572,304,761,2295
452: 363,1531,1291,844,1306,713
453: 507,249,1533,1801,1433,880
454: 233,298,1184,1588,1536,1132
455: 1050,1375,2060,2123,2174,2575,2699
456: 1834,503,250,902,1016,1851
457: 810,726,1293,1881,840
458: 712,871,58,1932,165,198
459: 1165,1922,628,1631,103,737
460: 1547,1698,2189,2578,1640,164
461: 448,1646,100,1549,2420,1301,842
462: 1551,1653,859,1421,795,1839,932
463: 745,2075,2239,2516,2593,2580
464: 1834,1555,1661,747,1136,250
465: 1803,668,2473,2581,1557,2080
466: 1628,1373,1561,753,2529,237,494
467: 1563,1688,2281,2582,2743,663,2333
468: 1566,1330,1650,828,850,1697,511
469: 1781,1568,2014,2099,2585,1358,1477
470: 13,558,8,1570,2149,256,1151
471: 45,1714,768,1573,1351,767
472: 564,202,1045,1575,595,1795
473: 2116,2588,1580,523,2145
474: 1387,108,177,397,242,1296,1917
475: 781,966,1077,2590,1583,2195,1699
476: 1873,222,586,109,783,1890
477: 1097,787,2592,2248,2589
478: 2594,1233,2130,1172,2418
479: 1925,49,1846,1852,792,643
480: 111,2597,1258,2204,2636,1594,2135
481: 809,384,1182,2617,1597,2599,1127,1347
482: 1743,1140,2601,2754,2146
483: 1223,2610,2602,1145,928,2378,2714
484: 416,1608,308,2758,830,2604
485: 1105,1611,2165,2266,1937,704,2456
486: 1600,1187,580,1450,1615,883,1142
487: 1006,245,1924,538,53,812
488: 1703,2111,1944,115,1264,1454
489: 816,626,1340,1822,849,422
490: 819,1459,1736,116,1621,889
491: 1821,157,1883,805,824,667
492: 1243,117,386,1948,2115,2260,2632
493: 921,1626,255,1011,1894,828,1522
494: 237,1017,1798,1628,466,1467
495: 1241,1152,835,1635,1306,1565
496: 343,1903,943,213,836,837
497: 2383,1598,296,2297,1958
498: 841,1297,225,2380,1641,2209,1249
499: 1638,1742,931,1310,1812,207
500: 291,1175,566,107,845,1850
501: 1322,1477,2655,1965,2360,2585
502: 2666,1647,126,1967,2224,2405,1767
503: 1834,553,456,855,1831,902
504: 1354,387,1260,1357,1652,1544
505: 1660,738,2045,2499,1976
506: 1476,863,1662,1813,679,879,2436
507: 453,1533,1801,1667,1982,1378
508: 1929,272,1877,1443,857,868
509: 1396,1559,1671,1418,1928,856
510: 618,1987,1676,2697,912,1333
511: 1697,1679,1426,1504,468,850
512: 1282,1681,128,916,882,1877
513: 69,748,1287,2629,1511,2350,1995
514: 144,1349,2413,2493,1030,2001,2161
515: 732,1029,2491,1025,2005,2067,2076
516: 1272,604,2616,2213,740,2009,1035,1025
517: 1038,606,2012,2374,2579,2679,1350
518: 924,539,1041,720,1780,1588
519: 426,1044,1084,261,630,1814
520: 530,1047,1613,2171,730,1609,132
521: 1563,1688,2019,2089,2133,756,2537,1171
522: 568,1734,1591,1053,973,1459
523: 1580,1939,2023,2145,473
524: 1042,1942,2106,1567,2027,1058,1964
525: 377,388,2029,1361,1057,2136,2336
526: 1064,339,2445,1232,1205,1550
527: 5,186,1067,852,621,1328,2254
528: 1815,193,1086,1202,894,1072
529: 249,1801,389,1014,124,1074
530: 1078,1047,520,589,1485,132
531: 1913,6,1858,959,326,1866
532: 1368,1840,383,1712,1430,782
533: 1165,1922,1344,639,1044,261
534: 1586,2592,2044,2589,48,2517
535: 1871,892,860,1930,1878,130
536: 2094,2047,2503,1066,392,2698
537: 1000,1040,1095,1332,148,81
538: 53,813,1924,487,1897
539: 1099,518,924,1495,2,1041
540: 2058
541: 770,1043,2062,1031,52,2082
542: 1108,1556,2271,2709,2077,1147,2064,2358
543: 1713,354,1110,956,163,1534
544: 441,192,2024,2557,2068,1721
545: 1116,1515,84,1064,339,2031
546: 371,22,301,210,1748,406
547: 1920,1242,1120,413,1381,1440
548: 1302,1951,2074,2238,1700,2167,2303
549: 13,558,1080,437,1125,1824
550: 1129,788,1332,1915,397,242
551: 988,1832,1864,1863,1861,307
552: 1645,127,1134,135,1853,166
553: 1834,1617,503,1136,927,855
554: 1162,804,1078,2645,1049,266
555: 1141,876,847,2397,2088,12,2187
556: 1393,963,1229,1146,2093,2354,2722
557: 1173,2000,1149,1543,1188,1054
558: 13,470,1806,549,1151,1824
559: 1781,1002,2102,2014,2438,1155,1792
560: 1334,136,1830,625,624,2104
561: 712,620,1283,280,165,910
562: 699,1239,2363,1161,2356,2391,2108
563: 1171,2110,2148,2414,1569,1037,2095,2497
564: 1166,1045,472,1795,382,1343
565: 986,137,1538,2055,2117,2148,2414
566: 1805,15,1311,1175,500,845
567: 292,273,1177,2345,2376,2158,591,2121
568: 522,1734,1409,973,1180,1314
569: 903,196,16,1089,1804,1183
570: 1185,213,404,934,336,1817
571: 1543,1845,284,1090,1846,427,1188
572: 1419,1191,179,89,946,1360
573: 1432,1133,1918,270,26,1931
574: 406,750,9,1005,378,1910
575: 1422,2137,2321,2440,1988,2542,1224
576: 1098,1745,1960,2140
577: 230,827,1413,626,1246,404
578: 1920,1242,283,134,644,634
579: 1334,960,1237,279,769,1102
580: 486,1450,1205,288,1232,883
581: 223,1723,2744,2153,1765,2401
582: 1929,272,695,444,998,660
583: 1228,2159,2385,2583,2550,263,19,2325
584: 2162,2521,79
585: 1217,2106,1268,2164,2155
586: 1873,20,476,962,109,1935
587: 1649,1222,1177,2170,2225,2345,2626,2538
588: 1225,983,1033,1041,1190,1780
589: 530,1078,1047,1227,1112,2645,1309
590: 2624,2556,1438,359,2175,2382,817
591: 1059,2092,2121,2178,567,1177,2434
592: 2569,2180,2408
593: 1762,991,1115,1240,207,370
594: 1242,134,1898,1890,867,1381
595: 1575,1245,1735,1663,202,472
596: 1071,39,305,2176,2188,2586
597: 2755,1557,46,1444,2080,2192,2347
598: 2197,1335,2598,1361,1783,2687,2443
599: 1114,1643,1519,682,1848,932
600: 1458,1163,1263,419,655,1407
601: 1447,831,2204,2636,2734,2753
602: 908,141,1213,627,2207,113,2182
603: 1838,383,665,1904,1015
604: 1130,516,2213,299,740,2009
605: 2216,2248,1451,1629
606: 517,2012,2220,2338,2374,27
607: 448,145,758,1282,1646,1681
608: 1198,2482,2226,2415,1453,1286,1938
609: 1665,2519,2227,748,1995
610: 1008,1290,2695,1984,2231,2703
611: 1056,1148,1075,775,1292,1336
612: 1384,1456,1299,1271,834,96
613: 1108,10,29,1556,1951,1985,2271,2238
614: 440,1079,914,1305,277,1645
615: 1830,625,1307,33,1458,419
616: 57,228,1152,30,1314,619
617: 1316,2648,797,2247,264,2114
618: 510,1319,1987,2249,1676,2265
619: 1324,403,1156,30,616,1314
620: 361,561,1283,280,1901,14
621: 957,1328,2038,2254,527
622: 1444,1251,414,2661,2054,2237,2257
623: 1857,311,1587,645,1892,1842
624: 1334,136,560,190,2104,1718,279
625: 1337,615,1830,1720,560,2104,33
626: 827,1413,577,489,1340,422
627: 602,908,141,1542,1216,1501,2207,1560
628: 1893,271,1922,425,459,1631
629: 990,1641,1346,1763,1786,1470,2209
630: 1876,1906,1814,1811,519,1084
631: 221,1868,407,1891,977,1888
632: 186,1351,174,1067,1474,1711
633: 2142,338,1994,1353,1455,1619
634: 151,1920,283,578,1893,271
635: 281,967,1013,2357,1784,374,2448,1356
636: 1138,1610,1359,697,310
637: 1893,425,151,1892,320,1895
638: 1956,2282,2367,2688,1295,1599,2144
639: 1899,836,1044,1165,34,533
640: 1933,82,150,1869,6
641: 1372,2288,2402,37,941,1998
642: 77,2652,268,1941,2061,2290,1375,1320,2699
643: 1914,792,869,1925,479
644: 961,283,134,783,578,70
645: 1827,148,1587,623,1842,1862
646: 2296,2534,1193,1123,24,1382
647: 897,1051,2446,1527,2692,2298
648: 2302,2716,429,700,188,2229,2545
649: 996,1916,154,1871,7,698
650: 2508,239,2720,2293,2307,2358
651: 1395,1355,1742,87,1764,991
652: 1473,686,2185,2312,2390,2543,1625
653: 1980,2314,2729,2049,431,71,2549
654: 49,310,284,697,948,1404
655: 1926,432,1836,1407,600,419
656: 810,1186,840,405,1410,1753
657: 335,969,918,2704,1940,2321,2440
658: 1415,1250,1489,940,1875,1082
659: 1457,2673,885,2324,42,2502
660: 1911,434,998,1905,582,444
661: 43,717,1661,1496,919,201
662: 286,2472,2150,2366,2331,1195,2137
663: 1198,2482,2333,1993,2013,467,2281,2743
664: 2220,2338,2426,2622,1785,2745
665: 603,1904,222,367,961,1015,1673
666: 1204,1432,104,83,352,671
667: 328,88,1701,1883,491,157
668: 465,2080,2347
669: 829,1252,1466,2323,2349,1441,1953
670: 889,2352,2678,1446,2504,116
671: 352,2757,952,1918,1432,666
672: 391,2759,2355,1371,2231,2501
673: 300,1455,1690,1150,158,911
674: 1847,1312,1687,1158,1852,792
675: 2471,1322,1462,847,2214,2360,1802
676: 139,286,1950,2150,2364
677: 1468,1684,2282,2367,2396,1630,2531
678: 686,1959,2371
679: 1476,506,879,1572,1506,1426
680: 1478,1964,2341,287,2139,2375
681: 928,340,51,2378,2025,1481,1971,1223
682: 599,1519,1485,132,1049,1848,2186
683: 1212,1487,1983,2309,2384,2483,2513
684: 288,25,1163,1263,1865,1880
685: 120,53,434,218,90,1362
686: 1473,652,678,1959,2390
687: 1853,1874,289,1859,1535,942
688: 922,1016,1837,1900,1843,1887
689: 1498,1717,2282,2319,2396,2688
690: 1730,1478,913,2400,1101,2004,2097
691: 2015,2403,1428,2021,2072,1091,1505
692: 1921,1821,336,55,185,824
693: 176,1683,2022,2274,2561,2406,2433
694: 1735,1512,291,1791,202,862
695: 1929,903,196,330,582,444
696: 1517,1833,1293,1881,1009,380
697: 1610,1632,1404,636,310,654
698: 1912,446,240,154,1916,649
699: 562,1239,2492,933,2108,2416,2693
700: 188,2421,1406,2229,648,2302,2665
701: 1483,1069,123,2041,2128,2423
702: 1652,1523,303,1398,217,1532
703: 729,2429,2202,2554,2384,2483
704: 194,2052,1537,485,2266,1937,2432
705: 1365,1219,389,1540,1530,1074
706: 7,1867,323,1864,1860,996
707: 1698,2189,1757,1544,1260
708: 1185,977,943,213,1888,318
709: 1584,1316,1539,2124,2442,2648
710: 65,1841,294,2073,178,2444,400
711: 1012,1383,1529,2572,2709,2077,1556,2640
712: 1559,871,561,458,1283,165
713: 1555,747,1565,1306,1531,452
714: 2212,1164,1569,2037,2451,2101
715: 1574,923,1117,1603,1819,958
716: 1927,909,1425,1469,1826
717: 1390,661,43,1194,919,1577
718: 2634,1255,1579,2300,2501,2600,391
719: 1257,1967,2605,2457,2405,1582,2664
720: 1132,1619,158,518,924,1588
721: 1591,1357,1053,781,62,1446
722: 1563,1593,2089,2463,2582,2732
723: 1595,2375,2341,63,2467,1400
724: 1843,1851,1907,1886,337,784
725: 1402,2470,2729,1598
726: 457,1865,1600,810,1450
727: 2546,2476,1604,1226,1971,2078,51
728: 857,241,272,843,1849,998
729: 1618,703,2202,1124,1607,2483
730: 987,1651,1978,1613,2487,520,1609
731: 1868,854,58,1932,1888,318
732: 515,1029,2491,1613,2171,2487,1651
733: 884,1307,1616,1275,136,1830
734: 1655,204,1536,1620,298,1737
735: 169,2494,1623,995,2181
736: 1279,962,357,1902,1889,1856
737: 182,103,821,1440,1120,459,1631
738: 505,2499,1976,1633,170,2198
739: 951,1547,2730,2203,2502,115,885
740: 2009,2505,2672,1076,516,604,299
741: 1282,1646,1549,882,16,1089
742: 887,1649,375,2511,2538,1719,1327
743: 1551,1653,1339,104,83,1414
744: 1754,86,801,925,1352,984
745: 463,2256,2516,2593,1107,2269
746: 171,1005,867,20,109,1898
747: 1555,1661,464,713,43,1531
748: 69,513,1665,2519,609,1995
749: 2522,2581
750: 574,406,9,1914,869,301
751: 1015,81,807,436,1838,1000
752: 23,1318,372,2477,1974,2407,2527
753: 1680,216,2529,466,1561,237
754: 1800,1685,1183,1844,901,302
755: 1686,1639,2173,2206,2534,1121
756: 1563,521,1688,2537,986,2117
757: 1300,226,72,911,2081,2540,1690
758: 607,448,145,1523,1532,1692
759: 1622,159,2312,2543,1235,1695,2566,2177,2184
760: 1697,1491,1566,193,1722,1809
761: 1614,304,1449,2548,2295,451
762: 1653,1339,859,1358,1702,1508
763: 1610,1754,1518,925,1704,1359
764: 1062,2552,2488,2017,173,1706,2305
765: 1708,2554,1983,1061,8,2149,2310
766: 1666,1752,1313,940,1167,1710
767: 1083,1351,174,864,471,1714
768: 1204,45,471,1714,1133,390
769: 1028,930,341,1237,579,1102
770: 541,76,2062,2428,1031,2007,2562
771: 1036,175,2094,2564
772: 1039,865,2567,2657,992,2459,2701
773: 1166,1850,402,862,1045,1261
774: 1385,329,1502,2498,2006,2126,2571
775: 900,1711,1056,1148,611,424
776: 2588,2574
777: 2208,1683,2576
778: 1065,1578,345,2577,2450,2157,2437
779: 1677,1666,1917,1752,1068,945
780: 1860,996,1926,1836,293,1916
781: 475,1077,2590,62,1446,2195,2504,721
782: 1430,108,177,1884,1840,532
783: 961,134,644,1890,476,222
784: 1886,122,1870,1831,902,724,1851
785: 1042,2670,1942,2523,2584,1423,4
786: 1759,1552,2389,178,2496,2587,1093,2211
787: 477,2216,2221,2248,2589,2618
788: 344,1095,935,1129,1332,550
789: 1103,1488,2617,89,1693,1360
790: 2594,110,2593,1503,1107,2580
791: 1116,339,2445,926,2710,2278,2596,1668
792: 1914,643,1852,674,1847,479
793: 1377,282,94,54,1933
794: 111,1521,2105,2603,1119,2294,2122
795: 1839,342,1848,932,462,1421
796: 161,349,1597,1256,2599,1127
797: 617,1316,2057,907,1345,2247,2607
798: 1135,112,2258,2608,1442
799: 1294,1140,2635,1732,2343,2609,1955
800: 1113,2610,2068,2151,2283,2353,2024
801: 86,1655,744,925,1150,1620
802: 1154,2373,1073,1445,2747,2113,1579,2600,1433
803: 1687,1158,87,350,1764,1259
804: 1149,1162,1160,554,1173,266
805: 1574,1117,824,295,1883,491
806: 2614,1236,1696
807: 751,1857,1015,81,1673,1587
808: 1179,1790,2615,2456,2649,1611,1317
809: 1182,2617,481,1360,1597,2599
810: 457,1600,726,1186,656,840
811: 40,1190,1395,983,312,931
812: 53,1905,330,444,1006,487
813: 538,53,90,1897,958,1269,923
814: 1196,2673,2620,885,2111,2475,1944
815: 313,2621,1201,2546,1226,2642,1248
816: 489,1340,337,1854,1907,1822
817: 1727,1211,1434,2510,590,2624,359,2462
818: 314,332,1216,1403,211,1738
819: 1365,490,1736,1219,1621,866
820: 1001,1366,1331,2691,1605,2625,2541
821: 182,103,97,737,848,920
822: 1321,92,2628,1146,1772,2226,2415
823: 1141,1416,1172,2735,2560,1802,2471
824: 1574,185,805,1821,491,692
825: 1261,1238,1405,1694,950,351
826: 1744,208,229,2096,2260,2632
827: 1377,282,577,626,1246,1340
828: 1566,1894,468,1650,1626,493
829: 669,191,999,1252,2349,316,1080
830: 2634,1255,1276,1451,2604,484,2758
831: 1447,601,2636,415
832: 1262,1467,1418,970,118
833: 2539,2638
834: 173,96,1346,1470,612,1271
835: 495,1152,30,398,1565,1274
836: 1899,639,837,343,496,34
837: 1899,1554,836,198,1903,496
838: 1738,1285,1079,974,98,277
839: 895,2641,2470,2631,2684
840: 1293,405,445,457,810,656
841: 1085,1729,498,1297,967,225
842: 1301,227,971,1773,100,461,2420
843: 1638,1849,1812,1816,241,728
844: 1291,101,1490,1635,1306,452
845: 107,1425,1469,566,1311,500
846: 2494,2644,1424,1315
847: 2471,1322,675,2360,2397,2088,555,1141,1802
848: 1921,97,336,821,920,1817
849: 1822,80,1603,422,1819,489
850: 468,1330,1650,879,511,1426
851: 965,1266,2612,2646,2308,2219
852: 527,186,1056,1081,1336,2254
853: 1339,1573,1414,424,1508,1474
854: 1908,251,731,1868,1872,58
855: 927,1831,1685,1844,2712,503,553
856: 1546,1262,105,509,1418,1928
857: 64,241,728,868,508,272
858: 1354,387,1734,1409,1773,971
859: 1653,762,462,1358,1421,2099
860: 892,1896,1842,320,535,1862,1878
861: 2045,68,1364,2653,1284
862: 773,1850,202,1045,694,291
863: 506,1813,879,1367,2436,2717,1330
864: 1672,1083,174,767,1370
865: 1039,772,2657,992,1376,2701,2404
866: 1667,1982,2454,1008,2703,819,1365,1621
867: 378,1381,1024,746,1005,594,1898
868: 857,1855,916,64,508,1877
869: 750,187,9,1914,643
870: 2660,1456,1299,1220,2531,322,2718,1468
871: 1396,712,1559,458,1872,58
872: 420,2539,2662
873: 2731,2316,2464,1796,1143,28,2663
874: 1867,1876,1863,1811,236,14
875: 2302,2665,1265,2611
876: 555,1141,2667,2166,12,1954
877: 944,215,2741,2668,1674
878: 2359,2742,2107,1741,2670,1423,2125
879: 863,506,679,1426,1330,850
880: 2671,1445,113,249,453,1433,939
881: 1437,1288,1656,2210,2388,2505,2630,2672
882: 1089,1877,1443,741,1282,512
883: 2558,114,1615,486,580,1450,1232
884: 733,262,1275,1825,136,190
885: 659,2673,814,2111,739,2502,115
886: 1946,2459,2675,2424,153,2147
887: 742,2143,2538,1719,2323,2676,1528
888: 15,1202,1311,326,959,362
889: 670,2454,2678,490,116,1621
890: 1475,1386,1726,2509,2680
891: 993,1768,2650,56,2033,2681,1966
892: 154,1871,1896,535,860,1878
893: 384,237,1017,1182,1786,2682
894: 1134,1491,135,1072,193,528
895: 839,2684,1494,1992
896: 2685,2052,2244,449,1277,1537
897: 1051,1502,2006,155,647,2446,2003,2686
898: 1919,1310,370,120,218,989
899: 1873,270,195,367,1935,982
900: 121,1148,1702,424,775,1508
901: 754,1183,302,903,330,1006
902: 1851,1831,503,456,784
903: 569,196,330,695,1183,901
904: 2032,1464,2041,2423,2690,2364
905: 1520,2692,2298,1548,2035,2507
906: 124,1074,1490,1635,1241,1530
907: 1203,197,2340,2607,1728,2057,2346,797
908: 602,1213,332,1216,627
909: 1927,125,60,716,1826,1018
910: 280,1554,426,165,1084,561
911: 757,1353,2081,673,1455,1690
912: 2666,126,1333,2085,2697,510,1987
913: 1478,690,2164,2400,1560,2097,2155
914: 1572,614,440,1645,127,1679
915: 1578,1247,345,937,1429,2243,2700
916: 1855,868,128,1507,512,1877
917: 4,1601,1585,2702,2027,2125,2344
918: 657,969,2704,1940,1589,2129,2318
919: 289,1859,1577,201,661,717
920: 182,1921,1821,157,821,848
921: 493,1011,1512,1522,2707,172,1341
922: 1854,1900,688,1843,1907,94
923: 715,1603,813,203,1897,958
924: 1099,518,338,539,720,1619
925: 1754,1518,763,1655,801,744
926: 1614,2710,791,2596,1668
927: 855,1389,2712,1617,553
928: 1235,340,681,2378,2447,2714,2725,483
929: 206,2190,2715
930: 75,1028,769,1144,1634,341,2200
931: 1638,1742,499,312,811,1395
932: 795,1848,599,1643,462,1421
933: 1894,1650,2108,2416,2693,699
934: 570,404,55,1413,336
935: 344,1129,788,1489,1875,433
936: 1197,2140,1745,324,2719
937: 1659,2243,219,2721,1963,1247,915
938: 378,1910,1820,328,88,1024
939: 1014,1664,249,2671,880,1213
940: 1313,658,1250,1082,1666,766
941: 37,1668,2264,2723,1111,641,2288
942: 1874,687,1535,82,1869,260
943: 1903,1185,213,496,708,318
944: 41,877,1799,215,2267,1793,248,1674,2262
945: 1677,365,779,2368,1917
946: 1682,1360,349,1597,1419,572
947: 161,1256,2193,2276,2727,1630
948: 1687,1259,1404,1852,49,654
949: 1769,950,1691,1680,351,1343
950: 1680,949,351,825,1694,1561
951: 1547,739,1698,2730,115,1757
952: 1923,671,2757,1918,67
953: 355,1885,1936,379,295,1007
954: 1703,956,163,1636,1264,1139
955: 1106,19,1963,2268,2733,2721
956: 163,954,1139,1692,1713,543
957: 61,1829,621,1716,968,1328,2038
958: 355,1269,813,923,1117,715
959: 531,888,326,1882,1866,362
960: 1334,579,1720,2104,18,1102,356
961: 783,644,222,665,70,1673
962: 1279,20,736,586,1935,1889
963: 556,2093,2401,2477,2736
964: 1725,1709,2738,1760,2270,2332
965: 1266,2739,851,2646,2219,1726
966: 475,1077,1640,1699,2337,2740
967: 1085,1729,635,841,1013,2357
968: 1829,957,1716,2194,360
969: 657,918,1940,2342,1771,1589,2129
970: 1465,1733,361,1418,832,118
971: 227,403,842,858,1409,1773,2420
972: 1908,251,1882,1866,1927,1018
973: 1459,1180,1774,1736,522,568
974: 363,98,1403,1291,1738,838
975: 401,1161,317,1740,1952,2412
976: 2559,1004,1955,2468,364,2635
977: 1185,1888,708,230,407,631
978: 1829,1746,1328,5,1052,365
979: 989,22,1762,231,1936,1748
980: 144,21,1349,1750,1571
981: 232,2520,1962,2335
982: 1835,1931,1904,270,899,367
983: 1225,588,1431,811,1190,312
984: 366,1304,1352,1750,1754,744
985: 180,2291,2614,1696,1168,1756,1970
986: 565,1538,1973,2117,44,1688,756
987: 730,1759,1978,2073,65,1609
988: 551,236,421,1070,1879,1832,1863
989: 1762,979,898,370,218,231
990: 1641,629,1786,1755,216,2529
991: 593,1240,651,1742,207,1764
992: 865,772,1376,2701,1986,2292,2404
993: 1596,891,1768,1341,56,381,2033
994: 1770,1991,2410
995: 2333,1424,1993,2181,735,2494
996: 1860,780,1916,649,706,7
997: 1775,1784,1325,235,1999,2512,2683
998: 1911,660,728,272,582,1849
999: 829,1777,191,2007,2562,1174,316
1000: 537,1332,1915,436,751,81
1001: 1366,1331,1582,2011,2435,820,2625
1002: 559,2014,2585,1792,243,1644,1965
1003: 418,1706,2687,2443,2536,2017
1004: 442,2559,976,1955,2021,2072,2449
1005: 574,171,9,746,867,378
1006: 245,487,330,901,302,812
1007: 953,379,295,1883,1820,88
1008: 610,1290,2703,1788,2304,2454,1621,866
1009: 380,1836,293,1407,1833,696
1010: 1790,170,1658,2034,2198,2201,2466
1011: 921,255,1104,493,1512,1791
1012: 711,1383,348,1793,1529,2262
1013: 1729,635,967,1795,374,382
1014: 1747,124,1664,939,249,529
1015: 751,807,1673,603,1838,665
1016: 688,1843,1887,1851,250,456
1017: 893,1488,237,1798,1182,494
1018: 1927,125,909,251,1909,972
1019: 1800,1804,1739,252,205,31
1020: 439,2555,2050,2299,2386,1947,1462
1021: 1159,32,2481,1329,2054,2528,1808
1022: 255,1809,1104,1175,1805,1722
1023: 1151,1507,1267,1810,1806,1270
1024: 867,378,413,938,328,1381
1025: 1035,515,2067,2076,1272,516
1026: 2629,2069,2116,1580,0
1027: 2069,2071,2084,0,2322
1028: 930,769,1144,2351,1728,1203,1102
1029: 732,515,2076,2171,2317,258
1030: 1589,1130,2616,2001,2129,2161,2213,514
1031: 1708,2082,541,770,2007,2562,1174
1032: 2071,2084,2134,2005,2196,2090,259
1033: 2,1225,588,1125,1041,265
1034: 2643,1939,2023,2087,2322,259,2474,1308
1035: 1025,2067,2090,2009,516,2191
1036: 771,2094,2503
1037: 268,2095,2290,2497,563,1569
1038: 1776,2362,517,2012,2096,2579
1039: 1200,865,772,2100,2197,2567,2598,2657
1040: 1244,537,1095,1827,148,1818,38
1041: 2,588,1033,518,539,1780
1042: 524,785,1942,2106,2523,1567
1043: 541,1105,2062,2109,2266,2432,52
1044: 1899,639,426,519,261,533
1045: 1166,773,564,202,862,472
1046: 264,1157,1111,2114,2278,1116
1047: 530,1227,2320,520,589,258,1613,2171
1048: 1855,1828,64,1270,410,319
1049: 160,266,2186,1078,554,682,1485
1050: 455,1375,2123,2699,2019,2133,3
1051: 897,2006,2126,647,1323,2298
1052: 1672,5,1296,1370,978,365
1053: 522,387,721,1734,1591,1357
1054: 1448,267,1188,557,1499,2000
1055: 1206,2643,2023,2087,2132,2016,2591
1056: 1711,611,775,186,852,1336
1057: 77,2669,268,2136,2336,525,388,1361
1058: 1964,524,1567,2027,287,2139,200
1059: 269,591,1528,2178,2339,2143,2434
1060: 2132,2145,2588,2750,46
1061: 2554,765,1534,2429,8,2149,1110
1062: 1249,2552,764,1669,2488,2152,173
1063: 2156,2576,1100,2255,2705
1064: 526,1515,545,339,131,2031,1550
1065: 778,2163,2450,1124,1607,2157
1066: 2167,2234,10,2074,1374,2698,536,2047
1067: 1672,5,527,632,186,174
1068: 779,1666,1917,346,1387,1250
1069: 292,701,1526,123,2041,2172,2689
1070: 89,1693,421,988,1832,179
1071: 39,596,1181,2003,2176,450
1072: 894,135,1535,260,1815,528
1073: 1154,2613,1445,802,113,2182
1074: 906,124,705,529,389,1530
1075: 1148,611,306,2088,1292,2187
1076: 740,1642,2009,2210,2505,129,2191,276
1077: 781,966,475,1640,164,2195,2740
1078: 530,589,2645,554,1485,1049
1079: 614,149,1285,440,838,277
1080: 13,316,549,829,1252,437
1081: 1292,1581,278,1336,2633,852,2038,2254
1082: 1313,1237,1415,658,940,341
1083: 864,767,1714,1712,1430
1084: 280,426,910,519,630,1811
1085: 841,1297,967,2212,2357,2451
1086: 1805,193,528,15,1202,1722
1087: 1705,2300,183,391,2759,2218
1088: 2223,2523,2584,1423,1608,308,2399,2348
1089: 569,882,196,16,1443,741
1090: 571,310,1543,284,138
1091: 285,2515,1505,691,2015,1428,2230
1092: 212,1122,37,1998,2234,1374,1176
1093: 1689,2724,2211,2237,2257,786,2496
1094: 142,435,1492,2366,2241,2331
1095: 1040,344,1244,537,788,1332
1096: 1348,85,2015,2138,2246,2369,2403
1097: 477,2248
1098: 576,1199,1224,1960,2252,2365
1099: 924,1495,1441,1230,338,539
1100: 394,1379,2058,2255,2506,2705,1063
1101: 1730,690,2400,2004,1662,2250,2259
1102: 1203,18,960,579,1028,769
1103: 118,1488,789,1798,1465,1693
1104: 255,1011,1022,291,1791,1175
1105: 76,1043,485,2062,2165,2266
1106: 2685,263,955,19,2244,2268
1107: 790,2593,1503,2008,2269,2478,745
1108: 29,542,613,1985,2271,1147,1789
1109: 2376,2366,2241,2273,1526
1110: 256,354,1810,543,1061,1534,2149
1111: 2723,1157,1046,2278,2288,2381,941
1112: 1227,589,2645,21,1968,1309,368
1113: 800,2068,2283,2486,1721,396
1114: 599,1643,1519,1841,143,294,2379
1115: 371,22,593,1762,1240,1312
1116: 791,84,545,339,1046,2114,2278,2596
1117: 1574,805,715,958,355,295
1118: 1663,1678,1974,2527,1245,2425
1119: 1594,181,1699,2217,2294,794,2105
1120: 1920,547,1440,737,271,1631
1121: 428,2708,2297,1639,755,2534
1122: 1749,212,1092,37,2167,2234,2303
1123: 418,1193,1783,2443,24,1254,2598,646,2296
1124: 1065,2163,1607,2157,2309,2483,729
1125: 2,437,1824,1033,265,549
1126: 1355,298,1184,87,350,1737
1127: 1384,50,1347,481,1256,796,2599
1128: 25,33,1458,140,1163,1550
1129: 935,788,550,397,346,1875
1130: 604,1030,2129,2213,2318,299
1131: 1273,2674,18,197,356,1515,2031
1132: 720,300,1536,158,454,1588
1133: 1204,573,768,1432,390,26
1134: 894,552,127,1491,1504,135
1135: 798,2608,2328,2601,1442
1136: 1834,1555,464,1617,553,1274
1137: 27,1751,1981,2335
1138: 1162,1160,74,636,2056,1359
1139: 1523,303,1264,1692,956,954
1140: 1743,1294,482,799,2146,2343
1141: 555,876,823,1416,2667,1802,847
1142: 1615,2393,486,1187,1799,248
1143: 246,2304,2565,447,1796,873,28,1290,1984,2663
1144: 1028,930,1634,2490,2200,2351,1728
1145: 483,2610,2353,2714,1399,1510,1625,2185
1146: 556,1229,2093,2354,822,2628,2226
1147: 1789,2293,2358,1108,542,2271
1148: 900,121,611,306,1075,775
1149: 804,1160,138,1543,557,1173
1150: 673,300,1690,1620,86,801
1151: 256,1023,1810,558,470,1806,1270
1152: 57,495,1241,835,30,616
1153: 2190,2359,2370,2532,2715,2742
1154: 2373,2613,1073,802,2160,2348,275
1155: 2377,1397,1792,2284,559,2102,2458
1156: 1324,227,403,619,205,31
1157: 264,1046,1111,2169,2288,2327,2381
1158: 1687,803,1764,674,1240,1312
1159: 1807,1021,32,1989,2481,2386,1808
1160: 1149,1162,804,1138,138
1161: 975,317,1740,1952,2356,2391,562
1162: 804,1160,74,1309,554,1138,2645
1163: 25,1128,1458,1263,684,600
1164: 2110,1569,2212,2398,714,2101
1165: 1922,34,533,459,103,639
1166: 773,564,1045,1261,351,1343
1167: 1710,1604,766,1313,75,313
1168: 2408,2525,2614,985,1438,1970
1169: 1592,149,1285,1342,1542,314
1170: 269,35,1234,2092,2178,2339,2411
1171: 2537,563,2117,2414,521,2019,3,2095
1172: 823,1416,2418,2735,2560,1233,478
1173: 557,160,266,36,2000,1149,804
1174: 316,1570,2310,1708,1031,999,2007,2562
1175: 1104,1022,291,500,1805,566
1176: 1379,1374,2506,2427,1092,1998,2234
1177: 1222,587,2345,2434,273,567,591,2121
1178: 199,63,1367,2436,317,1740
1179: 808,2615,2439,2242,2649,2225,2484
1180: 973,1774,568,1409,228,1314
1181: 1071,2446,2003,2176,450,1527,2570
1182: 809,893,1488,384,1017,2617,481,2682
1183: 1800,1804,754,901,569,903
1184: 40,454,1126,233,1355,298
1185: 977,943,213,570,708,404,230
1186: 1600,1187,810,656,1753,41,2267
1187: 1600,486,1186,41,1799,1142
1188: 571,1543,427,557,267,1054
1189: 321,2417,2459,2675,2701
1190: 40,811,1780,233,983,588
1191: 1517,11,445,1419,572,179
1192: 1215,409,2010,2465,2518,2535,334
1193: 418,1391,1123,2469,646,152,2296
1194: 363,98,1390,43,1531,717
1195: 1224,2252,2472,2150,662,2137
1196: 2673,2620,814,1607,2157,2437,2475
1197: 936,324,2479,2719
1198: 663,2482,608,1993,2013,2415,1453,1938
1199: 2542,1098,1224,2261,2365,2485,335
1200: 1039,2100,2567,2489,2652,325
1201: 815,2621,2490,2200,1248,305,2586
1202: 1815,528,888,15,1086,326
1203: 907,18,1102,197,2340,1028,1728
1204: 45,768,1432,104,1133,666
1205: 288,25,1550,580,526,1232
1206: 1055,2643,2087,2132,2496,2587,2016,2591,2237
1207: 2179,2498
1208: 1778,1427,2153,223,2275,2500
1209: 47,2122,2352,2590,1583,2504
1210: 331,1520,2433,2507,2656
1211: 1434,817,2083,2135,2217,2510,95
1212: 683,1487,2309,2513,297,2163,2550
1213: 602,908,332,2671,113,1664,939
1214: 1715,2517,1452,183,2044,2218
1215: 1192,2010,2162,2215,2291,2518
1216: 908,1542,314,332,818,627
1217: 275,585,2106,2223,2523,2613,1268
1218: 35,1994,2411,2526,1558,1353
1219: 705,819,1365,1774,1736,1540
1220: 50,1299,870,2193,2531,1468
1221: 1429,2112,2065,2700,2746,409,2535
1222: 1649,1177,587,2143,2345,2434,2538
1223: 483,2541,2602,2691,681,2378,1481
1224: 1195,2542,1098,1199,2252,575,2137
1225: 983,588,1033,265,410,1431
1226: 2546,1604,727,313,815,2621,2642
1227: 1047,2320,589,1571,258,1112,21,1968
1228: 583,2385,2550,2325,2109,52,2513
1229: 556,1146,1765,2093,2553,2628
1230: 1099,2142,1441,338,1953,2043,1466,133
1231: 412,2752,2748,411,2624,2556,1434
1232: 526,2445,1205,580,2558,883,2710
1233: 2594,478,1503,439,1172,2560
1234: 2563,1170,2092,2411,2526,2551,1564
1235: 1695,928,73,2053,2447,2566,2725,759
1236: 806,2569
1237: 1415,279,1082,579,769,341
1238: 60,1405,1826,825,1694,93
1239: 562,699,56,2363,2492,2573
1240: 593,991,1115,1312,1158,1764
1241: 57,495,1152,1530,906,1635
1242: 1920,134,594,578,547,1381
1243: 492,386,2632,1350,2096,2579
1244: 1040,344,1095,1825,1818,262
1245: 1575,595,1325,2425,1663,1118
1246: 230,1823,407,827,282,577
1247: 345,2159,2583,915,937,1963
1248: 1606,2188,2586,815,1201,1303,2053,2642
1249: 1062,59,1669,2152,2451,498,1297,2209
1250: 658,940,1875,1666,1068,346
1251: 2755,1444,2016,2591,622,2237,2257
1252: 829,669,1080,1495,1441,437
1253: 1484,1979,1498,1717,2595,1674,2453
1254: 24,2598,2657,1123,1783,1977
1255: 2634,718,830,2600,2604,2373,2160
1256: 947,161,796,50,1127,2193
1257: 719,126,1967,2002,2605,2272,2131
1258: 2606,95,2204,2636,2135,480
1259: 1687,162,803,350,948,1404
1260: 504,1357,707,2189,62,1544
1261: 1166,773,402,825,1405,351
1262: 1628,832,856,105,1467,1418
1263: 1163,684,600,380,1407,1880
1264: 303,353,1139,1454,1703,488,954
1265: 2756,2611,2734,875
1266: 965,2612,2739,851
1267: 1023,1576,128,354,1507,1810
1268: 2613,2182,1217,275,585,141,2207,2155
1269: 958,355,1885,1362,90,813
1270: 1855,1048,1806,1023,1151,1507,319
1271: 1456,612,834,173,2552,2305
1272: 516,257,2616,2161,2213,1025,2076,2317
1273: 1131,356,1337,140,131,2031
1274: 1555,1617,1565,1136,835,398
1275: 733,884,262,1616,446,66
1276: 2634,830,1451,1705,2618,2758
1277: 1497,449,2568,2330,2619,2685,896
1278: 1782,2578,2441,2462,1727,2740,1640
1279: 195,962,736,1935,1923,67,1856
1280: 27,1981,2461,2220,2622
1281: 2623,2222,2194,360,214,167,1779
1282: 741,607,512,1646,1681,882
1283: 361,712,1559,620,561,1671
1284: 2225,2626,861,68,2439,1364
1285: 1738,149,1079,1169,838,314
1286: 1453,2533,2627,2722,2354,608,2226
1287: 69,2046,513,2629,1511
1288: 881,1656,2227,2422,2630,1665,2251
1289: 119,1980,2314,2631,2684,2120
1290: 1008,28,610,1984,1788,1143,246,2304
1291: 1403,844,101,974,363,452
1292: 12,1081,1336,2187,2633,611,1075
1293: 1517,1881,840,445,696,457
1294: 1743,2361,364,799,1140,2635
1295: 638,1363,2282,2688,1599,2637,2549
1296: 108,474,1370,1052,365,1917
1297: 1085,841,498,2212,1249,59,2451
1298: 366,385,1352,2493,1300,226
1299: 1384,2660,1456,50,612,870,1220
1300: 757,226,2540,2639,1298,385
1301: 227,252,842,31,461,1549
1302: 548,2640,2238,2295,2572,1700
1303: 340,51,2053,2447,2642,2546,1248
1304: 1750,984,1968,1754,1704,368
1305: 1390,277,614,166,1577,1645
1306: 844,1635,495,713,1565,452
1307: 733,1616,432,615,1830,419
1308: 369,2228,2389,2587,1034,2643,2087,2474
1309: 1162,74,2056,368,589,1112,2645
1310: 898,499,1919,1812,207,370
1311: 888,15,566,845,362,1469
1312: 371,674,1847,1115,1240,1158
1313: 940,1082,766,1167,75,341
1314: 228,616,568,1409,1180,403,619
1315: 2582,2743,1424,846,2644,2647
1316: 709,617,1539,2057,2648,797
1317: 1611,2059,2428,808,2649,375,1327,2659
1318: 372,1966,2477,752,2736,2407,2650
1319: 618,184,2651,1460,1945,1987,2249
1320: 153,1375,2699,642,2652,2061,2424
1321: 92,822,2654,1654,1772,2181,2415
1322: 501,847,675,2655,2360,2397,306
1323: 2298,2711,2507,2656,1385,1051,2126
1324: 619,1156,205,30,398,1389
1325: 1575,1775,1245,1784,374,2425,997
1326: 1659,1429,2243,2392,2658,2746
1327: 1719,2235,2659,1317,375,742,2511
1328: 1829,978,621,957,5,527
1329: 2377,2661,2054,2284,1021,32
1330: 468,1650,850,2693,863,879,2717
1331: 1001,1582,2011,2664,820,2625,2277
1332: 1000,537,1095,788,550,1915
1333: 2666,912,2224,184,510,1987
1334: 960,579,1720,624,560,2104,279
1335: 598,2100,2197,1361,2489,2669,2136
1336: 1292,1081,2633,1056,611,852,2254
1337: 625,1720,33,140,1273,356
1338: 1839,1627,352,438,1551,83
1339: 1653,743,853,762,1414,1508
1340: 1377,816,827,626,489,1854
1341: 1596,2707,993,1522,381,921
1342: 1592,1169,1542,1501,2004,290,2259
1343: 382,1691,949,351,1166,564
1344: 1922,425,533,261,327,1895
1345: 2674,197,2247,2607,1515,84,797
1346: 834,1641,173,629,1470,2209,1669
1347: 1384,1127,384,481,423,96,2599
1348: 85,1096,2369,2609,2677,1732
1349: 366,144,1750,980,2413,2493,514
1350: 1243,386,408,2495,517,2579,2679
1351: 632,174,1474,767,471,1573
1352: 366,1298,984,226,86,744
1353: 1558,911,2081,1218,35,1994,633,2142,1455
1354: 387,504,858,1773,1652,1398,2420
1355: 40,1395,1126,651,1184,87
1356: 137,2055,2448,2683,281,635
1357: 387,504,721,1260,1053,62
1358: 762,859,469,1568,2099,1477,1702
1359: 1610,763,1704,74,1138,636,2056
1360: 946,1597,89,809,789,2617,572
1361: 525,377,1057,2136,2687,598,1335
1362: 231,1885,1269,685,218,90
1363: 2319,2688,1295,2549,189,2232,431
1364: 123,2653,2689,861,1284,2170,2626
1365: 705,819,1219,866,389,1667
1366: 91,1779,1001,2435,2691,820
1367: 863,1178,2436,2717,1740,2356,2108
1368: 532,1835,26,383,1712,390
1369: 2079,2275,2480,2500,2694
1370: 108,1296,1672,1052,864
1371: 672,391,2695,2113,2231,2048,2501
1372: 641,2402,1998,1514,2696,2427
1373: 1694,1628,466,93,105,1561
1374: 394,1176,2506,2698,1092,1066,2234
1375: 1050,455,153,2174,1320,2699,642
1376: 2417,2701,865,992,1986,1787
1377: 793,827,282,1340,1854,94
1378: 507,1533,1982,2695,2703,2048
1379: 1100,1176,2506,2427,2705,2696
1380: 2606,2706,2748,411,95,2083
1381: 867,413,1024,1242,594,547
1382: 1766,2708,1977,24,646,2534
1383: 1012,711,348,2709,2077,2547
1384: 50,612,1299,1127,1347,96
1385: 774,2126,1323,2711,2063,2571
1386: 1475,890,396,2713,2326,2509
1387: 397,474,1917,1068,346
1388: 2716,429,1972
1389: 927,1739,2712,1324,205,398,1617
1390: 98,1305,1194,277,717,1577
1391: 1193,322,2469,2718,152,2144,2296
1392: 1471,395,2120,119,2508,2720
1393: 556,23,372,2093,2354,2477,399,2722
1394: 1682,1410,161,349,2086,2727
1395: 40,811,651,1355,1742,931
1396: 1559,509,871,1928,1909,1872
1397: 1155,1689,2724,2444,2284,400,2102
1398: 1652,702,1532,1354,1773,100,2420
1399: 2566,2714,2725,1145,2185,2312
1400: 401,317,2726,2412,1595,723,63
1401: 1435,2662,2728,1553,1590,2103
1402: 725,1958,2729,2049,1639,1598
1403: 1291,211,101,818,974,1738
1404: 162,948,1259,1632,697,654
1405: 1425,1238,1826,402,825,1261
1406: 700,2731,2421,2229,2464,1524
1407: 1009,380,655,1836,1263,600
1408: 2091,2732,2647,2463
1409: 568,1734,858,1180,403,971,1314
1410: 1394,1682,405,656,1753,2086
1411: 2039,2753,2611,2734,2665,2421
1412: 1422,1612,1940,2321,2342,156
1413: 577,626,55,422,404,934
1414: 45,104,1573,743,853,1339
1415: 1237,658,1489,1718,279,1082
1416: 1141,823,1172,2265,2667,2735
1417: 1637,234,2286,42,2737,2324
1418: 509,1671,1262,832,856,970
1419: 405,445,1191,572,946,1682
1420: 99,2741,1997,2276,2727,1684
1421: 859,462,1643,795,932,106,1568,2099
1422: 1612,1412,575,1940,2321,1988,1492,2168
1423: 2670,1088,785,2584,878,2359,2399,2742
1424: 2333,995,846,2494,1315,2743
1425: 107,716,845,1405,1826,402
1426: 511,1679,1572,679,879,850
1427: 232,1208,2520,2285,1949,2153
1428: 2021,2449,2745,691,1091,2230,2426
1429: 1326,1659,1221,2065,2243,2700,2746,915
1430: 782,108,532,1712,1083
1431: 1816,1828,410,1225,983,312
1432: 1204,573,1133,666,671,1918
1433: 453,1533,1445,802,880,2747
1434: 1211,817,2083,2510,1231,2748,2624
1435: 1401,420,2662,2749,1590,2409
1436: 2574,2750,2192
1437: 881,1656,2751,2236,2388,2672,2365,2485
1438: 590,2556,1756,1970,2382,1168,2525,2752
1439: 1524,111,1521,2036,2039,2753,2597
1440: 413,1701,182,737,547,1120
1441: 1099,1495,1230,1953,669,1252,1466
1442: 2601,1601,1585,2754,798,1135,112
1443: 882,1929,508,196,1089,1877
1444: 2755,597,1557,1251,414,622,2473
1445: 1073,2671,802,113,880,2747,1433
1446: 781,2504,670,721,1591,116
1447: 831,601,2756
1448: 267,2757,438,1054,1499
1449: 1614,304,761,114,1615,2393
1450: 1865,1600,486,580,726,288,883
1451: 830,1276,2618,2216,2758
1452: 1715,1214,2316,2759,2355,2218,2663
1453: 1286,1938,2387,2627,1198,608
1454: 1264,353,1757,2730,115,488
1455: 673,1619,158,633,1353,911
1456: 2660,612,1299,870,1271,2552,2305,2419
1457: 659,2673,1943,2324,2475,42,2010,2465
1458: 33,1128,1163,600,419,615
1459: 973,490,1736,116,522,1591
1460: 2651,1707,1319,1945,2249,420,2749
1461: 1946,1602
1462: 2471,675,2214,1020,439,2555,1947
1463: 117,1723,386,2115,2329,2495,2744,1949
1464: 904,2690,1950,2364,2273
1465: 1693,421,1733,970,118,1103
1466: 669,2323,2349,2676,1528,1441,1230,1953,2043
1467: 1628,1262,832,118,1798,494
1468: 677,1956,2367,870,1220,2531,2718
1469: 1927,716,845,362,1311
1470: 834,423,96,629,1346,1763
1471: 430,1486,395,1392,1957,1979
1472: 1788,246,47,2018,2304,2352,2678
1473: 686,1622,652,1959,2179,2543
1474: 632,1351,853,1573,1711,424
1475: 1386,890,1726,1961
1476: 1662,506,679,290,1592,1506
1477: 501,2655,469,2585,1358,121,1702
1478: 1730,690,913,680,1964,2097,2341
1479: 117,1624,2329,2681,1966,2736
1480: 238,1969
1481: 681,2025,2691,2476,1971,1223,2541
1482: 1972,429,2545,1586,2127
1483: 701,2128,2423,1975,2245,1516
1484: 189,1253,1957,1979,1717,2319,2453
1485: 1519,682,132,530,1078,1049
1486: 189,1471,1957,2120,2232,1980,431
1487: 1708,683,1212,52,1983,2082,2513
1488: 1103,789,1017,1798,1182,2617
1489: 1415,658,1718,1875,433,935
1490: 906,844,101,1747,124,1635
1491: 894,1697,760,1134,1504,193
1492: 2551,435,1094,2168,2331,1422,1988
1493: 441,1990,2390
1494: 2720,1992,119,2684,895
1495: 1099,1441,539,1252,2,437
1496: 1837,1887,1661,661,201
1497: 1277,1996,2306,2568,2619
1498: 689,1717,2319,2396,2595,1997,2668,1253
1499: 1627,36,2000,1448,438,1054
1500: 1562,278,2131,61,2038,2002,2272,220
1501: 1542,627,2400,1560,2004,1342
1502: 897,774,329,2006,2184,155,2430,2177
1503: 2594,790,1233,1107,2008,2555
1504: 1697,127,1134,511,1679,1491
1505: 401,1091,2726,2515,691,2015,2246
1506: 1572,1592,149,440,1476,679
1507: 1023,128,1267,1855,916,1270
1508: 900,1702,424,853,1339,762
1509: 443,2022,1584,2070,147,2169,2406,2035
1510: 1990,2024,1625,2353,1145,2185
1511: 2629,2350,2026,2069,1287,513
1512: 921,694,1735,1011,1791,2707,172
1513: 2028
1514: 2030,309,2561,2696,1372,2402
1515: 84,545,1064,2031,1345,2674,1131
1516: 2032,1975,1483,2423
1517: 307,1833,1293,11,445,1191,696
1518: 1610,763,1655,204,925,1632
1519: 1114,599,682,143,1485,132
1520: 2406,1210,905,2035,2433,2507
1521: 111,794,447,1439,2036,2603
1522: 1894,2416,381,2492,921,493,1341
1523: 303,1139,702,1532,1692,758
1524: 1439,2036,2039,2421,1406,2464
1525: 449,1797,1537,2466,2568,2034,2040,1937
1526: 292,1069,2041,2172,2690,2376,1109,2273
1527: 2042,2442,2570,2446,1181,647,2692,2298
1528: 1059,2339,133,887,2143,1466,2676,2043
1529: 1012,711,451,1793,248,2572,304,2393
1530: 57,1540,1241,705,906,1074
1531: 363,43,1194,452,713,747
1532: 1523,1398,702,448,758,100
1533: 507,453,1433,1982,1378,2113,2048,2747
1534: 163,1636,2429,2202,1061,1110,543
1535: 1853,687,942,135,1072,260
1536: 300,1132,1620,454,298,734
1537: 449,1525,896,704,2052,2040,1937
1538: 565,986,1973,2055,2117,1758,2287
1539: 709,450,274,1316,2057,2346,2442,2570
1540: 57,228,1530,705,1774,1219
1541: 2060,2123,1593,2463
1542: 314,1216,627,1501,1169,1342
1543: 571,1090,1188,1149,138,557
1544: 1652,1757,217,707,504,1260
1545: 139,2472,2066,17,1960,2252
1546: 93,856,105,125,60,1928
1547: 951,460,1782,739,1698,2203,2578
1548: 905,2692,2035,2042,2070,2124
1549: 741,1646,461,1301,252,16
1550: 1205,25,1128,140,526,1064,131
1551: 1653,743,462,1839,1338,83
1552: 786,1759,2073,2389,178,2211
1553: 1401,2728,2075,2580
1554: 1899,426,165,910,837,198
1555: 464,713,747,1565,1136,1274
1556: 542,613,2640,2271,2238,711,2077
1557: 2755,597,1444,414,2080,465,2473
1558: 333,72,1353,2081,1218,2526
1559: 1396,712,509,871,1671,1283
1560: 913,2400,2155,141,627,1501
1561: 1694,466,1373,753,950,1680
1562: 1500,1581,146,278,2118,2085,2131
1563: 521,722,467,1688,2089,2582,756
1564: 142,2551,435,2158,1234,2092,2121
1565: 1555,713,1274,495,835,1306
1566: 468,828,1697,760,1626,1809
1567: 1042,524,2106,2164,1058,1964,2097
1568: 106,1781,469,2514,2099,1358,1421
1569: 563,1164,2110,714,1037,2101,2497
1570: 13,1174,8,316,470,2310
1571: 1227,2320,258,257,2161,144,21,980,2317
1572: 1506,440,914,679,1679,1426
1573: 45,471,1414,853,1351,1474
1574: 1117,185,805,715,824,1819
1575: 1245,595,1795,374,1325,472
1576: 128,1713,354,1267,145,1681
1577: 289,166,919,1390,1305,717
1578: 778,345,2577,2450,915,2112,2700
1579: 718,2501,2600,2113,802,2747
1580: 523,0,1939,1026,473,2116
1581: 1562,1081,278,2118,2633
1582: 1001,1331,2011,2119,2664,719,2605
1583: 475,2590,1699,2294,2122,1209
1584: 709,2070,2124,2648,147,2327,1509
1585: 4,1601,917,2754,2125,1442,112,2107
1586: 534,2592,2127,48,1482,2545
1587: 1857,148,81,807,623,645
1588: 454,1780,233,518,720,1132
1589: 1030,2001,2129,969,918,2342,1771,2413
1590: 1401,1435,2749,2409,2103,2130
1591: 522,721,1053,1446,1459,116
1592: 149,1506,1169,1342,1476,290
1593: 722,2089,2133,2463,1541,2123
1594: 1119,2135,2217,111,480,2105
1595: 2138,2246,2375,723,1400,2726
1596: 2707,993,172,1678,1768,1341,2407
1597: 946,1360,349,796,2599,809,481
1598: 497,2141,725,1402,1958
1599: 2637,2144,2279,638,1956,1295
1600: 486,1187,810,726,1450,1186
1601: 1585,917,2754,2146,2344,1442
1602: 2147,2575,1461,1946
1603: 80,923,849,715,1819,203
1604: 1167,1710,1226,1648,727,2078,313
1605: 376,2625,2151,2283,2541,2602,820
1606: 1248,2154,2188,2289,2586,73,2053
1607: 1196,2620,2157,1065,1124,2483,729,1618
1608: 308,484,2399,2604,2160,2348,1088
1609: 65,143,132,1613,520,730,987
1610: 1518,763,1632,1359,697,636
1611: 485,1317,2059,2165,1790,808,2456,2649
1612: 1422,1412,2551,2168,2563,333,156
1613: 732,2171,2487,1047,520,730,1609
1614: 761,926,114,1449,2548,2710,1668,2372
1615: 304,114,1449,883,1142,2393,486
1616: 733,1307,446,240,1275,432
1617: 1136,553,1274,398,927,1389
1618: 1703,729,1636,2202,2620,1607,1944
1619: 720,1455,158,633,924,338
1620: 300,1536,1150,1655,801,734
1621: 819,490,889,2454,1008,866
1622: 759,1473,159,2179,2543,2430
1623: 169,735,2199,1654,2181
1624: 117,1479,1948,2183,2681,1966
1625: 1510,1990,1145,652,2185,2390
1626: 255,1809,493,1566,828
1627: 1839,1499,342,1338,36,438
1628: 1262,466,105,1373,1467,494
1629: 2190,2532,605
1630: 1684,677,947,2193,2531,2276
1631: 271,628,459,737,1120
1632: 1610,1518,204,697,162,1404
1633: 247,738,2198
1634: 75,313,930,1144,2621,2200
1635: 906,844,1490,1306,495,1241
1636: 1703,163,1618,954,1534,2202
1637: 1417,234,2286,2324,1782,2203,2502
1638: 843,499,312,931,1812,1816
1639: 755,2206,1121,2297,1402,1958,2049
1640: 966,1077,164,2740,460,1278,2578
1641: 990,629,1346,2209,1755,2380,498
1642: 2210,2227,2505,2630,1076,276,2350,1995
1643: 1114,599,932,106,2379,1421
1644: 1965,2214,2360,1792,1002,243,2458,1947
1645: 552,127,1305,614,914,166
1646: 741,607,448,1282,461,1549
1647: 2666,502,2219,2224,2405,1767,2334
1648: 1710,1604,2078,2222,214
1649: 1222,742,587,2225,2626,2484,2511,2538
1650: 1894,468,1330,933,828,850,2693
1651: 369,730,1978,2228,732,168,2491,2487
1652: 1398,702,217,1544,1354,504
1653: 1551,743,1339,762,859,462
1654: 1321,2654,2233,2181,2199,1623
1655: 1518,801,204,734,925,1620
1656: 881,1437,1288,2719,2236,2422,2630
1657: 2239,2256,2516,1670
1658: 1790,1010,2615,2034,2201,2242
1659: 1326,937,1429,2243,2392,219,2270
1660: 505,2045,2245
1661: 464,747,250,661,43,1496,1887
1662: 199,1476,506,1813,290,2250,2259,1101
1663: 172,1678,1118,1735,1245,595
1664: 1014,211,1747,939,1213,332
1665: 2251,2519,609,1288,2227,748
1666: 779,766,1752,1068,1250,940
1667: 507,866,1801,389,1982,1365
1668: 212,941,2264,2372,791,1614,926,2548,2723,2596
1669: 1249,1062,2152,173,1346,2209
1670: 253,2315,2522,1657,2256,2516
1671: 361,1559,509,1418,1283
1672: 5,1052,174,864,1067,1370
1673: 1857,1015,70,807,961,665
1674: 348,2262,2453,877,944,2668,2595,1253
1675: 239,1789,1991,2293,2263,2455
1676: 2265,2667,2166,2697,618,510
1677: 214,167,779,2368,1752,945
1678: 1596,1663,172,1118,1768,2407,2527
1679: 127,511,1426,1504,1572,914
1680: 1769,753,950,949,216,1561
1681: 607,145,1282,512,1576,128
1682: 1394,946,1410,349,405,1419
1683: 176,693,2156,2274,2576,2208,777
1684: 677,2396,1630,1420,1997,2276
1685: 1800,855,1739,754,1844,2712
1686: 2637,755,71,2173,2206,2279,2049
1687: 1158,803,948,1259,1852,674
1688: 1563,521,467,2281,756,44,986
1689: 1093,2661,1397,2724,2211,2237,2257,2284
1690: 673,1150,757,226,911,86
1691: 1769,382,225,949,1343,1729
1692: 1523,1139,956,1713,145,758
1693: 89,1465,421,1070,1103,789
1694: 93,1373,1561,1238,825,950
1695: 1235,73,2566,2177,2289,759
1696: 806,2614,985,2162,2291
1697: 760,511,1491,1504,1566,468
1698: 951,460,1547,2730,707,2189,1757
1699: 181,1119,2294,2337,966,475,1583
1700: 1749,2303,2548,2295,548,1302
1701: 413,328,667,1440,182,157
1702: 900,121,1508,762,1358,1477
1703: 488,1618,954,1636,1944,1264
1704: 1754,763,1359,1304,2056,368
1705: 2634,1276,2300,2618,1087,183,2221
1706: 1003,2305,2419,2536,2552,764,2017
1707: 2651,1460,2308,420,2539,2638
1708: 765,1487,1031,1983,2082,1174,2310
1709: 964,1725,2270,2311,2733
1710: 1167,1604,1648,214,766,1752
1711: 1056,424,775,632,186,1474
1712: 1368,532,1714,390,1083,1430
1713: 1576,354,543,956,1692,145
1714: 471,768,390,1712,1083,767
1715: 2731,188,1214,2020,2229,2316,2517,1452
1716: 61,957,968,360,1761,220,2394
1717: 689,1498,2319,2595,189,1484,1253
1718: 1415,1489,279,433,624,190
1719: 1327,2235,2323,2349,2676,887,742
1720: 1334,960,1337,625,2104,356
1721: 1113,2068,396,2326,192,544
1722: 1805,193,1086,760,1809,1022
1723: 1463,2329,2744,1765,2401,581
1724: 2311,2460,2330,2685,2268
1725: 964,1709,2311,2332,358
1726: 1475,890,2334,2219,965,2739
1727: 817,2337,2510,2740,359,2462,1278
1728: 1028,1144,2351,1203,907,2340
1729: 841,967,1013,382,1691,225
1730: 1478,690,1101,2341,2250,2467
1731: 156,2051,2540,2639,2342,1771
1732: 2146,2253,2343,2344,799,1348,2609,2677
1733: 1465,421,1901,1879,970,361
1734: 522,387,568,858,1053,1409
1735: 694,1512,1663,172,202,595
1736: 973,819,1459,490,1774,1219
1737: 162,350,1126,298,204,734
1738: 1285,838,1403,314,818,974
1739: 1019,1800,1685,1389,2712,205
1740: 975,1161,317,2356,1178,1367
1741: 206,112,2107,2258,878,2359,2715
1742: 499,931,207,1395,651,991
1743: 1294,2361,482,1140
1744: 208,2363,2573,826,229,2391,2260
1745: 576,2365,2140,936,2719,2236
1746: 1829,978,2194,365,2368
1747: 1014,211,101,124,1490,1664
1748: 210,1936,379,22,546,979
1749: 212,1122,1700,2372,2303,2548,2295
1750: 366,21,1304,1349,980,984,1968
1751: 1137,27,1981,2335,2374,2679,1962
1752: 214,1677,779,1666,766,1710
1753: 41,99,215,2086,2267,1410,1186,656
1754: 763,744,925,1704,1304,984
1755: 1769,225,216,2380,990,1641
1756: 1438,1970,2175,2286,2382,985,180,2737
1757: 353,217,1454,1544,951,1698,2730,707
1758: 44,417,2287,2387,1538,1973
1759: 786,987,1552,1978,2073,2228,2389
1760: 964,2392
1761: 220,2011,2119,2394,2435,1716
1762: 989,22,593,1115,979,370
1763: 423,629,1786,1470,2682
1764: 1158,87,803,651,991,1240
1765: 1229,2093,2401,1723,581,223,2553
1766: 428,1382,2708,1977,2292,2404,2544
1767: 502,1647,2457,2405,224,2334,2680
1768: 1596,891,993,1678,2407,2650
1769: 1755,1691,225,1680,949,216
1770: 239,1991,1992,2307,2410,994
1771: 969,2342,1731,2639,1589,2001,385,2413
1772: 2482,1993,2181,2415,1321,822
1773: 1354,858,1398,2420,971,842
1774: 973,1180,1736,1219,1540,228
1775: 1325,2425,997,1974,23,399,1999
1776: 1038,2362,2012,2230,2426,285
1777: 191,999,2235,2562,2659,2428
1778: 1208,2285,2500
1779: 91,1366,2394,2435,360,1281,2623
1780: 1190,233,1588,518,588,1041
1781: 559,469,1568,2514,2014,2438,2585
1782: 1547,1278,2203,2578,1637,234,2441
1783: 418,1123,2443,598,1254,2197,2598
1784: 374,1325,2448,997,235,2683,635
1785: 442,2301,2449,2745,244,664,2622
1786: 990,629,1763,2682,2529,893,237
1787: 2452,1376,2417,1986
1788: 1472,2304,2454,2678,1008,1290
1789: 1147,2293,1675,1108,1985,2455
1790: 808,1010,1658,2615,2034,2040,2456,1611
1791: 694,1104,1011,1512,291
1792: 2377,1155,559,1002,2102,243,2458,1644
1793: 1012,1529,248,2262,1799,944
1794: 2461,244
1795: 1575,374,564,472,382,1013
1796: 447,2036,873,2464,1143,246,2565
1797: 1525,1996,2466,2568
1798: 118,1103,1488,1017,494,1467
1799: 41,944,1187,1142,2393,1793,248
1800: 1019,1804,1739,754,1685,1183,2712
1801: 507,249,453,529,389,1667
1802: 1141,823,2471,847,675
1803: 465,254,2473,2528,2581,1808
1804: 1019,1800,1183,252,569,16
1805: 15,566,1086,1722,1022,1175
1806: 558,1023,1151,1824,319,1270
1807: 1159,2050,2481,2386,2478,2313,2008
1808: 254,1803,2528,1159,1021,2481
1809: 1626,255,1022,760,1566,1722
1810: 256,1023,1151,354,1110,1267
1811: 874,630,1876,280,1084,14
1812: 1638,843,499,1919,1849,1310,1816
1813: 199,863,1662,506,2250,2436
1814: 630,1906,519,261,327,1930
1815: 528,1202,326,1072,260,1858
1816: 1828,241,1431,1638,843,312,1812
1817: 97,336,848,343,213,570
1818: 262,38,66,1040,1244
1819: 1574,849,185,715,1603,422
1820: 1910,938,88,210,379,1007
1821: 1921,491,157,692,920,824
1822: 80,849,337,1934,816,489
1823: 407,282,1246,1933,150,1891
1824: 1125,265,319,558,1806,549
1825: 344,1244,884,262,433,190
1826: 60,909,1425,716,1238,1405
1827: 148,645,1862,1040,38
1828: 1816,64,241,410,1048,1431
1829: 978,957,968,1746,1328,2194
1830: 136,615,625,560,733,1307
1831: 855,1844,503,784,1870,902
1832: 551,988,1070,307,11,179
1833: 307,1517,696,1009,293,1861
1834: 464,503,1136,553,250,456
1835: 1368,26,383,982,1931,1904
1836: 1009,655,1926,780,293,1407
1837: 1900,688,1496,1887,347,201
1838: 1840,603,436,383,751,1015
1839: 795,1627,342,1338,1551,462
1840: 532,436,1838,383,782,1884
1841: 1114,65,143,710,294,2073
1842: 1892,320,860,1862,623,645
1843: 922,1016,724,688,1851,1907
1844: 855,754,1831,1685,302,1870
1845: 1925,571,357,1846,427,1902
1846: 1925,49,571,1845,284,479
1847: 371,674,1312,301,1914,792
1848: 795,342,160,2186,932,599,682
1849: 843,1919,1812,728,1911,998
1850: 773,402,862,291,500,107
1851: 902,1016,724,1843,456,784
1852: 1687,948,674,49,479,792
1853: 687,289,1535,166,552,135
1854: 922,1907,94,1377,816,1340
1855: 916,64,1270,1048,868,1507
1856: 267,67,357,427,1279,736
1857: 70,311,807,1673,1587,623
1858: 82,260,531,6,1815,326
1859: 1874,687,289,347,919,201
1860: 996,780,293,1861,706,1864
1861: 1860,293,1864,551,307,1833
1862: 1896,1842,860,1827,645,38
1863: 874,1867,1864,551,236,988
1864: 706,1867,1863,551,1860,1861
1865: 1880,726,1450,288,684
1866: 1908,1882,221,972,1913,531,959
1867: 874,706,323,1876,1864,1863
1868: 1908,731,631,221,854,1888
1869: 82,640,1874,942,54
1870: 245,122,784,1831,1844,302
1871: 154,892,535,7,130,649
1872: 251,1909,854,58,1396,871
1873: 476,899,222,586,367,1935
1874: 687,347,1859,942,54,1869
1875: 658,1250,1489,935,1129,346
1876: 874,630,1867,323,1906,1811
1877: 882,508,1443,512,916,868
1878: 327,892,320,535,860,1930,1895
1879: 236,421,988,1901,1733
1880: 1865,380,1881,1263,684
1881: 1293,696,380,457,1880
1882: 972,1866,959,1927,362
1883: 295,1007,805,88,667,491
1884: 782,177,242,1840,436,1915
1885: 953,355,231,1936,1269,1362
1886: 122,337,393,784,1934,724
1887: 1016,1837,688,1496,1661,250
1888: 977,708,318,731,631,1868
1889: 187,1902,171,20,962,736
1890: 134,594,783,1898,476,109
1891: 150,1913,1823,407,631,221
1892: 1842,320,151,637,311,623
1893: 271,628,425,637,151,634
1894: 933,1650,828,1522,2416,493
1895: 327,320,1878,425,1344,637
1896: 154,892,860,1862,1912,38
1897: 203,1924,393,538,813,923
1898: 594,1890,746,867,109
1899: 1554,639,426,836,837,1044
1900: 922,1837,688,94,347,54
1901: 236,1733,1879,14,361,620
1902: 187,1889,1925,1845,357,736
1903: 943,496,318,1932,837,198
1904: 603,1835,383,665,982,367
1905: 53,434,812,660,444
1906: 630,130,323,1876,1814,1930
1907: 922,724,1854,1843,337,816
1908: 251,221,972,1868,854,1866
1909: 251,1872,125,1018,1396,1928
1910: 378,1820,938,210,574,406
1911: 120,434,998,660,1919,1849
1912: 698,446,38,66,154,1896
1913: 150,531,6,1891,221,1866
1914: 750,792,643,869,1847,301
1915: 1000,1332,550,436,242,1884
1916: 996,1926,780,649,698,240
1917: 365,779,1068,945,1387,474,1296
1918: 1923,671,952,270,573,1432
1919: 898,1849,1310,1812,120,1911
1920: 1242,578,634,547,1120,271
1921: 1821,336,692,848,920
1922: 1165,628,425,533,1344,459
1923: 952,1918,67,1279,270,195
1924: 245,122,393,487,1897,538
1925: 1845,479,357,1846,1902,643
1926: 655,780,432,1836,1916,240
1927: 909,716,362,1469,1018,1882,972
1928: 1396,509,1909,125,1546,856
1929: 508,196,272,1443,695,582
1930: 327,535,1878,130,1906,1814
1931: 1835,26,982,270,573
1932: 731,58,1903,318,198,458
1933: 150,640,1823,793,282
1934: 203,1886,337,393,1822,80
1935: 1279,1873,195,962,899,586
1936: 953,231,1885,379,1748,979
1937: 485,2266,1537,1525,704,2052,2040,2456
1938: 1453,44,2387,2627,1198,608,2013,1973
1939: 1034,1580,523,0,2023,2087,2322
1940: 657,1422,1412,969,918,2321,2342
1941: 642,3,2095,2290,2699
1942: 1042,524,2670,785,4,2027
1943: 1457,2673,2437,2475,334,2465
1944: 2620,814,2111,1703,488,1618
1945: 1460,1319,2249,315,2749,2409
1946: 1461,886,2675,1602,2147
1947: 1020,243,2299,1462,1644,2214
1948: 117,492,1624,2115,2260,2632,2183
1949: 1427,2520,2153,1463,408,2495,2744
1950: 676,286,2364,1464,2273
1951: 548,10,29,613,2074,2238
1952: 229,401,975,1161,2280,2391,2515
1953: 1441,1230,2043,669,1466
1954: 12,146,2118,876,2667,2166
1955: 976,1004,2072,799,2635,85,2609
1956: 1468,638,2367,2718,1599,2144
1957: 1486,189,1471,1484,1979,2232
1958: 1402,2049,1639,2297,497,1598
1959: 1473,686,678,2179
1960: 576,1098,2252,1545,17
1961: 1475,2739
1962: 981,2520,2374,2679,1751,2335,408
1963: 955,19,2721,937,1247,2159
1964: 1478,680,1058,2097,524,1567,2139
1965: 1644,501,2214,2360,1002,2014,2585
1966: 1318,2736,2681,1479,1624,891,2650
1967: 719,2666,502,126,1257,2002,2605,2405
1968: 21,1304,1750,1227,1112,368
1969: 1480,238,428,296,2544
1970: 1438,1756,2382,2614,1168,985,180
1971: 2546,2476,727,2078,2691,681,51,2025,1481
1972: 1482,1388,429
1973: 986,1538,1758,44,1938,2387
1974: 1118,2527,23,752,1775,2425,399
1975: 2245,1516,1483,2128
1976: 738,505,2045,68,170,2201
1977: 1766,1382,2404,24,1254,2657
1978: 730,987,1651,1759,2228,2487
1979: 430,1471,2547,1484,1253,1957,2453
1980: 653,1289,2314,431,1486,2120,2232
1981: 1137,27,1751,1280
1982: 507,866,1533,1667,1378,2703
1983: 1708,683,2554,765,1487,2384
1984: 2355,28,610,1290,2231,1143
1985: 1108,29,613,1789,175,2564,2455
1986: 2292,2404,992,1376,1787,2452
1987: 618,184,510,1319,912,1333,2224
1988: 1422,575,2137,2321,1492,2331
1989: 1159,243,32,2299,2386,2458,2377
1990: 1493,441,1510,2024,1625,2390
1991: 239,1770,1675,994
1992: 1770,1494,2720,2307,895,2410
1993: 1198,663,2482,2333,995,1772,2181
1994: 269,1218,35,133,633,2142,1353
1995: 2350,609,1642,2227,748,513
1996: 1497,247,1797,2306,2568
1997: 1420,2741,2668,1498,1684,2396,2595
1998: 1092,37,1372,641,1176,2427
1999: 235,399,2512,2533,1775,997
2000: 557,1499,1173,36,1054
2001: 1589,1030,2129,2161,1771,2413,514
2002: 126,1257,1967,2605,2272,1500,2131
2003: 1071,39,2446,1181,2154,2686,897
2004: 690,2400,1101,1501,1342,290,2259
2005: 168,515,2491,2067,2196,2090,1032
2006: 897,774,329,1051,1502,2126
2007: 999,2562,770,1031,1174,316
2008: 1503,1107,1807,2555,2050,2478
2009: 740,2505,1076,516,604,2191,1035
2010: 42,1215,1192,2215,2465,2518,1457
2011: 1001,1331,1761,1582,2119,2435,2605
2012: 1776,1038,606,517,2338,2426,2579
2013: 1198,663,44,1938,2281
2014: 559,1781,469,1002,2438,2585,1965
2015: 691,1096,2246,2403,1091,2726,1505
2016: 2755,46,1251,2591,1206,1055,2132
2017: 377,764,2488,1003,1706,2687
2018: 246,47,1472,2304,2352,2565
2019: 521,2089,2133,2537,1171,3,1050
2020: 1715,188,2229,2517,2545,48
2021: 1428,1004,2072,2449,2745,691,2403
2022: 1509,693,443,2561,2406,2035
2023: 1034,523,1055,1939,2087,2132,2145
2024: 441,1510,544,1990,800,2068,2353
2025: 340,681,51,1481,2546,1971
2026: 129,276,1511,2350,2069,2071,2134
2027: 4,917,2702,2253,524,1942,1058,200
2028: 442,2559,2301,2468,1513,244
2029: 525,377,388,59,2488,2037,2152
2030: 1514,2156,2274,309,2561,2696,2705
2031: 1515,545,1064,131,1273,2674,1131
2032: 1516,904,2423
2033: 56,208,2183,2573,2681,891,993
2034: 1790,1010,1658,2040,1525,2466
2035: 2406,1520,905,1548,2070,1509,2022
2036: 1524,1521,447,1439,1796,2039,2603,2464
2037: 388,59,2029,2451,714,2101
2038: 61,621,957,2254,1500,1081,278
2039: 1524,1439,2036,2753,1411,2421
2040: 1790,2034,2456,1537,1525,1937
2041: 701,1526,1069,2423,2690,904
2042: 1527,2070,2124,2442,2570,2692,1548
2043: 1230,1953,1466,2676,1528,2339,133
2044: 534,183,2221,2589,48,1214,2517
2045: 1660,505,861,2245,1976,68,2653
2046: 69,1287
2047: 536,2094,2564,1066,10,2074,2698
2048: 1371,2695,2113,1533,1378,2747
2049: 1402,653,1958,2729,1686,1639,71,2206
2050: 1020,1807,2555,2299,2386,2478,2008
2051: 1731,333,156,72,2540,2639
2052: 896,194,704,2244,1537,1937
2053: 1235,1303,340,73,2447,2642,1606,1248
2054: 1329,2661,414,622,2528,1021,32
2055: 565,137,1538,1356,2148,2287,2683
2056: 74,1309,1138,368,1704,1359
2057: 274,1316,1539,2346,797,907,2607
2058: 540,394,392,1100,2506
2059: 1611,76,1317,2165,2428,2659
2060: 455,1541,2123,2575
2061: 2489,642,77,2652,2669,2290,1320
2062: 541,1105,770,76,1043,2165,52
2063: 1385,2711,78
2064: 2508,2358,2709,2077,430,395,542
2065: 79,1429,1221,2746,409,2521
2066: 1545,139,2472
2067: 1035,515,1025,2005,2076,2090
2068: 800,1113,2151,2283,2353,1721,544,2024
2069: 1027,2629,1026,1511,2026,2071,0
2070: 1584,2042,2124,147,1548,2035,1509
2071: 129,1027,2026,2069,2084,1032,2134
2072: 1004,1955,2021,2449,691,85,2403
2073: 987,1759,1552,178,65,1841,710
2074: 548,10,1951,1066,2167,2047
2075: 463,2580,1553
2076: 515,1029,1025,2067,2317,1272,257
2077: 711,1383,2709,542,1556,2271,2064
2078: 2476,1604,1648,727,1971,2623,2222,91
2079: 1369,92,223,2275,2480,2553,2628
2080: 597,1557,2347,465,668,2473
2081: 757,1558,72,1353,911,2540
2082: 1708,1487,1031,52,2513,541
2083: 1211,1434,1380,2748,95
2084: 1027,2071,1032,2134,2196,2322,259
2085: 1562,146,2697,2131,912,126
2086: 1753,99,2727,1394,1410,161
2087: 1034,1206,1055,2643,1939,2023,2474,1308
2088: 306,1075,847,2397,555,12,2187
2089: 1563,521,1593,722,2019,2133
2090: 1035,2005,2067,129,2191,1032,2134
2091: 102,1408,2732,2647
2092: 1170,1234,591,2121,2178,2411,1564
2093: 1393,556,963,1229,1146,1765,2401,2477
2094: 1036,771,536,2047,2503,392
2095: 1037,3,1941,2290,563,1171,2414
2096: 1038,2362,2579,229,2280,826,1243,2632
2097: 1478,690,913,2164,1964,1567
2098: 106,400,2514,2379,2438,294
2099: 106,469,1568,859,1358,1421
2100: 1200,1039,2197,1335,2567,2489,2669
2101: 2336,2497,714,1164,1569,388,2037,2451
2102: 559,400,2438,1155,1397,1792,2444
2103: 110,2130,1401,1590
2104: 1334,960,625,1720,624,560
2105: 111,794,1594,1119,2294
2106: 1217,1042,524,585,2523,1567,2164
2107: 112,2258,1741,878,2359,2670,1585,2125
2108: 933,2693,1367,2717,2356,562,699
2109: 1043,2432,2325,1228,52
2110: 563,137,1164,2148,1569,2398
2111: 2620,885,814,1944,115,488
2112: 1221,2700,2535,1578,2577,334
2113: 1371,2048,1579,2501,1533,802,2747
2114: 264,1046,2278,2247,1116,84,617
2115: 117,1463,492,386,1948,2329,2495
2116: 473,1026,1580
2117: 2537,565,1171,986,1538,2148,2414,756
2118: 1562,12,1581,146,1954,2633,2166
2119: 1761,1582,220,2011,2605,2272
2120: 1486,1392,119,1289,1980
2121: 591,2092,567,1177,142,1564,2158
2122: 47,1209,2294,794,2603,1583
2123: 1050,455,1541,2060,1593,2133
2124: 1584,709,2042,2070,2442,1548
2125: 4,1585,917,878,112,2107,2670
2126: 1385,774,1051,2006,1323,2711
2127: 1586,2592,1482
2128: 1483,701,123,2653,1975,2245
2129: 1589,1130,1030,2001,2318,969,918
2130: 2594,110,478,2103,2418,1590,2409
2131: 1562,1500,278,2085,126,1257,2002
2132: 1206,1060,1055,2023,2145,46,2016
2133: 521,1593,2019,2089,1050,2123
2134: 129,2191,2026,2071,2084,1032,2090
2135: 1594,1211,2217,1258,95,480
2136: 77,2669,1057,525,1361,1335
2137: 575,1988,662,2331,1195,1224
2138: 287,1595,2139,1096,2246,2369,2375
2139: 287,200,2138,2375,680,1058,1964
2140: 936,576,1745
2141: 1598
2142: 633,1230,338,1994,133,1353
2143: 887,1222,2434,2538,2676,1059,1528,2339
2144: 1599,152,2279,1391,2718,638,1956
2145: 1060,523,2023,2132,473,2588
2146: 1732,1601,2754,2343,2344,482,1140
2147: 1602,153,2174,2575,886,1946,2424
2148: 565,563,137,2055,2110,2117,2414
2149: 8,470,765,1061,256,1110
2150: 676,139,286,2472,662,2366,1195
2151: 1605,376,800,2610,2068,2283,2602
2152: 1249,1062,59,1669,2488,2029
2153: 1427,1208,1949,2744,581,223
2154: 1606,39,2003,2177,2188,2289,2686,155
2155: 913,2164,1560,1268,585,141,2207
2156: 1683,1063,2030,2274,2576,2705
2157: 1196,2620,1607,2437,2475,1065,778,1124
2158: 142,2376,1564,2241,292,567,2121
2159: 583,1247,2385,2583,263,19,1963
2160: 1154,2373,2348,1255,2600,2604,1608
2161: 1272,1030,257,2616,2001,144,514,1571
2162: 584,1215,2291,2521,1696
2163: 1065,297,2450,1124,1212,2309
2164: 913,2097,2155,585,2106,1567
2165: 1105,1611,76,485,2059,2062,2266,2456
2166: 876,1676,2667,146,1954,2118,2697
2167: 1122,1066,2234,2303,548,2074
2168: 2551,435,1492,2563,1422,1612
2169: 1157,147,2327,2381,2402,1509,443,309
2170: 587,2345,2626,1364,273,2172,2689
2171: 732,1029,1613,2487,1047,520,258
2172: 292,1526,1069,123,273,2689,2170
2173: 1686,152,755,2206,2279,2296,2534
2174: 455,153,1375,2147,2575
2175: 590,234,1756,359,2286,2382,2441
2176: 1071,596,1181,305,2395,450,274
2177: 2154,2289,1695,759,159,1502,2184,155
2178: 269,1059,1170,591,2092,2339,2434
2179: 1473,1622,1959,329,2430,1207
2180: 592,412,2408,2524,2525
2181: 995,1772,1993,1321,1654,735,1623
2182: 2613,1073,113,1268,602,2207
2183: 208,2033,2573,2681,1624,1948,2260
2184: 1502,155,2430,2177,759,159
2185: 652,2312,2390,1145,1399,1510,1625
2186: 342,1049,160,266,1848,682
2187: 1292,12,2633,1075,2088,555
2188: 1606,39,596,1248,2154,2289,2586
2189: 460,1698,707,62,164,1260
2190: 1629,1153,2532,2715,929
2191: 129,276,2134,2009,1076,1035,2090
2192: 2750,597,2347,1436
2193: 50,1220,2531,947,1256,1630
2194: 1829,968,1746,360,167,2368,1281
2195: 781,475,1077,62,164
2196: 168,2491,2005,2084,1032,259,369
2197: 598,1039,2100,1335,2598,1783
2198: 170,1010,1633,2466,738
2199: 169,1623,1654,2233
2200: 930,1144,1634,2621,2490,2351,1201
2201: 68,170,1010,1658,2242,1976
2202: 729,1618,703,1534,1636,2429
2203: 1782,1547,739,2502,1637,234,2324
2204: 601,2636,2734,1258,480,2753,2597
2205: 175,2263,2455
2206: 1686,1639,755,71,2173,2049
2207: 602,141,627,2613,113,2182,1268,2155
2208: 777,176,1683
2209: 1641,629,1346,2380,498,1249,1669
2210: 881,1642,2227,2505,2630,2672,1076
2211: 1689,1093,2724,786,1552,178
2212: 1085,1297,2357,2398,714,1164,2451
2213: 1272,1130,516,604,1030,2616,299
2214: 1462,1644,675,1965,2360,243,1947
2215: 42,1215,180,2010,2291,2737
2216: 787,2248,605,1451,2618
2217: 1594,181,1119,1211,2135,2510
2218: 391,2759,1214,1452,183,1087
2219: 1647,2224,2646,965,851,1726,2334
2220: 606,664,2338,2622,27,1280
2221: 787,183,2044,2589,1705,2618
2222: 1648,1281,2623,2078,214
2223: 1217,1088,275,2523,2584,2348
2224: 2666,502,1647,1333,2219,184,2646,1987
2225: 1649,1284,587,2626,2484,2511,1179,2439
2226: 608,2415,1146,2354,822,2628,1286
2227: 1288,1642,2210,2630,1665,609,1995
2228: 1308,369,1651,1759,1978,2389,168
2229: 700,2731,1715,188,2421,1406,2020,648
2230: 1776,2362,2426,1428,2745,1091,285,2515
2231: 672,2759,2355,610,1371,2695,1984
2232: 1486,189,1957,1363,2319,2549,1980,431
2233: 373,2654,1654,2199
2234: 1122,1092,1066,2167,1374,1176,2698
2235: 1719,1327,1777,191,2323,2349,2659
2236: 1437,1656,2719,2422,1745,2365
2237: 1689,1093,2257,1206,2496,1251,2591,622
2238: 548,1556,613,1302,1951,2640,2271
2239: 1657,463,2516
2240: 2326,192
2241: 142,2376,435,1094,1109,2366,2158,2273
2242: 1179,68,1658,2615,2439,2201
2243: 1326,937,1659,1429,2700,219,915
2244: 2685,263,896,1106,194,2052,2268
2245: 1660,1975,2045,1483,2128,2653
2246: 1595,1096,2015,2138,2369,2726,1505
2247: 1345,2607,84,617,797,2114
2248: 477,1097,787,2216,605
2249: 618,1460,1319,1945,2265,2735,315
2250: 199,1662,1813,2259,2467,1730,1101
2251: 324,1665,1288,2422
2252: 1195,1098,1224,1960,1545,2472
2253: 1732,2702,2027,2344,200,2677
2254: 621,2038,527,852,1081,1336
2255: 1100,1063
2256: 1657,745,2516,1670,253,2315,2269
2257: 1689,1093,2661,2237,2284,1251,622
2258: 206,798,112,2107,1741
2259: 1662,290,2250,1101,2004,1342
2260: 492,1948,2632,1744,208,2183,826
2261: 2542,1199,2485,335,2704,2751,209
2262: 1012,348,1793,1674,2453,944
2263: 2455,1675,2205
2264: 212,37,1668,941,2372,2723
2265: 1416,1676,2667,2735,315,618,2249
2266: 1105,1043,485,2165,1937,2432,704
2267: 1753,41,99,944,215,1186
2268: 2685,955,1106,2244,1724,2330
2269: 1107,253,2478,2313,745,2256
2270: 964,1709,219,2733,1659,2392
2271: 1108,542,1556,613,2238,2077,1147
2272: 1257,2002,2605,1500,61,220,2119
2273: 1109,2366,2241,1464,1526,2690,286,1950
2274: 1683,693,2030,2156,2561,2576
2275: 1369,223,2079,2500,2553,1208
2276: 1420,2727,947,1684,1630
2277: 376,2625,2486,2457,1331,2664,224
2278: 2723,1046,1111,2114,2596,1116,791
2279: 1686,1599,2637,152,2144,2173
2280: 229,285,1952,2362,2096
2281: 467,1688,44,663,2013
2282: 689,638,677,2367,2396,2688,1295
2283: 1605,376,800,1113,2068,2151,2486
2284: 1329,2377,1155,1689,2661,1397,2724,2257
2285: 1778,232,1427
2286: 1637,1417,234,1756,2175,2382,2737
2287: 235,1758,417,2512,2683,1538,2055
2288: 2723,1157,1111,641,2381,2402,941
2289: 1606,2154,2177,2188,1695,73,155
2290: 642,77,1037,268,1941,2061,2095,2497
2291: 985,1215,180,2162,2215,1696
2292: 238,1766,1986,2404,2544,992,2452
2293: 239,650,1147,1789,2358,1675
2294: 181,1119,1699,794,2105,1583,2122
2295: 761,2548,451,2572,1749,1700,1302
2296: 646,152,2173,2534,1193,1391,1123
2297: 428,296,1121,1639,1958,497
2298: 1323,905,2692,2507,1527,1051,647
2299: 1020,243,1989,2050,2386,2458,1947
2300: 2634,718,1705,2501,1087,391
2301: 442,2559,1785,2028,2449,244,2622
2302: 875,648,2716,2665,700
2303: 1749,212,1122,1700,2167,548
2304: 1788,1143,246,1472,2018,1008,1290
2305: 1706,2419,2536,2552,764,2660,1456,1271
2306: 1497,247,1996
2307: 239,1770,650,2720,1992,2410
2308: 2651,1707,2646,2612,2638,851
2309: 683,1212,2384,2483,297,2163,1124
2310: 1174,8,1570,1708,765
2311: 1725,1709,1724,2460,358
2312: 759,652,2185,2543,2566,2725,1399
2313: 1807,2481,2478,254,253,2269
2314: 653,1289,1980,2631,2729
2315: 1670,254,253,2522,2581,2256
2316: 873,2731,1715,1452,2663
2317: 1029,2076,1272,257,2320,1571,258
2318: 1130,2129,209,299,918,2704
2319: 689,1498,1363,1717,2688,189,1484,2232
2320: 1047,1227,1571,258,2317
2321: 657,1422,1412,575,1940,2440,1988
2322: 1034,0,1939,259,2474,1027,2084
2323: 1719,669,1466,2235,2349,2676,887
2324: 1457,659,42,1637,1417,2203,2502
2325: 263,194,583,1228,2109,2432
2326: 1386,396,2713,1721,2240,192
2327: 264,1157,147,2169,2381,1584,2648
2328: 1135,2601
2329: 117,1723,1463,1479,2115,2744,2401,2736
2330: 1277,2460,2619,1724,2685,2268
2331: 1094,1492,2366,662,2137,1988
2332: 964,1725,2738
2333: 663,1424,995,1993,467,2743
2334: 1726,2680,1647,2219,1767
2335: 1137,1751,981,1962
2336: 77,1057,268,2101,2497,525,388
2337: 181,1727,1699,2510,2740,966
2338: 606,664,2012,2220,2426
2339: 269,1059,1170,1528,2178,133,2143,2043
2340: 1203,907,2351,1728,2395,274,2346
2341: 1730,1478,680,2375,723,2467
2342: 1412,969,1940,1771,1731,156,2639,1589
2343: 1732,2146,2344,799,1140,2609
2344: 1732,1601,917,2702,2146,2253,2343
2345: 1222,1177,587,2170,2434,273,567
2346: 274,1539,2057,907,2340,2395
2347: 597,2080,2192,668
2348: 1154,2373,2613,2160,1608,1088,275,2223
2349: 1719,829,669,191,1466,2235,2323
2350: 129,276,1511,1995,2026,1642,513
2351: 1028,1144,2490,2200,1728,2340,305,2395
2352: 670,47,1472,2018,2678,1209,2504
2353: 800,2610,2068,1145,1510,2024
2354: 1393,556,1146,1286,2722,2226
2355: 672,2759,28,1984,2231,2663,1452
2356: 1161,1740,2391,1367,2108,562
2357: 1085,281,635,967,2212,2398
2358: 2508,650,1147,2064,2293,395,542
2359: 878,1153,2370,2715,2742,2107,1741,1423
2360: 1322,1644,501,847,675,1965,2214
2361: 1743,1294,364
2362: 1776,1038,2096,2230,285,2280
2363: 562,1744,1239,208,2573,2391
2364: 676,1950,904,1464
2365: 1098,1745,1199,2485,1437,2751,2236
2366: 1094,1109,2241,2273,2331,286,2150,662
2367: 1468,638,677,1956,2282,2531
2368: 1677,365,167,945,1746,2194
2369: 287,200,1348,1096,2138,2246,2677
2370: 416,1153,308,2359,2399,2532,2742
2371: 678
2372: 1749,212,1668,2264,1614,2548
2373: 1154,802,2160,2348,1255,2600
2374: 606,517,2679,27,1751,1962
2375: 287,1595,2139,2138,723,680,2341
2376: 142,1109,2158,2241,292,1526,567
2377: 1329,1155,1792,2284,32,1989,2458
2378: 928,340,681,2714,1223,483,2602
2379: 106,2514,2098,1114,1643,294
2380: 1755,225,498,1641,2209
2381: 1157,1111,2169,2288,2327,2402,309
2382: 590,2556,1438,1756,1970,2175,2286
2383: 497,296
2384: 683,2554,1983,2309,2483,703
2385: 583,297,1228,2159,2450,2583,2550
2386: 1020,1807,1159,1989,2050,2299
2387: 1453,1758,44,417,1938,2627,1973
2388: 881,1437,2751,2672,209,299
2389: 1308,369,786,1759,1552,2228,2587
2390: 686,652,2185,1493,1990,1625
2391: 229,1161,1952,2356,562,1744,2363
2392: 1326,1659,219,1760,2270
2393: 304,1615,1449,1142,1799,1529,248
2394: 1779,1761,2435,1716,360
2395: 305,2176,2490,2351,2340,274,2346
2396: 689,1498,1684,677,2282,1997
2397: 1322,847,2655,306,2088,555
2398: 281,2212,2357,137,1164,2110
2399: 1608,308,2370,2742,1088,2584,1423
2400: 690,913,1560,1101,2004,1501
2401: 963,1765,2093,2736,1723,2329,581
2402: 1372,641,2169,2288,2381,1514,309
2403: 691,85,1096,2015,2021,2072
2404: 1766,1977,1986,2292,2544,865,992
2405: 719,502,1647,1967,2457,1767
2406: 1520,2035,2433,1509,176,693,2022
2407: 1596,1678,1768,2527,2650,1318,752
2408: 592,1168,2569,2180,2525
2409: 1435,2749,1590,2130,2418,315,1945
2410: 1770,1992,2307,994
2411: 2563,1218,35,1170,1234,2092,2526
2412: 401,975,317,1400,2726,63
2413: 385,1349,2493,514,1771,2639,1589,2001
2414: 2537,565,563,1171,2117,2148,2095
2415: 1198,2482,1772,608,2226,1321,822
2416: 1894,933,1522,699,381,2492
2417: 321,1189,1376,2701,1787
2418: 1172,2735,315,478,2130,2409
2419: 322,1706,2305,2469,2536,2660,1456
2420: 100,461,1398,1354,1773,971,842
2421: 700,1406,2229,2665,1524,2039,1411
2422: 1288,1656,2719,2236,324,2251
2423: 1483,701,2041,2690,1516,904,2032
2424: 886,325,2459,2652,153,2147,1320
2425: 1775,1245,1325,1118,1974
2426: 1776,664,2012,2230,2338,1428,2745
2427: 1379,1176,2506,1372,1998,2696
2428: 770,76,1317,2059,1777,2562,2659
2429: 703,1534,2202,2554,1061
2430: 329,1502,2184,1622,159,2179
2431: 1778,2285
2432: 1043,2109,2266,263,194,704,2325
2433: 2406,331,1210,1520,176,693
2434: 1222,1177,2143,2345,2538,1059,591,2178
2435: 91,1779,1001,1366,1761,2011,2394
2436: 199,863,506,1813,63,1178,1367,2717
2437: 1196,1943,2157,2475,334,778,2577
2438: 559,1781,400,2514,2102,2014,2098
2439: 1179,68,2242,1284,2225,2626,2484
2440: 657,335,575,2704,2321,2542
2441: 234,359,2175,2462,1782,1278,2578
2442: 709,450,1527,1539,2042,2124,2570
2443: 418,1003,1123,1783,2687,2536,598
2444: 1397,2724,178,710,294,400,2102
2445: 526,791,339,1232,2558,2710
2446: 1181,2003,2686,1527,2570,897,647
2447: 1235,1303,928,340,73,2053,2725
2448: 1784,374,2683,281,635,1356
2449: 442,1428,1785,1004,2021,2072,2301,2745
2450: 1065,778,1578,297,345,2163,2385,2583
2451: 1249,59,2037,1085,1297,2212,714,2101
2452: 1787,238,1986,2292
2453: 348,1674,2262,2547,1484,1253,1979
2454: 1788,889,2678,1008,1621,866
2455: 2263,1985,1789,1675,175,2205
2456: 1790,808,2040,1611,485,2165,1937
2457: 719,2405,1767,2664,224,2680,2277
2458: 243,32,1989,2299,2377,1155,1792,1644
2459: 886,1189,325,2701,2424,772,2567
2460: 358,2619,1724,2311,2330
2461: 1794,244,2622,1280
2462: 359,2441,1727,817,2740,1278
2463: 1593,722,1408,2732,1541
2464: 873,2731,1406,1524,1796,2036
2465: 42,1192,2010,2535,1457,1943,334
2466: 1797,1525,1010,2034,2198
2467: 199,63,2250,1730,2341,723
2468: 2559,976,2028,364
2469: 418,1193,1391,322,2419,2536
2470: 725,2631,2641,839
2471: 1462,847,675,439,823,2560,1802
2472: 1545,139,2066,2150,662,1195,2252
2473: 465,1803,2528,1557,1444,414,2080
2474: 1034,2643,2087,2322,259,1308,369
2475: 1457,1196,2673,814,1943,2157,2437
2476: 727,1971,2623,2078,91,2691,1481
2477: 1393,963,1318,372,2093,752,2736
2478: 1807,2050,2313,1107,2008,2269
2479: 324,1197
2480: 373,1369,92,2079,2654,2694
2481: 1807,1159,1021,2313,254,253,1808
2482: 1198,663,1772,608,1993,2415
2483: 683,2309,2384,1124,1607,729,703
2484: 1649,375,2225,2511,1179,2439,2649
2485: 1199,2261,2365,1437,2751
2486: 376,1113,2277,2283,224,396,2509
2487: 732,2491,1613,2171,730,1651,1978
2488: 1062,377,764,2029,2152,2017
2489: 77,2652,2669,2061,1200,2100,1335
2490: 1144,2621,2200,2351,1201,305,2395,2586
2491: 732,168,515,2005,2196,2487,1651
2492: 699,1239,56,381,2573,1522,2416
2493: 366,1298,385,1349,2413,514
2494: 169,846,735,1424,995
2495: 1463,386,408,2115,1350,1949
2496: 786,2587,1206,2643,2591,1093,2237
2497: 1037,268,2101,2290,2336,563,1569,388
2498: 774,329,1207,2571
2499: 738,505
2500: 1369,2275,2694,1778,1208
2501: 718,1579,2300,672,391,1371,2113
2502: 739,2203,1637,659,885,2324
2503: 1036,536,2094,392
2504: 781,2590,1446,670,2352,1209
2505: 881,740,1642,2009,2210,2672,1076
2506: 394,1100,1379,1374,1176,2058,2427,2705
2507: 1210,1323,1520,905,2692,2298,2656
2508: 650,2720,2064,2358,395,1392
2509: 1386,890,224,396,2680,2486
2510: 181,1727,1211,1434,817,2217,2337
2511: 1649,375,742,2225,2484,2538,1327
2512: 235,417,1999,2287,2533,2627,997
2513: 683,1212,1487,52,2082,1228,2550
2514: 106,1781,400,1568,2098,2379,2438
2515: 401,1091,285,1952,2726,1505,2230
2516: 1657,745,463,2239,2256,1670
2517: 1715,1214,2020,534,2044,48
2518: 1215,409,1192,2010,2521
2519: 1665,609,748
2520: 232,981,1427,1949,1962,408
2521: 584,409,2162,2518,79,2065
2522: 749,1670,2315,2581
2523: 1217,1042,1088,785,2106,2223,2584
2524: 412,2180,411
2525: 412,1168,2180,2408,2752,1438
2526: 2563,1218,35,1234,2411,333,1558
2527: 1678,1118,1974,2407,752
2528: 1803,2473,1808,414,2054,1021
2529: 753,216,466,237,990,1786
2530: 415,2706
2531: 870,1220,2193,1468,677,2367,1630
2532: 1629,416,1153,2190,2370
2533: 399,1286,417,1999,2512,2627,2722
2534: 646,755,2173,2296,1382,1121,2708
2535: 409,1192,2465,1221,2112,334
2536: 418,1003,1706,2305,2419,2443,2469
2537: 1171,2117,2414,521,2019,756
2538: 887,1649,1222,742,587,2143,2434,2511
2539: 872,420,1707,833,2638
2540: 1731,757,1300,72,2051,2081,2639
2541: 1605,2625,1223,2602,820,1481
2542: 1199,1224,2261,335,575,2440
2543: 759,1473,1622,652,159,2312,2566
2544: 238,428,1766,2708,1969,2292,2404
2545: 188,2020,648,429,1482,1586,48
2546: 1226,727,1971,815,1303,51,2642,2025
2547: 430,1979,1383,348,2709,2453
2548: 1614,761,2295,1749,1700,1668,2372
2549: 2637,71,1363,1295,2232,653,431
2550: 583,297,1228,2385,1212,52,2513
2551: 435,1492,1564,2168,2563,1234,1612
2552: 1062,764,173,1456,1271,1706,2305
2553: 92,223,2079,2275,2628,1229,1765
2554: 765,1983,1061,2384,703,2429
2555: 1020,439,2050,1462,1503,2008,2560
2556: 590,2624,1438,2382,1231,2752
2557: 441,192,544
2558: 114,883,2710,2445,1232
2559: 442,976,1004,2028,2301,2468
2560: 823,1172,439,2555,2471,1233
2561: 693,443,1514,2022,2030,2274,309
2562: 1777,191,999,2007,770,2428,1031,1174
2563: 1234,2411,2526,2551,2168,1612,333
2564: 771,175,2047,10,29,1985
2565: 1143,246,47,2018,447,1796,2603
2566: 1235,1695,2725,1399,759,2312,2543
2567: 1200,1039,772,2100,325,2459,2701
2568: 1497,449,1797,1277,1525,1996
2569: 592,2408,1236
2570: 450,1527,1539,2042,2442,2446,1181
2571: 1385,774,2498
2572: 711,451,1529,2295,1302,2640
2573: 1744,1239,56,208,2033,2183,2363,2492
2574: 1436,776
2575: 1602,455,2060,2147,2174
2576: 1683,1063,2156,2274,777
2577: 778,1578,2112,2437,334
2578: 460,1782,1547,1278,2441,1640
2579: 1038,517,2012,2096,1243,2632,1350
2580: 790,110,2593,463,2075,1553
2581: 749,465,1803,2315,2522
2582: 1563,1315,722,467,2743,2732,2647
2583: 583,1247,297,345,2159,2385,2450
2584: 2670,1088,785,2223,2523,1423,2399
2585: 1781,469,1002,2014,501,1477,1965
2586: 1606,596,1248,305,2188,2490,1201
2587: 1308,786,2389,2496,1206,2643
2588: 776,473,1060,2145
2589: 477,787,534,2592,2044,2221,2618
2590: 781,475,1583,2504,1209
2591: 1251,2016,1206,1055,2496,2237
2592: 477,1586,534,2127,2589
2593: 790,110,1107,2580,745,463
2594: 790,1233,110,478,1503,2130
2595: 1498,1717,1997,2668,1674,1253
2596: 2723,2278,1116,791,926,1668
2597: 111,480,1439,2753,2204
2598: 598,1039,1254,2197,2657,1123,1783
2599: 1597,796,809,481,1127,1347
2600: 718,1255,1579,2373,802,2160
2601: 2754,1442,1135,2328,482
2602: 1605,1223,483,2610,2151,2541,2378
2603: 111,1521,794,447,2036,2122,2565
2604: 1255,830,1608,308,484,2160
2605: 719,1257,1967,2002,2272,1582,2011,2119
2606: 415,1258,1380,2706,95,2636
2607: 907,1345,2674,197,2247,2057,797
2608: 798,1135
2609: 1348,85,2677,1732,2343,799,2635,1955
2610: 800,483,2151,2353,2602,1145,2714
2611: 1265,2734,875,2665,1411
2612: 1266,2638,851,2308
2613: 1154,1073,2182,2348,1268,1217,275,2207
2614: 806,1696,1168,985,1970
2615: 1179,1790,808,1658,2242,2649
2616: 1272,516,1030,257,2161,2213
2617: 809,1488,789,1182,481,1360
2618: 1276,1451,1705,787,2216,2221,2589
2619: 2460,1497,1277,2330
2620: 1196,814,1607,2111,2157,1944,1618
2621: 313,815,1634,2490,2200,1201,1226
2622: 664,2220,1785,2301,2461,244,1280
2623: 2476,1281,2078,2222,360,91,1779
2624: 590,2556,359,1231,2748,1434,817
2625: 1605,376,2277,2541,1001,1331,820
2626: 1649,1284,587,2170,2225,2439,1364
2627: 1453,1286,417,1938,2387,2512,2533,2722
2628: 92,822,2079,2553,1229,1146,2226
2629: 1026,1511,2069,1287,513
2630: 881,1288,1656,1642,2210,2227
2631: 1289,2314,2470,2684,839
2632: 1243,492,1948,2260,2096,2579,826
2633: 1292,12,1581,1081,1336,2118,2187
2634: 718,1255,830,1276,1705,2300
2635: 1294,364,799,2609,976,1955
2636: 831,601,2204,415,1258,2606,480
2637: 1686,1599,71,2549,2279,1295
2638: 2612,2539,1707,2308,833
2639: 1731,1300,2051,2540,2342,1771,385,2413
2640: 1556,1302,2238,711,2572
2641: 839,2470
2642: 1303,51,2053,2546,1226,815,1248
2643: 1034,1206,1055,2087,2474,1308,2496,2587
2644: 846,1315,102
2645: 1078,589,1112,1162,1309,554
2646: 184,2651,2308,2219,2224,965,851
2647: 102,1408,2091,2732,1315,2582
2648: 1584,709,617,1316,264,2327
2649: 1179,808,2615,1611,1317,375,2484
2650: 891,1768,2407,2681,1318,1966
2651: 184,1707,1460,1319,2646,2308
2652: 2489,642,2061,153,1320,1200,325,2424
2653: 1364,123,2128,2689,861,2045,2245
2654: 373,1321,92,2480,1654,2233
2655: 1322,501,1477,2397,121,306
2656: 1210,1323,2711,2507,78
2657: 1039,1254,865,772,2598,1977
2658: 1326,79,2746
2659: 1327,1777,2235,1317,2059,2428,375
2660: 1456,1299,870,322,2305,2419,2718
2661: 1329,1689,2054,2257,2284,414,622
2662: 872,1401,1435,420,2728
2663: 2759,2355,28,873,2316,1452,1143
2664: 1331,1582,719,2457,224,2277
2665: 875,2302,2611,1411,700,2421
2666: 502,912,1647,126,1333,1967,2224
2667: 1141,876,1416,1676,2265,2166,1954
2668: 877,215,2741,1997,1498,2595,1674
2669: 2489,77,1057,2061,2136,2100,1335
2670: 785,1942,2584,1423,878,2107,4,2125
2671: 1445,113,880,249,939,1213
2672: 881,1437,740,2210,2388,2505,299
2673: 1457,1196,659,885,814,1943,2475
2674: 1345,1131,197,2607,1515,2031
2675: 321,886,1189,1946
2676: 1719,1466,2323,887,2143,1528,2043
2677: 287,200,1348,2369,2609,1732,2253
2678: 1788,670,1472,889,2352,2454
2679: 517,2374,1751,408,1350,1962
2680: 890,224,2334,2509,2457,1767
2681: 2033,2183,1479,1624,891,2650,1966
2682: 423,1763,1786,893,384,1182
2683: 235,2287,1784,2448,997,1356,2055
2684: 119,1289,2631,1494,895,839
2685: 896,1106,2244,2268,1724,1277,2330
2686: 39,2446,2003,2154,897,155
2687: 1003,2443,377,2017,1361,598
2688: 689,638,1363,2282,2319,1295
2689: 1364,1069,123,273,2172,2653,2170
2690: 1526,2041,2423,904,1464,2273
2691: 91,1366,820,2476,1971,1223,1481
2692: 905,2298,1548,2507,1527,2042,647
2693: 1330,933,1650,2108,2717,699
2694: 373,1369,2480,2500
2695: 610,1371,2231,2703,2048,1378
2696: 1514,2030,1372,1379,2427,2705
2697: 146,2085,1676,2166,510,912
2698: 394,392,1374,1066,2234,536,2047
2699: 1050,455,1375,1320,642,3,1941
2700: 1429,1221,2112,2243,1578,345,915
2701: 1189,1376,2417,2459,865,772,2567,992
2702: 4,917,2027,2253,2344,200
2703: 1008,610,2695,866,1982,1378
2704: 657,335,918,2440,2261,2318,209
2705: 1100,1379,2506,1063,2030,2156,2696
2706: 415,1380,2530,2606
2707: 1596,172,1341,921,1512
2708: 428,1766,1382,1121,2544,2534
2709: 711,1383,2077,430,395,2547,542,2064
2710: 1614,2558,926,114,791,2445,1232
2711: 1323,2656,1385,2126,2063,78
2712: 1800,927,855,1739,1685,1389
2713: 1386,2326
2714: 928,2378,2725,1399,483,2610,1145
2715: 1153,2190,2359,206,1741,929
2716: 1388,648,2302,429
2717: 863,1367,2436,1330,2108,2693
2718: 1391,322,2660,870,1468,1956,2144
2719: 1656,2236,2422,1197,936,1745,324
2720: 2508,650,1494,1992,2307,1392,119
2721: 219,2733,937,955,19,1963
2722: 399,1286,2533,2627,1393,556,23,2354
2723: 1111,2278,2288,2596,1668,941,2264
2724: 1689,1093,1397,2444,2211,2284,178
2725: 1235,928,2447,2566,2714,1399,2312
2726: 401,1400,2412,2515,1505,1595,2015,2246
2727: 1420,99,2086,2276,1394,947,161
2728: 1401,2662,1553
2729: 725,1402,653,2314,2049
2730: 951,739,1698,115,1757,1454
2731: 873,1715,1406,2229,2316,2464
2732: 1408,2091,2647,722,2463,2582
2733: 1709,219,2270,2721,955
2734: 1265,601,2204,2611,2753,1411
2735: 823,1416,1172,2265,2418,315,2249
2736: 963,1318,1966,2401,2477,1479,2329
2737: 42,180,2215,1417,1756,2286
2738: 964,2332
2739: 965,1266,1726,1961
2740: 1727,2337,2462,1278,966,1077,1640
2741: 1420,877,99,215,1997,2668
2742: 878,1153,2359,2370,2399,1423
2743: 1315,467,2582,663,2333,1424
2744: 1723,1463,2329,1949,2153,581
2745: 1428,1785,2021,2449,664,2230,2426
2746: 1326,79,1429,1221,2065,2658
2747: 1445,802,2113,2048,1579,1533,1433
2748: 1380,411,1231,2624,1434,2083
2749: 1435,420,1590,2409,1460,1945
2750: 46,2192,1060,1436
2751: 1437,2388,2261,2365,2485,209
2752: 1231,412,2525,2556,1438
2753: 1439,2039,1411,2597,601,2204,2734
2754: 2601,1601,1585,2146,1442,482
2755: 597,1557,46,1444,1251,2016
2756: 1447,1265
2757: 352,1448,671,952,438
2758: 416,484,830,1276,1451
2759: 672,391,2355,2218,2231,2663,1452,1087