0: 129,259,513,473,523
2: 669,437,549,265,539,518,588
3: 642,521,565,268,563
4: 917,878,785,585,524,913
5: 365,978,864,174,527
6: 82,150,260,531,640,793
7: 996,323,706,130,649,535
8: 765,703,683,543,470,256
9: 750,187,869,546,574,1005
10: 771,175,536,29,613,548
11: 445,988,179,572,307,551
12: 876,555,510,306,146,611
13: 437,829,316,549,470,558
14: 280,236,630,620,323,874
15: 326,888,528,1022,193,566
16: 882,741,252,569,903,901
17: 139,576,575
18: 356,797,197,960,579,769
19: 955,194,937,345,263,583
20: 476,109,171,746,962,586
21: 258,144,589,74,368,980
22: 371,593,989,979,301,750,546
23: 595,399,997,172,752,372
24: 598,418,1003,646,322,992
25: 140,288,600,684,33,580,526
26: 768,390,603,45,982,573
27: 981,606,517
28: 1008,246,873,610,672
29: 175,10,613,542,239
30: 57,495,835,616,398,619
31: 1019,403,842,205,619,227
32: 1021,253,254,622,243,1020,559
33: 140,655,600,25,419,615
34: 261,533,459,628,103,97,836
35: 591,333,633,567,269,133,338
36: 804,266,138,557,160,438
37: 394,641,941,212,536,392
38: 154,262,66,860,645,698
39: 897,155,596,274,647,450
40: 298,454,233,811,87,651
41: 656,215,486,810,944,248
42: 409,334,584,180,885,659
43: 747,661,919,452,363,717,98
44: 756,995,663,608,986,417
45: 768,26,666,573,104,471
46: 786,668,776,597,523,369
47: 246,447,889,475,670,794
48: 477,534,672,429,873,188
49: 479,792,948,674,654,284
50: 96,612,796,161,677,870
51: 815,73,313,681,340,727
52: 541,770,263,765,683,583
53: 538,434,444,812,90,685
54: 922,201,688,347,94
55: 422,185,824,404,577,692
56: 492,993,699,381,891,208
57: 30,495,906,616,228,705
58: 458,318,943,198,708,731
59: 714,841,498,525,173,388
60: 107,402,825,845,909,716
61: 621,278,957,126,719,220
62: 504,721,387,781,164,707
63: 863,506,199,401,723,317
64: 410,241,728,319,857,265
65: 143,294,710,132,730,987
66: 38,446,262,698,733,884
67: 270,952,195,736,267,671
68: 742,861,587,170,505,375
69: 748,513
70: 961,283,644,751,807,311
71: 497,755,152,431,638,653
72: 657,911,156,757,226,969
73: 815,51,596,340,759,155
74: 589,21,554,368,763,636
75: 313,766,930,341,940,658
76: 541,808,770,375,999,191
77: 325,772,268,642,377,388
78: 331,647,905,774
79: 409,915,937,219
80: 203,393,784,337,923,849
81: 1000,148,242,537,550,807,788
82: 135,260,6,687,942,793
83: 352,795,462,666,104,743
84: 131,356,797,617,545,264
85: 976,287,1004,691,799,200
86: 757,366,226,984,744,801
87: 803,991,651,350,298,40
88: 157,1007,295,805,210,667
89: 789,481,809,179,572,946
90: 218,355,685,538,53,813
91: 820,681,727,1001,167,360
92: 223,822,373
93: 105,909,856,825,950,466
94: 347,827,282,626,816,922,54
95: 831,411,480,181,817
96: 50,423,612,384,834,796
97: 343,103,848,496,34,836
98: 717,277,363,974,838,43
99: 656,215,405,946,349,947
100: 858,227,702,448,461,842
101: 363,818,211,974,124,452,844
102: 846,722
103: 97,821,737,848,34,459
104: 853,471,743,83,666,45
105: 832,93,494,509,856,466
106: 932,400,294,1002,469,859
107: 500,402,862,845,60,773
108: 864,782,532,177,365,474
109: 476,134,594,20,867,746
110: 315,478,872,420
111: 875,601,700,480,794,447
112: 798,482,206,917,878
113: 802,939,880,602,275,332
114: 926,339,580,883,761,304
115: 885,951,739,814,353,488
116: 721,522,670,889,490,973
117: 581,963,408,386,492,891
118: 832,1017,494,970,789,421
119: 895,430,431,839,653
120: 434,660,499,370,898,685
121: 469,501,847,900,306,762
122: 902,245,503,393,784,855
123: 861,505,904,701
124: 906,844,529,1014,101,211
125: 1018,251,909,871,856,509
126: 502,719,851,912,278,61
127: 914,511,552,614,894,760
128: 354,1023,916,868,145,512
129: 515,0,516,276,259,513
130: 519,630,327,535,7,323
131: 356,84,625,140,545,526
132: 65,143,682,530,730,520
133: 669,887,269,35,539,338
134: 476,594,783,578,644,109
135: 82,260,894,528,552,687
136: 733,190,624,884,615,560
137: 281,563,986,235,635,756,565
138: 804,310,36,284,557,571
139: 17,575,286,662,676
140: 25,33,625,615,131,526
141: 627,913,690,602,585,908
142: 273,567,292,286,591,435
143: 65,682,599,294,710,132
144: 258,21,514,980,257,604
145: 512,607,758,956,354,128
146: 611,912,278,852,510,12
147: 693,709,617,264,443,309
148: 537,81,807,311,623,645
149: 314,838,627,290,440,679
150: 6,531,640,407,631,221
151: 320,634,637,283,311,623
152: 638,677,870,322,755,71
153: 886,325,455,642
154: 38,892,649,535,860,698
155: 159,897,759,39,73,596
156: 657,333,911,435,72,662
157: 182,491,920,88,805,667
158: 924,720,300,338,633,673
159: 329,652,897,759,155
160: 795,342,438,266,36,682
161: 689,947,677,50,349,796
162: 204,925,350,948,654,697
163: 703,543,729,488,954,956
164: 781,966,359,460,707,62
165: 910,561,458,198,712
166: 552,687,289,717,277,614
167: 91,727,360,214,968,766
168: 515,259,730,732,369,987
169: 735,373
170: 738,1010,505,375,808,68
171: 357,187,746,1005,962,20
172: 23,595,694,752,921,202
173: 525,764,498,629,59,834
174: 767,864,186,632,527,5
175: 771,10,29
176: 331,693,777,443
177: 242,550,108,782,474,397
178: 786,597,400,710,622,559
179: 789,89,421,988,572,11
180: 806,584,42,985,659
181: 475,966,794,817,95,480
182: 157,821,737,920,413,328,667
183: 787,534,391,605,718,830
184: 833,618,510,912,851
185: 55,489,923,422,849,715,824
186: 424,632,775,174,527,852
187: 357,171,9,643,869,1005
188: 873,648,700,429,48
189: 689,877,431,638,430,348
190: 136,624,884,279,344,433
191: 999,887,829,375,76,742
192: 441,800,544,396,890
193: 1022,255,760,15,894,528
194: 358,955,896,19,704,263
195: 67,270,962,736,899,586
196: 903,272,695,882,868,508
197: 274,907,18,797,769,305
198: 458,58,943,837,165,910
199: 290,680,690,723,63,506
200: 482,799,917,524,287,85
201: 54,688,919,289,942,347
202: 862,773,694,595,172,472
203: 393,487,80,538,923,813
204: 744,162,925,350,298,734
205: 1019,398,927,31,754,619
206: 308,878,929,112
207: 593,370,991,651,499,931
208: 562,826,933,492,699,56
209: 918,936,881,335,299,576
210: 406,938,667,379,1007,88
211: 332,101,818,939,1014,124
212: 926,761,548,37,941,536
213: 943,496,570,708,343,934
214: 968,945,779,940,167,766
215: 656,99,41,944,877,947
216: 990,225,949,753,498,629
217: 353,707,702,303,951,504
218: 953,355,231,898,90,685
219: 964,955,79,937
220: 1001,376,360,61,957,719
221: 972,854,150,531,959,631
222: 367,899,586,476,783,665
223: 92,581,822,556,963
224: 965,502,719,396,376,890
225: 949,216,498,382,841,967
226: 757,366,86,385,969,72
227: 858,971,100,403,31,842
228: 819,973,705,568,57,616
229: 562,826,975,664,606,517
230: 407,827,404,577,977,570
231: 989,218,953,898,979,379
232: 981,408
233: 518,454,720,983,811,40
234: 739,985,460,590,659,359
235: 986,374,417,997,635,137
236: 14,620,970,874,421,988
237: 990,753,466,1017,494,893
238: 865,428,992
239: 994,650,542,29
240: 996,432,780,446,649,698
241: 410,64,312,998,728,843
242: 1000,177,81,550,436,782
243: 1002,1020,501,675,559,32
244: 442,1004,664,606
245: 1006,122,302,393,487,855
246: 1008,47,28,873,447,889
247: 738,1010,449
248: 1012,304,711,451,486,41,944
249: 939,1014,453,880,389,529,507
250: 464,1016,747,661,688,456
251: 1018,125,871,972,854,731
252: 461,741,16,1019,842,569
253: 254,32,1020,790,745,439
254: 749,465,1021,253,32,745
255: 1022,193,493,1011,760,468
256: 354,470,1023,558,543,8
257: 515,516,604,258,144,732
258: 144,589,21,732,520,257
259: 515,0,129,168,523,369
260: 82,135,326,6,528,531
261: 327,34,425,533,628,519
262: 38,66,645,537,344,884
263: 704,541,52,194,19,583
264: 791,545,84,617,147,309
265: 319,549,2,410,64,588
266: 804,36,530,554,682,160
267: 67,736,557,427,571,671
268: 714,563,3,388,77
269: 742,567,587,887,133,35
270: 67,982,952,195,899,573
271: 634,459,637,628,737,547
272: 196,582,695,508,998,728
273: 861,567,587,142,292,701
274: 907,197,596,305,39,450
275: 785,585,484,802,113,602
276: 516,129,609,740,748,513
277: 440,717,98,166,614,838
278: 621,146,912,852,61,126
279: 341,658,433,190,624,579
280: 14,426,910,561,630,620
281: 137,714,841,563,967,635
282: 640,347,793,94,827,626
283: 70,578,644,151,634,311
284: 310,654,138,479,571,49
285: 401,1004,664,691,975
286: 139,662,292,676,142,435
287: 85,691,723,200,524,680
288: 600,25,684,726,580,883
289: 687,717,166,942,201,919
290: 627,199,690,149,679,506
291: 1022,1011,694,566,500,862
292: 676,701,273,142,286
293: 996,1009,780,307,551,706
294: 932,65,143,106,400,599,710
295: 958,805,715,953,355,1007,88
296: 428,646,497,755
297: 703,683,729,583,778,345
298: 204,350,734,40,454,87
299: 918,881,209,740,514,604
300: 454,158,720,673,801,734
301: 750,869,792,371,22,674
302: 1006,245,855,569,754,901
303: 217,353,758,954,702,448
304: 761,248,451,486,883,114
305: 815,930,596,769,274,197
306: 900,775,847,121,555,12,611
307: 1009,293,551,445,11,696
308: 206,878,785,484,929,416
309: 443,641,941,791,264,147
310: 804,654,138,284,697,636
311: 148,807,70,283,151,623
312: 410,241,983,931,811,843
313: 815,51,766,930,75,727
314: 908,149,818,974,838,627
315: 110,876,478,823,618,420
316: 999,829,13,770,765,470
317: 562,975,933,401,63,863
318: 58,977,708,731,631,854
319: 857,549,265,1023,558,916,64
320: 151,425,637,892,623,860
321: 886,325,865,772
322: 646,755,24,418,152,870
323: 7,706,874,14,130,630
324: 936,881,609
325: 886,321,153,77,772,642
326: 15,888,260,528,531,959
327: 261,425,130,519,892,535
328: 867,378,413,938,667,182
329: 159,774,897
330: 903,444,695,901,812,1006
331: 176,78,905,693
332: 908,818,211,939,113,602
333: 35,591,633,911,435,156
334: 409,814,915,778,42,885
335: 918,209,576,575,657,969
336: 343,934,491,692,848,920
337: 784,80,724,489,849,816
338: 539,924,158,133,35,633
339: 926,791,545,580,114,526
340: 483,681,73,51,928,759
341: 279,658,579,930,769,75
342: 795,462,160,932,682,599
343: 934,97,336,848,213,496
344: 935,433,537,788,262,190,884
345: 915,778,937,19,297,583
346: 397,779,940,935,658,433
347: 793,94,282,54,201,942
348: 430,395,944,877,189,1012
349: 796,481,946,99,947,161
350: 204,162,298,803,948,87
351: 402,825,564,949,382,950
352: 83,795,666,438,671,952
353: 217,488,954,303,951,115
354: 256,1023,128,543,956,145
355: 218,953,90,1007,295,958,813
356: 131,84,18,797,625,960
357: 187,171,427,643,962,736
358: 964,955,896,194
359: 966,164,817,460,234,590
360: 91,1001,220,167,968,957,978
361: 832,712,970,509,561,620
362: 1018,972,716,888,959,845
363: 101,974,452,844,43,98
364: 442,976
365: 945,5,474,978,864,108
366: 368,86,385,226,980,984
367: 982,899,222,665,1015,603
368: 366,980,984,74,21,763
369: 786,523,46,987,259,168
370: 207,593,499,120,989,898
371: 803,22,593,991,674,301
372: 752,993,891,556,963,23,399
373: 735,995,92,822,169
374: 595,997,235,635,1013,472
375: 170,76,808,742,68,191
376: 820,1001,220,224,719,396
377: 525,598,1003,388,77,772
378: 867,746,938,328,574,1005
379: 953,231,979,1007,406,210
380: 655,600,457,696,684,1009
381: 993,699,56,921,493,1011
382: 225,949,351,564,1013,967
383: 1015,390,782,603,532,436
384: 423,893,96,796,481,809
385: 366,226,969,514,980,918
386: 981,408,517,826,492,117
387: 504,721,62,858,522,971
388: 525,377,714,268,59,77
389: 866,819,529,507,705,249
390: 768,767,383,603,532,26
391: 183,534,672,610,453,718
392: 771,536,540,394,37
393: 203,245,122,784,487,80
394: 540,777,37,641,392
395: 430,650,348,542,1012,711
396: 224,820,376,890,192,544
397: 779,935,346,177,550,474
398: 927,205,619,30,835,553
399: 23,417,997,752,372,556,608
400: 106,294,710,178,1002,559
401: 285,691,723,63,975,317
402: 107,351,825,564,60,773
403: 31,619,568,971,227,616
404: 230,577,55,422,934,692,570
405: 656,99,840,445,572,946
406: 938,210,546,574,979,379
407: 230,640,827,150,977,631
408: 232,981,386,581,117
409: 79,915,334,42,584
410: 241,983,64,312,588,265
411: 95,412,590,817
412: 592,806,411,985,590
413: 867,328,182,737,547,594
414: 465,1021,622,668,597
415: 831,601
416: 929,605,830,308,484
417: 986,399,997,235,608,44
418: 24,764,1003,612,870,322
419: 655,33,446,432,733,615
420: 833,872,110,315,618
421: 789,988,179,236,118,970
422: 55,489,849,185,404,577,626
423: 893,96,384,834,990,629
424: 900,186,853,632,775,471
425: 261,327,320,637,628,892
426: 280,910,519,630,639,533
427: 357,479,571,643,736,267
428: 296,646,992,238
429: 188,477,48
430: 650,119,348,395,431,189
431: 638,189,71,430,119,653
432: 240,780,446,655,419
433: 279,344,935,346,658,190
434: 53,444,582,660,120,685
435: 591,333,156,142,286,662
436: 1000,751,242,1015,782,383
437: 669,829,2,13,549
438: 352,795,160,671,36,557
439: 478,823,253,1020,675,790
440: 277,614,149,838,914,679
441: 686,800,192
442: 364,244,976,1004
443: 777,641,309,176,693,147
444: 53,330,434,582,695,812
445: 572,11,307,696,840,405
446: 66,698,240,432,733,419
447: 246,47,873,111,700,794
448: 758,702,303,100,461,607
449: 247,1010,896,704,485
450: 647,905,709,274,907,39
451: 761,248,613,304,548,711
452: 713,844,363,101,43,747
453: 249,718,880,610,391,507
454: 720,300,233,298,734,40
455: 722,642,521,153
456: 464,1016,250,553,902,503
457: 380,696,684,726,810,840
458: 58,198,731,871,165,712
459: 271,34,628,103,737,547
460: 951,739,234,164,359,707
461: 741,252,607,448,100,842
462: 83,795,342,932,743,859
463: 790,745
464: 250,747,456,713,835,553
465: 749,1021,254,414
466: 753,237,950,105,93,494
467: 722,521,565,756,846,663
468: 850,828,511,493,255,760
469: 1002,501,121,106,762,859
470: 256,558,765,8,316,13
471: 853,424,632,104,768,45
472: 374,595,1013,202,564,773
473: 0,776,523
474: 945,365,108,177,397,779
475: 781,670,966,181,794,47
476: 134,783,20,109,586,222
477: 787,48,534,429
478: 110,439,315,823,790
479: 427,571,643,792,49,284
480: 831,95,601,111,181,794
481: 89,809,946,349,384,796
482: 798,799,112,200,917
483: 820,681,340,800,928,544
484: 275,308,785,416,802,830
485: 704,541,808,1010,449
486: 810,41,726,883,248,304
487: 203,1006,245,393,538,812
488: 353,954,814,115,163,729
489: 422,849,185,337,626,816
490: 866,819,973,1008,889,116
491: 157,336,692,920,805,824
492: 56,891,826,208,386,117
493: 1011,255,828,468,699,381
494: 832,1017,105,118,237,466
495: 30,57,713,906,835,844
496: 943,213,837,343,97,836
497: 296,755,71,725,653
498: 225,216,629,841,59,173
499: 931,843,660,120,207,370
500: 107,862,845,291,566
501: 243,1002,469,847,675,121
502: 965,224,126,719,851
503: 902,122,855,927,553,456
504: 62,858,387,217,707,702
505: 738,170,123,68,861
506: 63,679,863,879,199,290
507: 866,389,610,249,453
508: 882,868,857,916,728,196,272
509: 832,361,712,105,125,871,856
510: 876,618,12,146,912,184
511: 914,850,879,468,127,760
512: 882,741,868,145,607,128
513: 69,748,0,129,276
514: 385,980,918,299,604,144
515: 257,516,129,259,168,732
516: 515,257,604,129,276,740
517: 981,27,606,386,826,229
518: 539,924,720,233,2,983,588
519: 130,426,630,639,261,327,533
520: 258,589,530,730,732,132
521: 3,722,455,642,467,565
522: 568,721,116,387,971,973
523: 776,46,369,0,259,473
524: 680,913,4,917,200,287
525: 764,173,377,1003,388,59
526: 339,545,580,140,25,131
527: 621,852,186,174,5
528: 15,135,326,260,894,193
529: 389,705,249,1014,124,906
530: 589,520,554,266,682,132
531: 150,326,260,6,959,221
532: 767,864,108,390,782,383
533: 261,34,628,426,836,519,639
534: 477,787,183,48,391,672
535: 154,892,649,327,130,7
536: 771,10,392,212,548,37
537: 148,81,788,262,645,344
538: 53,812,203,487,90,813
539: 518,924,338,669,133,2,588
540: 394,392
541: 76,704,52,770,485,263
542: 650,395,613,711,29,239
543: 703,163,8,956,354,256
544: 800,192,396,820,483
545: 791,339,526,264,131,84
546: 406,574,22,979,750,9
547: 594,578,413,737,271,634,459
548: 761,613,451,212,536,10
549: 319,265,558,437,2,13
550: 1000,177,242,81,788,397,935
551: 307,293,706,874,988,11
552: 687,166,614,127,135,894
553: 835,398,927,503,464,456
554: 589,530,74,804,266,636
555: 876,823,12,847,675,306
556: 223,822,963,372,399,608
557: 36,138,571,438,671,267
558: 319,549,470,256,1023,13
559: 243,1002,178,400,622,32
560: 733,625,136,624,960,615
561: 280,165,910,620,361,712
562: 826,975,208,933,317,229
563: 137,714,281,268,3,565
564: 402,351,773,1013,472,382
565: 3,467,521,756,137,563
566: 291,1022,15,888,500,845
567: 273,269,587,142,35,591
568: 522,971,228,973,403,616
569: 1019,754,252,16,901,302
570: 977,213,708,230,404,934
571: 479,427,138,284,557,267
572: 89,445,179,946,11,405
573: 982,270,952,666,26,45
574: 378,406,938,546,1005,9
575: 17,139,576,662,657,335
576: 17,575,936,335,209
577: 230,827,404,626,55,422
578: 547,283,134,594,644,634
579: 624,960,341,279,769,18
580: 339,883,114,526,288,25
581: 223,963,117,408
582: 434,444,272,695,660,998
583: 683,297,19,345,52,263
584: 180,409,42
585: 4,275,785,602,141,913
586: 195,962,899,222,476,20
587: 742,68,273,861,567,269
588: 410,983,2,265,539,518
589: 258,530,74,21,520,554
590: 985,234,412,411,817,359
591: 35,333,435,567,142
592: 806,412
593: 371,22,207,370,991,989
594: 547,134,578,109,867,413
595: 374,23,997,172,472,202
596: 815,73,305,274,155,39
597: 786,668,46,178,622,414
598: 24,377,1003,865,772,992
599: 932,143,682,294,342
600: 380,288,655,25,684,33
601: 875,111,415,831,480
602: 113,275,585,332,908,141
603: 1015,390,383,26,982,367
604: 257,516,740,299,514,144
605: 416,787,183,830
606: 27,517,664,244,229
607: 461,741,145,512,758,448
608: 995,44,822,556,417,399
609: 881,740,324,748,276
610: 1008,28,391,672,866,507,453
611: 146,852,306,775,12
612: 50,96,834,764,418,870
613: 548,711,451,542,10,29
614: 440,552,277,166,914,127
615: 733,625,136,560,140,33,419
616: 30,57,568,228,403,619
617: 907,84,797,264,709,147
618: 876,315,510,833,184,420
619: 398,403,31,205,30,616
620: 14,280,236,561,361,970
621: 527,278,852,61,957
622: 1021,414,32,597,178,559
623: 860,645,151,320,148,311
624: 190,136,960,579,560,279
625: 960,615,560,140,131,356
626: 94,827,282,577,816,489,422
627: 290,141,690,908,149,314
628: 261,271,34,425,533,459,637
629: 990,216,498,423,834,173
630: 14,280,130,426,519,323
631: 318,977,407,150,221,854
632: 186,424,471,768,767,174
633: 35,333,911,673,158,338
634: 271,151,637,547,283,578
635: 374,235,1013,137,281,967
636: 804,763,310,697,74,554
637: 271,151,320,425,634,628
638: 689,152,431,189,677,71
639: 426,836,910,519,837,533
640: 793,407,827,282,150,6
641: 777,394,37,443,309,941
642: 3,455,521,325,153,77
643: 357,187,479,427,869,792
644: 70,961,283,134,783,578
645: 38,262,623,860,148,537
646: 428,296,322,755,992,24
647: 78,905,450,774,897,39
648: 875,700,188
649: 154,535,698,240,996,7
650: 994,895,430,395,542,239
651: 207,87,991,931,811,40
652: 159,759,686,678,928
653: 725,839,431,497,71,119
654: 310,284,697,162,948,49
655: 380,600,33,419,432,1009,780
656: 215,810,99,840,41,405
657: 156,72,575,662,335,969
658: 341,279,940,346,433,75
659: 885,739,985,234,180,42
660: 434,582,120,499,998,843
661: 43,250,747,688,919
662: 139,575,286,657,435,156
663: 735,756,846,995,44,467
664: 285,1004,244,975,229,606
665: 961,783,367,222,1015,751
666: 352,83,671,952,573,104,45
667: 938,328,210,182,157,88
668: 776,597,46,414
669: 437,887,829,133,2,539
670: 475,781,47,889,721,116
671: 352,666,438,557,67,952,267
672: 48,534,391,28,610
673: 633,911,158,300,757,801
674: 803,371,948,301,792,49
675: 243,1020,501,847,439,823,555
676: 292,139,286
677: 689,152,638,161,870,50
678: 686,652
679: 914,506,879,149,290,440
680: 199,524,913,690,287,723
681: 820,483,340,91,727,51
682: 143,599,132,530,266,342,160
683: 765,703,8,297,583,52
684: 380,288,600,457,25,726
685: 218,898,90,53,434,120
686: 441,800,678,928,652
687: 552,289,166,942,82,135
688: 922,1016,54,201,250,661,919
689: 877,947,638,161,189,677
690: 627,199,290,141,680,913
691: 285,287,401,1004,85,723
692: 934,491,336,55,824,404
693: 176,331,905,709,147,443
694: 291,1011,921,862,202,172
695: 196,903,330,444,272,582
696: 380,457,1009,307,445,840
697: 763,310,654,636,162,925
698: 38,154,446,649,66,240
699: 381,56,828,208,933,493
700: 875,648,111,873,188,447
701: 904,292,123,273,861
702: 217,303,448,504,858,100
703: 163,683,543,8,297,729
704: 541,485,263,896,194,449
705: 819,228,389,529,57,906
706: 996,7,323,293,551,874
707: 217,951,460,164,504,62
708: 58,318,977,943,213,570
709: 905,693,450,147,907,617
710: 65,143,400,294,786,178,987
711: 248,613,1012,451,395,542
712: 361,509,458,871,165,561
713: 495,452,835,844,464,747
714: 841,281,268,59,563,388
715: 295,958,923,849,185,805,824
716: 1018,362,909,845,60
717: 289,277,98,166,43,919
718: 802,453,880,830,183,391
719: 502,224,126,61,376,220
720: 518,924,454,158,300,233
721: 62,116,522,387,781,670
722: 455,467,521,846,102
723: 287,401,691,199,680,63
724: 922,1016,902,784,337,816
725: 839,653,497
726: 288,457,684,486,810,883
727: 681,91,167,51,313,766
728: 241,64,998,857,508,272
729: 703,163,297,814,778,488
730: 732,520,168,987,65,132
731: 458,58,318,251,871,854
732: 258,730,520,515,257,168
733: 136,884,615,560,446,66,419
734: 744,204,801,298,454,300
735: 846,373,995,663,169
736: 67,195,962,267,357,427
737: 182,103,821,413,547,271,459
738: 247,170,1010,505
739: 885,951,460,234,115,659
740: 881,609,299,516,604,276
741: 461,882,252,16,512,607
742: 68,269,587,375,887,191
743: 853,762,104,859,83,462
744: 204,925,801,734,86,984
745: 463,790,749,253,254
746: 867,378,1005,171,20,109
747: 464,43,250,661,713,452
748: 69,513,609,276
749: 465,254,745
750: 301,9,869,22,979,546
751: 1000,807,436,70,961,665,1015
752: 993,372,921,23,399,172
753: 990,949,216,237,950,466
754: 1019,927,569,205,302,855
755: 296,646,322,497,71,152
756: 663,44,986,137,467,565
757: 86,226,911,72,673,801
758: 954,956,303,448,145,607
759: 652,159,155,340,73,928
760: 193,255,511,468,127,894
761: 304,548,451,926,212,114
762: 900,853,743,859,469,121
763: 697,636,368,984,925,74
764: 525,173,418,1003,612,834
765: 683,8,52,770,316,470
766: 313,75,214,940,727,167
767: 768,864,174,390,532,632
768: 767,390,26,45,632,471
769: 930,305,341,579,18,197
770: 76,541,52,765,999,316
771: 175,536,10,392
772: 325,321,865,77,598,377
773: 107,402,862,202,564,472
774: 329,897,78,647
775: 900,186,306,424,611,852
776: 668,523,46,473
777: 394,443,641,176
778: 814,915,334,345,297,729
779: 397,940,346,214,945,474
780: 240,996,432,1009,293,655
781: 475,670,966,164,721,62
782: 108,383,532,177,242,436
783: 476,961,134,644,665,222
784: 902,122,393,80,337,724
785: 4,275,308,878,585,484
786: 597,46,369,178,987,710
787: 477,183,534,605
788: 537,81,550,344,935
789: 89,809,421,179,1017,118
790: 463,745,253,439,478
791: 926,339,545,264,309,941
792: 301,479,643,869,49,674
793: 640,347,282,942,82,6
794: 475,181,480,111,47,447
795: 352,83,462,342,160,438
796: 50,349,96,384,481,161
797: 356,907,84,18,617,197
798: 482,112
799: 482,200,976,85
800: 686,441,928,192,544,483
801: 744,734,673,300,757,86
802: 113,718,880,830,275,484
803: 371,948,87,991,674,350
804: 266,310,36,138,636,554
805: 295,715,824,491,157,88
806: 592,412,180,985
807: 1000,751,148,81,311,70
808: 76,485,170,1010,375
809: 789,89,481,1017,893,384
810: 656,486,840,41,457,726
811: 983,312,931,233,40,651
812: 538,53,330,444,1006,487
813: 958,923,538,203,355,90
814: 778,334,885,115,729,488
815: 73,51,313,930,596,305
816: 94,626,337,922,724,489
817: 966,181,359,411,95,590
818: 332,908,101,314,211,974
819: 490,866,228,389,973,705
820: 483,681,91,1001,376,396,544
821: 182,103,737,848,920
822: 92,223,556,373,995,608
823: 439,876,315,478,555,675
824: 55,185,805,715,491,692
825: 402,351,60,909,93,950
826: 562,208,229,517,386,492
827: 230,640,94,407,282,577,626
828: 850,468,933,493,699
829: 999,669,437,887,191,316,13
830: 802,718,183,416,605,484
831: 415,95,480,601
832: 361,105,118,494,970,509
833: 184,420,618
834: 423,96,612,629,764,173
835: 30,495,713,553,398,464
836: 639,97,496,837,34,533
837: 943,496,198,836,910,639
838: 149,314,974,440,277,98
839: 725,653,895,119
840: 656,810,405,445,457,696
841: 714,281,59,967,225,498
842: 1019,31,100,227,461,252
843: 241,499,312,931,998,660
844: 495,124,713,452,906,363,101
845: 107,500,60,888,566,362,716
846: 735,663,722,467,102
847: 501,675,121,306,555
848: 343,103,97,336,821,920
849: 489,923,422,185,715,80,337
850: 863,828,511,879,468,933
851: 502,126,912,184
852: 621,146,527,611,278,186,775
853: 900,424,762,104,471,743
854: 251,221,972,318,731,631
855: 245,122,503,302,927,754
856: 909,125,871,105,93,509
857: 319,916,868,508,64,728
858: 504,387,971,100,227,702
859: 762,743,932,106,462,469
860: 38,154,892,623,645,320
861: 123,68,273,587,505,701
862: 107,500,202,773,291,694
863: 63,850,506,879,933,317
864: 767,108,174,532,5,365
865: 321,772,598,992,238
866: 490,819,389,507,1008,610
867: 378,413,746,328,594,109
868: 882,512,508,857,916,128,196
869: 301,750,187,9,643,792
870: 152,677,50,612,418,322
871: 251,125,856,458,731,712,509
872: 420,110
873: 246,28,188,447,700,48
874: 323,551,706,14,236,988
875: 601,648,111,700
876: 315,823,555,618,510,12
877: 689,947,189,215,944,348
878: 206,4,917,308,785,112
879: 914,850,679,863,506,511
880: 802,939,249,453,113,718
881: 936,609,209,740,299,324
882: 741,868,16,512,508,196,903
883: 580,114,288,726,486,304
884: 733,190,136,262,66,344
885: 739,115,659,814,334,42
886: 325,321,153
887: 669,829,133,191,742,269
888: 15,326,959,566,362,845
889: 1008,246,47,670,116,490
890: 965,224,396,192
891: 492,993,372,56,963,117
892: 154,535,860,327,320,425
893: 423,384,1017,990,237,809
894: 135,528,552,127,193,760
895: 994,650,119,839
896: 358,194,449,704
897: 329,159,774,155,39,647
898: 989,218,231,685,120,370
899: 982,270,195,367,586,222
900: 306,853,424,762,775,121
901: 903,330,16,569,1006,302
902: 122,503,784,1016,456,724
903: 196,330,695,901,882,16
904: 701,123
905: 78,331,647,693,450,709
906: 57,495,124,844,529,705
907: 274,797,617,197,450,709
908: 332,818,314,602,627,141
909: 1018,125,716,856,825,60,93
910: 280,426,165,561,639,198,837
911: 333,633,156,72,673,757
912: 146,278,510,184,126,851
913: 141,524,680,690,4,585
914: 679,511,879,127,440,614
915: 79,409,778,937,334,345
916: 319,857,1023,128,868,508
917: 4,878,482,112,200,524
918: 335,209,299,385,969,514
919: 43,201,661,688,289,717
920: 182,491,157,336,821,848
921: 752,993,381,1011,694,172
922: 1016,54,688,724,94,816
923: 958,849,185,715,813,203,80
924: 539,518,158,720,338
925: 744,204,162,984,763,697
926: 791,339,212,114,761,941
927: 398,205,754,553,503,855
928: 686,800,483,340,652,759
929: 416,206,308
930: 815,313,769,305,75,341
931: 499,312,811,843,207,651
932: 106,599,294,462,342,859
933: 562,208,317,850,863,828,699
934: 343,336,692,404,213,570
935: 344,397,346,433,550,788
936: 881,209,576,324
937: 79,915,345,955,19,219
938: 378,406,328,210,574,667
939: 249,1014,113,880,332,211
940: 779,346,658,214,766,75
941: 37,641,309,926,791,212
942: 687,289,201,347,793,82
943: 58,213,496,198,708,837
944: 215,41,877,248,1012,348
945: 214,968,365,474,978,779
946: 89,481,572,349,99,405
947: 689,877,161,349,215,99
948: 803,674,162,350,654,49
949: 225,753,216,382,950,351
950: 949,753,466,351,825,93
951: 739,460,115,217,353,707
952: 67,270,573,352,666,671
953: 218,355,231,379,1007,295
954: 353,488,758,956,303,163
955: 358,964,194,19,219,937
956: 758,954,163,543,354,145
957: 978,621,61,220,360
958: 295,923,715,813,355
959: 326,888,531,362,221,972
960: 625,624,579,560,356,18
961: 70,783,644,665,751
962: 195,736,586,357,171,20
963: 581,223,556,117,372,891
964: 358,955,219
965: 502,224,890
966: 475,781,181,164,817,359
967: 841,281,635,1013,225,382
968: 214,945,978,167,360
969: 385,226,657,72,918,335
970: 832,361,118,236,620,421
971: 568,858,522,387,227,403
972: 1018,251,362,221,854,959
973: 490,819,228,568,116,522
974: 363,101,818,314,838,98
975: 562,317,229,285,401,664
976: 1004,85,799,364,442
977: 318,570,708,631,230,407
978: 968,945,957,5,365,360
979: 989,231,379,22,750,406,546
980: 368,366,385,514,144,21
981: 232,27,408,517,386
982: 270,367,899,573,603,26
983: 410,312,811,588,518,233
984: 368,366,86,744,925,763
985: 234,590,659,806,412,180
986: 417,235,756,44,137
987: 786,369,168,730,65,710
988: 421,179,11,236,551,874
989: 231,898,979,22,593,370
990: 753,216,237,629,423,893
991: 803,371,207,87,593,651
992: 428,646,24,598,865,238
993: 752,372,381,56,921,891
994: 895,650,239
995: 735,373,663,608,44,822
996: 240,7,780,293,706,649
997: 374,23,595,417,399,235
998: 241,728,843,272,582,660
999: 829,191,316,76,770
1000: 751,242,81,550,807,436
1001: 820,91,376,220,360
1002: 243,469,501,559,106,400
1003: 24,525,598,764,377,418
1004: 285,976,85,664,691,244,442
1005: 378,746,574,187,171,9
1006: 245,302,487,330,901,812
1007: 953,355,379,295,210,88
1008: 246,28,610,889,490,866
1009: 780,307,293,380,655,696
1010: 738,247,170,449,808,485
1011: 291,1022,493,694,255,381,921
1012: 248,711,944,348,395
1013: 374,635,472,564,382,967
1014: 939,249,529,124,211
1015: 383,603,367,665,751,436
1016: 922,250,688,456,724,902
1017: 118,494,237,789,809,893
1018: 251,362,909,125,972,716
1019: 31,842,569,205,754,252
1020: 243,675,253,32,439
1021: 465,254,622,414,32
1022: 291,193,1011,566,255,15
1023: 319,354,256,558,916,128