0	-28,28,1130,2929

0.5	-28.2461,28.2461,1139.84,2929

1	-28.3804,28.3804,1145.22,2929

1.5	-28.4829,28.4829,1149.32,2929

2	-28.5687,28.5687,1152.75,2929

2.5	-28.6434,28.6434,1155.74,2929

3	-28.7102,28.7102,1158.41,2929

3.5	-28.7712,28.7712,1160.85,2929

4	-28.8275,28.8275,1163.1,2929

4.5	-28.8801,28.8801,1165.21,2929

5	-28.9297,28.9297,1167.19,2929

5.5	-28.9766,28.9766,1169.06,2929

6	-29.0212,29.0212,1170.85,2929

6.5	-29.0639,29.0639,1172.56,2929

7	-29.1048,29.1048,1174.19,2929

7.5	-29.1457,29.1457,1175.83,2929

8	-29.1942,29.1942,1177.77,2929

8.5	-29.2494,29.2494,1179.98,2929

9	-29.3095,29.3095,1182.38,2929

9.5	-29.3698,29.3698,1184.79,2929

10	-29.4308,29.4308,1187.23,2929

10.5	-29.4913,29.4913,1189.65,2929

11	-29.5508,29.5508,1192.03,2929

11.5	-29.6107,29.6107,1194.43,2929

12	-29.6713,29.6713,1196.85,2929

12.5	-29.7335,29.7335,1199.34,2929

13	-29.7949,29.7949,1201.79,2929

13.5	-29.8548,29.8548,1204.19,2929

14	-29.9128,29.9128,1206.51,2929

14.5	-29.9679,29.9679,1208.72,2929

15	-30.0215,30.0215,1210.86,2929

15.5	-30.0739,30.0739,1212.96,2929

16	-30.1249,30.1249,1215,2929

16.5	-30.1745,30.1745,1216.98,2929

17	-30.2227,30.2227,1218.91,2929

17.5	-30.2693,30.2695,1220.78,2929

18	-30.3144,30.3145,1222.58,2929

18.5	-30.9394,31.017,1249.13,2983

19	-31.1996,31.2578,1259.15,3003

19.5	-31.3105,31.2786,1261.78,3027

20	-31.4207,31.3188,1264.79,3049

20.5	-31.4849,31.3512,1266.72,3053

21	-31.5294,31.403,1268.65,3053

21.5	-31.5633,31.4889,1271.04,3053

22	-31.5983,31.5689,1273.35,3061

22.5	-31.6426,31.6009,1274.87,3062

23	-31.6891,31.6356,1276.49,3066

23.5	-31.7298,31.6586,1277.77,3069

24	-31.7667,31.6583,1278.5,3070

24.5	-31.8012,31.6595,1279.21,3071

25	-31.8342,31.6748,1280.18,3074

25.5	-31.8643,31.6954,1281.19,3077

26	-31.8335,31.7536,1281.74,3082

26.5	-31.8118,31.8002,1282.24,3086

27	-31.8093,31.8188,1282.56,3090

27.5	-31.8386,31.9845,1286.46,3096

28	-31.8907,32.1,1289.81,3098

28.5	-31.9877,32.1782,1293.32,3104

29	-32.1153,32.2396,1297.1,3106

29.5	-32.2304,32.2891,1300.39,3112

30	-32.3319,32.3069,1302.78,3117

30.5	-32.4343,32.3954,1306.59,3119

31	-32.536,32.4737,1310.19,3129

31.5	-32.6347,32.5415,1313.53,3135

32	-32.7283,32.6023,1316.61,3146

32.5	-32.8143,32.7077,1320.44,3149

33	-32.8895,32.8482,1324.75,3155

33.5	-32.9463,32.9554,1328.03,3161

34	-33.0173,32.9965,1330.28,3169

34.5	-33.1059,33.0509,1333.14,3175

35	-33.189,33.1162,1336.1,3181

35.5	-33.2647,33.1925,1339.15,3192

36	-33.3312,33.2741,1342.11,3199

36.5	-33.3891,33.3504,1344.79,3203

37	-33.4083,33.4684,1347.53,3228

37.5	-34.084,33.9366,1370.41,3259

38	-34.2179,34.1527,1377.41,3290

38.5	-34.2264,34.2338,1379.2,3319

39	-34.2829,34.3267,1382.19,3347

39.5	-34.3395,34.4324,1385.44,3368

40	-34.3978,34.5224,1388.4,3383

40.5	-34.4472,34.6045,1391.03,3398

41	-34.4876,34.6777,1393.31,3412

41.5	-34.5329,34.738,1395.42,3427

42	-34.5845,34.7588,1396.87,3442

42.5	-34.5823,34.7861,1397.37,3454

43	-34.6283,34.8267,1399.1,3460

43.5	-34.6766,34.8662,1400.86,3473

44	-34.7232,34.9157,1402.78,3480

44.5	-34.7652,34.9489,1404.28,3488

45	-34.8073,34.9662,1405.47,3496

45.5	-34.9945,35.0013,1409.91,3512

46	-35.1333,35.0667,1414,3517

46.5	-35.206,35.0911,1415.94,3527

47	-35.2479,35.0653,1416.26,3532

47.5	-35.2765,35.0575,1416.68,3537

48	-35.2795,35.1183,1417.96,3545

48.5	-35.3004,35.1861,1419.73,3557

49	-35.3421,35.2506,1421.85,3565

49.5	-35.3992,35.3215,1424.41,3571

50	-35.4628,35.3552,1426.36,3578

50.5	-35.5284,35.4108,1428.78,3587

51	-35.5946,35.5104,1432.1,3595

51.5	-35.6579,35.6244,1435.65,3605

52	-35.7045,35.7185,1438.46,3613

52.5	-35.7379,35.7995,1440.75,3625

53	-35.7708,35.872,1442.86,3634

53.5	-35.8058,35.9458,1445.03,3641

54	-35.8446,36.0294,1447.48,3646

54.5	-35.9039,36.1323,1450.73,3654

55	-35.9778,36.229,1454.14,3663

55.5	-36.0322,36.3125,1456.9,3672

56	-36.3603,36.3856,1464.92,3696

56.5	-36.4694,36.453,1468.45,3722

57	-36.597,36.51,1472.14,3739

57.5	-36.5797,36.5614,1472.82,3763

58	-36.6073,36.6109,1474.36,3777

58.5	-36.7217,37.2149,1488.73,3801

59	-36.879,37.4914,1497.41,3823

59.5	-36.9202,37.5089,1498.58,3842

60	-36.9413,37.5536,1499.9,3850

60.5	-36.976,37.6209,1501.94,3866

61	-37.0376,37.688,1504.51,3880

61.5	-37.0936,37.7423,1506.72,3892

62	-37.1411,37.8133,1509.09,3905

62.5	-37.1844,37.902,1511.73,3921

63	-37.3398,37.9684,1516.16,3928

63.5	-37.3547,38.0271,1517.64,3941

64	-37.3986,38.0739,1519.45,3952

64.5	-37.4542,38.1091,1521.27,3967

65	-37.5159,38.1211,1522.74,3981

65.5	-37.5577,38.0455,1522.07,3993

66	-37.5997,38.0085,1522.17,4013

66.5	-37.6421,37.9459,1521.76,4023

67	-37.6912,37.9354,1522.53,4028

67.5	-37.7194,37.9565,1523.52,4044

68	-37.7486,38.0039,1525.05,4050

68.5	-37.7898,38.0745,1527.29,4060

69	-37.8601,38.1469,1530.14,4064

69.5	-37.8928,38.217,1532.2,4073

70	-37.9481,38.2865,1534.69,4088

70.5	-38.003,38.3577,1537.21,4096

71	-38.0558,38.4293,1539.7,4108

71.5	-38.1071,38.4966,1542.07,4117

72	-38.1573,38.5636,1544.42,4125

72.5	-38.2077,38.6299,1546.75,4134

73	-38.2524,38.7041,1549.13,4141

73.5	-38.2926,38.7799,1551.45,4151

74	-38.3425,38.8971,1554.79,4156

74.5	-38.416,38.9793,1557.91,4175

75	-39.1428,39.0428,1573.71,4199

75.5	-39.2853,39.1234,1578.17,4219

76	-39.2548,39.217,1579.44,4236

76.5	-39.2862,39.2587,1580.9,4264

77	-39.319,39.5767,1587.91,4289

77.5	-39.3577,39.7605,1592.36,4309

78	-39.3993,39.7928,1593.84,4325

78.5	-39.4451,39.8432,1595.77,4353

79	-39.5315,39.8986,1598.6,4378

79.5	-39.6071,39.9916,1601.97,4395

80	-39.6928,40.0484,1604.83,4416

80.5	-39.7934,40.0916,1607.7,4431

81	-39.8666,40.1377,1610.09,4440

81.5	-39.9174,40.1875,1612.1,4451

82	-39.9532,40.2348,1613.76,4463

82.5	-39.9599,40.2843,1614.88,4477

83	-39.8999,40.3303,1614.6,4490

83.5	-39.8999,40.3731,1615.46,4504

84	-39.9053,40.5208,1618.52,4516

84.5	-39.8945,40.7162,1622.22,4530

85	-39.9028,40.7547,1623.15,4551

85.5	-39.9213,40.7816,1624.06,4566

86	-39.9635,40.857,1626.41,4580

86.5	-40.0147,40.9067,1628.43,4597

87	-40.086,40.9765,1631.25,4608

87.5	-40.1615,41.0454,1634.14,4614

88	-40.2354,41.1096,1636.9,4625

88.5	-40.3126,41.1699,1639.65,4635

89	-40.3981,41.2276,1642.51,4648

89.5	-40.4781,41.2835,1645.23,4656

90	-40.5501,41.3373,1647.75,4672

90.5	-40.6196,41.3893,1650.18,4678

91	-40.6874,41.4397,1652.54,4690

91.5	-40.7516,41.4903,1654.84,4699

92	-40.8117,41.5358,1656.95,4711

92.5	-40.8707,41.5831,1659.08,4721

93	-40.9312,41.6202,1661.03,4731

93.5	-41.0156,41.6336,1662.98,4745

94	-41.245,41.6442,1667.78,4767

94.5	-41.5607,41.6957,1675.13,4794

95	-41.6548,41.7646,1678.39,4807

95.5	-41.7266,41.8682,1681.9,4830

96	-41.7763,41.9966,1685.46,4849

96.5	-41.8176,42.5944,1698.24,4878

97	-41.8538,42.7773,1702.62,4906

97.5	-41.9669,42.8261,1705.86,4923

98	-41.9652,42.864,1706.58,4942

98.5	-41.8812,42.8908,1705.44,4955

99	-41.9385,42.8844,1706.46,4975

99.5	-42.006,42.8314,1706.75,4992

100	-42.0707,42.7015,1705.44,5006

100.5	-42.1303,42.6434,1705.47,5025

101	-42.1985,42.6482,1706.93,5040

101.5	-42.253,42.6742,1708.54,5058

102	-42.2754,42.7067,1709.64,5073

102.5	-42.359,42.7056,1711.29,5095

103	-42.3814,42.7174,1711.98,5108

103.5	-42.6402,42.7493,1717.79,5126

104	-42.7721,42.7887,1721.22,5141

104.5	-42.8427,42.8476,1723.81,5161

105	-42.8828,42.9324,1726.3,5173

105.5	-42.9538,43.0034,1729.15,5187

106	-43.0374,43.0628,1732,5198

106.5	-43.1045,43.1139,1734.37,5206

107	-43.158,43.1668,1736.5,5222

107.5	-43.2085,43.2319,1738.81,5241

108	-43.255,43.2935,1740.97,5249

108.5	-43.3082,43.3521,1743.21,5259

109	-43.3616,43.4608,1746.45,5275

109.5	-43.423,43.6292,1751.04,5289

110	-43.4948,43.6932,1753.76,5306

110.5	-43.5622,43.7318,1755.88,5320

111	-43.6221,43.8402,1759.25,5335

111.5	-43.6628,43.9047,1761.35,5358

112	-43.6837,43.9594,1762.86,5372

112.5	-43.7056,44.0125,1764.36,5397

113	-44.0467,44.1508,1773.95,5416

113.5	-44.3126,44.2624,1781.5,5429

114	-44.4975,44.4067,1788.08,5448

114.5	-44.4552,44.5526,1790.16,5461

115	-44.5283,44.6468,1793.5,5480

115.5	-44.592,44.7275,1796.39,5503

116	-44.6866,44.7882,1799.5,5524

116.5	-44.8962,44.9805,1807.53,5537

117	-45.0095,44.9959,1810.11,5560

117.5	-45.0867,45.0282,1812.3,5584

118	-45.152,45.2658,1818.36,5604

118.5	-45.1806,45.4308,1822.23,5629

119	-45.2187,45.3328,1821.03,5640

119.5	-45.2544,45.2889,1820.87,5668

120	-45.2888,45.5006,1825.79,5688

120.5	-45.3204,45.5965,1828.34,5701

121	-45.3267,45.6654,1829.84,5716

121.5	-45.3378,45.731,1831.38,5735

122	-45.3599,45.7797,1832.79,5756

122.5	-45.389,45.7816,1833.41,5774

123	-45.4149,45.8003,1834.31,5788

123.5	-45.4424,45.8247,1835.34,5811

124	-45.4422,45.8609,1836.06,5829

124.5	-45.4506,45.8997,1837.01,5850

125	-45.4899,45.939,1838.58,5864

125.5	-45.5322,45.9801,1840.25,5881

126	-45.5777,46.0245,1842.04,5899

126.5	-45.6273,46.0711,1843.97,5917

127	-45.7079,46.1305,1846.77,5933

127.5	-45.7993,46.207,1850.13,5951

128	-45.8734,46.2777,1853.02,5974

128.5	-45.9048,46.354,1855.18,5986

129	-45.9311,46.4284,1857.19,5997

129.5	-45.9835,46.5017,1859.7,6008

130	-46.0925,46.5662,1863.17,6027

130.5	-46.2375,46.6236,1867.22,6040

131	-46.372,46.6817,1871.07,6056

131.5	-46.5027,46.7416,1874.89,6076

132	-46.6163,46.8038,1878.4,6087

132.5	-46.7497,46.8676,1882.35,6106

133	-46.7746,46.9328,1884.15,6122

133.5	-46.8353,46.9985,1886.67,6145

134	-46.8759,47.0697,1888.91,6168

134.5	-47.4035,47.1417,1900.9,6186

135	-47.5021,47.2179,1904.4,6211

135.5	-47.5008,47.3177,1906.37,6233

136	-47.5351,47.4288,1909.28,6262

136.5	-47.5716,47.5289,1912.01,6286

137	-47.6058,47.6001,1914.12,6307

137.5	-47.5584,48.0416,1922,6327

138	-47.5173,48.1174,1922.69,6346

138.5	-47.5638,48.1521,1924.32,6368

139	-47.6119,48.2552,1927.34,6387

139.5	-47.6722,48.3157,1929.76,6413

140	-47.7223,48.357,1931.59,6441

140.5	-47.7554,48.3818,1932.74,6453

141	-47.7802,48.4097,1933.8,6471

141.5	-47.8119,48.439,1935.02,6489

142	-47.8512,48.6251,1939.53,6507

142.5	-47.8997,48.7552,1943.1,6527

143	-47.9518,48.7888,1944.81,6547

143.5	-47.9598,48.9366,1947.93,6563

144	-48.0078,49.0015,1950.19,6583

144.5	-48.081,49.0761,1953.14,6598

145	-48.133,49.1321,1955.3,6615

145.5	-48.1776,49.1785,1957.12,6625

146	-48.2201,49.2316,1959.03,6638

146.5	-48.2613,49.2823,1960.87,6649

147	-48.3001,49.3386,1962.78,6661

147.5	-48.3385,49.3934,1964.64,6674

148	-48.3786,49.4437,1966.45,6689

148.5	-48.4196,49.4899,1968.19,6704

149	-48.4598,49.5341,1969.88,6725

149.5	-48.5104,49.5794,1971.8,6739

150	-48.5652,49.6285,1973.87,6754

150.5	-48.62,49.6796,1975.99,6772

151	-48.6772,49.7333,1978.21,6787

151.5	-48.8994,49.7879,1983.75,6800

152	-49.4401,49.8399,1995.6,6814

152.5	-49.6525,49.8917,2000.88,6833

153	-49.6745,49.9422,2002.34,6858

153.5	-49.7032,49.9886,2003.84,6878

154	-49.7403,49.9914,2004.63,6904

154.5	-49.778,49.9873,2005.3,6929

155	-49.856,49.9898,2006.92,6951

155.5	-49.9151,50.0027,2008.36,6980

156	-49.9697,50.0239,2009.87,7002

156.5	-49.9851,50.05,2010.7,7020

157	-50.0018,50.2224,2014.48,7039

157.5	-50.0252,50.4434,2019.37,7066

158	-50.0537,50.7746,2026.57,7078

158.5	-50.0776,50.7857,2027.27,7102

159	-50.1102,50.7969,2028.14,7122

159.5	-50.1567,50.8412,2029.96,7142

160	-50.205,50.9097,2032.29,7166

160.5	-50.2454,50.9963,2034.84,7190

161	-50.2858,51.0812,2037.34,7206

161.5	-50.3379,51.0963,2038.68,7230

162	-50.4002,51.154,2041.08,7254

162.5	-50.4153,51.1693,2041.69,7278

163	-50.4663,51.1856,2043.04,7300

163.5	-50.5798,51.1601,2044.8,7316

164	-50.7097,51.1573,2047.34,7329

164.5	-50.8193,51.1695,2049.78,7342

165	-50.9103,51.1647,2051.5,7362

165.5	-50.9855,51.2064,2053.84,7383

166	-51.0514,51.2291,2055.61,7397

166.5	-51.1097,51.2493,2057.18,7414

167	-51.1631,51.2748,2058.76,7431

167.5	-51.214,51.3034,2060.35,7447

168	-51.2661,51.3483,2062.29,7462

168.5	-51.3162,51.3872,2064.07,7485

169	-51.3456,51.4307,2065.52,7507

169.5	-51.3753,51.474,2066.99,7530

170	-51.4184,51.5161,2068.69,7551

170.5	-51.7212,51.5581,2075.59,7571

171	-51.9633,51.6016,2081.3,7597

171.5	-52.0093,51.6443,2083.07,7609

172	-52.0107,51.6866,2083.95,7626

172.5	-52.366,51.7295,2091.91,7645

173	-52.5026,51.7932,2095.92,7664

173.5	-52.4374,51.8586,2095.92,7693

174	-52.4573,51.9362,2097.87,7712

174.5	-52.4247,51.9955,2098.4,7740

175	-52.4763,52.0435,2100.4,7761

175.5	-52.5203,52.098,2102.37,7778

176	-52.5401,52.1483,2103.77,7809

176.5	-52.5725,52.7047,2115.54,7826

177	-52.609,52.9934,2122.05,7853

177.5	-52.7234,53.0785,2126.04,7873

178	-52.7738,53.1345,2128.17,7899

178.5	-52.8425,53.3559,2133.97,7920

179	-52.9651,53.4731,2138.76,7945

179.5	-53.0567,53.4852,2140.84,7980

180	-53.1348,53.5323,2143.34,8000

180.5	-53.1959,53.5905,2145.73,8021

181	-53.2519,53.6354,2147.75,8042

181.5	-53.3114,53.6611,2149.45,8064

182	-53.3367,53.6942,2150.62,8083

182.5	-53.3781,53.731,2152.18,8103

183	-53.4273,53.7692,2153.93,8121

183.5	-53.4781,53.8111,2155.78,8138

184	-53.5319,53.852,2157.68,8158

184.5	-53.5892,53.891,2159.6,8176

185	-53.6497,53.926,2161.51,8202

185.5	-53.7068,53.9602,2163.34,8228

186	-53.7621,53.9902,2165.05,8245

186.5	-53.8147,54.029,2166.87,8263

187	-53.8368,54.0773,2168.28,8280

187.5	-53.8608,54.1277,2169.77,8303

188	-53.8999,54.1796,2171.59,8319

188.5	-53.9447,54.2271,2173.44,8334

189	-53.9933,54.2734,2175.33,8356

189.5	-54.0752,54.3199,2177.9,8379

190	-54.1649,54.3656,2180.61,8396

190.5	-54.2387,54.4098,2182.97,8421

191	-54.2829,54.4537,2184.73,8437

191.5	-54.3322,54.4966,2186.58,8453

192	-54.4282,54.533,2189.22,8479

192.5	-54.509,54.5635,2191.45,8505

193	-54.8662,54.5993,2199.31,8525

193.5	-55.0835,54.6335,2204.34,8541

194	-55.1382,54.6682,2206.13,8566

194.5	-55.1624,54.706,2207.37,8585

195	-55.2096,54.7393,2208.98,8613

195.5	-55.2762,54.9413,2214.35,8636

196	-55.3454,55.2515,2221.94,8665

196.5	-55.3975,55.5423,2228.8,8688

197	-55.4559,55.5386,2229.89,8705

197.5	-55.5143,55.5437,2231.16,8729

198	-55.5743,55.5455,2232.4,8752

198.5	-55.6213,55.6705,2235.84,8771

199	-55.6608,55.7755,2238.73,8793

199.5	-55.6984,55.8284,2240.53,8817

200	-55.7348,55.867,2242.04,8838

200.5	-55.7574,55.8926,2243,8868

201	-55.7251,55.8986,2242.47,8898

201.5	-55.7479,56.0847,2246.65,8912

202	-55.7905,56.1561,2248.93,8942

202.5	-56.0138,56.2464,2255.21,8968

203	-56.1813,56.367,2260.97,8999

203.5	-56.13,56.4864,2262.33,9015

204	-56.131,56.559,2263.8,9036

204.5	-56.1626,56.6231,2265.72,9054

205	-56.2023,56.6775,2267.6,9073

205.5	-56.2595,56.7368,2269.93,9097

206	-56.3108,56.7849,2271.92,9108

206.5	-56.359,56.8247,2273.67,9128

207	-56.4065,56.861,2275.35,9150

207.5	-56.4522,56.9083,2277.21,9171

208	-56.4972,56.9593,2279.13,9197

208.5	-56.5438,57.0096,2281.07,9214

209	-56.5842,57.0619,2282.92,9240

209.5	-56.6253,57.1182,2284.87,9260

210	-56.7247,57.1831,2288.16,9286

210.5	-56.949,57.2492,2293.96,9314

211	-57.0574,57.3104,2297.36,9337

211.5	-57.2426,57.3692,2302.23,9356

212	-57.683,57.4288,2312.24,9376

212.5	-57.7894,57.4894,2315.58,9403

213	-57.8743,57.5297,2318.08,9433

213.5	-57.8774,57.5359,2318.27,9463

214	-57.9074,57.5348,2318.85,9496

214.5	-57.9426,57.5554,2319.96,9521

215	-57.9738,57.8734,2326.94,9540

215.5	-58.0067,58.054,2331.21,9566

216	-58.0427,58.0196,2331.25,9591

216.5	-58.0854,58.0186,2332.08,9620

217	-58.1236,58.0395,2333.26,9643

217.5	-58.1516,58.0618,2334.27,9668

218	-58.1519,58.3546,2340.13,9691

218.5	-58.1471,58.4738,2342.42,9715

219	-58.1745,58.5639,2344.77,9739

219.5	-58.2284,58.6947,2348.46,9758

220	-58.2869,58.7158,2350.05,9776

220.5	-58.35,58.7596,2352.19,9803

221	-58.419,58.7911,2354.2,9835

221.5	-58.488,58.8176,2356.11,9871

222	-58.56,58.8436,2358.07,9901

222.5	-58.671,58.8706,2360.83,9928

223	-58.8031,58.8675,2363.41,9959

223.5	-58.9244,58.8689,2365.87,9978

224	-59.0251,58.898,2368.46,9994

224.5	-59.1127,58.9551,2371.36,10018

225	-59.1895,59.0137,2374.06,10039

225.5	-59.2629,59.0707,2376.67,10065

226	-59.3304,59.1153,2378.91,10085

226.5	-59.3955,59.1634,2381.18,10104

227	-59.4594,59.4276,2387.74,10125

227.5	-59.5214,59.6437,2393.3,10151

228	-59.5804,59.7359,2396.32,10170

228.5	-59.6354,59.7659,2398.03,10200

229	-59.7331,59.8185,2401.03,10219

229.5	-59.7936,59.876,2403.39,10236

230	-59.849,59.938,2405.74,10254

230.5	-60.5809,60.0013,2421.64,10273

231	-60.7359,60.0251,2425.22,10291

231.5	-60.8301,60.0547,2427.69,10319

232	-60.9191,60.0925,2430.23,10347

232.5	-60.9779,60.1278,2432.11,10376

233	-60.9879,60.1684,2433.13,10396

233.5	-61.0212,60.2205,2434.83,10419

234	-61.074,60.2781,2437.04,10440

234.5	-61.119,60.3332,2439.04,10466

235	-61.154,60.4129,2441.34,10492

235.5	-61.1771,60.5031,2443.6,10517

236	-61.1011,60.584,2443.7,10548

236.5	-61.0635,60.6602,2444.47,10574

237	-61.0629,60.7307,2445.87,10595

237.5	-61.118,60.8696,2449.75,10617

238	-61.1744,60.9998,2453.48,10635

238.5	-61.2371,61.0984,2456.71,10667

239	-61.3062,61.1909,2459.94,10696

239.5	-61.3883,61.7736,2473.24,10728

240	-61.4648,62.107,2481.44,10760

240.5	-61.5378,62.2202,2485.16,10784

241	-61.6046,62.332,2488.73,10802

241.5	-61.6773,62.3503,2490.55,10824

242	-61.7616,62.3984,2493.2,10852

242.5	-61.8496,62.4263,2495.52,10880

243	-61.9169,62.4641,2497.62,10906

243.5	-61.9662,62.4756,2498.84,10928

244	-62.0048,62.4887,2499.87,10949

244.5	-62.0378,62.5077,2500.91,10969

245	-62.0209,62.4901,2500.22,10998

245.5	-62.0004,62.4797,2499.6,11017

246	-61.9865,62.4919,2499.57,11055

246.5	-61.9562,62.5218,2499.56,11077

247	-61.8873,62.4986,2497.72,11098

247.5	-61.9298,62.509,2498.78,11124

248	-61.9576,62.5604,2500.36,11146

248.5	-61.9915,62.618,2502.19,11176

249	-62.3687,62.6654,2510.68,11208

249.5	-62.6688,62.7092,2517.56,11228

250	-62.857,62.7497,2522.13,11251

250.5	-62.9299,62.7909,2524.42,11281

251	-62.9506,62.793,2524.87,11294

251.5	-62.9832,62.8049,2525.76,11313

252	-63.0486,62.8207,2527.38,11338

252.5	-63.1309,62.8406,2529.43,11367

253	-63.2042,62.8673,2531.43,11393

253.5	-63.3325,62.8995,2534.64,11415

254	-63.3269,62.9326,2535.19,11447

254.5	-63.3413,62.9779,2536.38,11466

255	-63.4317,63.0465,2539.56,11490

255.5	-63.5114,63.1926,2544.08,11516

256	-63.5713,63.284,2547.11,11543

256.5	-63.6195,63.2927,2548.24,11574

257	-63.6526,63.2808,2548.67,11607

257.5	-63.6918,63.2168,2548.17,11630

258	-63.7319,63.7845,2560.33,11653

258.5	-63.769,63.8877,2563.13,11691

259	-63.8039,64.0274,2566.63,11712

259.5	-63.8423,64.092,2568.69,11736

260	-63.8831,64.1075,2569.81,11758

260.5	-63.9204,64.1535,2571.48,11782

261	-63.9365,64.2212,2573.16,11811

261.5	-63.9618,64.1953,2573.14,11838

262	-63.9968,64.2263,2574.46,11863

262.5	-64.0375,64.2678,2576.11,11886

263	-64.0807,64.3079,2577.77,11904

263.5	-64.1254,64.3847,2580.2,11927

264	-64.1697,64.4159,2581.71,11960

264.5	-64.212,64.5149,2584.54,11978

265	-64.2622,64.6002,2587.25,11996

265.5	-64.3402,64.54,2587.6,12021

266	-64.4058,64.5494,2589.1,12050

266.5	-64.4599,64.5742,2590.68,12079

267	-64.5078,64.6034,2592.23,12115

267.5	-64.5487,64.6281,2593.54,12129

268	-64.5942,64.6582,2595.05,12157

268.5	-64.9231,64.6881,2602.22,12189

269	-65.3591,64.7126,2611.43,12204

269.5	-65.7399,64.7347,2619.49,12232

270	-65.8162,64.7554,2621.43,12255

270.5	-65.888,64.7855,2623.47,12281

271	-65.969,64.8185,2625.75,12301

271.5	-66.068,64.8471,2628.3,12324

272	-66.1557,64.8995,2631.1,12356

272.5	-66.2318,64.9937,2634.51,12384

273	-66.2736,65.0774,2637.02,12413

273.5	-66.3307,65.1591,2639.8,12436

274	-66.387,65.2313,2642.37,12456

274.5	-66.4038,65.2946,2643.97,12488

275	-66.3081,65.3822,2643.81,12511

275.5	-66.2803,65.628,2648.17,12546

276	-66.2896,65.6637,2649.07,12572

276.5	-66.3109,65.9313,2654.84,12605

277	-66.343,65.9254,2655.37,12631

277.5	-66.3826,65.9156,2655.97,12658

278	-66.428,65.99,2658.36,12688

278.5	-66.4746,66.0544,2660.58,12715

279	-66.5158,66.1033,2662.38,12737

279.5	-66.5474,66.1449,2663.85,12770

280	-66.5644,66.2266,2665.82,12794

280.5	-66.594,66.31,2668.08,12832

281	-66.6345,66.326,2669.21,12860

281.5	-66.6798,66.3658,2670.91,12884

282	-66.7316,66.446,2673.55,12906

282.5	-66.7852,66.6681,2679.07,12940

283	-66.8519,66.7464,2681.97,12967

283.5	-66.9106,66.8683,2685.58,12996

284	-66.9618,67.0257,2689.75,13019

284.5	-67.0109,66.973,2689.68,13045

285	-67.0606,66.9663,2690.54,13065

285.5	-67.1124,66.9807,2691.86,13097

286	-67.1653,67.0812,2694.93,13128

286.5	-67.2287,67.3849,2702.27,13157

287	-67.3139,67.4318,2704.91,13180

287.5	-67.8218,67.3262,2712.96,13205

288	-68.2069,67.3477,2721.09,13232

288.5	-68.3979,67.3659,2725.28,13257

289	-68.4516,67.3943,2726.92,13285

289.5	-68.5495,67.5099,2731.19,13308

290	-68.6346,67.6024,2734.74,13335

290.5	-68.6452,67.6801,2736.51,13362

291	-68.6052,67.7519,2737.14,13387

291.5	-68.5797,67.8194,2737.98,13417

292	-68.6068,67.8826,2739.79,13438

292.5	-68.6474,67.9761,2742.47,13464

293	-68.6979,68.073,2745.42,13488

293.5	-68.7525,68.17,2748.45,13528

294	-68.8115,68.6915,2760.06,13556

294.5	-68.9017,68.8461,2764.96,13601

295	-69.008,68.9432,2769.02,13621

295.5	-69.0849,69.0031,2771.76,13648

296	-69.1504,68.9728,2772.46,13671

296.5	-69.2201,69.01,2774.6,13695

297	-69.2841,69.0659,2777,13729

297.5	-69.3647,69.0968,2779.23,13760

298	-69.4559,69.1657,2782.43,13788

298.5	-69.5316,69.2266,2785.16,13815

299	-69.6101,69.2805,2787.81,13842

299.5	-69.6777,69.3269,2790.09,13873

300	-69.7344,69.3459,2791.6,13893

300.5	-69.783,69.3577,2792.81,13931

301	-69.8354,69.364,2793.99,13958

301.5	-69.8873,69.4941,2797.63,13985

302	-69.9385,69.5924,2800.62,14016

302.5	-69.9882,69.6501,2802.77,14042

303	-70.0401,69.699,2804.78,14066

303.5	-70.0893,69.7652,2807.09,14097

304	-70.1248,69.8417,2809.33,14116

304.5	-70.1661,69.9098,2811.52,14147

305	-70.2087,70.078,2815.73,14187

305.5	-70.2534,70.2078,2819.22,14218

306	-70.2907,70.2651,2821.12,14247

306.5	-70.3282,70.2924,2822.41,14267

307	-70.8409,70.3232,2833.28,14288

307.5	-71.181,70.3718,2841.06,14308

308	-71.2509,70.4178,2843.37,14336

308.5	-71.2682,70.4492,2844.35,14358

309	-71.3118,70.4813,2845.86,14390

309.5	-71.3397,70.5204,2847.2,14405

310	-71.3722,70.5636,2848.72,14434

310.5	-71.4146,70.6082,2850.46,14456

311	-71.4645,70.6529,2852.35,14483

311.5	-71.5073,70.6993,2854.13,14512

312	-71.5419,70.7479,2855.8,14545

312.5	-71.5694,70.7984,2857.35,14582

313	-71.6024,70.9319,2860.69,14608

313.5	-71.6407,70.9357,2861.53,14640

314	-71.6846,71.0198,2864.09,14679

314.5	-71.7328,71.1034,2866.72,14700

315	-71.7873,71.1648,2869.04,14735

315.5	-71.8623,71.2198,2871.64,14767

316	-71.9706,71.2807,2875.03,14792

316.5	-72.0462,71.318,2877.28,14825

317	-72.0474,71.3465,2877.88,14844

317.5	-72.0276,71.3879,2878.31,14872

318	-72.0348,71.4624,2879.94,14888

318.5	-72.062,71.7019,2885.28,14915

319	-72.1023,72.0194,2892.44,14942

319.5	-72.1493,72.1433,2895.85,14983

320	-72.1988,72.2552,2899.08,15012

320.5	-72.2485,72.3801,2902.57,15042

321	-72.2987,72.4916,2905.81,15066

321.5	-72.3494,72.4912,2906.81,15095

322	-72.3994,72.4675,2907.34,15120

322.5	-72.4447,72.4684,2908.26,15147

323	-72.4783,72.485,2909.27,15178

323.5	-72.515,72.5145,2910.59,15210

324	-72.5501,72.5469,2911.94,15228

324.5	-72.5833,72.5656,2912.98,15256

325	-72.6139,72.5755,2913.79,15290

325.5	-73.1902,72.5724,2925.25,15322

326	-73.4692,72.6004,2931.39,15351

326.5	-73.6327,72.5626,2933.91,15378

327	-73.7639,72.5739,2936.76,15412

327.5	-73.8943,72.5978,2939.84,15445

328	-74.0084,72.6134,2942.44,15477

328.5	-74.068,72.6543,2944.45,15506

329	-74.0083,72.8859,2947.89,15535

329.5	-74.0536,72.9715,2950.5,15559

330	-74.1218,72.9977,2952.39,15588

330.5	-74.2733,73.065,2956.77,15616

331	-74.3939,73.45,2966.88,15650

331.5	-74.4666,73.7368,2974.07,15672

332	-74.5146,73.8227,2976.75,15701

332.5	-74.5632,74.0306,2981.88,15730

333	-74.6241,74.1263,2985.01,15756

333.5	-74.8644,74.1771,2990.83,15783

334	-74.9979,74.1538,2993.03,15813

334.5	-75.0342,74.1711,2994.11,15839

335	-75.0709,74.2014,2995.45,15877

335.5	-75.1198,74.2385,2997.17,15895

336	-75.1721,74.2786,2999.01,15922
