ra<-c(1,1.00454,1.00902,1.01351,1.01801,1.02253,1.02706,1.0316,1.03616,1.04073,1.04531,1.04991,1.05452,1.05915,1.06378,1.06844,1.0731,1.07778,1.08247,1.08718,1.0919,1.09663,1.10138,1.10614,1.11091,1.1157,1.1205,1.12532,1.13014,1.13499,1.13984,1.14471,1.1496,1.1545,1.15941,1.16433,1.16927,1.17423,1.1792,1.18418,1.18917,1.19418,1.19921,1.20425,1.2093,1.21436,1.21944,1.22454,1.22965,1.23477,1.23991,1.24506,1.25022,1.2554,1.2606,1.26581,1.27103,1.27627,1.28152,1.28678,1.29206,1.29736,1.30267,1.30799,1.31333,1.31868,1.32405,1.32943,1.33483,1.34024,1.34566,1.3511,1.35656,1.36203,1.36751,1.37301,1.37852,1.38405,1.38959,1.39515,1.40072,1.40631,1.41191,1.41753,1.42316,1.42881,1.43447,1.44015,1.44584,1.45155,1.45727,1.463,1.46876,1.47452,1.4803,1.4861,1.49191,1.49774,1.50358,1.50944,1.51531,1.5212,1.5271,1.53302,1.53895,1.5449,1.55087,1.55685,1.56284,1.56885,1.57488,1.58092,1.58698,1.59305,1.59913,1.60524,1.61136,1.61749,1.62364,1.6298,1.63598,1.64218,1.64839,1.65462,1.66086,1.66712,1.6734,1.67969,1.68599,1.69231,1.69865,1.70501,1.71137,1.71776,1.72416,1.73058,1.73701,1.74346,1.74992,1.7564,1.7629,1.76941,1.77594,1.78248,1.78905,1.79562,1.80221,1.80882,1.81545,1.82209,1.82875,1.83542,1.84211,1.84882,1.85554,1.86228,1.86903,1.8758,1.88259,1.88939,1.89621,1.90305,1.9099,1.91677,1.92366,1.93056,1.93748,1.94441,1.95137,1.95833,1.96532,1.97232,1.97934,1.98637,1.99343,1.99625,1.759,1.54133,1.34241,1.16138,1,1.00443,1.0089,1.01339,1.0179,1.02241,1.02694,1.03149,1.03604,1.04061,1.0452,1.0498,1.05441,1.05903,1.06367,1.06832,1.07298,1.07766,1.08235,1.08706,1.09178,1.09651,1.10126,1.10602,1.11079,1.11558,1.12038,1.12519,1.13002,1.13487,1.13972,1.14459,1.14948,1.15437,1.15929,1.16421,1.16915,1.1741,1.17907,1.18405,1.18905,1.19406,1.19908,1.20412,1.20917,1.21424,1.21932,1.22441,1.22952,1.23464,1.23978,1.24493,1.2501,1.25527,1.26047,1.26568,1.2709,1.27614,1.28139,1.28665,1.29193,1.29723,1.30254,1.30786,1.3132,1.31855,1.32392,1.3293,1.33469,1.3401,1.34553,1.35097,1.35642,1.36189,1.36737,1.37287,1.37839,1.38391,1.38946,1.39501,1.40059,1.40617,1.41177,1.41739,1.42302,1.42867,1.43433,1.44001,1.4457,1.4514,1.45712,1.46286,1.46861,1.47438,1.48016,1.48596,1.49177,1.49759,1.50344,1.50929,1.51517,1.52105,1.52696,1.53287,1.53881,1.54475,1.55072,1.5567,1.56269,1.5687,1.57473,1.58077,1.58682,1.5929,1.59898,1.60508,1.6112,1.61734,1.62349,1.62965,1.63583,1.64203,1.64824,1.65446,1.66071,1.66697,1.67324,1.67953,1.68583,1.69216,1.69849,1.70485,1.71121,1.7176,1.724,1.73042,1.73685,1.7433,1.74976,1.75624,1.76274,1.76925,1.77578,1.78232,1.78888,1.79546,1.80205,1.80866,1.81528,1.82192,1.82858,1.83525,1.84194,1.84865,1.85537,1.86211,1.86886,1.87563,1.88242,1.88922,1.89604,1.90288,1.90973,1.9166,1.92349,1.93039,1.93731,1.94424,1.95119,1.95816,1.96515,1.97215,1.97916,1.9862,1.99325,2.00034,1.76469,1.54654,1.34716,1.16569,1.0013,1.00439,1.00887,1.01336,1.01786,1.02238,1.02691,1.03145,1.03601,1.04058,1.04516,1.04976,1.05437,1.05899,1.06363,1.06828,1.07295,1.07762,1.08231,1.08702,1.09174,1.09647,1.10122,1.10598,1.11075,1.11554,1.12034,1.12515,1.12998,1.13483,1.13968,1.14455,1.14944,1.15433,1.15924,1.16417,1.16911,1.17406,1.17903,1.18401,1.18901,1.19402,1.19904,1.20408,1.20913,1.2142,1.21928,1.22437,1.22948,1.2346,1.23974,1.24489,1.25005,1.25523,1.26043,1.26563,1.27086,1.27609,1.28134,1.28661,1.29189,1.29718,1.30249,1.30781,1.31315,1.3185,1.32387,1.32925,1.33465,1.34006,1.34548,1.35092,1.35638,1.36184,1.36733,1.37283,1.37834,1.38387,1.38941,1.39497,1.40054,1.40613,1.41173,1.41734,1.42297,1.42862,1.43428,1.43996,1.44565,1.45136,1.45708,1.46281,1.46856,1.47433,1.48011,1.48591,1.49172,1.49755,1.50339,1.50924,1.51512,1.521,1.52691,1.53282,1.53876,1.54471,1.55067,1.55665,1.56264,1.56865,1.57468,1.58072,1.58677,1.59284,1.59893,1.60503,1.61115,1.61728,1.62343,1.6296,1.63578)
time<-seq(0,2880,by=6)
rap = ra*100

par(mar=c(4,5,4,0.5),xpd=TRUE)
plot(time,rap,type="n",
xlim=c(0,2880),ylim=c(0,200),
xlab="Minutes",ylab=expression("Volume percentage of initial value"),
cex.lab=1.8,cex.axis=2)
lines(time,rap,col="red",lwd=3)
