0: 96,91,84,67,18
2: 27,56,44,104,101
3: 59,113,76,30
4: 54,12,65,32,78,119
5: 89,103,81,115,11
6: 92,60,83
7: 15,85,98,102
8: 37,66,105,128,29,71
9: 122,68,72,110,61
10: 57,82,96,91,112
11: 38,115,5
12: 4,54,108,119,73,44
13: 121,118
14: 49,123
15: 7,105,64,85,98,125
16: 127,117,19,72,39
17: 91,66,67,34,19,40
18: 42,69,0,96
19: 34,72,17,39,40,16
20: 112,36,82
21: 62,26,77,124,70,50
22: 80,86,81,120,48,115
23: 58,60,111,51,31,83
24: 33,116,87,101,68,95
25: 47,93
26: 97,62,21,106,77
27: 2,107,41,73,56,44
28: 88,102
29: 55,71,128,107,8
30: 75,76,3,59,109
31: 51,75,58,23,114
32: 63,126,78,119,4
33: 24,59,116,109,122,68
34: 19,71,72,110,17,66
35: 47,116,87,113,93,79
36: 82,103,20
37: 8,84,66,67,125,105
38: 115,11,86
39: 40,89,19,16,117
40: 39,57,17,91,19
41: 94,50,100,107,27,73
42: 18,96,74
43: 99,62,124
44: 2,27,73,54,12
45: 121,106
46: 121,106,77,118,108,94
47: 35,113,93,25
48: 120,127,111,117,81,22
49: 65,123,14
50: 94,100,41,21,77,70
51: 31,75,83,23
52: 85,88,69,84,125
53: 69,88
54: 4,12,65,90,44
55: 29,71,95,110,56
56: 2,27,55,101,95
57: 10,40,82,89,103
58: 23,61,114,127,111,31
59: 3,33,116,109,113,30
60: 120,23,111,83,6,92
61: 58,114,127,122,9
62: 99,43,97,26,21,124
63: 126,32,78
64: 15,105,98,70,128,100
65: 49,4,54,78
66: 17,8,37,67,34,71
67: 0,17,37,91,84,66
68: 122,9,95,33,24
69: 53,18,88,52,84
70: 124,64,98,21,50,100
71: 55,34,29,110,8,66
72: 34,9,19,110,16
73: 94,27,41,44,108,12
74: 112,42
75: 51,31,76,30
76: 75,30,3
77: 46,106,26,21,94,50
78: 63,32,4,65
79: 104,90,123,35,87,93
80: 86,92,22,120
81: 5,89,48,117,115,22
82: 36,57,10,103,20,112
83: 51,60,23,6
84: 0,37,67,125,52,69
85: 7,15,52,102,125
86: 80,22,38,115
87: 35,24,116,104,79,101
88: 28,52,53,69
89: 5,39,57,103,81
90: 104,54,79,123
91: 0,17,67,10,40
92: 6,80,120,60
93: 47,35,79,123,25
94: 50,41,73,46,77,108
95: 55,101,68,56,24
96: 0,42,18,112,10
97: 99,62,26
98: 7,15,124,64,70
99: 43,97,62
100: 128,50,107,41,64,70
101: 95,2,56,104,24,87
102: 28,7,85
103: 5,36,57,82,89
104: 79,90,2,101,87
105: 15,64,128,8,37,125
106: 45,121,46,77,26
107: 128,100,27,41,29
108: 46,118,119,94,73,12
109: 33,59,122,114,30
110: 55,34,9,71,72
111: 120,58,60,23,48,127
112: 74,20,96,10,82
113: 3,47,35,59,116
114: 58,61,122,109,31
115: 38,11,5,81,86,22
116: 33,35,24,59,87,113
117: 16,48,127,39,81
118: 13,121,46,108,119
119: 32,118,108,4,12
120: 60,48,111,80,92,22
121: 13,45,46,106,118
122: 9,68,33,109,61,114
123: 49,79,90,14,93
124: 98,70,43,62,21
125: 37,84,15,105,85,52
126: 63,32
127: 58,16,48,61,111,117
128: 100,107,105,64,8,29