0: 10,18,37,40,42,17
2: 12,27,41,56,54,44
3: 47,30,59
4: 49,54,32,63,12
5: 11,57,22,39,48
6: 23,60
7: 15,62,64,50
8: 37,17,15,64,34,29
9: 55,34,19,61,33,16
10: 0,40,42,36,57,20
11: 5,22,38
12: 2,46,41,32,4,54
13: 45,32,46
14: 49,25
15: 7,64,8,37,52
16: 39,48,58,19,9,61
17: 0,8,37,40,34,19
18: 0,37,42,52,53
19: 34,9,40,17,39,16
20: 36,10,42
21: 50,46,41,26,45,62
22: 48,60,5,11,38
23: 6,58,60,51,31
24: 55,33,56,44,35,59
25: 47,35,14
26: 43,45,62,21
27: 64,2,50,41,56,29
28: 53,52
29: 55,34,64,27,56,8
30: 3,59,61,33,31
31: 51,61,30,23,58
32: 13,63,12,46,4
33: 55,24,9,61,30,59
34: 55,29,19,9,8,17
35: 25,47,59,44,24
36: 57,20,10
37: 0,8,18,17,52,15
38: 11,22
39: 16,48,40,19,5,57
40: 0,10,17,19,57,39
41: 2,12,50,21,46,27
42: 0,10,18,20
43: 26,62
44: 54,2,56,24,35
45: 13,26,21,46
46: 12,21,41,13,45,32
47: 3,25,35,59
48: 22,39,16,58,60,5
49: 14,4,54
50: 64,21,27,41,7,62
51: 31,23
52: 18,37,15,28,53
53: 28,18,52
54: 49,4,44,2,12
55: 34,24,29,9,33,56
56: 2,27,44,55,24,29
57: 5,36,10,40,39
58: 23,16,48,60,61,31
59: 3,47,35,30,24,33
60: 22,6,23,48,58
61: 9,33,30,16,58,31
62: 7,26,43,50,21
63: 32,4
64: 50,27,7,15,8,29