0: 347,267,312,262,261
2: 150,263,272,337,56,493
3: 76,273,136
4: 277,394,119,428,139
5: 115,435,198,385,279,11
6: 283,60,306,221,314
7: 154,459,473,288,382,243
8: 512,483,295,391,29,256
9: 72,233,302,269,159,439
10: 496,164,366,305,57,310
11: 168,315,308,385,5,115
12: 175,171,444,428,318,416
13: 321,464,180,494,214,360
14: 455,229,324,364
15: 327,153,370,289,189,98
16: 191,330,39,343,433,342
17: 67,134,280,91,257,334
18: 195,309,339,237,130,266
19: 299,199,355,343,285
20: 329,346,298,146,322
21: 236,147,423,434,348,507
22: 192,325,446,365,352,406
23: 194,205,114,356,429,311
24: 250,225,362,396,331,222
25: 354,468
26: 172,294,371,393,231
27: 132,73,163,390,234,441
28: 217,333,379
29: 256,381,8,295,212,492
30: 467,181,227,384,286
31: 253,290,386,392,205,356
32: 255,394,126,249,220
33: 138,225,362,438,400,291
34: 152,408,131,299,268,140
35: 87,331,411,222,144,316
36: 425,315,146,142,322
37: 482,149,414,358,427,66
38: 431,86,323,219
39: 157,343,285,16,232,433
40: 161,496,361,383,436,432
41: 190,376,320,107,443,100
42: 339,451,165
43: 404,454,243
44: 104,375,378,263,340,457
45: 461,173
46: 450,228,77,179,463,118
47: 468,469,202,424
48: 471,127,470,420,226,406
49: 187,183,458,474,258
50: 294,485,371,177,477,495
51: 169,506,83,412,270,480
52: 84,479,200,484,125
53: 224,401,487
54: 338,129,296,139,489,175
55: 188,488,418,363,359,68
56: 176,215,493,150,2,363,491
57: 82,310,372,436,10,496
58: 114,498,429,452,223,399
59: 410,501,467,301,332,282
60: 283,328,503,6,230,306
61: 498,72,252,233,330,505
62: 141,167,373,124,213,507
63: 297,239,510,509
64: 105,511,460,490,170,98
65: 129,78,258,259,296
66: 156,344,264,358,149,37
67: 17,134,335,347,267,91
68: 138,359,269,403,55,418
69: 143,204,262,195,309,271
70: 241,145,276,320,460,370
71: 188,155,110,345,408,278
72: 61,233,9,281,505,302
73: 132,27,284,390,160,380
74: 287,196,402
75: 169,506,290,174,502,384
76: 3,426
77: 46,450,172,463,294
78: 65,259,296,277,297,239
79: 300,316,101,388,396,222
80: 499,192,120,350,303
81: 232,440,117,89,279,336
82: 158,201,57,367,310,372
83: 51,253,506,221,314,270
84: 52,200,313,143,312
85: 125,189,319,327,353
86: 274,323,219,325,365,38
87: 116,209,331,35,332,411
88: 245,401,333
89: 385,81,279,336,103,218
90: 235,162,387,338,445,210
91: 449,395,334,17,67,347
92: 148,242,350,328
93: 354,468,182,229,415,244
94: 477,495,163,357,390,443
95: 359,250,491,403,500,150
96: 237,130,254,449,395,366
97: 133,368,447,275
98: 490,189,370,15,460,64
99: 167,373,404
100: 128,512,41,376,107,397
101: 500,378,388,337,79,396
102: 288,217
103: 308,367,372,218,385,89
104: 44,378,388,340,210,387
105: 511,64,483,427,170
106: 393,231,275,423,133
107: 163,443,41,100,441,397
108: 442,178,437,444,318
109: 501,251,181,135,238
110: 188,155,71,418,281,302
111: 194,114,260,399,420
112: 422,265,508,305,201,310
113: 273,424,136,202,410,227
114: 58,194,111,23,429,399
115: 5,435,168,11,151
116: 87,438,331,332,282,362
117: 232,440,81,433,211,184
118: 442,214,389,46,228,179
119: 405,394,4,444,428
120: 80,192,446,465,242,350
121: 173,419
122: 429,439,311,374,452,453
123: 455,478,415,240,186,476
124: 167,62,473,213,459,351
125: 85,317,319,52,484
126: 255,510,32,466
127: 211,471,184,504,48,470
128: 512,511,100,483,241,376
129: 338,54,65,445,258,296
130: 237,166,266,254,96,18
131: 152,34,344,264,280,268
132: 27,73,160,234,375,272
133: 461,97,106,275
134: 17,149,67,335,264,280
135: 501,109,438,282,238,400
136: 3,273,286,113,227
137: 289,351,213,348,349,276
138: 33,225,68,403,291
139: 54,296,277,4,175,428
140: 299,355,34,408,155,497
141: 373,304,62,507,447,236
142: 158,146,308,367,36,315
143: 262,69,271,84,200,312
144: 481,316,476,244,35,411
145: 190,70,349,276,320,326
146: 158,142,20,298,322,36
147: 21,177,434,348,349,326
148: 92,283,328
149: 482,134,335,37,66,264
150: 500,2,337,56,95,491
151: 168,207,115,341
152: 248,34,408,344,131,278
153: 327,154,459,15,289,351
154: 327,7,153,459,353,382
155: 71,110,408,140,281,497
156: 66,248,344,295,358,391
157: 39,361,285,232,336,432
158: 146,201,142,82,367,298
159: 439,291,374,269,9
160: 457,380,416,132,73,375
161: 40,496,164,257,334,383
162: 90,481,300,186,235,387
163: 107,94,27,390,443,441
164: 10,161,496,395,334,366
165: 266,398,42,339
166: 196,130,508,254,398
167: 99,373,404,62,473,124
168: 407,315,11,151,115
169: 51,75,506,174,412
170: 490,414,462,105,64,427
171: 175,12,340,457,416,489
172: 77,463,26,421,419,393
173: 121,421,45,461
174: 169,75,384,292,426
175: 171,428,12,54,139,489
176: 56,215,493,381,430
177: 371,147,434,50,326,495
178: 450,179,247,108,437
179: 46,450,178,442,118
180: 464,13,448,413,228,214
181: 501,251,467,30,109
182: 468,469,93,209,244,411
183: 187,472,49,456,259
184: 211,127,470,475,440,117
185: 187,458,324,478
186: 481,235,162,476,240,123
187: 486,49,183,458,185
188: 55,71,110,488,418,345
189: 490,85,319,98,327,15
190: 41,145,320,326,495,443
191: 16,330,497,505,355,343
192: 80,499,120,22,325,446
193: 199,268,383,280,257
194: 203,111,23,114,260,356
195: 262,18,69,309,261
196: 166,508,402,265,74
197: 314
198: 216,5,435,274,307
199: 19,193,361,383,285
200: 52,84,293,479,143,271
201: 158,82,310,422,112,298
202: 47,469,301,410,424,113
203: 392,194,260,306,356,503
204: 69,309,451,271,224,487
205: 23,356,311,409,386,31
206: 482,335,267,312,246,313
207: 435,323,151,431,341
208: 329,422,265
209: 87,301,332,411,469,182
210: 338,489,340,104,90,387
211: 342,184,504,127,117,433
212: 492,488,345,29,215,381
213: 62,124,507,348,137,351
214: 118,360,389,13,180,228
215: 56,176,381,212,488,363
216: 274,198,475,307,365,352
217: 102,28,382,369
218: 103,372,436,89,336,432
219: 499,325,86,38,377
220: 249,360,389,405,394,32
221: 253,83,392,306,6,314
222: 331,35,79,316,24,396
223: 471,504,399,498,252,58
224: 401,293,53,487,204,271
225: 138,33,250,24,362,403
226: 446,406,465,48,420,417
227: 410,467,30,136,286,113
228: 46,463,413,180,214,118
229: 455,14,364,415,354,93
230: 242,328,60,503,417,465
231: 371,393,106,423,434,26
232: 117,81,336,433,39,157
233: 498,72,61,9,439,452
234: 441,493,430,132,27,272
235: 90,186,162,474,445,240
236: 21,275,423,141,507,447
237: 130,96,18,261,449
238: 400,374,453,135,109
239: 63,297,509,456,78,259
240: 478,123,474,458,186,235
241: 70,376,320,460,128,511
242: 92,350,328,230,120,465
243: 288,454,43,473,7
244: 411,144,476,415,93,182
245: 401,293,333,379,479,88
246: 313,414,317,462,482,206
247: 450,178,485,477,357
248: 152,156,344,278,295,492
249: 220,360,494,466,32
250: 24,225,95,396,403,500
251: 181,109,409,386,502
252: 498,61,330,342,504,223
253: 506,290,221,83,31,392
254: 166,130,508,96,305,366
255: 277,297,394,510,126,32
256: 29,381,397,512,8
257: 161,334,17,193,383
258: 474,129,65,445,49
259: 65,78,239,456,183
260: 203,194,111,420,503,417
261: 262,195,0,347,237,449
262: 143,69,195,261,0,312
263: 44,375,378,2,272,337
264: 66,344,131,280,149,134
265: 208,422,112,196,508
266: 165,130,398,18,339
267: 67,0,206,335,347
268: 299,193,34,131,280
269: 68,418,9,302,159
270: 314,480,51,83
271: 143,204,69,224,293,200
272: 375,2,263,132,234,493
273: 3,424,136,113
274: 216,86,435,323,198,365
275: 236,106,423,97,133,447
276: 70,349,145,137,370,289
277: 255,297,4,78,296,139
278: 152,248,408,71,492,345
279: 385,89,81,307,5
280: 131,264,17,134,193,268
281: 72,497,505,302,155,110
282: 116,438,332,501,135,59
283: 148,328,60,6
284: 73,357,390,437,380
285: 39,19,199,361,157,343
286: 136,227,30,384,426
287: 402,74
288: 102,454,382,243,7
289: 153,137,370,15,351,276
290: 253,75,506,386,31,502
291: 400,159,374,138,33
292: 426,174
293: 224,245,401,479,200,271
294: 77,485,26,50,371
295: 8,391,29,248,156,492
296: 129,54,65,78,139,277
297: 63,255,277,239,510,78
298: 329,422,20,158,146,201
299: 19,268,355,140,34
300: 481,162,79,316,387,388
301: 209,332,469,202,410,59
302: 72,9,281,110,418,269
303: 80,350
304: 141,373,447,368
305: 508,254,10,366,112,310
306: 392,203,221,60,503,6
307: 475,440,279,216,198
308: 142,103,367,385,315,11
309: 204,18,69,195,339,451
310: 201,57,82,305,10,112
311: 122,429,453,409,205,23
312: 0,206,84,313,143,262
313: 246,317,84,206,312
314: 197,270,221,83,6
315: 168,36,11,142,308
316: 481,144,300,79,35,222
317: 125,246,313,319,462
318: 437,444,12,380,416,108
319: 490,125,85,189,317,462
320: 41,190,70,241,376,145
321: 464,13,494
322: 20,146,36
323: 207,86,435,274,38,431
324: 455,14,478,185
325: 499,192,22,219,365,86
326: 190,349,145,147,177
327: 153,154,15,353,85,189
328: 92,148,242,283,60,230
329: 208,346,422,20,298
330: 191,252,16,61,505,342
331: 116,87,35,222,24,362
332: 116,87,209,301,282,59
333: 245,379,28,88
334: 161,164,395,91,257,17
335: 482,149,67,134,206,267
336: 232,89,81,432,157,218
337: 500,150,101,378,2,263
338: 129,54,445,489,210,90
339: 18,309,451,42,165,266
340: 171,457,489,210,104,44
341: 431,151,207
342: 211,504,252,16,330,433
343: 39,19,355,285,191,16
344: 66,152,248,156,131,264
345: 188,212,71,492,488,278
346: 329,20
347: 67,0,267,261,449,91
348: 21,147,213,507,137,349
349: 145,276,326,147,348,137
350: 92,242,80,120,303
351: 153,137,459,289,124,213
352: 22,365,406,475,470,216
353: 327,154,382,369,85
354: 25,468,93,229,364
355: 299,19,343,140,191,497
356: 392,203,194,205,23,31
357: 94,477,284,390,247
358: 391,427,37,66,156
359: 95,68,491,403,55,363
360: 214,249,220,389,13,494
361: 199,157,383,285,40,432
362: 33,24,225,116,438,331
363: 55,488,56,215,359,491
364: 14,229,354
365: 22,325,352,216,86,274
366: 10,164,395,254,96,305
367: 158,142,308,82,103,372
368: 97,304,447
369: 217,353,379,484
370: 15,289,70,276,460,98
371: 231,177,434,294,26,50
372: 57,82,103,367,436,218
373: 99,141,167,304,62
374: 122,238,400,159,439,291,453
375: 44,263,272,132,160,457
376: 41,241,320,128,100
377: 499,219
378: 104,44,101,263,388,337
379: 245,333,479,484,28,369
380: 160,437,318,416,73,284
381: 29,176,256,215,430,212
382: 288,217,7,154,353
383: 193,199,361,40,161,257
384: 30,286,75,174,502
385: 89,279,308,103,11,5
386: 290,31,502,409,251,205
387: 90,300,162,210,104,388
388: 104,101,378,300,79,387
389: 442,214,220,118,360,405
390: 94,27,73,163,284,357
391: 483,8,295,358,156
392: 203,306,356,253,221,31
393: 106,231,461,421,172,26
394: 255,32,4,119,220
395: 164,449,91,334,366,96
396: 250,24,500,101,79,222
397: 256,441,430,107,100
398: 166,165,266,402
399: 471,223,58,111,114
400: 238,291,374,33,438,135
401: 224,245,293,53,88
402: 196,398,287,74
403: 138,359,250,225,95,68
404: 99,167,473,43
405: 442,119,220,389,444
406: 22,446,226,352,48,470
407: 425,168
408: 152,34,278,155,71,140
409: 311,453,251,205,386
410: 467,227,59,301,202,113
411: 87,209,244,35,144,182
412: 51,169,480
413: 448,419,180,228,463
414: 246,170,462,427,482,37
415: 455,229,123,476,244,93
416: 160,171,12,318,457,380
417: 230,420,260,226,465
418: 55,188,110,269,68,302
419: 121,413,421,172,463
420: 471,48,111,260,226,417
421: 173,419,461,393,172
422: 208,329,265,112,298,201
423: 236,106,21,231,275,434
424: 273,113,47,202
425: 407,36
426: 292,76,286,174
427: 105,358,170,414,37
428: 175,444,12,119,4,139
429: 122,311,452,58,23,114
430: 234,176,441,493,381,397
431: 38,341,207,323
432: 336,40,361,157,436,218
433: 232,117,39,16,211,342
434: 371,21,231,147,177,423
435: 5,207,115,274,323,198
436: 57,372,218,40,496,432
437: 318,380,178,108,284
438: 116,282,33,362,400,135
439: 122,159,374,452,233,9
440: 475,117,81,307,184
441: 234,397,430,107,27,163
442: 118,389,108,405,179
443: 107,94,495,163,41,190
444: 428,12,318,119,108,405
445: 338,474,129,258,90,235
446: 192,120,22,226,406,465
447: 141,304,368,97,236,275
448: 413,464,180
449: 395,91,261,347,237,96
450: 46,77,179,178,485,247
451: 204,309,339,42,487
452: 122,429,439,498,233,58
453: 122,238,311,374,409
454: 288,243,43
455: 14,229,324,478,415,123
456: 509,239,259,472,183
457: 160,171,340,416,44,375
458: 187,49,185,474,478,240
459: 7,153,154,351,473,124
460: 70,241,370,98,511,64
461: 45,133,173,421,393
462: 490,246,170,414,317,319
463: 46,228,77,172,413,419
464: 321,13,180,448
465: 120,446,226,242,230,417
466: 249,126
467: 410,501,181,227,30,59
468: 25,47,354,469,93,182
469: 47,468,202,182,209,301
470: 184,48,127,475,352,406
471: 504,223,48,127,399,420
472: 486,183,456
473: 167,404,124,243,7,459
474: 445,258,49,458,235,240
475: 440,307,184,470,216,352
476: 481,144,186,415,123,244
477: 94,495,357,485,50,247
478: 455,324,240,123,458,185
479: 52,245,293,379,200,484
480: 270,51,412
481: 144,300,186,162,316,476
482: 149,206,335,37,246,414
483: 128,512,105,511,8,391
484: 52,379,479,369,125
485: 450,294,50,247,477
486: 187,472
487: 53,224,204,451
488: 55,188,212,345,363,215
489: 338,54,210,175,171,340
490: 170,189,319,462,98,64
491: 359,95,56,150,363
492: 212,345,295,29,248,278
493: 234,56,176,430,2,272
494: 321,13,249,360
495: 94,477,443,177,50,190
496: 10,40,161,164,57,436
497: 191,281,505,155,355,140
498: 252,61,233,452,223,58
499: 80,192,219,325,377
500: 150,101,337,250,95,396
501: 467,181,135,109,59,282
502: 75,290,386,251,384
503: 60,230,203,260,306
504: 211,471,342,223,127,252
505: 191,72,61,281,330,497
506: 51,169,253,75,290,83
507: 141,62,213,236,21,348
508: 166,196,254,305,265,112
509: 456,63,239
510: 63,255,297,126
511: 128,105,64,483,241,460
512: 128,100,483,8,256