0: 261,841,1041,1024,1039,312
2: 988,176,493,1772,1027,1708
3: 1092,426,1459,136,1031,76
4: 1651,394,1483,993,1706,428,1033
5: 748,1230,279,1038,1090,1096
6: 1042,1645,761,1729,1273,1107
7: 1045,1354,924,288,382,1427
8: 512,1019,29,391,550,256
9: 809,780,159,553,233,439
10: 631,1532,556,1051,1494,691
11: 308,385,565,728,1053,985
12: 171,1152,1573,1634,567,1488
13: 571,494,1067,1701,889,990
14: 1070,574
15: 577,1754,1072,1189,760,1386
16: 505,330,1255,678,191,581,1298
17: 1023,1275,1320,1076,1105,794
18: 1782,516,1034,1079,1226,237
19: 299,268,664,762,608,343
20: 146,1176,661,1085,322,572
21: 1093,1256,434,1763,575,755
22: 818,1644,626,1099,1626,446
23: 356,1629,704,611,1444,1344,1824
24: 362,849,893,1272,1315,1103
25: 1106,875,900,1438,1327,621
26: 665,172,1556,552,1111,833
27: 531,1075,1141,441,163,1116
28: 1609,1359,953
29: 8,986,550,256,381,970
30: 1129,897,1369,1420,1555,181
31: 520,1135,290,1377,952,1049
32: 1143,1407,1760,1007,1810,510
33: 1414,1242,1150,362,893,653
34: 268,551,554,1526,140,131
35: 1429,1154,1739,316,1396,1476
36: 1157,1451,1593,1637,715
37: 335,580,658,667,482,795
38: 219,1162
39: 891,433,1165,610,1293,870
40: 1620,1498,1167,1355,682,496
41: 690,1817,1821,624,945,107
42: 977,1667,1285,1170
43: 1172,612,1790
44: 457,104,1416,1181,936,1552
45: 1562,173,1184,1580,706,461
46: 1307,860,884,1590,228,1188
47: 468,1734,1341,1438,354,1191
48: 1742,1621,909,470,1194,1009
49: 1569,724,1779,258,1199,1509
50: 485,1206,1390,294,645,1389
51: 1589,944,412,1658,1404,1211
52: 1301,707,1214,958,1617,737
53: 1217,1676,742
54: 744,803,1468,1784,1026,1814
55: 359,887,680,796,488,750
56: 1022,752,1708,363,988,215
57: 1399,372,1712,1274,1279,770
58: 843,498,839,998,61,1741
59: 282,601,1751,1264,781,501
60: 148,578,1249,603,328,1224
61: 1802,998,1740,873,58,498
62: 1003,1147,1805,167,1227
63: 509,1046,1229,126
64: 779,98,1018,490,657,961
65: 786,514,129,1086,296
66: 358,1020,667,791,604,580
67: 1309,794,549,1119,1239,1061
68: 680,543,796,557,302,1822
69: 1243,1112,1650,731,533
70: 920,320,1168,1246,1270,916
71: 600,586,1259,805,630,408
72: 1012,765,809,671,1740,873
73: 1425,617,380,1628,1251,1308
74: 1254,1151,605,1693,1102
75: 649,817,672,384,1258
76: 1057,1031,3,426,1260,1173
77: 833,1146,831,1219,1111,1262
78: 1091,1422,837,1086,296,1267
79: 1269,300,1248,1458,1156,526
80: 303,1164,1253,350,1284,1322
81: 89,797,1400,232,117,1276
82: 691,1192,766,310,1520,1221
83: 838,506,1770,1013,857,1286
84: 1474,1290,479,560,707,1214
85: 1754,1318,327,760,1294,736
86: 1485,1323,751,1297,1700,1365
87: 331,1429,1302,1694,659,867
88: 1305,1266,333
89: 797,81,1516,1277,1310,1400
90: 803,1026,338,1415,1314,816
91: 788,347,1487,1275,1320,901,395
92: 1324,303,350
93: 1326,1455,1341,1553,415,907
94: 390,912,1531,1075,793,1329
95: 1002,250,1332,915,943,1583
96: 903,1493,562,1335,1806,130
97: 1337,1457,576,1505
98: 779,876,64,189,1565,938,490
99: 1345,928,1296,942,612
100: 128,397,376,948,512,256
101: 388,950,1603,1492,1349,568
102: 1333,1289,1351,1609,953,855
103: 1437,367,1372,515,1511
104: 44,457,1358,1181,1287,340
105: 358,1020,1021,483,961,955
106: 702,1068,1646,1376,1364,1703
107: 624,969,945,948,41,785
108: 437,614,688,775,1054,1656
109: 1555,181,251,699,1370,1004
110: 600,716,1815,281,1100,418
111: 864,978,692,1536,1640,1373
112: 265,422,1673,1663,1381
113: 227,1459,136,1281,982,1029
114: 429,399,1689,1501,1671,611,1344
115: 1695,435,1735,1504,1691,1395
116: 1063,1302,1694,777,653,987,1060
117: 232,1768,1577,81,1276,1398
118: 214,389,1632,228,1401,1755
119: 1732,1519,993,1405,405,1134
120: 1724,242,1166,1410,995,854
121: 997,822,1412,1419
122: 311,999,453,1196,452,1417
123: 1316,1439,1421,858,1743,476
124: 459,1003,813,1424,1500,921
125: 1428,1664,484,1617,863,1383
126: 1431,1810,63,1229
127: 184,1705,1436,1765,1124,804
128: 376,100,241,511,1011,512
129: 786,65,514,1441,1037,1283
130: 1806,1175,1443,96,1335,254
131: 140,655,591,827,34,554
132: 375,1453,1055,1071,1352,234
133: 1456,1580,529,1068,706
134: 1105,795,1239,584,335,532
135: 438,601,1624,400,902,535
136: 3,1459,113,982,1686,1031
137: 1292,1097,1464,579,289,276
138: 403,543,1583,609,637,269,1813
139: 1468,652,1814,296,514
140: 131,630,655,408,34,1526
141: 769,1647,1470,507,1032,1411
142: 1448,1130,1472,1176,558,663
143: 1659,1738,271,1474,798,1290
144: 730,481,316,1551,563,1476
145: 721,690,1478,1216,1821,320
146: 1480,20,1472,1176,661,1434
147: 758,845,1204,1714,349,1482
148: 1324,578,1249,60
149: 791,264,335,532,580,541
150: 500,566,752,522,1052,1499,272
151: 1504,1618,168,646,628,1213
152: 248,937,805,278,630,655
153: 1189,1126,1727,1506,1325,1342
154: 1510,597,1245,1699,595,1238
155: 551,1526,1791,408,1259,1513
156: 248,937,542,647,604,344
157: 336,1516,1343,610,1608,1678
158: 1520,1745,850,613,367,905
159: 9,780,269,557,553,615,1813
160: 1561,1453,524,1055,1525,617
161: 1655,620,1789,682,1527,1321
162: 387,1596,1529,622,300,1330
163: 785,441,1630,1531,1075,27
164: 788,1089,1445,1357,620,1534
165: 1538,1363,266,339,1539,1131
166: 1015,1367,1641,1638,1541,965
167: 1805,1032,1543,1518,1227,62
168: 1393,1548,646,151,1348,628
169: 292,1133,1258,1550,412
170: 1021,427,657,414,462,983
171: 670,1825,869,12,1152,1573
172: 665,1454,694,26,1540,1556
173: 1562,687,45,1184
174: 672,1473,1258,1306,1133,1566
175: 1680,1784,489,1488,1432,1573
176: 988,819,962,2,493,684,430
177: 371,1389,686,1576,1718,1652,1339
178: 437,1578,1558,247,688,1796
179: 991,1542,790,695,450,1582
180: 1546,815,1392,464,1585
181: 1555,109,1004,1751,501,30,1420
182: 1326,1696,1737,468,927,1591
183: 1569,486,703,1594,519
184: 127,1765,1124,1597,1742,440
185: 1606,753,913,1612,187,1690
186: 1610,1786,235,1592,240,1001
187: 458,1690,724,1625,1612,185
188: 979,212,600,1820,586,1815
189: 718,938,490,98,319,983
190: 721,495,443,1240,992
191: 581,355,877,723,505,16
192: 756,818,1626,1166,1000,1711
193: 521,664,199,592,268,554
194: 1640,771,1040,1671,1629,978
195: 589,731,533,1635,1081,898
196: 1807,1670,1638,1541,398,1280
197: 1042,1645,314,1688
198: 1695,1653,1735,683,824,763
199: 1433,727,664,193,592,1816,762
200: 1659,1738,1385,1145,1069,293
201: 766,310,298,1663,700,1153
202: 668,1461,1665,1737,1734
203: 681,1679,1062,879,545,392
204: 776,1744,689,564,1682,1528
205: 1685,386,1444,1824,1135,1377
206: 312,713,787,1201,1041,951
207: 1094,1291,1228,1674,1604,1687
208: 814,1151,1693,792,1101
209: 701,1591,1120,1696,906,469
210: 981,1702,1446,1059,802,523
211: 1705,774,1193,342,1697,804
212: 979,188,586,492,806,829,635,345
213: 1014,1805,507,1773,1713,1147
214: 389,118,1715,1755,1397,528,1452
215: 988,819,829,56,363,1202
216: 683,1720,866,824,1182,1503
217: 1469,828,1122,1200,1121,967,1723
218: 336,830,432,1277,1726,1207
219: 38,675,1730
220: 360,559,1732,1064,1353,1405
221: 963,1736,1236,1477,1095,306
222: 666,842,1241,1739,1154,1257
223: 984,593,1232,1741,843,1010
224: 487,1781,1744,847,1676,742
225: 609,362,849,637,1150
226: 417,1560,851,1521,1749,673
227: 1752,113,1281,641,1029,1391
228: 118,1188,1401,1755,1307,46
229: 364,574,1180,1362,896
230: 767,1394,1761,260,1030,1319
231: 1586,1093,1567,393,1338,1763
232: 1768,117,989,1110,797,81
233: 873,498,1819,1669,439,809,9
234: 1772,629,1352,1366,132,1071
235: 1610,885,1786,186,1774,1160
236: 599,1778,423,894,1773,1411
237: 18,1782,1226,898,919,1426
238: 291,596,1549,931,400,374
239: 509,1046,1149,1312,656,1785
240: 925,1753,872,1001,1786,186
241: 916,511,460,128,376,739
242: 904,120,1490,1788,1410,854
243: 623,696,1790,546,1517
244: 476,932,1759,1551,1792,1439
245: 1794,784,957,643,764,1385
246: 414,317,933,787,1201,462
247: 1558,178,1796,606,357,1378
248: 152,937,156,655,591,344
249: 892,466,1798,650,1571,1701
250: 1002,609,849,1272,95,1583
251: 109,699,1800,1657,1370
252: 1802,330,998,954,1050,1255
253: 1804,1104,1636,1361,290
254: 1015,1641,1776,1443,1175,130
255: 1132,1808,968,1143,1407,394
256: 8,512,29,970,397,100
257: 334,1023,1321,513,972,1655
258: 1569,49,1199,703,517,1025
259: 456,1028,1748,1594,519,1233
260: 864,1475,1373,1030,1319,230
261: 0,262,841,1136,1039,560
262: 261,841,1081,1136,1112,533
263: 566,522,698,1044,536,1088
264: 827,149,532,541,521,280
265: 422,544,112,1673,740,1048
266: 547,165,1539,1131,638,1058
267: 482,1119,1061,951,933,787
268: 299,19,34,551,554,664,193
269: 159,557,138,543,637,615,1813
270: 561,1138,735,1658,1066
271: 1659,1682,143,798,1243,1528
272: 150,522,1027,1052,375,1044,1071
273: 525,1077,1159,1057,1686,1031
274: 365,824,763,1080,1182,1365
275: 1187,966,447,894,1778,1084
276: 570,1087,137,579,1126,289
277: 1091,297,582,1017,534,1209
278: 152,937,805,345,295,492
279: 1263,5,1090,1096,846,1183
280: 521,1812,592,584,264,532
281: 976,598,1100,1250,418,110
282: 438,601,59,987,1060,1264
283: 1195,1107,1645
284: 1471,531,1329,1347,1109,811
285: 678,608,891,581,1165,343
286: 639,1114,538,717,853,1473
287: 1254,618,605,1118,402,1280
288: 1200,1121,924,1507,7,382
289: 1126,1325,1292,137,276
290: 1377,31,1049,642,1104,253
291: 596,1242,238,1128,615,374
292: 651,169,1371,1544,412
293: 1145,1137,1522,643,200,1385
294: 1146,645,1210,485,50,1661
295: 986,550,647,492,937,278
296: 1086,78,1267,652,139,65,514
297: 1091,656,1422,277,1149,1017
298: 766,201,1745,1480,1300,1153
299: 19,355,268,497,551,343
300: 622,79,1458,1156,162,387
301: 906,800,1161,332,1074,1120
302: 557,553,1822,671,68,976
303: 1164,80,350,92,674
304: 1171,1403,373
305: 679,1051,1175,1368,1776,980
306: 539,1095,1729,1762,221,1736
307: 782,1757,537,475,1183,1503
308: 1514,385,11,1186,728,1205
309: 807,1079,1226,589,1190,1231
310: 1192,766,201,82,1663
311: 636,783,122,453,1575,1196
312: 1039,1198,713,206,0,1041
313: 317,1823,1201,713,859
314: 1203,1688,197
315: 1637,1205,1130,558,1186
316: 730,144,1208,1739,35,1476
317: 246,313,1823,1201,462,319,1380
318: 960,380,1466,1212,670,1152
319: 317,462,983,189,718,1380,490
320: 70,1270,145,1478,1216,916
321: 1218,1683,1787
322: 1304,346,1085,20,1220,572
323: 865,1228,1674,1323,1700
324: 708,1710,1235,1070
325: 756,1288,899,1430,1237,1716
326: 992,1718,758,349,848,1240
327: 595,1727,760,1318,1245,85
328: 1447,1747,1224,918,1249,60
329: 1581,544,1693,1102,1252,1101
330: 505,1802,252,1801,1255,16
331: 87,778,1429,1154,1257,1302
332: 781,301,800,1074,1334,1264
333: 88,1266,1359,632,1615
334: 257,1487,1023,1089,1275,1321
335: 149,37,532,580,134,795
336: 218,157,432,1516,1277,1608
337: 950,1117,799,1601,1088,1603,566
338: 1441,1283,1642,90,1026,816
339: 1538,836,165,1131,451,1285
340: 810,869,660,457,104,1287
341: 1094,1291,789,1213,812,587
342: 1050,1255,1193,1298,211,774
343: 608,285,581,299,19,355
344: 791,604,541,248,156,591
345: 805,278,492,212,586
346: 1304,322,594,1085
347: 91,1320,1440,1654,1309,901
348: 1185,1261,1014,1311,1713,540
349: 758,147,1204,326,1317,848
350: 303,80,1322,1324,1489,92
351: 1506,1325,1238,1292,459,1424
352: 1460,1533,1331,1720,866,1340
353: 1318,871,1336,369,1294,1383
354: 900,1418,1438,1455,47,1341
355: 299,877,497,191,581,343
356: 1685,1375,1629,23,1824,1040
357: 881,1378,1554,247,606,1347
358: 105,1020,66,955,542,604
359: 887,403,55,796,943,1484
360: 559,220,1353,1571,990,940
361: 383,743,1355,1402,762,1433
362: 24,225,849,893,1150,33
363: 1022,56,215,1202,488,887
364: 574,229,1362
365: 274,1328,899,1182,1430,1365
366: 631,1806,1357,1127,1368,903
367: 103,1372,905,158,850,1511
368: 908,1379
369: 484,1383,1648,353,871,914
370: 876,1827,1386,1495,801,1565,577
371: 1389,177,1339,1390,868
372: 926,1726,1207,1399,57,1274
373: 304,1171,1403,1125,555,928
374: 291,931,238,615,1721,780
375: 132,1453,1044,1071,1408,272
376: 128,739,100,945,948,241
377: 947,499,1215,1599,1413
378: 1623,949,536,1416,1181,1601
379: 941,914,1423,1775,1469,1723
380: 1425,73,960,318,1466,1628
381: 29,986,970,962,635,684
382: 1427,1247,1346,7,288,1121
383: 1498,361,1355,972,1433,1816
384: 75,817,1006,672,1435,1163
385: 308,1437,1514,11,1148,565
386: 205,1444,409,783,1607,1135
387: 1156,895,162,1446,1529,300
388: 101,1449,1603,949,1349,1269
389: 214,118,1632,1222,1452
390: 477,1471,912,94,1329,1465
391: 8,1019,542,550,647,955
392: 545,1736,1477,203,681,1177
393: 1338,1123,1364,1481,231,1567
394: 1132,1651,255,968,4,1483
395: 1445,901,562,1140,788,91
396: 950,799,1492,1002,619
397: 969,100,948,738,256,970
398: 402,1223,1280,1497,196,1541
399: 911,593,114,1689,1811,1501
400: 596,1549,238,135,1624,902
401: 1508,883,602
402: 398,1118,1512,1223,1280,287
403: 138,359,543,796,943,1583
404: 1108,1388,1172,1296,644,1517
405: 444,971,1134,1519,119,1826
406: 909,1194,1460,1521,1644,626
407: 1593,1523
408: 140,630,71,1259,155,1526
409: 636,783,852,1530,1657,1607,386
410: 759,467,1161,1074,1535,1725
411: 701,1396,659,648,1537,1564
412: 1544,1589,51,1550,169,292
413: 1546,1158,1547,1307,463,860
414: 933,246,658,462,983,427,170
415: 1792,1553,662,93,1326,1515
416: 670,869,1557,1425,1466,457
417: 1278,226,420,692,1560,851
418: 976,281,110,716,1822
419: 1563,1540,669,654,1707
420: 1570,1278,417,692,1536,1811
421: 461,1454,1524,1574,694,1184
422: 265,1581,700,544,112,1663
423: 599,1311,236,1778,1586,1093,1256
424: 1327,569,1588,712
425: 1157,1593
426: 1092,3,76,1595,1613,1173
427: 1020,1021,170,667,414,658
428: 1619,1033,1083,1602,4,1706
429: 984,114,1689,757,726,611
430: 738,585,878,1366,176,962,493
431: 1162,741,1687
432: 218,336,436,1620,1608,1726
433: 39,825,1165,749,1611,870
434: 1614,1763,868,21,755,1339
435: 115,1178,1735,1504,1618,573
436: 1036,496,1620,1726,1399,432
437: 108,688,178,775,1796,1622
438: 282,777,601,135,1060,1624
439: 1819,233,1417,9,780,1721
440: 1742,470,184,1597,930,1627
441: 163,629,1352,1116,1630,27
442: 1222,1704,1303,1826,614,1098
443: 721,190,495,1817,1821,477,912
444: 405,971,808,734,1134,1656
445: 1441,474,1025,1037,1642,1774
446: 818,22,1644,1724,1749,465
447: 1169,1491,275,1187,1647,894
448: 1649,1392,1179,1585,822
449: 1244,530,1035,1073,1440,1654,826
450: 695,1210,179,935,1661,1582
451: 776,487,1667,1056,1285,836,339
452: 1819,1669,1633,1417,122,1196
453: 636,311,122,852,999,1672
454: 1351,1333,1675
455: 1180,1677,1766,1758,862,1299
456: 1028,1748,1780,259,910,1681
457: 44,104,1557,869,416,340,936
458: 925,1350,187,1690,724,1509
459: 124,1424,1699,1500,351,1238
460: 779,916,241,876,1818,511,1827
461: 706,421,1574,1703,45,1184
462: 414,317,246,319,983,170
463: 697,1707,860,413,1547
464: 1392,745,180,1722
465: 1724,1749,888,1410,673,446
466: 892,1728,650,249,1760
467: 410,1535,641,1731,1725,1752
468: 1326,1737,47,1734,1341,182
469: 906,1450,209,1696,1737,668
470: 1742,440,909,48,1533,930
471: 504,1799,911,1232,722,1570
472: 1748,1780,917
473: 874,1045,1354,1750,1108,1388
474: 445,1025,1199,1786,1774,1753
475: 1757,307,1331,1503,1720
476: 244,946,1759,1439,1421,123
477: 390,912,1465,1764,495,443
478: 1710,1235,913,1568,1467,1766
479: 764,1290,84,1767,1214
480: 1409,1769,1544,1589
481: 730,1643,1771,1759,144,1551
482: 267,795,1061,933,658,37
483: 105,1011,961,955,1018,1019
484: 1428,369,125,1383,914,1775
485: 964,50,1661,1777,1206,294
486: 1569,714,183,1486,1779
487: 776,451,1667,1781,224,1744
488: 1202,1820,750,363,887,55
489: 1139,1784,1684,175,810,1432
490: 189,98,64,319,983,657
491: 1022,583,1499,887,915,1484
492: 986,295,635,345,278,212
493: 176,962,2,1772,1366,430
494: 13,1067,1683,1701,1787,1798
495: 190,443,733,1764,477
496: 1789,1036,682,436,1620,40
497: 299,355,877,551,1791
498: 873,58,1819,839,233,1669,61
499: 947,377,725,1215,1793,1631
500: 583,150,566,522,1499,1117
501: 759,781,59,1751,181,1420
502: 520,1756,1795,1666,975,1006
503: 1797,1496,1761,527,681,1177
504: 471,1010,823,1436,1799,1232
505: 330,1801,16,723,1012,191
506: 83,1013,1803,1804,1286,1361
507: 1805,141,1773,1032,1411,213
508: 1015,1048,1807,1638,1776,980
509: 63,1046,239,1809,1312
510: 1229,773,1810,1783,32,1143
511: 779,241,1018,460,128,1011
512: 8,1019,256,128,100,1011
513: 257,1023,1076,1812,727
514: 65,129,1283,296,139,1468
515: 103,1437,1148,1356,956,590
516: 18,1034,638,965,1058,1079
517: 786,1025,1037,258,703
518: 1244,1041,1024,549,1119,951
519: 1594,259,1233,1047,183,703
520: 502,1756,952,31,1049,1795
521: 193,592,280,827,264,554
522: 500,150,566,263,1052,272,1044
523: 210,1059,802,1623,1358,959,1287
524: 160,1055,617,1141,1308,1116
525: 1077,1057,273
526: 1156,1059,959,1449,79,1269
527: 681,729,1030,1062,1761,503
528: 1064,1452,1353,1397,889,214
529: 923,1068,1505,1646,133
530: 1635,449,1035,826,1197,1426
531: 284,1075,1329,27,1141,811
532: 584,149,264,335,134,280
533: 195,69,1112,731,262,1081
534: 652,1209,1083,1115,1267,277
535: 973,1370,1004,601,135,902
536: 378,1416,698,263,1601,1088
537: 307,1183,1503,1090,1653,683
538: 1092,1459,1281,717,853,286
539: 746,1042,1095,1729,306
540: 1097,856,1713,348,1464,1261
541: 827,149,791,264,344,591
542: 391,647,358,955,604,156
543: 138,68,403,796,269,557
544: 265,422,1581,329,1102,740
545: 1104,1636,392,1477,203,879
546: 924,623,243,1517,1045,1108
547: 266,1539,638,1113,1497,1367
548: 1814,676,1602,1115,744,1680
549: 67,1309,1119,1244,518,1654
550: 8,29,391,986,295,647
551: 299,155,34,268,497,1526,1791
552: 922,1111,1123,665,26,1481
553: 809,9,159,557,302,671
554: 34,268,827,131,521,193
555: 1579,928,1518,373,1125,769
556: 10,631,1532,1127,1709,754
557: 269,159,302,553,68,543
558: 1448,1130,142,685,1186,315
559: 360,220,1405,1132,940,1483
560: 1039,707,1474,84,1136,261
561: 1203,1138,270
562: 96,1445,903,1493,395,1140
563: 932,144,1551,1476,648,1142
564: 847,1069,1682,204,1744
565: 1230,1038,385,11,1148,985
566: 500,150,263,522,1117,337,1088
567: 1634,734,1054,1212,12,1152
568: 1349,842,1241,101,1492,1155
569: 424,712,709,1159
570: 276,1317,1087,1168,1204,579
571: 13,1067,1722,1397,889,1174
572: 1220,1692,663,20,1176,322
573: 865,1228,789,1178,435,1618
574: 14,364,229,1180
575: 1714,1185,1482,755,21,1256
576: 923,1505,1187,1337,1169,97
577: 1565,15,1072,938,1386,370
578: 148,60,603,1195
579: 845,1204,1464,137,276,570
580: 149,791,37,335,667,66
581: 678,285,191,343,355,16
582: 1783,1651,968,1017,1209,277
583: 500,491,1499,1117,1332,915
584: 532,1105,134,1076,1812,280
585: 785,738,878,1630,430,969
586: 979,188,212,71,600,805,345
587: 1144,812,628,341,1213
588: 1512,1223,1113,634
589: 195,731,1190,309,1226,898
590: 1230,890,1096,956,515,1148
591: 248,131,655,827,541,344
592: 521,1812,727,193,199,280
593: 911,984,399,223,1689,1232
594: 835,1225,1234,1085,346
595: 327,1727,1506,1238,154,1245
596: 291,1414,1242,238,400,1624
597: 154,1510,1427,1245,1247,1336
598: 976,281,1717,765,1250
599: 1311,236,1778,423,1014,1773
600: 188,71,110,586,1259,1815,1100
601: 282,438,59,1751,135,1004,535
602: 1268,883,1382,929,401,1508
603: 578,60,1224,1273,1195,1107
604: 791,344,358,66,542,156
605: 1254,74,287,1280,1670
606: 247,1796,357,1347,1109,1282
607: 1099,1340,1288,1328,866,899
608: 891,285,343,19,1402,762
609: 250,225,849,637,138,1583
610: 1678,1293,39,157,1343,870
611: 704,23,1344,726,1575,429,114
612: 43,1172,99,1296
613: 1448,1300,1745,158,905
614: 108,688,1098,442,1826,971,1656
615: 291,1128,1813,374,780,269,159
616: 1129,1369,1114,975,1435,1306
617: 1425,73,1308,160,524,1525
618: 1313,1254,287,1118
619: 1002,1272,1155,1315,396,1492
620: 161,1527,1534,164,1089,1321
621: 1327,1588,25,1438,1598,1191
622: 300,1208,1458,162,730,1643,1330
623: 924,696,1289,243,546,1507
624: 945,107,41,1817,1531,793,785
625: 1502,922,1614,1338,1123,868
626: 22,1644,1099,1340,406,1460
627: 920,1495,1087,1126,1342
628: 1144,587,1348,168,151,1213
629: 441,878,1352,234,1366,1630
630: 140,152,805,655,408,71
631: 10,366,556,1051,1127,1368
632: 1122,1723,1359,333,1423,1615
633: 1756,1049,1163,1803,1361
634: 1363,1539,588,1113
635: 806,684,986,492,381,212
636: 409,311,783,852,453,1530
637: 609,225,138,269,1128,1813,1150
638: 516,965,1058,547,266,1367
639: 1731,286,897,1369,1114,853
640: 1371,1595,1133,1613,1566
641: 1374,1391,467,1535,227,1752
642: 290,1377,1685,1375,879,1104
643: 1522,1082,784,245,293,1385
644: 1543,1296,942,1746,404,1388
645: 1146,294,1502,1390,1262,50
646: 168,1053,1393,151,1504,1395
647: 391,295,542,550,937,156
648: 1396,411,1476,1142,1564,563
649: 75,817,1550,1770,1013,1404
650: 466,249,1760,1571,1808,1407
651: 1371,292,1409,1544
652: 534,1814,1115,296,1267,139
653: 777,893,1063,116,1414,33
654: 697,669,419,1412,1419
655: 140,152,248,131,630,591
656: 1462,297,1422,1785,1149,239
657: 1021,170,961,490,64,983
658: 414,933,427,667,482,37
659: 1396,411,1537,867,87,1429
660: 810,1825,869,1432,340,1287
661: 1234,772,1085,1434,20,146
662: 862,1792,1316,1553,415,1439
663: 1451,1692,572,1130,142,1176
664: 1433,193,199,19,268,762
665: 880,1454,172,26,1481,552
666: 222,842,1208,1248,1739,1458
667: 1020,427,66,658,37,580
668: 202,1374,1461,469,1450
669: 1540,654,419,1463,1524,694
670: 171,869,416,1152,318,1466
671: 809,302,553,72,976,765
672: 75,174,384,1258,1435,1306
673: 1749,465,888,226,1475,1560
674: 1479,303,1164
675: 1485,751,832,219,1162
676: 548,1619,1602,1065,1488,1680
677: 1379,1125,820,1491,1171,1470
678: 285,581,825,1165,1298,16
679: 305,1051,1494,980,1673,1381
680: 68,55,796,716,750,1822
681: 203,527,1062,1177,392,503
682: 161,1655,1789,496,1498,40
683: 824,216,537,1503,1653,198
684: 806,819,176,962,635,381
685: 1514,1372,905,1186,1448,558
686: 177,992,733,1718,1652
687: 1719,173,1184,1463,1524
688: 437,108,1578,614,178,1098
689: 776,204,1056,1528,1650,1190,1231
690: 145,41,1216,1821,739,945
691: 1192,82,1221,10,1532,1494
692: 864,417,420,111,1536,1560
693: 1170,1538,1363
694: 421,1454,1524,172,1540,669
695: 710,831,1210,450,179,1542
696: 623,1333,1675,1289,243
697: 654,463,1419,1179,1547
698: 1552,1044,1408,536,1416,263
699: 1555,1666,251,109,1800,1795
700: 422,1581,201,1663,1559,1153
701: 1591,411,209,1120,1537,1564
702: 106,1646,966,1364,1084,1567
703: 1569,183,258,1047,519,517,786
704: 23,611,1444,1344,1824,783,1575
705: 1768,1698,1577,1124,1597,1078
706: 461,1703,1580,133,45,1068
707: 1039,1198,1301,52,560,1214,84
708: 324,753,1710
709: 569,712,1587,982,1159,1686
710: 1590,695,831,1219,1188,1542
711: 1610,1596,1592,946,1330,1771
712: 569,424,1588,709,1587,1598
713: 1198,312,1301,859,206,313,1201
714: 486,1486,1625,1779,1600,1662
715: 1637,1605,1523,1548,1593,36
716: 110,750,1815,680,418,1822
717: 538,1092,286,1473,1613,1566
718: 189,1005,882,1072,938,1380,319
719: 1203,1138,1616,1295,746
720: 1706,808,1134,1065,1619
721: 145,1478,190,443,1821,1240
722: 1621,1009,471,1799,1570,1278
723: 996,1012,1717,877,191,505
724: 49,1625,1779,1509,458,187
725: 499,1000,1711,1793,1631,1271
726: 757,1633,1575,1196,429,611
727: 1812,199,592,1816,513
728: 1605,1205,1053,1393,308,11
729: 527,1640,771,1373,1030,1062
730: 1643,481,316,144,622,1208
731: 589,195,69,1650,533,1190
732: 1664,1660,737,882,859,1823
733: 992,686,1652,1639,1764,495
734: 444,1634,567,808,1054,1656
735: 1658,1295,1211,857,1138,270
736: 1294,863,1660,85,1005,1754
737: 1664,1617,732,1301,52,859
738: 585,430,397,969,970,962
739: 376,945,690,1216,916,241
740: 265,544,1102,1048,1807,1670
741: 751,1700,1674,431,1162
742: 1668,53,1676,1781,224
743: 361,1678,1167,1293,1355,1402
744: 54,1680,1784,548,1814
745: 1218,464,1067,1722,1683
746: 539,1095,719,1688,1616
747: 1157,1220,1692
748: 5,1038,1090,1695,1653,1691
749: 1697,1611,989,433,825,1193
750: 488,1820,716,1815,55,680
751: 86,1485,741,675,1700,1162
752: 1022,150,56,1052,1499,1708
753: 708,1606,1710,185,913
754: 1709,770,994,1532,556,1712
755: 575,1714,21,434,1576,1339
756: 192,325,1288,1626,1000,1716
757: 843,726,839,1633,984,429
758: 147,1714,349,1576,1718,326
759: 781,410,1074,501,1725,1420
760: 1189,327,1727,85,1754,15
761: 6,1729,1762,1273,1008,1496
762: 361,1402,1433,664,199,19,608
763: 274,824,1080,1178,1735,198
764: 1738,1290,479,1385,1794,245,1767
765: 72,976,1012,1717,598,671
766: 201,310,82,1520,298,1745
767: 1394,1797,230,1747,918,1761
768: 1587,1461,1665,1029,1598,1391
769: 1470,141,1032,1125,555,1518
770: 754,994,1036,1399,57,1712
771: 194,1640,729,1679,1062,1040
772: 661,1234,1043,1434,1559,1252
773: 1046,1229,1149,1017,510,1783
774: 1705,211,823,342,954,1050
775: 437,108,1622,1054,960,1212
776: 204,487,451,1056,1744,689
777: 438,653,1060,1624,116,1414
778: 331,1063,840,1103,1257,1302
779: 98,876,1018,511,460,64
780: 9,159,615,374,1721,439
781: 759,332,1074,501,59,1264
782: 1398,1757,307,1078,1183,846
783: 636,409,311,1575,704,386,1444
784: 957,245,1615,1082,1266,643
785: 585,163,1630,1531,624,969,107
786: 517,65,129,1037,1086,1047,703
787: 933,246,1201,206,267,951
788: 91,164,1487,1089,1445,395
789: 341,1094,573,1228,1213,1618
790: 179,991,1704,1582,1578,1098
791: 149,604,580,541,344,66
792: 835,1043,1101,208
793: 912,94,1531,1817,624
794: 67,1105,1309,1239,17,1320
795: 482,134,1239,1061,37,335
796: 68,359,403,55,680,543
797: 89,81,1516,1343,232,1110
798: 271,1474,143,1136,1243,1112
799: 396,950,1117,337,1332,1002
800: 301,332,1120,1537,867,1334
801: 920,1495,1246,370,1818,1827
802: 981,210,523,1139,1358,1287
803: 90,54,1684,1026,1314
804: 1697,1698,1124,1705,211,127
805: 152,345,278,630,71,586
806: 819,829,635,684,212
807: 309,1058,1079,1231,836,1131
808: 444,1634,720,734,1134,1065
809: 9,553,671,72,873,233
810: 660,1432,340,1139,489,1287
811: 1109,1141,1251,1308,531,284
812: 587,341
813: 124,1003,1097,856,1147,1424
814: 1313,1151,208
815: 1715,1546,1158,180,1174
816: 1387,1160,90,338,1642,1415
817: 649,75,384,1163,1803,1013
818: 192,22,1626,446,1724,1166
819: 988,806,176,215,829,684
820: 908,1379,1337,1169,677,1491
821: 1371,1595,1173
822: 121,1419,448,1179
823: 1705,774,1010,504,1436,954
824: 683,274,763,1182,216,198
825: 678,433,1165,1193,1298,749
826: 901,1140,1197,449,530,1440
827: 264,541,131,591,521,554
828: 953,855,217,1122,1200
829: 806,819,215,979,212,1202
830: 218,956,1277,1310,1356,1207
831: 77,710,695,1146,1219,1210
832: 1485,675,1215,1237,1733,1730
833: 77,1219,26,1556,1384,1111
834: 1732,1519,1064,1452,1303
835: 594,1225,1234,1043,792
836: 339,1131,451,1056,1231,807
837: 1233,1462,1422,1086,78,1047
838: 83,1295,857,1236,1286,1616
839: 58,757,843,498,1669,1633
840: 778,1103,1257,1241,1155,1315
841: 0,262,261,1024,1073,1081
842: 666,1349,222,1248,1241,568
843: 58,757,839,1741,1010,984,223
844: 1631,1164,1253,947,1479
845: 147,1204,1464,1482,579,1261
846: 1263,279,1276,782,1398,1183
847: 564,1265,1676,224,1744
848: 1317,1270,349,326,1478,1240
849: 609,24,362,250,225,1272
850: 1511,1274,1279,1520,158,367
851: 1621,1194,1521,1278,226,417
852: 636,409,453,1442,1530,1672
853: 538,1752,1281,639,1731,286
854: 1284,1322,995,904,120,242
855: 953,828,1200,1289,102,1507
856: 1097,813,1713,1147,540
857: 838,83,735,1770,1295,1211
858: 1316,123,1299,939,1568,1743
859: 1301,713,732,737,313,1823
860: 1707,463,884,413,1307,46
861: 1016,1809,1312,1681,910
862: 1316,1553,662,1299,455,1758
863: 1664,125,1294,1383,1660,736
864: 111,260,692,1475,1560,1373
865: 573,1228,323,1178,1080,1323
866: 1720,1328,216,352,607,1340
867: 659,1537,87,1694,1334,800
868: 1502,1614,625,434,1390,371,1339
869: 670,171,1825,660,416,340,457
870: 1611,1110,610,39,433,1343
871: 353,1247,1336,1346,1648,369
872: 939,925,1743,1350,240,1001
873: 498,233,72,809,61,1740
874: 1699,473,1354,1750,1500,1510
875: 1360,1106,25,900
876: 779,98,370,460,1827,1565
877: 355,497,1791,996,723,191
878: 585,629,1366,1630,430
879: 203,1679,1375,642,1104,545
880: 1376,665,1454,1574,1481
881: 964,934,1777,357,1378,1554
882: 1005,718,1380,732,1660,1823
883: 1382,401,602
884: 1563,1707,860,1384,46,1590
885: 1610,1596,1387,235,1160,1529
886: 1649,1392
887: 359,55,1484,1022,491,363,488
888: 1490,1319,465,1410,673,1475
889: 571,13,1397,990,528,1353
890: 1263,590,1096,956,1310,1400
891: 39,608,285,1165,1293,1402
892: 466,1798,1406,249
893: 24,362,1063,1103,33,653
894: 1647,1411,447,275,236,1778
895: 387,1702,1446,1415,1387,1529
896: 1362,1418,907,229,1758,1455
897: 639,1731,1725,30,1369,1420
898: 1226,237,589,195,1635,1426
899: 365,1328,325,607,1288,1430
900: 875,25,1418,1438,354
901: 826,395,1140,1440,91,347
902: 1442,1549,400,135,973,535
903: 96,1445,562,366,1806,1357
904: 1788,242,1447,1322,854,1489
905: 685,367,1372,158,1448,613
906: 469,301,1161,1450,209,1120
907: 1553,1758,93,1455,896
908: 368,1379,820,1337
909: 406,48,470,1194,1460,1533
910: 456,1028,861,1312,1681,1785
911: 399,593,1811,1232,471,1570
912: 477,390,94,793,1817,443
913: 753,1710,185,478,1467,1690
914: 379,1775,1469,1648,369,484
915: 943,1484,583,491,1332,95
916: 241,1818,460,320,70,1246,1216,739
917: 472,1748,1594,1486
918: 328,767,1447,1394,1747,1788
919: 1493,1197,1426,1335,1782,237
920: 627,70,1495,1087,1168,1246,801
921: 1746,1750,1500,1227,124,1003
922: 1502,625,552,1111,1123,1262
923: 529,576,1505,1646,1187,966
924: 623,546,1507,1045,7,288
925: 1753,458,1350,240,872,1509
926: 1356,1207,372,1511,1274
927: 1326,1515,182,1591,1142,1564
928: 99,1345,555,1579,1403,373
929: 1522,1382,602,1268,1137
930: 1757,1627,1331,440,470,1533
931: 1549,238,374,1721,999,1672
932: 244,1551,563,1792,1142,1515
933: 414,787,246,658,267,482
934: 881,1639,964,1764,1554,1465
935: 1661,1777,1378,450,1582,1558
936: 1561,1552,1525,1557,44,457
937: 152,248,156,278,295,647
938: 189,1565,577,718,1072,98
939: 1568,1743,1350,1467,872,858
940: 1132,1808,1571,360,559
941: 1794,957,1572,379,1775
942: 99,1543,1579,1296,644
943: 359,403,915,1484,1583,95
944: 1769,1589,51,1658,1066
945: 624,376,739,948,107,690,41
946: 476,1771,1759,711,1592,1421
947: 377,499,1631,844,1599
948: 397,969,376,100,945,107
949: 1623,378,959,388,1601,1449,1603
950: 101,396,799,337,1603,1492
951: 267,1119,206,787,1041,518
952: 520,1135,31,1795,1800,1607
953: 855,828,102,1609,28
954: 998,252,1741,1050,774,1010,823
955: 358,105,483,1019,391,542
956: 830,1310,1356,515,590,890
957: 1794,941,784,245,1423,1615
958: 1428,1617,1572,1767,52,1214
959: 1623,949,526,1059,523,1449
960: 318,380,1628,1212,775,1622
961: 105,1021,483,657,1018,64
962: 176,493,684,738,430,381,970
963: 221,1804,1636,1236,1286,1477
964: 881,485,1639,934,1777,1206
965: 516,1034,638,166,1367,1641
966: 275,702,923,1646,1187,1084
967: 1469,217,1121,1648,1346
968: 1783,582,1651,255,1143,394
969: 397,948,107,785,738,585
970: 29,256,381,397,738,962
971: 444,405,1656,1519,1826,614
972: 1816,257,1655,1498,383
973: 1657,1370,535,1442,1530,902
974: 1486,1662
975: 1006,1435,1666,616,1129,502
976: 281,765,598,418,302,1822,671
977: 1668,42,1667,1781
978: 111,1536,1501,1671,194,1640
979: 188,212,1202,1820,586,829
980: 508,1048,1776,305,679,1673
981: 210,1702,1314,802,1139,1684
982: 136,113,1587,1029,709,1686
983: 414,462,319,189,490,170,657
984: 429,593,223,1689,757,843
985: 1691,1395,11,565,1038,1053
986: 29,295,550,492,381,635
987: 282,1334,1060,1264,116,1694
988: 819,176,2,215,56,1708
989: 749,232,1697,1611,1768,1698,1110
990: 1571,13,1701,889,360,1353
991: 1632,179,1542,1704,1401,790
992: 686,733,1718,326,190,1240
993: 1405,119,4,1483,1706,1134
994: 1709,770,754,1789,1036,1527
995: 1271,1284,854,120,1166,1711
996: 723,1717,1250,1513,877,1791
997: 121,1412,1463,1719
998: 1802,954,252,61,1741,58
999: 122,453,1672,931,1721,1417
1000: 725,1711,1793,1716,192,756
1001: 1743,240,872,186,1592,1421
1002: 250,619,1272,95,396,799,1332
1003: 124,62,813,1147,921,1227
1004: 181,109,1370,535,601,1751
1005: 882,1754,718,1072,1660,736
1006: 975,384,1435,1163,502,1756
1007: 1431,1810,1728,1760,32
1008: 1797,1747,1224,1496,761,1273
1009: 1742,1621,48,722,1765,1799
1010: 823,504,954,1741,843,223,1232
1011: 483,1018,511,128,512,1019
1012: 723,72,1717,765,505,1801,1740
1013: 83,506,1770,649,817,1803
1014: 1773,213,599,1311,1713,348
1015: 166,508,1641,1638,254,1776
1016: 861,1681
1017: 1149,773,1783,582,297,277
1018: 779,511,64,483,1011,961
1019: 8,512,391,483,1011,955
1020: 358,105,1021,427,667,66
1021: 105,1020,427,170,657,961
1022: 56,491,752,1499,363,887
1023: 257,334,17,1275,1076,513
1024: 0,1244,841,1041,1073,518
1025: 517,445,474,1037,258,1199
1026: 90,803,54,1468,1283,338
1027: 1052,1708,272,1772,1071,2
1028: 456,259,910,1233,1462,1785
1029: 1587,768,1391,227,113,982
1030: 527,1373,729,260,230,1761
1031: 1057,273,1686,76,3,136
1032: 769,1805,141,507,167,1518
1033: 428,1209,1083,1651,4
1034: 18,1782,516,965,1443,1641
1035: 1635,449,530,1073,1081
1036: 770,994,1789,496,436,1399
1037: 517,786,1441,445,129,1025
1038: 748,565,1230,5,985,1691
1039: 1198,312,560,707,0,261
1040: 194,771,1679,356,1375,1629
1041: 0,1024,518,312,206,951
1042: 197,539,6,1645,1729,1688
1043: 835,1234,792,772,1252,1101
1044: 698,375,1408,263,522,272
1045: 473,1354,1108,7,924,546
1046: 63,509,1229,1149,239,773
1047: 1233,837,1086,519,786,703
1048: 508,1807,980,265,1673,740
1049: 520,633,1756,290,31
1050: 342,954,252,1255,774
1051: 10,305,631,679,1368,1494
1052: 150,752,522,1027,1708,272
1053: 728,1393,646,11,985,1395
1054: 567,734,1656,108,775,1212
1055: 160,132,1453,524,1352,1116
1056: 776,451,689,1231,836
1057: 525,273,1031,76,1260
1058: 807,516,638,1079,266,1131
1059: 210,1156,526,1446,523,959
1060: 282,438,777,987,116
1061: 267,482,67,795,1119,1239
1062: 203,527,681,771,729,1679
1063: 778,116,1103,1302,893,653
1064: 528,834,1732,220,1452,1353
1065: 1634,808,720,1488,1619,676
1066: 1658,944,270
1067: 571,13,494,1722,1683,745
1068: 529,106,1646,133,706,1703
1069: 564,1145,1659,200,1682
1070: 14,1677,324,1235
1071: 132,375,1772,234,1027,272
1072: 1005,577,1754,15,718,938
1073: 1244,449,841,1024,1035,1081
1074: 759,781,410,301,1161,332
1075: 531,94,1531,1329,27,163
1076: 17,1023,513,1105,584,1812
1077: 525,1159,273
1078: 782,1398,1757,1597,1627,705,1577
1079: 18,807,516,309,1058,1226
1080: 274,763,1178,865,1323,1365
1081: 262,1635,841,1035,1073,195,533
1082: 1522,1305,1266,643,784
1083: 534,428,1209,1033,1602,1115
1084: 1778,1586,1567,275,702,966
1085: 594,661,1234,20,346,322
1086: 837,78,296,1047,786,65
1087: 276,627,920,570,1168,1126
1088: 337,1601,536,566,263
1089: 788,164,334,1487,1321,620
1090: 748,5,279,537,1183,1653
1091: 297,1422,78,1267,277
1092: 538,3,426,1459,717,1613
1093: 423,1586,21,231,1256,1763
1094: 207,341,1291,1228,789
1095: 539,746,306,221,1236,1616
1096: 1263,1230,590,5,279,890
1097: 1292,813,856,540,1424,137,1464
1098: 1578,614,688,1704,442,790
1099: 22,626,607,1340,1288,1626
1100: 281,1250,1513,600,110,1259
1101: 1043,792,1252,208,329,1693
1102: 544,329,1693,740,74
1103: 778,1063,840,24,893,1315
1104: 545,1636,253,290,642,879
1105: 134,794,1239,584,17,1076
1106: 875,25,1327
1107: 283,1195,6,1645,1273,603
1108: 1045,404,473,1388,546,1517
1109: 1251,1282,811,606,284,1347
1110: 232,1611,989,870,797,1343
1111: 922,552,1262,26,77,833
1112: 1243,69,533,798,1136,262
1113: 588,1223,1497,547,634,1539
1114: 639,286,616,1369,1473,1306
1115: 534,548,652,1814,1083,1602
1116: 441,1352,27,1141,524,1055
1117: 799,337,1332,583,500,566
1118: 1512,402,618,287
1119: 267,67,549,1061,951,518
1120: 701,209,1537,906,301,800
1121: 288,217,1200,967,382,1346
1122: 828,217,1723,632,1359
1123: 393,922,625,552,1338,1481
1124: 705,1698,804,184,127,1597
1125: 677,1171,373,555,769,1470
1126: 153,1325,1342,289,276,627,1087
1127: 366,631,556,1357,1709,1534
1128: 291,1242,615,1813,1150,637
1129: 616,30,1369,1555,1666,975
1130: 142,558,1451,663,315
1131: 266,836,339,165,807,1058
1132: 1808,255,394,940,1483,559
1133: 640,169,1566,174,1258
1134: 444,1706,405,808,720,993,119
1135: 1377,952,31,1607,205,386
1136: 1474,798,560,1112,262,261
1137: 1145,1265,1268,293,1522,929
1138: 1203,561,719,270,735,1295
1139: 1684,489,810,1287,981,802
1140: 901,826,1493,562,395,1197
1141: 1308,811,531,27,1116,524
1142: 648,1564,932,563,1515,927
1143: 1783,32,255,968,1407,510
1144: 587,1348,628
1145: 1265,1069,293,1137,200
1146: 77,294,831,645,1210,1262
1147: 62,1003,813,856,1713,1805,213
1148: 1437,385,515,565,1230,590
1149: 1046,1017,239,773,656,297
1150: 1242,1128,33,362,225,637
1151: 1313,814,1254,208,74,1693
1152: 670,171,12,567,318,1212
1153: 1480,700,201,298,1434,1559
1154: 331,35,1429,1257,222,1739
1155: 619,1315,1492,1241,568,840
1156: 526,387,1446,1059,79,300
1157: 747,425,1451,1692,36
1158: 1715,1546,1755,413,815,1307
1159: 1077,273,1686,569,709
1160: 885,1387,235,816,1774,1642
1161: 906,410,301,1450,1074,1535
1162: 38,431,741,675,751
1163: 817,1006,384,1803,633,1756
1164: 303,1253,844,80,1479,674
1165: 678,39,891,285,433,825
1166: 120,1724,192,818,1711,995
1167: 1620,1608,743,40,1678,1355
1168: 920,70,1317,570,1087,1270
1169: 820,1337,447,1491,576,1187
1170: 693,42,1285,1538
1171: 304,373,1379,1125,677
1172: 43,612,1296,1790,1517,404
1173: 1260,426,76,821,1595
1174: 1715,815,571,1722,1397
1175: 305,1806,1368,130,254,1776
1176: 20,1472,146,142,572,663
1177: 681,1736,392,1496,503,1762
1178: 435,1735,763,1080,865,573
1179: 448,1585,822,1419,697,1547
1180: 574,229,1677,455,1758
1181: 1623,44,378,1358,104,1416
1182: 365,274,1328,824,216
1183: 782,537,307,279,1090,846
1184: 173,687,45,461,421,1524
1185: 575,348,1482,1261,1311,1256
1186: 308,685,1514,558,1205,315
1187: 275,923,576,966,1169,447
1188: 228,1542,1401,46,1590,710
1189: 153,1727,760,1342,1386,15
1190: 589,1650,731,1231,689,309
1191: 1665,1598,47,1734,1438,621
1192: 691,310,82,1663,1381,1494
1193: 825,1298,342,749,1697,211
1194: 1621,406,851,909,48,1521
1195: 283,1107,578,603
1196: 311,122,1575,726,452,1633
1197: 826,1493,919,1140,1426,530
1198: 1039,312,1301,707,713
1199: 49,258,1509,474,1025,1753
1200: 288,855,828,217,1121,1507
1201: 317,787,246,313,713,206
1202: 979,488,1820,215,829,363
1203: 314,561,719,1138
1204: 845,147,349,579,1317,570
1205: 1637,728,1605,315,308,1186
1206: 485,1639,964,50,1389,1652
1207: 926,1726,1356,372,218,830
1208: 666,622,1739,1458,730,316
1209: 534,1033,1083,582,1651,277
1210: 695,1146,294,831,450,1661
1211: 735,1658,1770,1404,857,51
1212: 960,318,775,567,1054,1152
1213: 341,789,151,1618,587,628
1214: 52,707,1767,958,479,84
1215: 377,499,1733,1730,1793,832
1216: 145,690,320,916,739
1217: 1265,1268,1676,53,1508
1218: 321,745,1683
1219: 1590,77,833,710,831,1384
1220: 747,1692,572,1304,322
1221: 691,82,1520,1532,1712,1279
1222: 389,1632,1704,442,1303
1223: 398,588,1512,402,1113,1497
1224: 328,1747,1008,1273,60,603
1225: 835,594
1226: 18,309,1079,237,898,589
1227: 1746,921,1543,167,62,1003
1228: 865,207,1094,573,789,323
1229: 63,1046,510,773,126,1810
1230: 565,590,5,1038,1096,1148
1231: 1190,1056,689,836,807,309
1232: 911,593,223,471,1010,504
1233: 1462,837,1047,1028,259,519
1234: 835,594,661,1043,772,1085
1235: 324,1710,478,1070,1677,1766
1236: 221,963,1286,838,1095,1616
1237: 1733,1716,325,1485,1430,1297,832
1238: 351,595,1506,1699,459,154
1239: 67,1105,134,794,795,1061
1240: 721,1478,190,992,326,848
1241: 222,842,568,1155,840,1257
1242: 291,596,1414,1128,1150,33
1243: 1528,69,1112,1650,271,798
1244: 449,1024,1073,518,1654,549
1245: 154,1318,597,1336,595,327
1246: 920,70,801,916,1818
1247: 597,382,1427,871,1336,1346
1248: 666,1349,79,1269,842,1458
1249: 1324,1489,148,60,328,1447
1250: 996,281,1717,598,1100,1513,1791
1251: 73,1628,1109,1282,1308,811
1252: 1043,772,1559,1101,1581,329
1253: 1631,1164,844,80,1271,1284
1254: 1313,618,1151,605,74,287
1255: 342,330,252,1050,16,1298
1256: 1311,423,21,1093,575,1185
1257: 331,778,840,1154,222,1241
1258: 75,174,672,1550,169,1133
1259: 71,600,408,155,1100,1513
1260: 1173,1057,76
1261: 845,348,1464,1185,1482,540
1262: 1502,922,1111,77,1146,645
1263: 279,890,1096,846,1276,1400
1264: 282,59,1334,987,781,332
1265: 1145,847,1217,1268,1676,1137
1266: 1305,88,1082,333,784,1615
1267: 1091,78,296,534,652
1268: 602,1217,1265,1137,929,1508
1269: 1349,79,1248,526,388,1449
1270: 320,70,1317,1168,848,1478
1271: 1631,1253,1284,995,725,1711
1272: 1002,24,250,619,849,1315
1273: 6,761,1008,1224,603,1107
1274: 926,850,372,1511,57,1279
1275: 91,334,1487,17,1023,1320
1276: 1263,846,81,1400,117,1398
1277: 218,89,336,830,1516,1310
1278: 1570,417,420,1621,851,722
1279: 850,57,1712,1274,1520,1221
1280: 398,402,196,1670,605,287
1281: 227,538,1459,1752,113,853
1282: 1628,1109,1251,1796,606,1622
1283: 514,1441,129,338,1468,1026
1284: 1253,80,1271,1322,995,854
1285: 451,1667,42,1170,1538,339
1286: 1804,963,1236,838,83,506
1287: 1358,104,810,660,340,1139,802,523
1288: 756,325,607,1099,1626,899
1289: 623,696,1333,102,1507,855
1290: 764,1738,1474,143,479,84
1291: 207,341,1094,1604
1292: 1097,1424,137,351,1325,289
1293: 610,743,1678,1402,39,891
1294: 863,1383,736,353,1318,85
1295: 838,735,857,719,1138,1616
1296: 99,942,644,1172,612,404
1297: 86,1485,1430,1365,1237
1298: 678,825,1193,342,1255,16
1299: 862,1316,858,1568,1766,455
1300: 1448,1480,1472,613,298,1745
1301: 1198,52,707,713,859,737
1302: 331,87,778,1063,116,1694
1303: 834,1519,1826,1222,442
1304: 346,322,1220
1305: 1382,88,1082,1266
1306: 174,672,1473,1435,616,1114
1307: 1158,1755,413,46,860,228
1308: 617,73,1141,1251,811,524
1309: 67,794,549,1654,347,1320
1310: 89,956,830,1277,1400,890
1311: 599,423,1256,1014,348,1185
1312: 861,1809,509,239,1785,910
1313: 814,1254,618,1151
1314: 981,1702,1415,90,803,1684
1315: 24,619,1272,1155,840,1103
1316: 862,1439,858,123,662,1299
1317: 570,1168,1270,848,1204,349
1318: 353,1245,1336,327,1294,85
1319: 1490,888,260,1475,1394,230
1320: 91,347,17,1275,1309,794
1321: 257,334,1089,161,1655,620
1322: 80,350,1284,854,904,1489
1323: 86,1700,1365,1080,865,323
1324: 1489,148,92,1249,350
1325: 153,351,1126,1506,289,1292
1326: 93,468,1515,182,927,415
1327: 424,1588,621,1106,25
1328: 365,866,899,1182,607
1329: 390,1471,531,284,94,1075
1330: 1643,1771,162,1596,711,622
1331: 1757,475,930,1533,352,1720
1332: 1117,799,583,915,1002,95
1333: 696,1675,1289,102,1351,454
1334: 987,1264,1694,867,800,332
1335: 96,1493,919,1782,1443,130
1336: 353,1318,597,871,1245,1247
1337: 908,820,1169,97,576
1338: 393,1614,625,1763,1123,231
1339: 371,177,1576,434,868,755
1340: 626,607,1099,1460,352,866
1341: 93,1455,47,468,354
1342: 153,1189,1126,1386,627,1495
1343: 797,157,1516,610,1110,870
1344: 1671,1629,704,23,611,114
1345: 99,928,1403
1346: 382,871,1247,1121,967,1648
1347: 1471,284,357,1554,606,1109
1348: 1144,628,168,1523,1548
1349: 1269,842,1248,568,388,101
1350: 939,925,458,1467,872,1690
1351: 454,1333,102,1609
1352: 441,629,234,1116,132,1055
1353: 360,528,220,1064,889,990
1354: 874,1045,473,7,1510,1427
1355: 1498,383,743,361,40,1167
1356: 926,1207,956,830,515
1357: 366,1127,1445,903,164,1534
1358: 1623,104,1181,1287,802,523
1359: 28,1122,632,333
1360: 875,1362
1361: 1804,253,633,1803,506
1362: 1360,1418,896,364,229
1363: 1538,634,165,1539,693
1364: 1376,1481,702,106,1567,393
1365: 86,1323,1297,365,274,1080
1366: 1772,878,629,234,430,493
1367: 166,1541,547,638,965,1497
1368: 305,366,631,1806,1051,1175
1369: 639,616,1129,30,897,1114
1370: 973,251,109,1657,1004,535
1371: 821,651,640,1595,292
1372: 103,1437,685,367,1514,905
1373: 1640,729,1030,864,111,260
1374: 641,668,1461,1391,1450,1535
1375: 1685,356,642,1679,879,1040
1376: 880,1364,1574,1703,1481,106
1377: 1135,290,31,642,1685,205
1378: 881,935,1777,357,1558,247
1379: 908,368,820,677,1171
1380: 882,718,317,1823,319
1381: 1192,1663,679,1494,112,1673
1382: 1305,929,883,602
1383: 369,484,125,1294,863,353
1384: 1563,1556,884,1590,833,1219
1385: 200,764,1738,643,245,293
1386: 1189,1342,1495,577,15,370
1387: 885,816,1160,1529,895,1415
1388: 1746,404,473,1750,1108,644
1389: 371,177,1652,1390,50,1206
1390: 1502,868,645,371,1389,50
1391: 641,1374,1461,768,1029,227
1392: 1649,886,448,464,1585,180
1393: 728,168,1605,1053,1548,646
1394: 767,230,918,1490,1788,1319
1395: 115,985,1504,1691,1053,646
1396: 411,659,1476,648,35,1429
1397: 571,889,1715,1174,214,528
1398: 782,1078,117,1577,846,1276
1399: 1726,372,57,770,1036,436
1400: 89,81,1310,1263,890,1276
1401: 118,1632,228,991,1188,1542
1402: 743,361,1293,762,608,891
1403: 304,373,1345,928
1404: 1770,1211,649,1550,51
1405: 559,1732,993,220,119,1483
1406: 892,1798,1787
1407: 1808,32,255,1143,650,1760
1408: 1561,698,375,1453,1552,1044
1409: 480,1544,651
1410: 120,1490,1724,242,465,888
1411: 1647,141,507,894,1773,236
1412: 121,997,1419,1463,654
1413: 377,1730
1414: 596,1242,33,777,653,1624
1415: 895,1702,1314,90,1387,816
1416: 44,378,536,1181,698,1552
1417: 452,1819,439,1721,122,999
1418: 1362,900,896,354,1455
1419: 121,822,1412,1179,697,654
1420: 1725,30,897,759,501,181
1421: 123,1592,1743,1001,476,946
1422: 1462,1091,656,297,837,78
1423: 957,379,1615,1723,632
1424: 124,1292,459,1097,813,351
1425: 1557,617,73,380,1466,416,1525
1426: 919,1197,1635,530,237,898
1427: 1510,597,382,1247,1354,7
1428: 484,125,958,1617,1572,1775
1429: 331,87,35,1154,1396,659
1430: 1297,365,899,325,1237
1431: 126,1007,1810
1432: 810,1825,660,1573,1784,489,175
1433: 664,199,1816,383,361,762
1434: 661,772,1559,1480,146,1153
1435: 975,1006,672,384,1306,616
1436: 1705,823,127,504,1765,1799
1437: 103,1514,1372,385,515,1148
1438: 25,900,354,47,1191,621
1439: 1792,1316,123,662,244,476
1440: 449,1654,901,826,347
1441: 445,129,1037,1283,338,1642
1442: 852,1530,1672,902,1549,973
1443: 1782,1034,1335,1641,254,130
1444: 205,704,386,23,1824,783
1445: 903,562,395,788,164,1357
1446: 210,1156,895,387,1702,1059
1447: 328,918,904,1788,1489,1249
1448: 1300,142,613,558,685,905
1449: 388,949,959,526,1269
1450: 906,469,1161,1535,1374,668
1451: 1157,1692,36,663,1130
1452: 528,834,1064,214,389
1453: 160,132,1561,375,1055,1408
1454: 665,880,421,1574,172,694
1455: 93,1341,907,1418,896,354
1456: 1580,133
1457: 908,1337,97
1458: 666,622,79,300,1208,1248
1459: 538,1092,3,136,113,1281
1460: 406,909,1533,352,626,1340
1461: 202,1374,668,768,1665,1391
1462: 1233,656,1422,837,1785,1028
1463: 997,1412,687,1524,669
1464: 845,579,1261,1097,540,137
1465: 477,390,1471,934,1764,1554
1466: 1557,1425,318,380,670,416
1467: 939,1568,1350,1690,913,478
1468: 139,54,1026,1814,514,1283
1469: 217,967,1723,1648,914,379
1470: 769,1647,141,1125,677,1491
1471: 390,284,1329,1347,1465,1554
1472: 1480,1300,146,142,1176
1473: 174,1306,286,1114,717,1566
1474: 143,798,1290,84,1136,560
1475: 864,260,1560,1319,888,673
1476: 1396,648,316,144,563,35
1477: 221,545,963,1636,1736,392
1478: 145,721,1240,320,1270,848
1479: 674,1164,844
1480: 1300,1472,146,1153,298,1434
1481: 1376,665,880,1364,393,552,1123
1482: 845,147,575,1714,1185,1261
1483: 1132,394,4,559,993,1405
1484: 359,887,915,943,491
1485: 86,675,751,1297,832,1237
1486: 714,486,917,974,1662
1487: 788,91,334,1089,1275
1488: 1634,1065,676,12,1573,1680,175
1489: 1324,1249,904,1447,350,1322
1490: 1788,1319,242,888,1410,1394
1491: 820,1169,447,677,1647,1470
1492: 101,396,950,568,619,1155
1493: 96,919,562,1140,1197,1335
1494: 10,679,1051,691,1192,1381
1495: 627,920,801,1342,1386,370
1496: 1797,1008,503,1177,761,1762
1497: 398,1223,1113,547,1367,1541
1498: 383,40,1355,972,1655,682
1499: 1022,583,500,150,491,752
1500: 1699,874,1750,921,124,459
1501: 399,114,1811,1671,978,1536
1502: 922,625,1390,868,1262,645
1503: 537,475,307,683,1720,216
1504: 115,151,435,1395,1618,646
1505: 923,529,576,97
1506: 153,351,595,1727,1325,1238
1507: 924,623,1289,288,855,1200
1508: 401,602,1217,1268
1509: 49,724,1199,925,1753,458
1510: 154,597,1427,1699,874,1354
1511: 926,850,1274,103,367
1512: 588,1118,402,1223
1513: 996,1100,1250,1259,155,1791
1514: 308,1437,685,1372,385,1186
1515: 1326,927,932,1792,415,1142
1516: 89,797,336,157,1277,1343
1517: 1790,243,546,1172,404,1108
1518: 1543,555,1579,769,1032,167
1519: 834,1732,119,1303,1826,405,971
1520: 766,82,1221,1745,158,850,1279
1521: 406,851,1194,226,1644,1749
1522: 1082,929,643,293,1137
1523: 715,1548,1593,407,1348
1524: 421,694,687,1184,1463,669
1525: 160,1561,936,1557,1425,617
1526: 155,34,551,140,408
1527: 161,1709,620,994,1789,1534
1528: 1243,1650,1682,271,204,689
1529: 885,1596,1387,895,162,387
1530: 636,409,852,1442,973,1657
1531: 94,1075,793,624,785,163
1532: 10,556,754,691,1221,1712
1533: 909,470,1460,352,930,1331
1534: 1709,620,1527,164,1357,1127
1535: 410,467,1161,1450,641,1374
1536: 978,420,111,692,1811,1501
1537: 701,411,659,1120,867,800
1538: 1363,339,165,1285,1170,693
1539: 547,634,1363,266,165,1113
1540: 1563,669,419,1556,172,694
1541: 166,1367,196,1638,398,1497
1542: 179,991,1188,1401,710,695
1543: 1579,942,1518,644,167,1746,1227
1544: 480,1409,1589,412,651,292
1545: 1675,1790
1546: 1158,180,413,815,1547,1585
1547: 1546,413,1179,1585,697,463
1548: 168,1605,715,1393,1523,1348
1549: 931,238,400,1442,1672,902
1550: 649,1258,169,1404,412
1551: 244,932,481,1759,144,563
1552: 1561,936,698,1408,44,1416
1553: 862,415,907,662,1758,93
1554: 881,934,357,1471,1347,1465
1555: 181,1666,109,699,1129,30
1556: 1563,1540,1384,172,26,833
1557: 1425,1466,416,936,1525,457
1558: 1582,1578,247,178,935,1378
1559: 772,1434,1252,1581,700,1153
1560: 226,864,417,692,1475,673
1561: 160,936,1453,1552,1525,1408
1562: 173,45,1580
1563: 1540,1707,419,1556,884,1384
1564: 701,1591,411,648,1142,927
1565: 577,938,98,876,370,1827
1566: 640,1133,1613,717,174,1473
1567: 1586,231,1084,702,1364,393
1568: 939,1467,478,858,1299,1766
1569: 183,49,486,1779,258,703
1570: 1278,420,471,911,1811,722
1571: 1701,990,650,249,360,940
1572: 1794,941,1767,1775,1428,958
1573: 171,1825,12,1432,1488,175
1574: 1376,880,461,421,1454,1703
1575: 311,783,1196,726,704,611
1576: 177,1718,1339,758,1714,755
1577: 1768,705,117,1398,1597,1078
1578: 1582,1558,688,178,1098,790
1579: 1543,555,928,942,1518
1580: 1456,133,1562,45,706
1581: 422,700,544,329,1559,1252
1582: 1578,1558,450,179,790,935
1583: 138,403,943,609,250,95
1584: 1606
1585: 448,1392,1179,1546,180,1547
1586: 1778,423,231,1084,1093,1567
1587: 768,1029,712,709,982
1588: 1327,424,712,621,1598
1589: 480,1544,944,412,51
1590: 710,1219,884,1384,46,1188
1591: 701,209,1564,1696,182,927
1592: 1610,186,711,1001,946,1421
1593: 425,36,715,1523,407
1594: 1748,917,259,519,183
1595: 821,640,1371,1613,426,1173
1596: 1610,885,711,1529,162,1330
1597: 1078,1627,705,1577,1124,184,440
1598: 768,1665,1191,1588,712,621
1599: 947,377
1600: 1662,1612,714,1625
1601: 337,1088,1603,378,949,536
1602: 548,1619,428,676,1083,1115
1603: 388,101,950,337,1601,949
1604: 1687,207,1291
1605: 1637,728,715,1205,1393,1548
1606: 1584,753,185,1612
1607: 1800,1657,409,386,1135,952
1608: 1620,1678,1167,336,157,432
1609: 28,1351,102,953
1610: 885,1596,235,186,711,1592
1611: 749,989,1110,870,433
1612: 1600,1625,187,1606,185
1613: 640,1595,1566,1092,426,717
1614: 625,1338,434,1763,868
1615: 784,957,1423,632,1266,333
1616: 719,1236,838,1295,746,1095
1617: 1428,1664,125,958,737,52
1618: 151,435,1504,573,789,1213
1619: 428,676,1602,1706,720,1065
1620: 1608,40,1167,496,436,432
1621: 851,48,1194,1009,722,1278
1622: 437,775,1796,960,1628,1282
1623: 378,949,1358,959,1181,523
1624: 438,777,135,596,1414,400
1625: 714,724,1779,1600,1612,187
1626: 192,756,818,22,1099,1288
1627: 1757,1597,930,1078,440
1628: 73,960,380,1251,1282,1622
1629: 1671,356,23,1344,194,1040
1630: 785,585,441,163,878,629
1631: 1253,844,1271,947,725,499
1632: 389,118,991,1222,1704,1401
1633: 757,726,452,839,1669,1196
1634: 567,808,734,1065,1488,12
1635: 530,1035,1081,195,898,1426
1636: 1804,1104,545,963,1477,253
1637: 1605,715,1205,315,36
1638: 1015,166,508,196,1807,1541
1639: 964,934,1206,1764,733,1652
1640: 194,771,1373,729,978,111
1641: 1015,166,254,1034,965,1443
1642: 1441,445,338,816,1774,1160
1643: 730,1330,481,1771,622
1644: 22,626,446,406,1521,1749
1645: 197,6,1042,283,1107
1646: 702,923,529,1068,106,966
1647: 1470,141,894,1411,447,1491
1648: 1469,967,871,1346,914,369
1649: 886,448,1392
1650: 1243,1528,69,731,1190,689
1651: 582,968,394,4,1209,1033
1652: 1389,177,686,733,1639,1206
1653: 1695,198,748,1090,537,683
1654: 1244,449,1440,1309,549,347
1655: 161,682,257,1321,972,1498
1656: 444,971,734,1054,108,614
1657: 973,251,1800,1607,1370,409,1530
1658: 735,1211,944,51,270,1066
1659: 200,1682,1738,271,143,1069
1660: 1664,863,732,736,1005,882
1661: 485,935,1777,294,1210,450
1662: 1600,974,714,1486
1663: 1192,201,310,1381,422,700,112
1664: 125,1617,863,732,1660,737
1665: 202,1461,768,1598,1191,1734
1666: 1555,699,1129,502,1795,975
1667: 487,451,1781,1285,977,42
1668: 977,742,1781
1669: 452,498,1819,839,233,1633
1670: 196,1807,1280,605,740
1671: 1629,1344,114,1501,978,194
1672: 852,999,453,1442,1549,931
1673: 265,112,1048,980,679,1381
1674: 207,323,741,1700,1687
1675: 696,1333,1545,454
1676: 847,1217,1265,53,742,224
1677: 1070,1180,1766,455,1235
1678: 610,1608,743,1167,1293,157
1679: 203,771,1062,879,1040,1375
1680: 744,1784,175,1488,548,676
1681: 861,1016,456,1780,910
1682: 1659,271,564,1069,204,1528
1683: 494,1067,1787,1218,321,745
1684: 803,1139,489,981,1314
1685: 356,1375,205,1824,1377,642
1686: 1159,273,1031,709,136,982
1687: 1604,207,1674,431
1688: 314,197,746,1042
1689: 984,429,399,593,114
1690: 458,1350,1467,187,185,913
1691: 115,1695,985,1395,748,1038
1692: 747,1157,1451,1220,572,663
1693: 329,1102,1151,208,74,1101
1694: 87,116,1302,867,1334,987
1695: 115,1653,1735,1691,198,748
1696: 1737,182,1591,209,469
1697: 749,1698,989,804,1193,211
1698: 1697,1768,705,989,1124,804
1699: 874,1500,459,154,1510,1238
1700: 86,741,1323,751,1674,323
1701: 1571,13,494,990,1798,249
1702: 981,210,895,1446,1415,1314
1703: 1376,706,461,1574,1068,106
1704: 1632,991,1222,442,790,1098
1705: 211,774,823,127,1436,804
1706: 720,1134,993,4,1619,428
1707: 1563,419,463,860,884
1708: 56,752,1027,1052,988,2
1709: 754,994,1527,1534,556,1127
1710: 708,324,753,1235,913,478
1711: 725,1000,192,1166,1271,995
1712: 57,1279,1532,770,754,1221
1713: 856,1147,540,1014,213,348
1714: 758,147,575,1482,755,1576
1715: 1158,1755,815,1174,1397,214
1716: 1000,1237,1733,1793,756,325
1717: 996,723,1012,765,598,1250
1718: 177,992,686,1576,326,758
1719: 687,997
1720: 866,216,475,1331,1503,352
1721: 931,374,780,1417,439,999
1722: 571,1067,464,745,1174
1723: 1469,217,1122,632,379,1423
1724: 120,1166,465,1410,818,446
1725: 1731,897,1420,759,410,467
1726: 1207,1399,372,436,218,432
1727: 153,1189,595,327,760,1506
1728: 466,1760,1007
1729: 539,6,1042,761,1762,306
1730: 1215,832,219,1413
1731: 639,1725,897,467,1752,853
1732: 834,1519,220,1064,1405,119
1733: 1215,1237,1793,1716,832
1734: 1737,47,468,202,1665,1191
1735: 115,1695,1178,435,198,763
1736: 221,392,1477,1177,1762,306
1737: 1696,468,1734,182,469,202
1738: 1659,200,764,143,1290,1385
1739: 666,222,1208,316,35,1154
1740: 1802,61,1801,72,1012,873
1741: 998,954,58,843,1010,223
1742: 440,48,470,1009,184,1765
1743: 939,872,1001,1421,858,123
1744: 776,204,487,224,564,847
1745: 766,1520,298,158,1300,613
1746: 1750,1388,921,1227,1543,644
1747: 328,767,1797,1008,1224,918
1748: 472,456,1780,917,1594,259
1749: 465,673,1521,226,1644,446
1750: 874,1746,473,1500,1388,921
1751: 601,59,501,181,1004
1752: 227,1281,853,467,641,1731
1753: 925,240,474,1199,1509,1786
1754: 85,1005,15,1072,760,736
1755: 1715,1158,1307,214,118,228
1756: 520,633,502,1049,1006,1163
1757: 782,475,930,307,1078,1627,1331
1758: 1180,455,862,1553,907,896
1759: 244,476,946,481,1771,1551
1760: 1728,466,650,1007,32,1407
1761: 767,1797,230,503,527,1030
1762: 761,1729,306,1177,1736,1496
1763: 1614,1338,434,21,231,1093
1764: 1639,934,733,495,477,1465
1765: 184,127,1436,1799,1742,1009
1766: 1677,455,1568,1235,478,1299
1767: 1794,1572,958,764,479,1214
1768: 232,705,1698,117,989,1577
1769: 480,944
1770: 83,1013,1404,1211,857,649
1771: 1643,946,1330,481,1759,711
1772: 234,1366,1071,2,493,1027
1773: 1014,507,1411,213,599,236
1774: 1786,235,1160,445,474,1642
1775: 941,914,1572,379,1428,484
1776: 1015,508,254,980,305,1175
1777: 881,485,935,964,1661,1378
1778: 599,236,423,1586,1084,275,894
1779: 1569,714,49,486,724,1625
1780: 472,456,1748,1681
1781: 487,1667,224,1668,977,742
1782: 18,1034,237,1443,919,1335
1783: 582,968,1143,1017,510,773
1784: 744,54,1680,489,175,1432
1785: 1462,656,239,1312,1028,910
1786: 235,186,1774,474,1753,240
1787: 494,1683,321,1798,1406
1788: 904,1490,242,1447,1394,918
1789: 161,994,1036,682,1527,496
1790: 1545,243,1517,43,1172
1791: 155,877,497,551,996,1250,1513
1792: 415,1439,662,244,932,1515
1793: 725,499,1000,1215,1733,1716
1794: 941,957,245,1572,1767,764
1795: 520,502,952,1666,699,1800
1796: 437,247,178,606,1622,1282
1797: 767,1747,1008,1496,1761,503
1798: 892,1406,249,494,1701,1787
1799: 471,504,1436,1765,1009,722
1800: 251,699,1657,1607,952,1795
1801: 505,1802,330,1740,1012
1802: 330,998,252,61,1801,1740
1803: 817,1163,633,1361,506,1013
1804: 963,1636,1286,253,1361,506
1805: 507,1032,167,213,62,1147
1806: 366,1175,1368,130,96,903
1807: 508,1048,196,1670,1638,740
1808: 1132,255,1407,940,650
1809: 861,1312,509
1810: 1431,126,1007,32,1229,510
1811: 911,399,1501,1570,420,1536
1812: 727,592,280,584,1076,513
1813: 1128,615,138,637,269,159
1814: 548,652,1115,744,139,54,1468
1815: 188,600,110,1820,716,750
1816: 972,1433,727,199,383
1817: 41,443,1821,912,793,624
1818: 916,460,1827,1246,801
1819: 452,498,233,1669,1417,439
1820: 979,188,1202,488,750,1815
1821: 145,721,690,41,1817,443
1822: 302,716,68,680,976,418
1823: 317,313,732,882,1380,859
1824: 1685,356,205,704,23,1444
1825: 171,869,660,1432,1573
1826: 1519,1303,442,614,405,971
1827: 876,370,1818,460,801,1565