0: 1041,1024,2529,312,1889
2: 1708,988,493,1772,1027,176
3: 1459,1092,1941,2623,2128
4: 1483,1033,1706,428,1946,1973,993
5: 1230,279,1096,2386,748,1090,2038
6: 1729,1107,1273,1948,1994,2404,2275
7: 924,1427,288,1950,2417,2624,382
8: 512,550,1914,1019,1931,391
9: 159,1910,553,1833,1880,809,1850
10: 691,1494,1532,631,556,1051
11: 1514,308,1954,2057,2360,2458,2568,385
12: 1996,1152,1634,567,171,1573
13: 571,2064,2087,2388,889,990,1956
14: 364,1070,574,1959,2075
15: 1189,1386,1754,760,577,1072
16: 678,581,1298,330,1859,1255
17: 1275,1076,1023,1105,794,1320
18: 1782,1034,1226,237,516,1981,2105,1443
19: 299,1894,1862,1875,1861,343
20: 1085,322,1964,2066,2223,2480,2117
21: 1093,1256,755,434,575,1763,2130
22: 1644,626,1099,446,818,1626,2248
23: 704,1824,1830,1344,356,1629
24: 1315,893,1103,362,1272
25: 1327,1588,2144,2151,2590,2620,1970
26: 665,552,2036,1556,833,1111,2121,922
27: 531,1075,163,1116,1141,441
28: 88,1975,2219
29: 492,970,986,256,635,381
30: 1555,1420,897,1369,1842,2118,2189
31: 520,1920,1135,1377,952,1049
32: 510,1760,1143,1810,1407,1978,2231
33: 1414,653,362,893,1150,1242
34: 268,554,551,1876,1919,1900
35: 1429,1396,1154,1476,316,1739
36: 425,1523,1451,1986,2187,2336,1157
37: 482,335,149,667,658,580
38: 219,1162,1989
39: 891,1293,1165,870,610,433
40: 1498,682,496,1167,1355,1620
41: 690,1869,624,1817,1925,1821
42: 1667,1285,2507,1951,1538,2280
43: 2545,1997
44: 104,1416,1181,1552,457,1874,936
45: 461,1184,2001,2158,706,2319
46: 1307,2003,2477,860,884,2183,2565
47: 1341,1455,2007,2441,2526,2605,1191
48: 1742,1621,470,1194,1009,909
49: 1509,2009,2359,1569,2146,2352
50: 294,645,1390,1389,485,1206
51: 1211,1658,2362,1404,2013,2181,2681
52: 958,1214,737,1617,1905,2016
53: 2017,742,1217,1676
54: 744,1784,139,1814,1903,1468
55: 750,359,1911,680,796,488
56: 1022,1708,988,215,752,819
57: 1274,770,1399,372,2495,1712
58: 61,1929,498,1860,1741,1924
59: 759,781,1853,501,1886,1751
60: 328,2492,2396,1249,2022,2447,578
61: 1881,58,498,1860,1740
62: 1003,2197,2402,1805,1147,2242
63: 126,2408,1971,2027,1229
64: 1836,1018,490,657,1909,961
65: 296,514,786,1086,129,1037,517
66: 791,604,580,541,358,1020
67: 1061,1239,794,1309,1119,549
68: 302,1893,557,1910,1880,1932
69: 1243,1112,731,533,262,2290
70: 1270,920,320,916,1168,1246
71: 408,805,630,600,586
72: 765,671,1865,1935,1012,1926
73: 1425,617,380,1628,1251,1308
74: 1102,2043,2145,1254,1151,329,1693
75: 2047,2464,384,672,2241,2486,2564
76: 2623,2050,1031,2032,1057,2466
77: 1146,831,1262,1219,833,1111
78: 1267,2053,2123,2705,1091,1422,837,2523
79: 1269,1248,1458,300,1156,526
80: 1164,1253,2503,2063,2267,1322,2450
81: 89,797,232,1276,1400,117
82: 691,1192,310,2068,1663,766
83: 2525,2071,2434,1013,2002,2509,1770
84: 1905,560,1474,1290,2046,479,1214
85: 1318,327,1294,1754,760,736
86: 751,1990,2073,2383,2391,2482,2537,1700
87: 1429,659,1694,867,331,116,1302
88: 28,2077,1266,333,2505
89: 797,81,1516,1277,1310,1400
90: 1026,816,338,1314,803,1415
91: 901,788,395,2081,1275,1487
92: 303,2586,2251,674,2083
93: 1341,468,2086,2605,1326,415,2675
94: 390,912,1531,1075,793,1329
95: 1002,250,1583,1332,915,943
96: 1335,1493,562,130,1806,903
97: 1943,2091,1505
98: 189,779,1885,1858,938,490
99: 2096,2660,1579,1296,942
100: 1902,1882,1896,1884,512,397
101: 1349,568,388,1492,950,1603
102: 1333,2689,1289,2101,2555,1609,1351,2594
103: 515,1511,2712,2104,850,367,2542
104: 44,1358,1181,2240,457,1287
105: 358,1020,1021,427,1936,955
106: 2089,2277,2319,1703,2390,2108,2647
107: 1890,948,1917,1887,785,969
108: 437,1918,688,775,1656,1054
109: 1004,251,699,1842,181,2118
110: 1259,1815,600,418,716,1100
111: 978,692,1536,1640,1373,864
112: 265,422,1663,1673,1381,2370,2303,2308
113: 136,1957,2024,2116,2311,227,1281
114: 1575,1830,1344,611,1689,1848
115: 1504,2119,1395,2676,2368,2020
116: 1063,1302,87,1694,1855,987
117: 1398,1577,81,232,1768,1276
118: 389,2122,2281,1632,1222,2572
119: 405,1134,1732,1519,2688,993,1973
120: 242,1976,2126,2273,2338,2426,2553,2695
121: 1412,2129,2499
122: 1417,999,453,452,1196,311
123: 1421,1743,1001,2456,476,2135,2562
124: 921,459,1500,1003,1424,813
125: 1664,1617,863,1383,484,1428
126: 63,1229,2584
127: 1705,823,804,1124,1765,1436,184
128: 1872,241,511,376,1884,1867
129: 1441,1037,1283,296,65,514
130: 1175,254,1806,1443,1335,96
131: 140,655,1900,591,1921,554
132: 1352,375,1453,234,1055,1071
133: 706,1068,1999,2148,1456,1580
134: 795,532,1239,584,1105
135: 438,601,400,1624,535,1843,902
136: 113,1459,2351,1941,1957,2116,2155
137: 276,1292,289,1464,2138,579
138: 609,1583,637,403,543,1891
139: 1913,296,652,1814,514,54,1468
140: 152,131,630,655,1900,1526
141: 1411,2282,2161,1032,2034,507
142: 315,1130,2163,1472,1176,663,2295
143: 1659,271,2451,1474,1290,798,1243
144: 730,563,1551,1476,481,316
145: 721,690,1821,2369,320,1478
146: 661,1964,1969,2170,2223,2710,1434,1982
147: 758,845,1204,1714,349,1482
148: 578,2080,2022,2177
149: 37,335,532,791,1907,580
150: 752,1052,1499,522,566,500
151: 646,2364,2020,2180,2203,1618,2630
152: 140,937,805,278,630,655
153: 1189,1126,1727,1506,1325,1342
154: 595,597,1245,1699,1238
155: 408,1526,1259,1791,1919,1513
156: 937,655,542,647,604,248
157: 610,336,1608,1516,1343,1678
158: 766,1745,2185,2542,1520
159: 9,1833,1831,615,1850,1834
160: 617,1525,524,1561,1453,1055
161: 1655,620,1789,1321,682,1527
162: 1596,1330,1529,895,387,300,622,2150
163: 1531,1075,27,441,1868,1630
164: 1534,1357,1445,788,620,1089
165: 339,2510,2076,2079,2191,1131,2376
166: 965,2005,2195,2701,1641,2270
167: 2463,2034,2048,2092,2197,2402
168: 2612,1393,2159,2180,2203,1548,1348
169: 1550,2602,2464,2205,1133,1258,2217
170: 414,1901,657,1021,427,961
171: 670,1897,1573,1152,12
172: 1540,1707,2084,2288,1563,2132,2209
173: 1719,2001,2127,2214,2416
174: 1473,1306,672,1258,1972,2137,2217,2241
175: 1432,1996,1488,1680,1825,1573
176: 806,819,962,684,493,988,2
177: 686,1718,1576,1339,371
178: 437,1578,1558,1918,247,1796
179: 790,1582,991,450,695,1542
180: 2100,2171,1392,2670,2224
181: 501,1751,1842,1004,109,1843
182: 1326,927,1696,1591,2227,2448,2656,2675
183: 1942,1987,1779,703,1569,2232,2146
184: 1742,1765,440,127,1597,1124
185: 2366,2239,1606,2222,2237,753
186: 1786,1592,1001,240,1985,1610,235
187: 458,2661,1625,724,2366,2239
188: 979,1815,600,586,1864,212
189: 98,1885,1858,319,718,1380
190: 1928,992,733,495,1240,721,443
191: 355,497,1873,723,877,1933,505
192: 1626,1983,2243,2399,2489,1166,2403
193: 664,1863,1892,1844,1851,1862
194: 1040,1629,1640,771,729,1671
195: 589,1635,731,533,898
196: 398,1541,2088,2247,2325,2497
197: 1688,1645,283,2250
198: 1653,2252,683,824,763,1735,2502
199: 280,1816,1844,1851,727,592
200: 293,1069,2095,2256,2301,1145,2236
201: 1153,700,2253,2442,2303,2308,310,298
202: 1665,1461,2448,1734,468,668,1949,1737
203: 545,879,1679,1062,392,681
204: 1528,689,1056,2067,2264,2276,2344
205: 386,1135,1377,1685,1824,1444
206: 1889,713,1201,787,951,1041
207: 1674,2133,2207,2268,2332,1700
208: 1151,2478,2271,1693,2374,2457
209: 1696,1591,701,1120,906,469
210: 1838,523,1446,1059,2274,802,1358
211: 1697,1193,804,1705,342,774
212: 1864,635,1906,345,188,586
213: 1014,1805,507,1773,2242,2279
214: 389,2281,2407,1452,1397,2679
215: 56,988,819,829,1202,363
216: 683,1720,824,1503,1182,2284
217: 967,1121,2291,2340,1200,1122,2423
218: 1726,1207,432,830,336,1277
219: 38,1162,2254,2294
220: 1064,528,2298,360,559,1732,1405
221: 1736,306,1977,2445,1236,2136,2300,963
222: 666,842,1241,1739,1257,1154
223: 984,593,757,843,1232,1010
224: 487,1667,2304,2316,2375,1781
225: 609,362,849,637,1150,1128
226: 673,1749,1560,417,851,1521
227: 1752,1281,2500,641,1391,113,2311
228: 1755,2003,2122,2313,1590,1188,2183
229: 364,574,2309,1180,1418,2315
230: 1761,2673,1030,260,2317,2573
231: 2320,393,2580,2600,1093,1763,1338
232: 1768,989,797,1110,81,117
233: 809,439,1819,1669,1856,1850
234: 1772,132,1352,1071,629,1366
235: 1610,885,1160,1774,186,1786
236: 599,1773,894,2611,2696,2513,423,2617
237: 18,898,1782,919,1226,1426
238: 291,374,1938,400,596,1549
239: 656,1312,2328,2530,509,1046,1149
240: 186,1786,1985,2329,1753,2474
241: 1845,511,460,128,1832,376
242: 120,2338,1490,2695,1788,2625
243: 696,2343,1517,2025,623,546,2153
244: 476,1759,2714,932,2549,1551
245: 784,643,957,1385,2192,2345,2659
246: 1854,1840,462,317,313,1201
247: 606,1558,178,1796,357,1378
248: 591,604,344,541,156,655
249: 2349,1798,466,2567,2672
250: 1002,609,95,849,1871,1583
251: 1004,109,699,1657,1370,1800
252: 1802,1860,330,1255,1050,998
253: 1104,290,2260,1361,1804,633
254: 1015,1175,1776,1641,130,1443,2270
255: 1808,2691,2210,1143,1407,2353,2704
256: 29,970,986,1916,397,1914
257: 513,727,2357,1655,972
258: 1025,1199,517,2009,2359,786,2310
259: 2420,2190,1028,2019,456,2361,2467
260: 230,1030,2573,1373,1475,864,1319
261: 1136,560,1039,2046,312,841,262,2529
262: 69,1112,841,533,1081,1136,261,2529
263: 698,536,1044,522,566,1088
264: 1907,1915,532,584,1841
265: 1048,1673,112,2370,2371,2060
266: 1058,638,2376,2172,2028,2079,2638,547
267: 482,1061,1939,787,1829,951,1119
268: 299,34,551,1876,1873,1894
269: 557,1910,1833,1831,1891,1813
270: 1138,2082,2299,2365,2380,561
271: 143,1682,1659,798,1528,2067,1243
272: 375,1044,1071,1027,522,1052
273: 525,1159,1686,2072,2102,2385
274: 1365,2109,2387,2502,763,2412,1080
275: 1187,894,447,1778,966,2114,2395
276: 137,289,570,579,627,1087
277: 1091,297,1017,2010,2401,2440,2705
278: 152,937,805,345,492,295
279: 1263,1183,1096,846,5,1090
280: 521,1841,199,1851,1812,592
281: 976,1100,598,1250,1927,418
282: 438,601,1060,1853,1264,1751
283: 2250,2154,197,1645,2406
284: 1471,531,1329,1347,811,1109
285: 1861,1165,1849,1852,891,608
286: 538,853,2547,2178,1114,2409
287: 2120,2169,2413,402,1280
288: 924,7,1950,2417,2651,2340,1507,2026
289: 276,1292,137,627,1126,1325
290: 253,1104,2147,2188,1920,1049,1361,633
291: 1242,238,1828,1128,1938,596
292: 2094,2427,2641,2212,640,2182,2205,1133
293: 200,2256,2220,2431,2192,2659,1145,2236
294: 1210,1146,50,1661,645,485
295: 492,986,550,647,937,278
296: 1913,139,65,514,2053,2123,1086,129
297: 277,1017,2010,2246,2440
298: 1300,766,1745,2308,310,201,2442
299: 19,268,1876,1894,664,1862
300: 1156,162,387,79,1458,2150
301: 1074,800,1161,332,1120,906
302: 1893,68,1932,680,1822,1927
303: 92,2586,2450,2251,2267
304: 2683,2452,1403,2548
305: 1175,1776,1368,1051,679,980
306: 1762,2433,2445,2496,221,2300,2455,2015
307: 782,1757,1183,537,475,1503
308: 1514,11,2458,2568,2035,385,1186,2350
309: 1079,2105,2461,589,1226
310: 1192,82,1663,2308,201,298,766
311: 1877,1196,783,636,122,453
312: 1198,1889,261,1039,0,2529
313: 317,1934,713,859,1201,246
314: 1688,2469,2348,2346
315: 142,1205,1130,2350,1637,558,2163,2200,2262,2318
316: 730,1476,1739,144,2356,35
317: 859,313,1823,319,1380,246,1854
318: 670,1466,960,1152,1212,380
319: 189,1858,1380,317,1854,983
320: 1270,70,916,1216,1478,145,2369
321: 2476
322: 20,572,2066,2480,2117,2389
323: 1228,2268,1700,865,2405,2574,1323,2482
324: 708,1710,2323,2400,2429,2485
325: 1716,756,1288,2511,1237,1430,2488
326: 758,848,349,992,1718,1240
327: 595,1318,85,1245,760,1727
328: 1489,1447,1747,1998,60,2492,2447
329: 1693,2142,2501,74,1102,2145,2018
330: 1802,252,1801,1859,1255,16
331: 778,1257,1302,1429,87,1154
332: 781,1334,1074,301,800,1264
333: 632,1615,2505,2627,88,1266,2230
334: 1275,513,1487,1023,2357,1321,1089
335: 482,37,149,795,532,1939
336: 157,1608,1516,1277,432,218
337: 1835,950,1117,799,1847
338: 1642,90,1026,1441,816,1283
339: 165,2510,451,1285,2648,836,1131,2206
340: 1825,869,1897,457,1287,660,810
341: 1291,587,2475,2512,1213,1094,2454
342: 774,1050,1298,1255,211,1193
343: 1861,1857,1849,19,355,1894
344: 827,591,1921,541,1930,248
345: 805,278,492,212,635,586
346: 594,2517,2107,2117,2480
347: 901,1440,1320,2081,1654,1309
348: 1014,1713,1311,1185,540,1261
349: 758,147,1204,848,1317,326
350: 2522,1324,1249,2586,2447,2450,1489
351: 1292,2707,1238,459,1506,1325
352: 1460,1340,1533,866,1331,2419
353: 1318,1294,1336,1383,369,871
354: 900,2713,2700,2614,2007,2526
355: 191,1873,1894,1933,343,1857
356: 1040,1629,1375,1824,23,1685
357: 881,1554,1378,1347,606,247
358: 105,1020,955,542,66,604
359: 1911,403,55,796,943,1484
360: 220,2298,2622,559,2531,2044,1405
361: 1433,762,383,743,1355,1402
362: 225,849,1272,893,24,1150,33
363: 1911,488,215,887,1202
364: 14,574,229,2075,2538,2315
365: 1365,899,1430,2387,2488,2540
366: 1368,631,903,1127,1357,1806
367: 905,1372,2185,2542,103,2104
368: 1379,2544,2628,908
369: 1648,914,871,353,1383,484
370: 1386,1565,1495,1342,801,1827
371: 1339,1390,868,1389,177,686
372: 926,1726,1274,1207,1399,57
373: 1125,2548,555,2184,928,1171
374: 238,1938,931,1549,780,2665
375: 132,272,1453,1408,1044,1071
376: 945,1867,1832,739,241,128
377: 1413,1599,2198,2684,1730,2554
378: 1623,949,1601,536,1416,1181,2240
379: 2677,1723,1962,2557,1423,2694
380: 1425,73,1628,960,1466,318
381: 635,1922,1906,684,29,970
382: 1427,7,2417,967,1346,2561,1121
383: 1433,361,1355,1816,972,1498
384: 1435,2711,672,2241,2486,2564,75
385: 1437,2643,2244,1514,308,565,11,2568
386: 1135,1607,205,409,2599,783,1444
387: 1529,162,895,300,1156,1446
388: 1349,1269,1449,101,950,1603
389: 214,118,2281,1452,2718,2572,834
390: 477,1471,912,94,1329,1465
391: 1931,955,542,8,550,647
392: 1477,1177,1736,681,2576,203,545
393: 1567,231,1364,2320,1984,2580,2634
394: 1483,1033,1651,2704,1946,2583,968
395: 901,788,562,1140,91,2081,1445
396: 950,799,1492,1002,619,1871
397: 512,1916,256,1914,1896,100
398: 196,1541,2014,2088,1223,2585,2497
399: 911,1811,1501,1848,593,1689
400: 135,1624,596,238,1549,902
401: 883,2591
402: 287,2169,1280,2592,2585
403: 359,543,796,943,138,1583
404: 2593,1388,644,2534,2040,2156,2194
405: 1134,1519,1826,614,119,971,444
406: 909,1521,1460,1644,626,1194
407: 1593,1523,2059,2187,2596
408: 630,71,1526,155,1259,600
409: 386,1607,1530,1657,2599,783
410: 1450,1535,467,759,1074,1161,1725
411: 701,1396,659,648,1537,1564
412: 2602,2013,2181,2205,1589,2427
413: 2604,1547,1158,1546,860,463,2556
414: 933,1901,462,657,983,170
415: 1326,2588,2607,1553,93,2086
416: 670,1466,869,1557,1874
417: 1278,420,692,851,226,1560
418: 110,716,1822,281,1100,1927
419: 669,697,2084,2215,2296,2610
420: 1570,1278,417,1811,692,1536
421: 1524,2664,694,2152,2719,2613
422: 112,2370,2303,700,2162
423: 1586,1778,2173,2513,599,236,2617
424: 569,2619,2062,2179,2590
425: 1593,36,2187,1157,2621,2257
426: 1613,1173,1595,2623,2050,2128,2193
427: 105,1020,1021,667,1901,170
428: 1033,4,1706,2393,1083,1602,1619
429: 611,984,1839,757,1689,1633,726
430: 493,585,1912,878,1366,962
431: 1162,2265,741,2626
432: 1726,436,218,1620,336,1608
433: 749,1611,39,825,1165,870
434: 755,21,1763,1339,1614,1338
435: 1178,1504,2630,2070,2119,2235,2302,2443
436: 1726,1399,432,1036,1620,496
437: 108,1918,178,775,1622,1796
438: 282,777,601,135,1060,1624
439: 1819,233,1850,1417,1834,1721
440: 1742,470,184,1597,930,1627
441: 629,1630,163,27,1116,1352
442: 1098,2637,1704,1826,614,2131,688
443: 721,1925,1821,190,495
444: 405,1134,971,2216,808,720,734
445: 1642,1774,1441,1037,1025,474
446: 22,1644,1749,465,818,2489,1724
447: 1187,275,1647,894,2611,2640,2395
448: 1649,822,1179,2644,2669
449: 1244,1073,1654,1035,2645,1440
450: 1210,695,1661,1582,179,935
451: 776,1285,1945,2648,2507,2069,339
452: 1417,122,1819,839,1633,1196,726
453: 636,122,999,1672,311
454: 2334,2652,2594
455: 1299,862,1766,2339,2498,2541,2655
456: 910,2518,2658,1028,259,2361,2467
457: 869,1874,340,1287,44,104
458: 187,2661,724,2653,1509,925,2615
459: 1699,1238,124,1500,1424,351,2707
460: 1846,241,876,1845,1866,511
461: 1703,45,1184,2664,2613,706,2319
462: 414,933,246,1854,1840,983
463: 2604,1547,413,2103,697,2296,2610,2667
464: 886,2382,1392,2421,2670
465: 673,1410,1749,888,2603,446,1724
466: 249,2567,2609,2672,2430,2490
467: 2186,1535,410,1725,1731,2436,2472
468: 93,1341,1734,2441,2448,2675,202
469: 906,1450,668,1696,209
470: 1742,440,48,930,909,1533
471: 1570,911,504,1232,722,1799
472: 2639,1944,2680,974
473: 1045,2052,1108,2682,1388,2156,2663
474: 1025,1753,2335,1774,445,1786
475: 1720,1503,1331,2419,1757,307
476: 1759,2714,244,946,2135,1421,123
477: 390,912,495,1764,1465,1925
478: 1568,1960,2685,1235,1710,1766,2498
479: 84,1290,1767,1214,2558,2414,764
480: 1769,944,1409,2687
481: 730,1643,1551,1771,144,1759
482: 267,37,335,1939,658,1829
483: 1019,1931,1936,1909,1898
484: 1775,1428,914,369,1383,125
485: 964,1777,1206,294,50,1661
486: 1486,917,1942,1993,1779,714
487: 1744,224,776,1945,2304,2316,2460
488: 750,1911,55,363,1202,1820
489: 803,1139,2528,1684,1903,1432
490: 98,779,1858,1836,64,657
491: 1022,583,887,1499,915,1484
492: 29,986,295,635,345,278
493: 430,1366,1772,176,962,2
494: 1067,1683,2087,1798,1701,1952
495: 190,733,1764,443,1925,477
496: 40,1789,682,436,1036,1620
497: 191,551,1873,1791,996,877
498: 1881,58,61,1929,1669,1856
499: 2684,1215,1958,2554,1631
500: 1117,566,1847,583,150,1499
501: 1420,1886,1751,1842,181,59
502: 975,1756,1006,1666,520,1795
503: 2263,2418,2493,1177,1963,2011
504: 823,1870,1010,1232,1436,1799,471
505: 1935,1801,1859,191,723,1933
506: 817,1803,1361,1804,1286,1966,2002
507: 213,1805,1773,1032,141,1411,2696,2034
508: 1015,1776,1968,1638,2005,2266,2575
509: 1809,1046,2408,1971,1312,239
510: 1810,32,1974,1978,2231,2432,1229
511: 1872,241,1866,460,128,1011
512: 8,397,1914,1902,100,1019
513: 1076,257,334,1023,727,592,2357
514: 139,296,65,129,1468,1283
515: 103,1878,1356,1511,2712,926
516: 1981,2074,2105,2701,18,1034,2270
517: 258,1025,1199,65,786,2310,1037
518: 1244,951,1041,1024,1119,549
519: 703,2058,2232,2420,2446,2190
520: 952,31,1049,1795,1756,502
521: 1908,1841,1863,280,1851,1915
522: 272,1044,263,150,1052,566
523: 210,1838,2274,1287,802,810,1358
524: 617,1116,1141,1308,160,1055
525: 1077,273,2072,2102,1992
526: 1156,959,1059,79,1269,1449
527: 1761,1030,2263,771,729,1062,681
528: 1064,1452,1353,220,2298,2606,2679,2718
529: 1646,923,1999,2023,2148,2649
530: 1426,1197,1635,1035,2645,826
531: 284,1075,1329,27,811,1141
532: 335,134,149,795,1907,264,584
533: 195,69,731,262,1081
534: 1267,652,1091,2358,2166,2112
535: 973,1004,1843,902,1370,135
536: 698,378,1601,1416,263,1088
537: 683,1503,1183,307,1653,1090
538: 286,2547,1281,2500,1092,1947,717,2409,2012
539: 1095,2233,2455,1042,746,2015
540: 1097,856,1464,348,1713,1261
541: 66,791,604,344,1930,248
542: 358,955,391,647,604,156
543: 1932,403,796,138,557,1891
544: 2371,1102,740,2060,2018,2370,2162
545: 203,879,1636,2021,392,1477
546: 924,1045,2153,1108,2651,243,2025
547: 2638,2028,266,2172,2160,1497
548: 1602,1619,744,1115,676,1680
549: 518,1244,1654,1309,1119,67
550: 8,986,295,647,1914,391
551: 34,268,497,1873,1791,1919
552: 1481,665,880,26,1984,2036,2176
553: 9,1865,1888,1880,809,873
554: 34,1876,1921,131,1900,1904
555: 1579,373,2548,2039,2157,2184,928
556: 631,1127,1709,10,1532,754
557: 269,1910,68,1932,543,1891
558: 1186,315,2163,2318,2042,685,2269
559: 1132,2044,220,360,1405,1988
560: 1905,84,261,1039,2046,707
561: 1203,2049,2221,270,1138,2380
562: 395,1140,96,1493,903,1445
563: 1551,1476,144,2668,932,648,1142
564: 1682,1069,2095,2536,2054,2344
565: 2057,2411,2568,1148,1437,2244,385
566: 1847,1088,500,522,263,150
567: 1152,1634,1212,734,12,1054
568: 1349,842,1241,101,1492,1155
569: 424,712,2062,2179,2330,2261,709
570: 1204,1317,579,276,1087,1168
571: 815,13,1722,2064,2292,889,2606,1956
572: 1176,322,663,2066,2229,1692,2389
573: 2070,2235,2405,789,1618,1228,2454
574: 14,364,229,1677,2075,2309,1180
575: 1185,1256,755,21,1714,1482
576: 1337,1169,2649,2078,2091
577: 1885,1072,938,1386,1565,15
578: 1195,2080,603,148,60,2022
579: 845,1204,570,276,137,1464
580: 66,791,667,1020,37,149
581: 678,1933,1899,1857,16,1859
582: 1209,968,2010,2085,2401,1651
583: 491,1499,1332,1117,500,915
584: 1076,1105,1812,134,532,264,1841
585: 1879,1912,878,969,430,738,1895
586: 188,600,212,805,345,71
587: 341,2090,2475,2512,628,1213
588: 1113,634,2033,2093,2392
589: 195,731,1190,2324,309,2461,898,1226
590: 2692,1230,890,1096,1148,2099
591: 827,344,1921,248,131,655
592: 1076,513,1812,727,199,280
593: 984,223,1689,1232,911,399
594: 1225,346,835,1234,2107,2519
595: 154,327,1245,1238,1727,1506
596: 400,1414,1624,291,1242,238
597: 154,1245,1247,1336,1510,2708
598: 976,281,1717,765,671,1250
599: 1014,1773,1311,236,423,2617,2462
600: 188,1259,1815,110,586,408,71
601: 282,438,135,1843,1751
602: 1382,2662,2113,2479,883,2591
603: 578,1195,2331,2115,2396
604: 66,541,248,358,542,156
605: 1670,2043,2145,2325,2497,2120,1280
606: 247,1796,1282,357,1347,1109
607: 1099,1340,2578,1328,1288,2248,2511
608: 891,762,1875,1402,1861,285
609: 250,225,849,138,1583,637
610: 870,157,1343,1678,1293,39
611: 429,1689,114,1575,726
612: 2608,2096,1997,2125
613: 905,1300,1745,2716,2185,2269
614: 405,1826,971,2131,442,2637,688
615: 1831,1828,1938,159,780,1834
616: 975,1435,1129,2134,2711,2552
617: 1425,73,1525,524,1308,160
618: 1313,2140,2413,2459
619: 1871,1272,396,1492,1315,1155
620: 161,1321,1527,1089,1534,164
621: 1598,2196,2326,1438,1588,712,2144
622: 730,1643,1208,2150,2356,1330,162
623: 1507,1289,2515,243,696,2153,2651
624: 1869,41,1817,793,1887,1917
625: 1502,1614,868,1338,922,1123,2600
626: 406,22,1460,1644,1099,1340
627: 1126,1495,276,289,920,1087
628: 2364,1213,2159,2180,587,2234
629: 441,878,1366,1630,1352,234
630: 140,152,408,805,71,1526
631: 1368,366,1127,556,1051,10
632: 333,1615,2164,2174,2505,2627,2706
633: 1803,1361,1049,1163,1756,253,290
634: 588,1113,2093,2160,1539,2168,2285
635: 212,1906,381,492,29,345
636: 453,1672,1530,852,2599,783,311
637: 609,225,138,1150,1891,1128,1813
638: 1058,266,2074,2376,2172
639: 1731,853,2178,2436,897,1369,2616,1114
640: 2182,2193,2225,1566,2212,1133,292,2641
641: 1374,2186,1391,227,1752,2311
642: 879,2147,2188,1377,1685,1375
643: 784,245,1082,2444,2111,2192
644: 1296,404,2534,2194,1543,2678,942
645: 1146,294,50,1262,1502,1390
646: 151,2020,2180,2199,2203,1395
647: 295,550,542,391,937,156
648: 1396,411,563,1476,1142,1564
649: 2686,2047,2110,1013,1770,2202,2506
650: 2691,2204,2672,2490,1760,1407
651: 2693,1544,2094,2208,2641,821,1371
652: 1913,139,1267,534,1814,2166,2112
653: 777,1414,1855,33,1063,893
654: 1412,2702,1955,2697,1463,2215
655: 140,152,937,156,131,591,248
656: 1462,239,1785,2218,2328,2530,2246
657: 414,983,170,1858,490,64,961
658: 667,933,1901,1829,482,37
659: 1429,1396,411,87,1537,867
660: 1139,810,1432,1825,340
661: 1085,146,2223,2428,2710,772,2425
662: 1792,2714,1439,2549,2607,1316,2226
663: 1176,572,2229,2295,142,1130
664: 1904,1863,193,1862,299,1876
665: 1481,880,552,26,1454,2036,1556,2209
666: 222,842,1248,1458,1208,1739,2356
667: 658,1901,1020,427,37,580
668: 1450,1374,469,1949,1737,1696,2227,1461,202
669: 419,1540,1463,2084,2215,2238,694
670: 1466,171,1897,416,318,1152
671: 72,976,765,598,1865,1888
672: 174,1306,1258,2217,2241,384,75,2464
673: 1475,226,1749,888,1560,465
674: 2251,92,303
675: 751,2373,2514,1162,2265,2254
676: 1602,548,1619,1488,1680,1065
677: 1125,1965,2184,2258,2650,1171,2283
678: 1899,581,825,1298,1852,16
679: 1673,1381,980,305,1051,1494
680: 750,1932,55,796,1822,302
681: 392,1177,2576,1062,203,527,2263
682: 161,1655,40,1498,1789,496
683: 537,216,824,1503,198,1653,2252
684: 806,176,962,1922,1906,381
685: 905,1372,2035,2269,1186,558,2318,2042
686: 1928,1389,177,1718,1652,371
687: 2272,1979,2214,2416,997,1955
688: 108,1918,442,1098,614,2131,1656
689: 1528,204,1056,1650,2067,2276,2324
690: 145,739,1869,41,1821,2369
691: 1192,10,82,1494,1221,1532,2068
692: 417,420,111,1536,864,1560
693: 1170,1363,2285
694: 421,1524,2719,669,1540,2238,2288
695: 450,1210,710,831,1542,179
696: 243,2098,2343,2293,623,1289,2153
697: 419,2215,2296,1419,2702,463,2103,2305
698: 536,1416,263,1552,1408,1044
699: 251,109,1657,1555,2118,1800,1795,1666
700: 1559,1153,201,2253,2162,422,2303,1581
701: 411,1120,1537,927,1564,209,1591
702: 1084,966,2108,2114,2307,1646,2703,2277
703: 519,1569,2232,2310,2446,183,2359
704: 1877,1575,1824,23,1830,1444
705: 1597,1577,1078,1124,1768,1698
706: 133,1068,2319,1580,2158,461,45
707: 1198,1301,1934,1905,560,1039,2016
708: 324,2323,1584
709: 1159,2261,2175,569,2330,2327
710: 695,831,1542,1219,1188
711: 1610,1596,1330,1592,1771,946
712: 1588,569,2144,2179,2330,621,2175,2196
713: 1198,1934,1889,206,313,1201
714: 1486,486,1942,1993,1779,2245,2333
715: 1986,2106,2211,2336,2717,1637,2200,2262
716: 1815,110,418,1820,750,1822
717: 1473,1566,1972,2137,2409,2012,538,2341
718: 189,1885,1072,1380,1005,882
719: 1616,1295,1138,2532,2348,2381,2221
720: 808,1065,2216,444,2393,1619
721: 145,443,1821,190,1240,1478
722: 1621,1009,1799,1570,1278,471
723: 1717,765,877,191,505,1935
724: 458,187,2661,1625,2516,2352,1509
725: 1793,1958,2355,1000,1711,1271
726: 1196,1575,452,611,429,1633
727: 513,257,592,199,1816,972
728: 1053,2360,2458,2671,1205,2262,1605
729: 194,1640,771,1373,1062,527,1030
730: 622,1643,1208,481,316,144,2356
731: 589,195,69,533,2290,1190,1650
732: 1823,1664,737,882,1660,859
733: 1928,190,495,1652,1639,1764
734: 1634,567,1656,808,1054,971,2131,444
735: 2559,1211,857,2299,2362,2365,2532
736: 1005,863,1660,1294,85,1754
737: 1664,1617,732,52,2016,1301,859
738: 585,1912,1895,970,1916,1922
739: 690,1869,2369,1832,1216,376,945
740: 1670,2371,1102,1807,544,2060,2145
741: 2373,2383,1674,2626,2265,431
742: 53,1676,2375,1668,1781
743: 361,1678,1167,1293,1355,1402
744: 548,1115,1680,54,1784,1814
745: 1067,1683,2421,2379,2382
746: 1042,2469,2015,2363,2381,539,2233
747: 2257,2372,2384
748: 2386,1695,1653,1038,1090,2252,5
749: 1697,1611,433,989,1193,825
750: 55,680,1822,488,1820,716
751: 86,1485,675,832,1990,2373,2391,2514
752: 1022,1708,150,56,1052,1499
753: 2323,2394,2400,185,1606,913,2237
754: 1712,1532,1709,556,994,770
755: 434,21,575,1576,1339,1714
756: 1716,325,1288,1983,2399,2488
757: 984,429,1839,223,843,1924
758: 147,1714,349,326,1576,1718
759: 781,1074,1161,59,410,1886,1725
760: 327,85,1754,1189,1727,15
761: 1008,1994,2404,1496,1762,2011,2566
762: 1433,608,361,1875,1402,1892
763: 1735,2302,2412,198,274,2502
764: 1738,2451,1385,2345,2414,1290,479
765: 723,72,1717,598,671,1935
766: 298,158,1745,310,82,1520,2051,2068
767: 1394,2673,2317,2418,2493,918,1797
768: 1587,1029,1598,2196,2422,2666
769: 2424,2039,2157,2161,2184,1032,2048,1518
770: 1399,57,1036,2495,994,1712,754
771: 194,1040,729,1679,1062,527
772: 1559,2710,2124,1043,1252,2428,2449,661
773: 1149,1017,2246,2524,2055,2432
774: 954,1705,1937,342,1050,211
775: 437,108,1622,960,1212,1054
776: 451,487,1945,2648,2460,2437,2069
777: 438,1414,653,1855,1060,1624
778: 331,1063,840,1103,1257,1302
779: 98,1883,938,490,1836,876
780: 931,1834,1721,2665,374,615,1938
781: 759,1853,1074,1264,332,59
782: 1398,1757,307,1078,1183,846
783: 1877,1444,311,636,2599,386,409
784: 1423,245,643,957,2444,2694,2164
785: 1879,1868,969,1887,107
786: 1047,1086,2310,2446,65,258,517
787: 1840,1829,206,1201,951,267
788: 395,91,1487,164,1445,1089
789: 573,2235,1213,1618,2512,2454
790: 1582,179,991,1098,1704,1578
791: 66,1907,580,541,1930,149
792: 1101,2045,2374,2457,835,2519
793: 912,94,1531,1887,624,1817
794: 67,1239,1309,1320,17,1105
795: 335,134,1061,532,1239,1939
796: 1932,359,403,55,680,543
797: 89,1110,81,1516,1343,232
798: 1136,1474,2046,143,271,1243,1112
799: 1332,396,950,1117,337,1002
800: 1334,301,332,1120,1537,867
801: 920,1818,1246,1827,370,1495
802: 1139,810,1684,981,210,523,2274
803: 489,1314,1684,1903,90,1026
804: 1697,211,1698,1705,127,1124
805: 152,345,278,630,71,586
806: 1864,819,176,829,1906,684
807: 1058,1079,1981,2074,2468,2521,2461,1231
808: 1634,720,734,1065,444
809: 233,873,1856,1850,9,553
810: 802,660,1139,340,1287,523
811: 1109,1141,1251,1308,531,284
812: 1291,2090,2475
813: 1424,1097,856,1003,1147,124
814: 2563,2478,2271
815: 571,1722,2064,2292,2224,2481,2259
816: 1642,90,338,1387,1415,1160
817: 1803,506,1966,2486,2564,2202
818: 1626,2489,22,446,1724
819: 806,176,829,56,988,215
820: 2004,2491,2598,2650,2628
821: 651,2208,1371,2494
822: 448,1179,2499
823: 954,1705,127,504,1870,1436
824: 683,216,1182,198,2502
825: 678,1165,1298,1852,749,433,1193
826: 2645,901,1440,1140,1197,530
827: 591,344,1921,1915,1930,1908
828: 1359,1200,2508,953,855,2026,2101
829: 1864,806,819,215,979,1202
830: 1207,218,1277,1356,1310,956
831: 77,1210,710,695,1146,1219
832: 751,1485,1733,2514,2435,2367
833: 1384,1556,1219,1111,2121,26,77
834: 1303,1732,1519,389,1064,1452,2718,2572
835: 1225,594,2519,792
836: 1056,1231,2069,2415,2648,339,2206,2468
837: 1233,2058,2523,1422,1953,78,2123
838: 1616,1095,1295,2525,2136,2233,2434
839: 1929,1819,1669,452,1839,1633
840: 1315,778,1155,1103,1257,1241
841: 262,1081,261,1073,2529
842: 666,1349,222,568,1248,1241
843: 757,223,1924,1923,1741,1010
844: 2533,2255,1631,947,2684
845: 147,1261,1204,1482,579,1464
846: 1263,1276,279,1183,782,1398
847: 1265,2536,2236,2337,2471,2095
848: 349,1317,326,1240,1270,1478
849: 609,362,250,225,1871,1272
850: 1520,1279,2051,1274,2495,2542,103,1511
851: 1278,417,1621,1194,1521,226
852: 1530,973,2599,636,1442,1672
853: 1731,286,639,2547,2178,2472,2500
854: 1284,1322,2338,2553,904,1998,2577,2625
855: 1507,2515,2026,2101,2555,828,1200,953
856: 1424,1097,813,540,1713,1147
857: 2559,735,2532,1295,2525,2071
858: 1568,939,2143,2674,1743,2562,2570
859: 317,1301,1934,313,1823,737,732
860: 2604,413,2397,2667,2565,1307,46,2556
861: 1312,2560,1809,2579,2569,2342
862: 455,1758,1299,2541,2655,2571
863: 1664,736,125,1660,1294,1383
864: 1475,1560,111,692,1373,260
865: 2070,2405,2574,1323,1228,323,2268
866: 1720,2578,2284,2419,1340,352
867: 87,659,1694,1537,1334,800
868: 1502,1339,1390,1614,625,371
869: 1897,457,416,1874,340
870: 610,1110,1343,39,1611,433
871: 1648,1346,369,353,1247,1336
872: 925,1985,2329,2456,2582,2674
873: 1881,809,1856,553,1865,1926
874: 2031,2470,2587,2646,1354,2624,2682
875: 1360,1106,1362,2589,2632
876: 1846,1836,1866,460,1883,779
877: 996,723,1717,191,497
878: 585,1879,629,430,1366,1630
879: 203,545,642,2021,2147,1679,1375
880: 1376,1481,665,552,1454,1574,2152,2719
881: 964,934,1554,1777,357,1378
882: 1823,1005,732,1660,718,1380
883: 401,2591,2595,602,1382
884: 1590,2657,2132,2597,2183,2565,46,2003
885: 1610,1596,1387,235,1529,1160
886: 464,2382,2601,1649,1392
887: 1022,491,1911,1484,363
888: 673,1475,1410,1319,465,2603
889: 1353,2606,1956,571,13,2292
890: 1263,2692,590,1310,1400,1096,956
891: 608,1293,1402,39,285,1165
892: 1787,2690,2567,2609,1406
893: 1063,1103,24,362,653,33
894: 275,447,2611,2513,1778,236
895: 1387,1529,162,1415,387,1702,1446
896: 2484,2309,907,2720,1418,2614
897: 1420,30,1369,2189,2616,639
898: 1226,237,1426,589,1635,195
899: 1430,365,1328,2488,2540,2511
900: 354,2713,2589,2620,2700,1970
901: 347,1440,826,395,1140,91,2081
902: 535,973,400,135,1549,1442
903: 366,1357,1445,96,562,1806
904: 1489,1447,1998,2539,2577,2625,854,2338
905: 1745,685,613,367,1372,2035,2185,2269
906: 1450,469,1120,209,301,1161
907: 1455,2720,2086,2605,1758,1553,896,2484
908: 1943,2598,368,2628
909: 406,1460,1533,48,470,1194
910: 456,2342,2658,1028,2631,2560
911: 1570,399,1811,471,593,1232
912: 477,390,94,793,1817,1925
913: 1960,2237,2635,2685,753,1710,2400
914: 1648,1469,369,2557,1775,484
915: 943,1484,583,491,1332,95
916: 320,70,1837,1246,1216
917: 1486,1748,486,1594,2639,1942,1944
918: 1788,1797,2642,2715,767,1394,2673,2418
919: 1782,237,1335,1426,1197,1493
920: 801,70,1087,1168,1246,627,1495
921: 124,1500,2646,1003,1227,1750
922: 1502,625,1123,26,2036,1111,1262
923: 1646,2703,529,2649,2078,2321
924: 1045,546,7,288,1950,2153,2651
925: 872,2329,2653,2474,458,2582,2615
926: 1274,1207,372,1356,515,1511
927: 1142,182,1564,1591,2228,2656,701
928: 1579,373,2548,555,1403,2660
929: 1522,1305,2662,2056,2113,2220,1137
930: 1627,440,470,1331,1533
931: 1549,780,1442,1672,2665,374
932: 1759,2668,244,2037,2549,563,1551
933: 414,1840,658,1901,462,1829
934: 881,1639,964,1764,1554,1465
935: 1777,1378,450,1661,1582,1558
936: 1557,1874,1525,1561,44,1552
937: 152,156,278,655,295,647
938: 98,1883,779,1885,577,1565
939: 1467,1568,1350,858,1960,2143,2582,2674
940: 1808,1571,1132,2531,2044,2210
941: 2677,1775,1572,1767,2558,1794
942: 2678,1518,99,1579,644,1296
943: 359,403,915,1484,95,1583
944: 1769,480,2681,2181,2687
945: 376,948,1867,1917,739,1869
946: 476,1759,711,1421,1592,1771
947: 2533,844,2684,2198
948: 1882,1890,945,107,1867,1917
949: 1623,378,1601,959,1603,1449
950: 1835,396,799,337,1603,388,101,1492
951: 518,1041,1119,206,787,267
952: 520,1800,1135,1607,31,1795
953: 828,1359,2508,2689,855,2101,1975
954: 1705,1937,774,823,1870
955: 358,105,1931,1936,542,391
956: 2692,1310,890,830,1878,1356
957: 1423,784,245,2345,2694,1794
958: 1428,1572,1767,52,1214,1617
959: 1838,526,1059,1623,949,1449
960: 775,1622,1212,380,1628,318
961: 1021,1909,1018,64,657,170
962: 176,1922,684,493,1912,430
963: 1236,1636,2699,1286,2509,1977,221
964: 881,485,1639,934,1777,1206
965: 1367,166,2638,2195,2701,2172
966: 702,1084,2114,2307,2395,2321,2703,275
967: 1648,1469,1346,217,2561,1121,1962,2291,382
968: 582,2085,2353,1783,394,1651,2704
969: 785,585,1879,1890,107,1895
970: 29,1916,256,738,1922,381
971: 405,614,2131,444,1656,734
972: 1655,1498,257,727,1816,383
973: 535,1530,902,1370,852,1442
974: 472,1944
975: 616,1435,1006,502,1666,1129,2134
976: 281,598,671,1927,1893,1888
977: 2520,1951,1667
978: 111,1536,1501,1640,1671
979: 188,1815,1202,1820,1864,829
980: 1048,1673,679,305,1776,1968
981: 802,1314,1684,1702,2274
982: 2351,1957,2024,2327,1587,2175
983: 414,1854,462,657,1858,319
984: 429,593,757,223,1689
985: 1395,1954,1961,2057,2065,2676,1691,1038
986: 492,29,295,550,256,1914
987: 1855,1060,116,1694,1334,1264
988: 1708,56,215,2,819,176
989: 749,232,1697,1611,1768,1698,1110
990: 1353,2622,1956,13,2388,2531,1967
991: 790,1401,1632,179,1704,1542
992: 1928,190,1718,1240,326
993: 1134,119,2216,2688,4,1706,1973
994: 1789,1527,1709,754,770,1036
995: 1284,1976,2403,1711,1271,2483
996: 1717,1250,1513,877,497,1791
997: 1412,1955,687,1979
998: 1937,1923,1741,1050,1860,252
999: 1417,122,453,1721,1672,2665
1000: 1711,1983,2243,2410,1793,725
1001: 186,1421,1592,1985,2456,123
1002: 95,250,1871,1332,396,799
1003: 1227,62,2402,1147,2242,921,124,813
1004: 535,251,109,1843,1370,181
1005: 736,882,1660,1754,718,1072
1006: 1163,975,1756,1435,502,2564
1007: 1728,1431,1991,1810,2709,1978
1008: 1224,2487,761,1994,2011,2465,2566
1009: 1742,1621,1765,722,1436,48,1799
1010: 1923,504,1870,223,843,1232
1011: 1872,1866,1018,511,1898
1012: 1802,1935,1926,1801,1740,72
1013: 1966,2002,1770,2202,649,83
1014: 348,213,1713,599,1773,1311,2279
1015: 508,1776,1641,254,2005
1016: 1681,2342,2008,2569
1017: 297,773,277,1149,2010,2085,2246,2524
1018: 1836,1866,64,1011,1909,961
1019: 1931,483,1898,1902,8,512
1020: 358,105,427,667,66,580
1021: 105,427,1936,1909,961,170
1022: 56,491,752,887,1499
1023: 1275,1076,513,334,1487,17
1024: 0,518,1244,1073,1041
1025: 258,1199,474,517,2335,445,1037
1026: 90,1468,1283,338,803,1903
1027: 1772,272,1071,1708,2,1052
1028: 1462,2631,1785,2019,456,910,259
1029: 1587,768,2422,2666,1391,2024,2311
1030: 1761,527,230,260,2317,1373,729
1031: 1941,2155,1686,2032,2385,76
1032: 2424,769,2161,141,2034,2048,507
1033: 2006,394,1651,4,428,1946,1083,1209
1034: 18,1782,516,2701,1443,2270
1035: 1635,1081,1073,449,530,2645
1036: 770,1399,436,994,1789,496
1037: 1441,445,129,65,1025,517
1038: 2386,1695,748,1691,2038,2368,985,1961
1039: 1905,560,261,1198,312,707
1040: 194,356,1629,771,1679,1375
1041: 0,518,951,1024,1889,206
1042: 746,2015,2041,2363,539,1729,1948
1043: 1101,1252,2045,2428,2449,772,1234
1044: 272,375,1408,522,698,263
1045: 924,546,473,1950,2052,1108
1046: 509,2408,2055,1149,239,2328
1047: 786,1086,2058,2310,2446,2523,2123
1048: 265,1673,980,1968,2371,2060,2575
1049: 520,1920,31,1756,290,633
1050: 1937,342,774,998,252,1255
1051: 1368,631,305,679,10,1494
1052: 1708,150,752,272,1027,522
1053: 1395,728,1954,2065,2360,2671,1393,2199
1054: 567,1212,1656,734,108,775
1055: 132,1352,1453,1116,524,160
1056: 204,836,2437,689,2069,2264,2276,2415
1057: 1260,2466,1992,2032,2072,76
1058: 638,807,266,1131,2074,2376,2521
1059: 210,1156,959,1838,526,1446,2274
1060: 282,438,777,1855,987,1264
1061: 267,67,795,1239,1939,1119
1062: 771,729,1679,203,527,681
1063: 778,116,893,1103,1302,653,1855
1064: 528,220,2298,2718,834,1732
1065: 1996,1634,808,720,1619,1488,676
1066: 2504,2681,2082,2380
1067: 745,1683,1722,494,2064,2087,2421
1068: 133,706,1999,2089,2148,2319
1069: 1682,200,1659,564,2095,2301,2236,2344
1070: 14,1959,2075,2097,2485
1071: 1772,132,272,375,234,1027
1072: 1885,577,718,1754,15,1005
1073: 1244,449,1024,841,1035,1081
1074: 759,781,301,1161,332,410
1075: 531,94,1531,1329,163,27
1076: 584,513,17,1023,1105,1812,592
1077: 525,2102
1078: 782,1398,1757,1597,1577,1627,705
1079: 807,309,1981,2074,2105,2461
1080: 1178,2302,2412,2574,1323,274,2109,2581
1081: 1635,841,533,1035,262,1073
1082: 643,2444,2111,2230,1615,2056,2473
1083: 2006,1033,428,1602,2112
1084: 1586,702,1778,1567,966,2114,2141,2307
1085: 20,661,1964,2223,2107,2117,2425
1086: 786,1047,2523,296,65,2053,2123
1087: 920,1168,276,570,627
1088: 1835,566,1847,1601,536,263
1089: 620,1321,788,334,1487,2357,164
1090: 2386,748,1653,279,1183,5,537
1091: 277,2358,2401,2440,78,1267,534,2705
1092: 3,1459,1947,538,2012,2128,2341
1093: 21,1763,2130,231,2173,2320
1094: 2527,2133,2207,2454,1291,341,2512
1095: 539,1616,838,2136,2233,2300,2455
1096: 1263,1230,590,279,890,5
1097: 1424,813,856,1464,540,2138,2707,1713
1098: 790,442,1704,1578,1918,688
1099: 22,626,607,1340,1288,2248
1100: 281,1250,1513,1259,110,418
1101: 792,1043,1252,2045,2142,2374
1102: 74,740,544,2145,2018,329,2501
1103: 1315,778,1063,840,893,24
1104: 253,290,2260,2021,2147
1105: 584,1076,17,134,1239,794
1106: 875,2620,2151
1107: 1273,6,2115,2154,2275,2331
1108: 1045,546,473,2052,2593,2025,2156
1109: 811,1251,1347,606,1282,284
1110: 870,797,1343,232,1611,989
1111: 833,26,922,77,1262
1112: 1243,69,262,2290,1136,798
1113: 588,1223,634,2160,2392,1497,2014
1114: 2165,1369,286,639,2178,2134,2552
1115: 1602,548,744,2166,2112,1814
1116: 524,1141,27,441,1352,1055
1117: 1332,799,337,1847,500,583
1118: 2140,2169,2413,1512
1119: 518,951,549,267,67,1061
1120: 701,1537,209,301,800,906
1121: 967,217,2561,2291,2417,382,2340
1122: 1200,2174,2423,2508,217,2291
1123: 2036,2176,2580,2600,625,922
1124: 1597,705,1698,804,127,184
1125: 373,1965,2039,2184,677,1171
1126: 153,627,1325,1495,1342,289
1127: 1534,366,631,1709,556,1357
1128: 291,1150,1242,1828,1813,225,637
1129: 975,616,1666,2134,1555,2189
1130: 142,315,1637,2163,2200,663,2229
1131: 1058,2206,2376,2521,165,339,2079
1132: 940,559,2044,2210,1483,1988,2583
1133: 169,2205,1258,2212,2217,640,292
1134: 405,119,2216,444,993
1135: 386,1607,1377,952,31,205
1136: 261,1474,798,2046,1112,262
1137: 1145,1268,2471,929,2113,2220
1138: 270,2365,2532,719,561,2221
1139: 802,489,660,810,1684,1432
1140: 901,826,562,395,1197,1493
1141: 811,1116,524,1308,531,27
1142: 927,1564,2228,563,2668,648
1143: 32,1407,2231,2353,1783,2691,255
1144: 2090,2234,2596
1145: 1137,2236,2471,2220,2431,293,200
1146: 77,1210,294,831,1262,645
1147: 1713,2242,2279,1003,62,813,856
1148: 2099,2244,1230,590,565,2411
1149: 773,1017,2246,2055,1046,239,2328
1150: 1242,1128,362,225,637,33
1151: 2478,208,2249,74,1693
1152: 567,1212,12,670,171,318
1153: 1480,201,700,1434,2253,2442,2543
1154: 1429,35,222,1739,331,1257
1155: 1315,840,568,1241,1492,619
1156: 300,526,1446,1059,387,79
1157: 425,1451,36,1986,2257,2372
1158: 413,1546,2481,2259,1715,2556
1159: 273,1686,2102,2261,2385,709,2327
1160: 885,1387,235,1642,1774,816
1161: 759,1074,301,906,1450,410
1162: 38,219,1989,2265,431,2254,675
1163: 1756,1435,1006,1803,1361,633,2564
1164: 2533,80,1253,2251,2255,2267,1479
1165: 285,825,1852,891,39,433
1166: 1976,2126,2273,2403,192,2243,2489
1167: 743,1678,1355,40,1620,1608
1168: 1270,920,70,1087,570,1317
1169: 2278,1337,576,2078,2491,1187,2640
1170: 2633,1363,2280,693
1171: 2283,2452,373,1125,677
1172: 2534,1997,2040,2125,2287
1173: 426,1595,2494,2050,2466,2289
1174: 1397,2606,2679,2259,2292,1715,2407
1175: 305,1776,254,130,1806,1368
1176: 663,572,1964,2066,2170,2295,142
1177: 392,681,1963,2297,2576,503,2263
1178: 435,2070,2302,2412,2574,1080
1179: 822,448,2499,2644,1419,1585,2305
1180: 574,229,1677,2309,2339,2484,2655
1181: 44,378,104,1416,2240
1182: 216,824,2284,1328,2387,2502,2540
1183: 279,846,782,307,1090,537
1184: 461,45,2664,2314,2613,2001,2214
1185: 1256,575,2462,348,1311,1261,1482
1186: 2350,558,2318,685,2035,1514,308
1187: 275,447,2640,2278,1169,2078,2321,2395
1188: 1590,1219,2183,228,2313,710,1542,1401
1189: 153,1386,1727,1342,15,760
1190: 589,731,2290,1650,2324
1191: 47,2007,2441,2713,2312,2326,1438
1192: 691,310,82,1494,1663,1381
1193: 749,1697,211,825,1298,342
1194: 1621,48,851,406,909,1521
1195: 578,2080,2331,2406,603
1196: 1877,1575,726,311,122,452
1197: 919,1426,530,1493,826,1140
1198: 312,1934,1889,707,713,1039
1199: 258,1025,517,2009,2030,2335,2359
1200: 828,1122,2508,855,2026,2340,217
1201: 713,206,313,787,246,1840
1202: 979,1820,829,215,488,363
1203: 561,2221,2346,2348
1204: 845,147,349,570,1317,579
1205: 315,2350,2262,1605,728,2458
1206: 485,1639,964,50,1389,1652
1207: 926,1726,372,218,830,1356
1208: 730,622,2150,2356,666,1458
1209: 582,2358,2401,2006,1033,1651
1210: 450,695,1146,294,831,1661
1211: 2559,735,51,2362,2506,1404,2686
1212: 1152,567,1054,775,960,318
1213: 2364,628,1618,789,341,587,2512
1214: 958,1767,52,1905,84,2016,479
1215: 1730,499,1958,2367,2551,2554
1216: 320,1837,916,1832,739,2369
1217: 1676,2029,2377,53,1508
1218: 2379,2382,2347
1219: 1384,1590,833,1188,77,710,831
1220: 2384,2389,1304
1221: 691,1712,1532,1279,2051,2068,2495
1222: 1632,2637,1704,2572,118,1303
1223: 1113,2592,2392,2585,1497,398,2014
1224: 1008,2487,2396,1747,2465,2492
1225: 594,835
1226: 18,898,237,589,309,2105
1227: 2463,1003,1746,1750,2402,921,2646
1228: 323,2133,2268,2454,865,573,2405
1229: 63,126,2408,510,1974,2055,2584
1230: 590,1096,5,1148,2099,2411,2038
1231: 836,2276,2324,2415,807,2468,2461
1232: 593,223,504,1010,911,471
1233: 837,2058,2420,1462,2019,1953
1234: 594,2107,2519,2425,1043,2045,2428
1235: 1710,2429,478,2685,1766,1677,2097
1236: 2136,2300,2434,963,1286,2509,221
1237: 1430,1297,2488,1716,325,2438,2439
1238: 1699,459,351,154,595,1506
1239: 67,134,1061,795,794,1105
1240: 992,190,848,326,1478,721
1241: 222,568,842,1155,840,1257
1242: 291,1150,1128,1414,33,596
1243: 69,1112,2290,143,271,798,1528
1244: 518,1073,449,1654,1024,549
1245: 154,595,1318,597,327,1336
1246: 801,920,70,1837,916,1818
1247: 597,1336,1510,1346,871,2708
1248: 666,1349,79,1269,842,1458
1249: 350,1324,2022,2447,2177,60
1250: 996,281,1100,1717,598,1513
1251: 811,73,1628,1109,1308,1282
1252: 1043,1101,1581,2045,2142,2449,2501,772
1253: 1164,80,2483,2503,2255,2267,2453
1254: 2120,2459,2249,74,2043
1255: 330,252,1298,16,342,1050
1256: 1185,2617,21,575,2130,2462,1311
1257: 331,778,840,222,1241,1154
1258: 174,672,2217,1550,169,2464,1133
1259: 600,110,408,155,1100,1513
1260: 1057,2466,2289
1261: 845,1482,348,1185,1464,540
1262: 77,1146,645,1111,1502,922
1263: 1276,279,890,1400,1096,846
1264: 781,1853,1334,332,282,987,1060
1265: 847,1676,2337,2377,2471
1266: 88,2077,333,2473,2550,2230
1267: 78,1913,652,534,2053,2705,1091,2358
1268: 1137,2029,2377,2471,2113,2479
1269: 1349,79,1449,388,1248,526
1270: 320,70,1168,1478,848,1317
1271: 2483,2453,1711,995,2403,725,2355
1272: 362,619,849,1871,1315,24
1273: 1107,2487,6,1994,2115,2404
1274: 926,372,57,2495,1279,850,1511
1275: 334,1487,17,1023,1320,91,2081
1276: 1263,1400,846,81,1398,117
1277: 89,336,1516,218,830,1310
1278: 1570,417,420,851,1621,722
1279: 1712,1520,1221,2051,850,1274,2495
1280: 287,2120,402,2585,605,2497
1281: 227,538,1752,2500,113,1947,2116,2311
1282: 606,1622,1796,1628,1109,1251
1283: 1026,1441,129,1468,338,514
1284: 995,854,1322,1976,2553,2483,2503
1285: 451,42,1945,2648,2507,1538,339,2510
1286: 2699,506,1804,2002,2509,1236,963
1287: 457,340,810,1358,104,523
1288: 325,756,2248,2399,2511,607,1099,2488
1289: 623,102,1333,2515,2555,696,2293
1290: 84,1474,479,2414,143,1738,2451,764
1291: 812,341,2475,1094,2527
1292: 137,289,351,2138,2707,1325
1293: 891,743,1678,1402,39,610
1294: 353,1318,85,1383,736,863
1295: 1616,838,2525,719,857,2532
1296: 644,2534,2125,99,2096,942
1297: 1237,2636,1430,2438,1990,2537
1298: 678,825,16,1255,1193,342
1299: 455,862,2498,2541,2570,2143
1300: 298,1745,613,2716,2442,2543
1301: 1934,707,859,737,2016
1302: 331,778,1063,116,87,1694
1303: 834,1519,1826,2637,1222,2572
1304: 1220,2517,2480,2546
1305: 1522,1382,929,2662,2056,2654,2473,2550
1306: 1473,174,672,2165,2241,2711,2552
1307: 46,2003,2556,2407,2477,860
1308: 811,617,73,524,1141,1251
1309: 1654,549,67,794,347,1320
1310: 890,1400,956,830,89,1277
1311: 348,1014,599,1185,1256,2462
1312: 239,2530,2560,861,1809,509,1971
1313: 618,2459,2249,2563,2478
1314: 803,1684,981,90,1702,1415
1315: 1155,840,1103,24,619,1272
1316: 2226,2541,2570,2571,1439,662,2562
1317: 1204,848,349,570,1270,1168
1318: 353,327,1294,85,1245,1336
1319: 1475,888,2603,2673,260,2573,2000
1320: 347,2081,1309,794,1275,17
1321: 161,1655,620,1089,334,2357
1322: 854,1284,2577,80,2503,2063
1323: 2581,865,2574,1080,323,2073,2482
1324: 350,1249,2586,2177
1325: 153,1126,1506,1292,289,351
1326: 415,182,1515,2448,2588,2656,2675,93
1327: 25,2619,2151,2590
1328: 899,2540,2578,1182,2284,607,2511
1329: 390,1471,531,284,94,1075
1330: 1596,162,711,622,1643,1771
1331: 475,2419,930,1533,352
1332: 1117,799,583,915,1002,95
1333: 102,1289,2555,2334,2293,2594
1334: 800,1264,332,1694,867,987
1335: 1782,919,96,1493,130,1443
1336: 353,1318,597,1245,1247,871
1337: 576,1169,1943,2091,2491,2598
1338: 1614,625,231,2600,434,1763
1339: 1614,868,371,755,434,1576,177
1340: 1460,626,607,1099,352,866,2578
1341: 47,93,1455,1734,468,2441,2605
1342: 153,1189,370,1126,1386,1495
1343: 870,610,797,157,1110,1516
1344: 114,23,1830,1848,1629,1671
1345: 1403,2608,2660
1346: 1648,967,2561,871,2708,1427,382,1247
1347: 1554,357,606,1471,284,1109
1348: 1523,2059,2106,2612,168,1548
1349: 568,1269,842,388,1248,101
1350: 1467,1690,939,2582,2615,2661
1351: 1609,2618,2652,2594,102
1352: 132,234,1055,1116,441,629
1353: 528,889,2298,2606,2622,2679,990,1956
1354: 1427,2624,2682,874,1510,2031,2708
1355: 383,743,361,1167,40,1498
1356: 1878,515,926,1207,830,2692,956
1357: 1534,366,903,1127,164,1445
1358: 104,2240,1287,210,1838,523
1359: 828,2505,2508,2627,953,1975
1360: 875,2632,2629
1361: 1803,506,1804,633,1163,253,290
1362: 875,1418,2315,2589,2632,2700
1363: 1170,2633,2168,2191,2285
1364: 1567,2108,2307,393,2647,1984,2634
1365: 2636,1430,365,274,2109,2387,2581
1366: 493,878,629,430,1772,234
1367: 1541,965,2638,2088,2195,2172
1368: 366,631,1051,305,1175,1806
1369: 30,897,2189,2616,639,2178,2134,1114
1370: 535,1530,973,1004,251,1657
1371: 1595,2494,2182,651,2641,821
1372: 905,685,367,2035,2185,2643,2104
1373: 1640,729,111,864,1030,260
1374: 641,1450,668,2186,1535,1391,1949,2666
1375: 1040,356,1679,1685,879,642
1376: 1481,880,2647,2634,1574,2152,2390
1377: 1920,1135,31,205,1685,642,2188
1378: 881,935,1777,357,1558,247
1379: 368,2650,2283,2544,2628
1380: 189,319,718,1823,882,317
1381: 1663,1673,112,679,1192,1494
1382: 602,1305,2662,2654,883,2595
1383: 353,1294,369,484,125,863
1384: 1590,1219,833,2657,2121,2597
1385: 245,2192,2345,2659,2414,1738,2256,764
1386: 1189,370,1565,1342,15,577
1387: 885,1529,1415,1160,895,816
1388: 404,2156,2194,1746,1750,473,2663
1389: 686,1652,1390,371,50,1206
1390: 1502,868,371,50,645,1389
1391: 641,1374,1029,2666,227,2311
1392: 2669,886,464,180,2171,2670
1393: 168,2199,2203,1548,1605,1053,2671
1394: 767,2673,2000,1490,918,1788,2715
1395: 985,1053,2065,2676,646,2020,2199,115
1396: 1429,411,659,35,648,1476
1397: 1452,2606,2679,1174,1715,214,2407
1398: 782,1577,117,1078,1276,846
1399: 1726,770,372,57,436,1036
1400: 1263,1276,1310,890,89,81
1401: 1632,991,1188,2122,2313,1542
1402: 891,762,608,743,361,1293
1403: 1345,2660,2548,928
1404: 2686,2602,2013,2110,1211,51,2506
1405: 1732,2688,220,360,559,1973,1988
1406: 892,2690
1407: 1760,1143,32,1978,2691,650,255
1408: 1561,375,1453,1044,698,1552
1409: 2693,1544,2687,480
1410: 888,465,2603,1724,2426,2695
1411: 1647,141,2282,2611,2696,2161,507
1412: 121,997,1955,2129,2697,654
1413: 1599,2698,2294,377,2435,1730,2554
1414: 777,653,1624,33,596,1242
1415: 1387,895,1314,90,816,1702
1416: 44,698,378,536,1181,1552
1417: 122,999,1721,452,439,1819
1418: 1362,2315,2700,2614,896,229,2309
1419: 2702,2129,2697,1179,2499,697,2305
1420: 501,1886,1725,30,897,1842,2616
1421: 1592,1001,123,476,946,2135
1422: 1462,2218,1953,2440,78,2705,837
1423: 784,957,2444,2694,1723,2164,2706,379
1424: 1097,813,856,2707,459,124
1425: 617,73,1525,380,1466,1557
1426: 898,919,237,1197,530,1635
1427: 1354,7,2624,382,1346,2708
1428: 1775,958,484,1572,125,1617
1429: 1396,87,659,35,1154,331
1430: 1365,899,1237,2636,365,1297,2488,325
1431: 1007,2139,2709
1432: 489,660,1139,175,2528,1680,1825
1433: 762,383,361,1892,1816,1844
1434: 1480,1153,2710,1982,2124,2253,146
1435: 1163,975,616,1006,384,2711,2564
1436: 1765,1009,1799,823,127,504
1437: 2643,2712,2104,2244,385,1514,565
1438: 621,2326,2007,1191,2713,1970,2144
1439: 2714,662,2135,2562,1316,2226
1440: 347,2645,901,826,449,1654
1441: 1642,445,129,1037,1283,338
1442: 931,1549,1672,973,902,852
1443: 1641,254,130,2270,18,1782,1034,1335
1444: 1877,783,704,1824,386,205
1445: 903,1357,164,788,562,395
1446: 210,1156,1702,1059,2274,895,387
1447: 328,1489,904,1747,1998,2539,2715
1448: 2716,1982,2543,1969,2163,2042,1472
1449: 1269,388,949,959,526,1603
1450: 906,1374,668,1535,469,410,1161
1451: 36,1986,1157,2717,2229,1692,2372
1452: 528,1397,2679,2718,389,214,834
1453: 132,1561,375,1408,1055,160
1454: 665,880,2152,2719,2288,2209
1455: 47,907,1341,2720,2007,2526,2605
1456: 1580,1940,133
1457: 908,1943
1458: 666,79,1248,300,1208,2150
1459: 3,136,1092,1941,1947,2116
1460: 406,909,626,1340,1533,352
1461: 1665,202,2422,2666,668,1949,1737
1462: 656,1028,1785,1422,2019,2218,1953,1233
1463: 2061,669,2215,2238,2272,1955,654
1464: 137,1097,540,2138,845,1261,579
1465: 934,1764,1554,477,390,1471
1466: 670,416,1557,318,1425,380
1467: 1568,1690,1350,939,1960,2635
1468: 1026,1283,54,139,514,1903
1469: 1648,967,914,1962,2291,2557
1470: 1491,1647,2282,2424,1965,2161,2258
1471: 390,284,1329,1554,1465,1347
1472: 142,2163,2042,1982,1448,1969,2170,2295
1473: 174,1306,717,1972,2137,2165,2409
1474: 1136,84,1290,798,2046,143
1475: 673,864,1319,888,1560,260,2573
1476: 563,316,144,1396,35,648
1477: 392,1736,1977,2576,545,1636
1478: 1270,320,848,1240,145,721
1479: 1980,2533,1164,2251
1480: 1153,1434,1982,2253,2442,2543
1481: 1376,665,880,552,1984,2176,2634
1482: 845,147,1261,1714,1185,575
1483: 394,4,1946,1973,1988,2583,1132
1484: 359,1911,915,943,491,887
1485: 2438,751,832,1990,1733,2367
1486: 917,486,1944,1993,714,1662
1487: 1275,334,1023,788,91,1089
1488: 676,1680,1996,1065,1573,175
1489: 328,1447,904,1998,2577,350,2522,2447
1490: 242,2695,2603,1394,2000,1788,2625
1491: 1647,1470,2282,2640,2278,2004,1965,2258
1492: 568,101,396,950,619,1155
1493: 919,1335,96,1197,562,1140
1494: 691,1192,10,1051,1381,679
1495: 370,627,1126,1342,801,920
1496: 1762,1963,2011,2297,2496,761
1497: 1113,1223,2160,2638,547,2014,2088
1498: 1655,40,972,682,383,1355
1499: 1022,583,150,491,752,500
1500: 1699,921,459,124,2587,2646
1501: 399,978,1811,1536,1848,1671
1502: 1390,625,868,922,1262,645
1503: 683,537,1720,216,475,2419,307
1504: 435,2630,2119,2443,115,2020
1505: 97,2649,2091,2023
1506: 153,1727,1325,1238,351,595
1507: 623,855,2515,2026,288,2153,2651
1508: 2591,2479,1217,2029
1509: 2653,49,2009,2030,458,724,2352
1510: 1699,2031,1354,2708,597,1247
1511: 103,515,850,926,1274,2542
1512: 2592,2033,2392,1118,2169
1513: 996,1100,1250,155,1259,1791
1514: 308,11,2568,2035,1437,2643,385,1186
1515: 1326,2228,2588,2656,1792,2668,2037
1516: 89,797,336,157,1277,1343
1517: 2593,2025,2040,2287,243,2343,1790
1518: 2678,2048,2092,942,769,2157
1519: 405,1303,834,1732,1826,119
1520: 1279,2051,2068,850,158,766,2542
1521: 406,1644,1194,851,226,1749
1522: 1305,929,2056,2220,2431,2111,2192
1523: 407,36,1348,2059,2106,2187,2336
1524: 421,694,2719,2314,2613,2272,2061,2238
1525: 1425,617,160,1557,936,1561
1526: 140,408,630,1900,155,1919
1527: 161,620,994,1789,1534,1709
1528: 204,689,1650,2067,271,1243,2290
1529: 885,1596,1387,162,895,387
1530: 973,1657,1370,852,2599,636,409
1531: 94,1075,793,1887,163,1868
1532: 691,10,1712,1221,754,556
1533: 909,1460,352,930,470,1331
1534: 1127,1709,1357,164,620,1527
1535: 1450,1374,2186,410,467
1536: 978,420,111,1811,692,1501
1537: 701,411,659,1120,867,800
1538: 2633,2510,2076,2280,1285,42,2507
1539: 2028,2079,2168,2191,634,2160
1540: 669,1707,2084,2238,2288,172,694
1541: 398,196,1367,1638,2088,2195,2247
1542: 710,695,1188,1401,179,991
1543: 2463,2678,1746,2092,644,2194
1544: 1409,651,2693,1589,2094,2427,2687
1545: 1675,2098,2545,1790
1546: 1547,413,1158,2100,2481
1547: 2604,413,1546,1585,463,2100,2103
1548: 1393,168,1605,2671,1348,2106,2211
1549: 931,1442,374,238,400,902
1550: 169,2602,2047,2110,2464,2205,1258
1551: 563,481,144,1759,2668,932,244
1552: 44,698,1416,936,1561,1408
1553: 1758,2226,2571,2607,415,907,2086
1554: 881,934,357,1465,1347,1471
1555: 30,2118,2189,699,1666,1129
1556: 1563,833,2121,2209,665,26
1557: 1466,416,1874,936,1425,1525
1558: 1578,247,178,1582,935,1378
1559: 700,772,2124,2253,2162,1581,2449
1560: 673,1475,864,226,417,692
1561: 1453,1408,1525,160,936,1552
1562: 2127,2158
1563: 1556,2657,2121,2132,2209,2597,1707,172
1564: 1142,927,1591,2228,701,411,648
1565: 370,1386,1827,1883,577,938
1566: 717,1972,2137,2212,1613,640,2225,2341
1567: 1084,1364,2141,2307,2320,393
1568: 1467,478,939,858,1960,2143,2685,2498
1569: 703,2232,183,49,2359,2146
1570: 1278,911,420,1811,471,722
1571: 940,1808,2531,1967,2044,2149,2204
1572: 941,1775,958,1428,1767,2558
1573: 171,1825,1897,1996,12,1488,175
1574: 1703,2664,2152,2390,1376,880
1575: 114,1877,1196,726,704,1830,611
1576: 755,1339,758,1714,177,1718
1577: 1398,117,1078,705,1768
1578: 1558,1918,178,790,1582,1098
1579: 555,2157,928,99,2660,942
1580: 1456,2158,133,706
1581: 1252,2449,2501,2018,1559,700,2162
1582: 790,179,450,935,1578,1558
1583: 609,95,250,138,403,943
1584: 708,2323,2394,2167
1585: 1547,2100,2103,2171,2305,1179,2644
1586: 1778,1084,2114,2141,2173,2320,423,2513
1587: 768,1029,2175,2196,982,2024
1588: 25,712,2144,2179,2590,621
1589: 1544,2094,2427,2687,412,2013,2181
1590: 1384,884,1219,1188,2183,228
1591: 927,1696,182,1564,209,2227,701
1592: 186,1421,1001,1985,1610,711,946
1593: 407,425,2187
1594: 917,1748,1942,1987,2361,2467,2190
1595: 1173,1371,426,2494,2182,2193
1596: 1610,885,1330,1529,162,711
1597: 1078,1627,705,1124,440,184
1598: 768,1665,621,2196,2312,2326,2422
1599: 1413,2198,2698,377
1600: 2201,2213,2222,1993,1612,2333
1601: 378,949,536,1835,1088,1603
1602: 548,1619,1115,676,2112,428,1083
1603: 1835,950,949,1601,1449,388,101
1604: 2527,2207,2332,1687,2354
1605: 1205,2262,728,2671,2106,2211,1393,1548
1606: 2213,2167,2222,185,753,2394
1607: 1800,386,1135,952,409,1657
1608: 336,157,1678,1167,432,1620
1609: 1351,2219,2618,102,2689
1610: 885,1596,235,711,186,1592
1611: 749,433,989,870,1110
1612: 1625,2239,2245,2333,1600,2222
1613: 426,2128,2193,2225,2341,1566
1614: 1339,625,868,1338,434,1763
1615: 333,632,2164,2706,1082,2444,2230
1616: 1095,1295,838,2233,719,2381
1617: 1664,125,737,958,1428,52
1618: 2364,151,1213,573,2630,2235,789
1619: 1602,548,676,428,2393,720,1065
1620: 432,436,40,496,1167,1608
1621: 722,48,1194,1009,1278,851
1622: 437,775,1796,1282,960,1628
1623: 378,949,2240,959,1838
1624: 438,777,400,1414,135,596
1625: 1612,187,2516,724,2239,2245,2333,2352
1626: 818,192,2248,2399,2489,22
1627: 1757,1597,930,1078,440
1628: 73,380,1251,1622,1282,960
1629: 194,1040,356,1671,23,1344
1630: 441,1879,878,629,1868,163
1631: 844,2255,2453,2684,499,1958,2355
1632: 1401,991,1222,1704,118,2122,2313
1633: 429,1839,839,452,726
1634: 1996,567,808,734,12,1065
1635: 195,1035,1081,898,1426,530
1636: 545,2260,2021,2699,1477,1977,963
1637: 315,1130,2200,2262,715,2211,2717
1638: 1541,2005,2266,2195,2247,508
1639: 964,934,1764,1206,733,1652
1640: 194,1373,729,1671,978,111
1641: 1015,254,1443,2270,166,2005
1642: 1774,1441,445,816,338,1160
1643: 730,622,481,1771,1330
1644: 406,1521,22,626,446,1749
1645: 197,1688,2041,2154,2275,283
1646: 923,2703,529,1999,2089,2277,702
1647: 1491,1411,447,1470,2282,2611,2640
1648: 1469,967,1346,914,2561,369,871
1649: 448,2286,2669,886,2601
1650: 1528,689,2276,2324,731,2290,1190
1651: 1033,394,1946,582,1209,968
1652: 1928,1389,686,733,1639,1206
1653: 198,1695,748,1090,2252,683,537
1654: 1244,449,1309,549,347,2645,1440
1655: 161,972,1498,1321,682,257,2357
1656: 734,1054,971,2131,108,688
1657: 1530,251,699,1370,2599,1800,1607,409
1658: 51,2082,2299,2362,2681
1659: 143,1682,1069,271,2301,2451,2067
1660: 1664,736,1005,882,863,732
1661: 450,1210,294,485,935,1777
1662: 2306,1486,1944,1993
1663: 1673,112,1381,2308,1192,310,82
1664: 125,737,1617,863,732,1660
1665: 1461,202,1598,2312,2422,1734,2441
1666: 975,502,1129,699,1555,2118,1795
1667: 224,42,2316,977,2520,1951,1781
1668: 2520,2322,1781,742
1669: 1929,498,1819,839,233,1856
1670: 1807,605,740,2060,2145,2325
1671: 194,1629,1640,1344,978,1501,1848
1672: 636,931,999,453,1442,2665,852
1673: 265,1048,1663,112,1381,679,980,2370
1674: 207,2332,1700,741,2383,2626
1675: 1545,2098,2334,2293
1676: 1217,1265,2337,2375,2377,53,742
1677: 574,2075,2097,1180,1235,1766,2339
1678: 743,1167,1293,610,157,1608
1679: 1040,771,1062,1375,203,879
1680: 548,744,1488,676,1784,175,2528,1432
1681: 1016,1780,2342,2518,2658
1682: 1659,564,1069,271,2301,2067,2344
1683: 1067,745,494,2379,2347,1952,2535
1684: 802,489,1314,803,1139,981
1685: 1377,205,1824,356,1375,642,2188
1686: 1159,273,2385,1031,2351,2155,2327
1687: 2626,2354,1604,2332
1688: 197,314,1645,2469,2041,2363
1689: 611,984,429,593,114,399,1848
1690: 1467,1350,2237,2615,2635,2661,2366
1691: 1695,1038,2368,985,1961,2676
1692: 2372,2384,2389,572,2229,1451
1693: 329,2142,2374,74,1151,208
1694: 87,867,116,1302,987,1334
1695: 2386,748,1653,1691,1038,2252,2368,2378
1696: 182,209,1591,2227,668,469
1697: 749,211,1698,989,1193,804
1698: 1697,1768,989,804,705,1124
1699: 1510,1238,459,1500,2031,2587,154
1700: 1674,207,323,2268,86,2383,2391,2482
1701: 2349,1798,1952,2388,494,2087
1702: 1446,2274,1314,981,1415,895
1703: 1574,461,2664,2390,106,2319
1704: 790,1632,442,991,1098,2637,1222
1705: 954,774,823,127,211,804
1706: 4,428,1973,2393,2216,993
1707: 1540,2084,2397,2610,172,1563,2132
1708: 56,988,752,2,1052,1027
1709: 1534,1127,556,994,1527,754
1710: 1235,324,2400,2429,478,913,2685
1711: 1000,2243,995,2403,725,2355,1271
1712: 1221,1532,1279,754,770,57,2495
1713: 348,1014,1147,2242,2279,1097,856,540
1714: 758,147,1482,755,575,1576
1715: 2556,2407,2477,1158,2259,1397,1174
1716: 325,756,1983,1237,2410,2439
1717: 996,723,765,598,1250,877
1718: 177,992,686,1576,758,326
1719: 173,1979,2416
1720: 216,475,866,1503,2284,2419
1721: 1417,780,999,1834,2665,439
1722: 1067,571,815,2064,2421,2670,2224
1723: 2164,2423,2706,1962,1423,2694,379
1724: 2273,2426,446,1410,465,818,2489
1725: 1420,1886,2616,759,410,467,2436
1726: 1207,1399,372,432,436,218
1727: 153,1189,1506,595,327,760
1728: 1007,1991,2430,2490
1729: 6,1948,2404,1762,2433,1042,2015
1730: 2435,1215,2367,2554,1413,2294,377
1731: 853,639,2178,2436,2472,467,2616
1732: 834,1519,1405,119,2688,1064,220,2718
1733: 2438,1485,832,2367,2439,2551
1734: 1341,468,2441,1737,1665,202,2312
1735: 763,2119,2302,2412,2443,198,2252,2378
1736: 392,1477,1977,2297,2445,2496,2576,221
1737: 668,2227,2448,1734,1461,202
1738: 2256,2301,2451,764,1385,2659,1290
1739: 316,2356,666,222,35,1154
1740: 1802,1860,1012,1926,1881,61
1741: 1923,998,1860,58,843,1924
1742: 1765,440,48,470,1009,184
1743: 2456,123,858,2674,2562
1744: 487,2304,2460,2536,2337,2375,2054
1745: 905,298,158,1300,766,613,2185,2442
1746: 2463,1543,1227,1750,1388,2194,2663
1747: 328,1447,2465,2492,2642,2715,1224
1748: 917,1594,2639,2361,2467,2518,2680
1749: 673,226,465,1521,1644,446
1750: 2463,1227,1746,1388,921,2663,2470,2646
1751: 501,181,282,601,1853,59,1843
1752: 227,1281,2472,2500,641,2186
1753: 474,2030,2335,2474,1786,240,2329
1754: 85,760,15,736,1005,1072
1755: 228,2003,2122,2281,2313,2407,2477
1756: 1163,1006,502,520,1049,633
1757: 782,307,1078,1627,475
1758: 862,1553,2484,2655,2571,907
1759: 476,932,244,946,1551,481,1771
1760: 32,1407,1978,1991,2490,2691,650
1761: 527,230,1030,2263,2317,2493
1762: 1496,306,2433,2496,1729,761,2404
1763: 1093,434,21,2130,231,1614,1338
1764: 1639,934,1465,733,495,477
1765: 1742,1436,1009,184,127
1766: 455,2339,2498,478,1235,1677
1767: 941,958,1572,1214,2558,479
1768: 232,1698,989,1577,117,705
1769: 480,944,2504,2681
1770: 1013,2002,649,2686,83,2071,2559,2506
1771: 1643,481,1330,711,1759,946
1772: 234,1071,1027,493,1366,2
1773: 213,1014,599,507,2279,236,2696
1774: 1642,445,474,235,1160,1786
1775: 2677,941,484,1428,1572,914,2557
1776: 1015,305,508,1175,254,1968,980
1777: 881,485,935,964,1378,1661
1778: 1586,1084,2114,423,275,894,2513
1779: 183,486,1942,714,2516,2146,2245
1780: 1681,2518,2680,2658
1781: 1668,2520,742,224,1667
1782: 18,919,1034,237,1335,1443
1783: 1143,2231,2353,2432,968,2085,2524
1784: 744,1680,54,2528,1903
1785: 656,1462,1028,2631,2019,2530
1786: 186,240,1774,1753,474,235
1787: 892,1798,2690,1952,2535,2567
1788: 918,2539,2715,2625,1394,2000,242,1490
1789: 161,994,682,1527,496,1036
1790: 1545,2098,2343,2545,1517,2287
1791: 497,551,1919,155,996,1513
1792: 2714,662,2037,2549,2607,1515,2588
1793: 2410,725,1958,2551,1000
1794: 2677,941,2558,2414,957,2345,2694
1795: 520,1800,952,699,502,1666
1796: 437,606,247,178,1622,1282
1797: 918,2465,2566,2642,2715,767,2418,2011
1798: 2349,1787,1701,249,1952,2567,494
1799: 722,1436,1009,504,471
1800: 1607,952,1795,251,699,1657
1801: 505,1802,330,1935,1012,1859
1802: 1860,330,1012,252,1801,1740
1803: 817,1361,506,633,2564,1163
1804: 2699,1361,506,1286,253,2260
1805: 213,507,2242,62,2034,2197
1806: 1175,130,96,1368,366,903
1807: 1670,740,2060,2325,2575,2266,2247
1808: 940,2691,1571,255,2204,2210
1809: 509,1971,2027,2579,1312,861
1810: 510,32,2709,1978,2584,1007
1811: 1570,911,399,420,1536,1501
1812: 584,1076,592,1841,280
1813: 1831,1891,1828,1128,637,269
1814: 139,652,744,2166,1115,54
1815: 979,188,600,110,1820,716
1816: 199,1844,727,972,1433,383
1817: 624,41,1925,912,793
1818: 801,1837,1246,1827,1846,1845
1819: 439,839,233,1669,1417,452
1820: 979,1815,1202,716,750,488
1821: 145,721,690,41,443,1925
1822: 750,680,418,716,1927,302
1823: 882,732,1380,317,859
1824: 704,23,1444,205,1685,356
1825: 1897,340,1573,660,175,1432
1826: 405,1303,1519,614,442,2637
1827: 801,1818,370,1565,1883,1846
1828: 291,1831,1128,615,1813,1938
1829: 933,787,1840,658,267,482,1939
1830: 114,1575,704,23,1344
1831: 1828,615,1813,269,159,1833
1832: 1837,1216,739,241,1845,376
1833: 9,269,159,1910,1831
1834: 780,1721,159,615,439,1850
1835: 950,337,1847,1088,1603,1601
1836: 876,1866,1018,64,779,490
1837: 916,1818,1246,1832,1216,1845
1838: 210,959,523,1059,1623,1358,2240
1839: 429,757,1924,1633,1929,839
1840: 933,787,246,462,1829,1201
1841: 521,280,264,1915,584,1812
1842: 501,1420,30,181,2118,109
1843: 535,1004,601,135,1751,181
1844: 193,199,1892,1816,1851,1433
1845: 1846,241,460,1837,1818,1832
1846: 876,1845,460,1818,1827,1883
1847: 1835,1117,337,566,1088,500
1848: 399,1501,1689,114,1344,1671
1849: 1861,343,285,1899,1857,1852
1850: 809,439,233,9,159,1834
1851: 521,1863,193,199,280,1844
1852: 678,285,1899,825,1165,1849
1853: 781,1264,59,282,1751
1854: 246,462,983,319,317
1855: 777,653,987,1060,1063,116
1856: 1881,809,498,233,1669,873
1857: 1933,343,1899,581,1849,355
1858: 98,189,319,490,657,983
1859: 505,330,1801,1933,581,16
1860: 1802,252,1740,58,61,1741,998
1861: 343,285,1849,19,608,1875
1862: 664,193,1892,299,19,1875
1863: 1904,521,1908,664,193,1851
1864: 806,212,829,1906,979,188
1865: 553,1888,72,671,1926,873
1866: 1836,876,1018,511,460,1011
1867: 1882,376,1884,945,948,128
1868: 785,1879,1630,1531,1887,163
1869: 690,739,624,41,945,1917
1870: 954,1937,1923,823,504,1010
1871: 1002,250,619,849,1272,396
1872: 511,128,1898,1011,1902,1884
1873: 191,355,268,497,551,1894
1874: 869,457,416,1557,936,44
1875: 762,608,1892,1862,19,1861
1876: 299,34,268,554,1904,664
1877: 1196,1575,783,704,1444,311
1878: 1356,515,2712,2099,2244,2692,956
1879: 785,585,878,1868,969,1630
1880: 9,1893,1910,553,68,1888
1881: 61,498,873,1856,1926,1740
1882: 1896,1890,1884,100,948,1867
1883: 779,938,1565,1827,1846,876
1884: 1902,1882,100,1867,1872,128
1885: 98,189,577,718,1072,938
1886: 501,1420,1725,759,59
1887: 1531,793,624,107,1917,785,1868
1888: 1893,553,1865,1880,976,671
1889: 1198,312,713,206,0,1041
1890: 1882,1896,948,107,1895,969
1891: 1813,543,138,637,269,557
1892: 193,1844,1862,1433,762,1875
1893: 302,68,1888,1880,976,1927
1894: 299,19,355,268,1873,343
1895: 1896,1890,585,969,738,1916
1896: 1882,1890,100,1895,1916,397
1897: 670,171,1825,869,340,1573
1898: 1872,1011,1902,1019,483
1899: 678,1857,581,1849,1852
1900: 140,131,1526,34,554,1919
1901: 414,667,933,658,170,427
1902: 1884,100,1872,1898,1019,512
1903: 489,803,2528,54,1784,1026,1468
1904: 1908,664,1863,1921,554,1876
1905: 84,560,1039,2016,2046,52,1214,707
1906: 1864,806,212,635,684,381
1907: 791,264,1915,1930,149,532
1908: 1904,521,1863,827,1921,1915
1909: 1021,483,1936,961,1018,64
1910: 9,269,557,1833,68,1880
1911: 359,55,1484,488,363,887
1912: 585,430,738,962,1922
1913: 139,1267,296,652,2053
1914: 8,512,986,550,256,397
1915: 827,1907,264,1930,521,1908,1841
1916: 970,256,397,1896,1895,738
1917: 945,948,107,1869,624,1887
1918: 437,108,1578,688,178,1098
1919: 34,551,1791,1900,1526,155
1920: 1377,31,1049,290,2147,2188
1921: 827,591,344,131,1904,1908,554
1922: 962,684,381,1912,738,970
1923: 1937,1741,1870,1010,998,843
1924: 1839,757,843,58,1929,1741
1925: 41,1817,443,1821,495,477,912
1926: 1012,1740,72,1865,1881,873
1927: 976,281,418,1822,302,1893
1928: 992,686,190,733,1652
1929: 58,498,839,1669,1839,1924
1930: 827,791,1907,344,541,1915
1931: 1019,483,1936,955,391,8
1932: 680,543,796,302,557,68
1933: 1857,581,191,355,505,1859
1934: 1198,1301,707,713,859,313
1935: 505,1012,1801,723,72,765
1936: 105,1021,1931,483,1909,955
1937: 954,774,1923,1870,1050,998
1938: 291,374,238,1828,615,780
1939: 267,482,335,1061,795,1829
1940: 1456
1941: 3,136,1459,1031,2155,2623
1942: 183,917,486,1594,1987,1779,714
1943: 97,908,1337,2091,2598,1457
1944: 472,1486,917,2639,1662,974
1945: 451,487,776,1285,2316,2507
1946: 1483,1033,394,1651,4,2583
1947: 1459,1092,2116,538,1281,2012
1948: 1729,6,2404,2275,1042,2015,2041
1949: 1374,668,1461,202,2666
1950: 924,1045,7,288,2052,2624
1951: 977,1667,42,1995
1952: 1787,1798,1701,2535,2347,1683,494
1953: 1462,1422,2019,2218,1233,837
1954: 985,11,1053,1961,2057,2065,2360,2568
1955: 997,1412,654,2272,687,2061,1463
1956: 1353,889,2622,990,571,13,2388
1957: 982,113,136,2351,2024,2116,2155,2327
1958: 1793,1215,499,725,2355,2551,1631
1959: 14,1070
1960: 1467,1568,478,939,913,2635,2685
1961: 985,1954,2057,2411,1691,1038,2038
1962: 1469,967,2291,2557,1723,2423,379
1963: 1496,1177,2011,2297,2576,503,2418
1964: 1176,1085,146,20,2066,2170,2223,2295
1965: 2424,1125,2184,2258,677,1491,1470
1966: 817,506,1013,2002,2486,2202
1967: 1571,2531,2149,2349,2388,2622,990
1968: 508,1776,2266,2575,1048,980
1969: 146,2170,2295,1982,1448,1472
1970: 900,2713,2620,1438,25,2144,2151
1971: 63,1809,509,2408,2027,1312
1972: 1473,174,1566,717,2137,2409,2341
1973: 1483,4,1706,1988,1405,119,2688,993
1974: 510,2055,2231,2432,1229
1975: 28,2219,1359,2505,2627,953
1976: 120,995,1284,1166,2126,2553,2403,2483
1977: 1477,1736,221,1636,2699,963
1978: 510,1760,1810,32,1407,1007,1991
1979: 1719,687,2416,997
1980: 1479,2533
1981: 1079,807,516,2074,2105,18
1982: 1480,1434,2543,1448,146,1969,1472
1983: 1716,756,1000,192,2243,2399,2410
1984: 1481,552,2176,2580,2634,1364,393
1985: 186,872,1592,1001,240,2329,2456
1986: 1451,36,715,2336,1157,2717
1987: 183,1594,1942,2361,2232,2190
1988: 1483,1973,559,1132,1405,2688
1989: 38,1162
1990: 2438,751,86,1485,2073,2391,2537,1297
1991: 1728,1007,2490,1760,1978
1992: 1057,525,2072
1993: 1486,486,714,1662,2333,1600
1994: 1008,2487,1273,6,761,2404
1995: 1951,42,1538,2280
1996: 1634,12,1065,1488,1573,175
1997: 1172,2125,2287,612,43
1998: 328,1489,1447,904,2539,2577,854,2522
1999: 1646,133,529,1068,2023,2089,2148
2000: 1394,2673,2573,1319,2603,1490,1788
2001: 173,2127,2214,2158,45,1184
2002: 506,1013,1286,1966,2509,1770,83
2003: 1307,228,1755,46,2477,884,2183
2004: 2278,820,2491,2650,2258,1491
2005: 166,1638,2266,2195,1015,508,1641
2006: 1033,1083,1209,2358,2401,2112
2007: 47,1455,2526,1191,354,2713,1438
2008: 2569,1016
2009: 1509,258,49,1199,2030,2335,2359
2010: 297,277,1017,582,2085,2401
2011: 1496,1963,503,2418,1797,2566,1008,761
2012: 717,2409,538,1092,1947,2128,2341
2013: 1404,412,2602,2181,1589,51
2014: 398,2638,2088,1113,1223,2585,1497
2015: 1042,746,306,2433,539,2455,1729,1948
2016: 1905,52,1214,737,1301,707
2017: 53
2018: 1102,544,329,1581,2501,2162
2019: 1462,1028,1785,1953,1233,2420,259
2020: 646,151,1395,1504,2630,115
2021: 1104,545,879,1636,2260,2147
2022: 1249,2177,60,578,148
2023: 529,1999,2148,2649,1505
2024: 982,113,1957,2311,1587,1029
2025: 2593,1517,243,2343,546,2153,1108
2026: 1507,855,2515,288,2651,2340,828,1200
2027: 63,1809,1971
2028: 1539,2079,266,2376,2160,547
2029: 1217,1268,2377,2479,1508
2030: 2653,1509,1199,1753,2009,2335,2474
2031: 1699,874,1510,2587,1354
2032: 2072,2385,1031,76,1057
2033: 588,1512,2093,2392
2034: 167,2048,2197,1032,141,1805,507
2035: 905,685,1372,2643,1186,1514,308
2036: 665,552,1123,26,2176,922
2037: 1792,2668,932,2549,1515,2228,2588
2038: 2386,1038,1230,5,1961,2411
2039: 2424,769,1125,555,2157,2184
2040: 2593,1172,404,1517,2534,2287
2041: 1688,1042,1645,2363,1948,2275
2042: 558,2163,1472,1448,685,2716,2269
2043: 74,605,2145,1254,2120
2044: 940,559,1571,1132,2531,360
2045: 792,1043,1101,1252,2428,1234,2519
2046: 1905,1136,84,560,261,1474,798
2047: 649,1550,75,2110,2464,2486,2202
2048: 167,2034,2092,1518,769,1032
2049: 561,2380
2050: 1173,426,76,2623,2466
2051: 1520,1221,1279,2068,850,2495,766
2052: 1045,473,1950,2624,1108,2682
2053: 78,1913,1267,296,2123,1086
2054: 2437,2264,2344,2536,564,1744,2460
2055: 1974,2432,1046,2408,1229,773,1149
2056: 1522,1305,929,2473,2550,1082,2111
2057: 985,565,11,1954,1961,2411,2568
2058: 1233,837,1047,519,2420,2446,2523
2059: 407,1523,1348,2187,2612
2060: 1670,2371,1807,740,544,2575,265,1048
2061: 1463,2238,2272,1955,1524,2314
2062: 424,569,2179,2102,2261
2063: 80,2503,2267,1322,2577,2522,2450
2064: 1067,571,815,13,1722,2087,2421
2065: 1395,985,1053,1954,2360,2676,2199
2066: 1176,322,20,572,1964,2170,2389
2067: 1528,204,689,2344,1682,1659,271
2068: 691,82,1520,1221,2051,766
2069: 836,2437,1056,2264,2415,451,776,2648
2070: 865,1178,435,573,2235,2302,2405,2574
2071: 83,2525,2434,1770,2559,857,2506
2072: 525,273,2032,2385,1057,1992
2073: 86,1990,2482,2537,2636,1323,2581
2074: 1058,1079,638,807,516,1981,2521
2075: 14,364,1070,574,1677,2097
2076: 2633,1538,165,2510,2191,2280
2077: 88,1266
2078: 576,1169,2649,2321,923,1187
2079: 165,1539,2028,2191,266,1131,2376
2080: 578,1195,148
2081: 347,901,1320,395,91,1275
2082: 270,1658,2299,2380,1066,2681
2083: 92
2084: 419,669,1540,1707,2397,2610,172
2085: 1017,582,968,2010,2524,1783
2086: 93,907,2605,1553,415
2087: 1067,13,494,2064,1701,2388
2088: 398,196,1367,1541,2638,2014,2195,1497
2089: 1646,1068,106,1999,2277,2319
2090: 812,587,1144,2475,2234
2091: 97,1337,576,2649,1943,1505
2092: 2463,1543,2678,167,2048,1518
2093: 588,634,2033,2285
2094: 651,1544,1589,292,2427,2641
2095: 200,564,1069,847,2536,2236
2096: 99,612,2608,2660,1296,2125
2097: 1070,1677,2075,1235,2429,2485
2098: 1545,1675,696,2343,1790,2293
2099: 1148,1878,2244,2692,1230,590
2100: 1547,1546,1585,180,2171,2481,2224
2101: 102,2689,855,2555,828,953
2102: 1077,525,1159,273,2261,2062
2103: 1547,1585,463,2305,697,2296
2104: 103,1437,2643,2712,367,1372
2105: 1079,309,516,1981,18,1226
2106: 1523,715,1348,2211,2336,1605,1548
2107: 594,346,1234,2117,2425,1085
2108: 702,1364,2307,106,2277,2390,2647,2634
2109: 1365,2636,274,2387,2581,2412,1080
2110: 649,1550,1404,2686,2602,2047,2464,2202
2111: 643,1082,2431,2192,1522,2056
2112: 1602,2166,1115,2006,1083,2358,652,534
2113: 602,929,2662,2479,1268,1137
2114: 1586,702,1778,1084,966,2395,275
2115: 1107,2487,1273,2396,2331,603
2116: 113,136,1459,1947,1957,1281
2117: 346,2517,2107,1085,322,20,2480
2118: 1555,30,1842,109,699,1666
2119: 435,1504,1735,2443,115,2676,2368,2378
2120: 287,1254,2413,2459,1280,605,2043
2121: 1563,1384,1556,833,2657,26
2122: 228,1755,118,2281,2313,1401,1632
2123: 78,296,2053,837,1047,1086,2523
2124: 1559,2710,1434,772,2253,2449
2125: 1172,1296,2534,1997,612,2096
2126: 120,1166,1976,2273,2426,2553,2403
2127: 173,2001,2158,1562
2128: 1613,426,2623,2341,3,1092,2012
2129: 121,1412,1419,2702,2697,2499
2130: 1093,1256,2617,21,1763,2462,2173
2131: 614,971,442,688,1656,734
2132: 1563,884,2657,2597,2565,1707,2397,172
2133: 1228,1094,207,2207,2268,2454
2134: 975,616,1129,2552,1369,2189,1114
2135: 476,2714,1439,2562,1421,123
2136: 1095,1236,838,2300,2434,2455,221
2137: 1473,174,1566,717,1972,2212,2217
2138: 1292,137,1097,1464,2707
2139: 1431,2709,2584,126
2140: 1118,618,2169,2413
2141: 1586,1567,1084,2173,2307,2320
2142: 329,1101,1252,1693,2374,2501
2143: 1568,939,858,1299,2498,2570
2144: 25,1588,712,2713,1970,621,2326,1438
2145: 1670,74,1102,605,740,2043,329
2146: 2516,2352,1569,183,1779,49
2147: 1104,879,290,642,2021,2188,1920
2148: 133,529,1068,1999,2023
2149: 1571,2531,1967,2204,2349,2388
2150: 622,1208,300,162,1458
2151: 1327,25,2590,1106,2620,1970
2152: 421,1574,2664,2719,1376,880,1454
2153: 924,546,2651,243,696,2025,1507,623
2154: 1107,2275,1645,2331,2406,283
2155: 136,1031,2351,1941,1957,1686,2385
2156: 2593,1388,404,2194,473,1108,2663
2157: 1579,769,555,2039,1518
2158: 2001,2127,1580,1562,706,45
2159: 2612,168,2364,628,2180,2203,2234
2160: 1113,634,1497,1539,2028,2168,547
2161: 2424,769,1032,141,1411,1470,2282
2162: 1559,700,544,2018,422,2370,1581,2501
2163: 142,315,1130,558,2318,2042,1472,1448
2164: 1723,632,1615,2706,1423,784,2444
2165: 1473,1306,1114,2178,2552
2166: 1115,2112,652,534,1814
2167: 1606,2213,2394,1584
2168: 1363,1539,2191,2285,634,2160
2169: 1118,287,2140,2413,402,1512,2592
2170: 1176,146,1964,1969,2066,2223,2295,1472
2171: 1585,180,2100,1392,2644,2669
2172: 638,266,2701,1367,965,2638,547
2173: 1586,2141,2320,423,1093,2617,2130
2174: 632,1122,2423,2508,2627,2706
2175: 1587,2196,712,2330,982,2327,709
2176: 1481,552,1123,1984,2036,2580,2600
2177: 1324,1249,2022,148
2178: 1731,286,853,639,1369,1114,2165
2179: 424,1588,569,712,2062,2590
2180: 646,168,2364,628,151,2159,2203
2181: 412,2013,1589,2687,51,944,2681
2182: 1371,1595,640,2193,2225,292,2641
2183: 1590,884,1188,228,46,2003
2184: 2424,769,373,1125,555,1965,2039,677
2185: 905,158,1745,613,367,1372,2542
2186: 641,1374,1535,467,1752,2472
2187: 407,425,1593,1523,36,2059,2336
2188: 290,642,2147,1920,1377,1685
2189: 1555,30,897,1369,1129,2134
2190: 519,2232,2420,259,1594,1987,2361
2191: 2633,1363,165,1539,2076,2079,2168
2192: 245,643,2431,1385,2111,2659,1522,293
2193: 1613,426,1595,640,2182,2225
2194: 1388,644,404,2534,2156,1543,1746
2195: 1367,1541,166,1638,965,2005,2088
2196: 1587,768,621,1598,2175,2326,712,2330
2197: 167,62,2034,2402,1805,2242
2198: 1599,377,947
2199: 1393,646,2203,1395,1053,2065,2671
2200: 315,1130,1637,2229,715,2717
2201: 2213,1600,2306
2202: 817,1013,1966,2486,649,2047,2110
2203: 1393,646,168,151,2159,2180,2199
2204: 1808,2691,1571,650,2149,2672
2205: 1550,169,412,2602,1133,292,2427
2206: 1131,2468,2521,2648,836,339
2207: 1604,1094,207,2133,2268,2332
2208: 651,2693,821
2209: 1563,1556,2288,172,665,1454
2210: 940,1808,1132,255,2353,2704,2583
2211: 715,2106,2336,1637,2262,1605,1548
2212: 1566,2137,2217,640,2225,1133,292
2213: 1606,2201,2167,1600,2222
2214: 2272,173,687,2001,2416,1184,2314
2215: 419,669,1463,697,2238,2702,654
2216: 1134,444,993,1706,2393,720
2217: 174,672,1258,2137,2212,169,1133
2218: 656,1462,1422,1953,2246,2440
2219: 1609,2689,28,1975
2220: 1522,929,2431,1145,1137,2471,293
2221: 1203,561,719,1138,2532,2348
2222: 1606,2213,1600,185,1612,2239
2223: 1085,146,20,661,1964,2170,2710,2425
2224: 815,1722,2670,180,2100,2481
2225: 1613,640,2182,2193,2341,1566,2212
2226: 1553,1316,2541,2571,1439,662,2607
2227: 1696,182,1591,2448,668,1737
2228: 1142,927,1564,1515,2656,2668,2037
2229: 663,572,1130,2200,1692,1451,2717
2230: 1082,2444,1266,333,1615,2473
2231: 510,1143,32,1974,2353,2432,1783,2524
2232: 519,703,1569,2446,2190,183,1987
2233: 539,1616,1095,838,746,2381
2234: 1144,2090,2612,628,2159,2596
2235: 435,573,2630,2070,2405,789,1618
2236: 847,1145,2471,293,200,1069,2095
2237: 1690,913,2635,185,2366,753
2238: 2061,669,1540,1463,2215,1524,694
2239: 185,1612,187,1625,2366,2222
2240: 1623,378,1358,104,1181,1838
2241: 174,1306,672,384,2711,75
2242: 213,1805,1713,1147,2279,1003,62,2197
2243: 1000,192,1711,1983,2399,1166,2403
2244: 1148,1437,1878,2712,2099,385,565
2245: 1612,1625,2516,2333,1779,714
2246: 297,773,1149,1017,2440,656,2218,2328
2247: 196,1541,1638,2266,1807,2325,2575
2248: 1626,1288,2399,22,607,1099
2249: 1313,1254,2459,1151,2478
2250: 283,197
2251: 1164,2267,92,303,1479,674
2252: 198,1695,748,1653,2378,683,1735
2253: 1480,1559,1153,201,700,1434,2124
2254: 219,1162,675,2514,2435,2294
2255: 2533,844,1164,1253,2453,1631
2256: 293,1738,200,2301,2451,1385,2659
2257: 747,2621,2372,2384,425,1157
2258: 1965,677,2650,2004,1491,1470
2259: 1158,2481,815,2292,1715,1174
2260: 253,1104,1636,2021,2699,1804
2261: 1159,2102,709,569,2062
2262: 315,1205,2350,1637,1605,728,715,2211
2263: 1761,503,527,2493,1177,681
2264: 204,2437,1056,2054,2069,2344
2265: 1162,431,741,675,2373
2266: 1638,2005,2247,508,1968,1807,2575
2267: 1164,80,1253,2063,2251,303,2450
2268: 1228,207,323,2133,2207,1700,865,2482
2269: 905,685,613,2716,558,2042
2270: 1641,254,1443,516,2701,1034,166
2271: 814,2478,208,2457
2272: 687,2214,2416,1955,1524,2314,2061,1463
2273: 120,1166,1724,2126,2426,2489
2274: 210,523,1702,1446,1059,802,981
2275: 1107,6,1948,2154,1645,2041
2276: 204,689,1056,1231,1650,2324,2415
2277: 1646,2703,106,2089,702,2108,2307
2278: 1169,2004,2491,1187,1491,2640
2279: 213,1014,1713,1147,1773,2242
2280: 1170,2633,1538,2076,42,1995
2281: 389,1755,214,118,2122,2407,2477
2282: 1491,1647,141,1411,1470,2611,2161
2283: 1379,2650,1171,2452,677
2284: 1720,216,866,2578,1182,1328,2540
2285: 1363,2168,693,634,2093
2286: 1649,2601
2287: 1172,1517,1997,2040,2545,1790
2288: 1540,172,694,2719,1454,2209
2289: 1260,2466,1173,2494
2290: 1243,69,1112,731,1190,1528,1650
2291: 1469,967,217,1121,1962,1122,2423
2292: 571,815,2259,889,2606,1174
2293: 1675,696,2098,2334,1333,1289
2294: 1413,2698,2435,1730,219,2254
2295: 1176,663,1964,1969,2170,142,1472
2296: 419,697,2610,2667,463,2103
2297: 1496,1177,1736,1963,2445,2496,2576
2298: 1064,528,1353,220,2622,360
2299: 270,735,1658,2082,2362,2365
2300: 1095,1236,2136,2455,306,2445,221
2301: 1682,1738,200,1659,1069,2256,2451
2302: 763,1178,435,1735,2070,2412,2443,1080
2303: 422,112,2370,2308,201,700
2304: 1744,224,487,2316,2460,2337,2375
2305: 1585,2103,1419,2702,1179,697
2306: 1662,2201
2307: 702,1567,1084,966,1364,2108,2141,2277
2308: 1663,112,2303,310,201,298
2309: 574,229,1180,896,2484,1418,2614
2310: 786,1047,703,2446,258,517,2359
2311: 113,2024,641,1391,1029,227,1281
2312: 1665,1598,2326,1734,2441,1191
2313: 228,1755,2122,1188,1401,1632
2314: 1184,1524,2613,2272,2214,2061
2315: 1362,1418,2632,364,229,2538
2316: 224,487,1667,1945,2304,2507
2317: 1761,767,230,2673,1030,2418,2493
2318: 1186,315,2350,558,2163,685
2319: 706,1068,106,2089,1703,461,45,2390
2320: 1586,1567,231,2141,2173,393,1093
2321: 2078,923,2703,1187,966,2395
2322: 1668
2323: 708,324,753,2394,2400,1584
2324: 689,1231,1650,2276,2415,589,1190,2461
2325: 1670,1807,605,2497,196,2247
2326: 621,1598,2196,2312,1438,1191,2144
2327: 982,2351,1957,2175,2330,1159,1686,709
2328: 656,239,2530,1046,1149,2246
2329: 925,872,240,1985,2653,1753,2474
2330: 569,712,2175,2196,2327,709
2331: 1195,2406,603,1107,2115,2154
2332: 1604,1674,207,2207,2626,1687
2333: 1612,1625,2245,1993,714,1600
2334: 1675,2293,454,2594,1333
2335: 1025,1199,1753,474,2009,2030,2474
2336: 1523,36,715,1986,2106,2187,2211
2337: 847,1676,1265,2536,2375,1744,2304
2338: 120,854,242,2553,904,2625
2339: 455,1766,2655,1677,1180
2340: 288,2417,2026,1200,217,1121
2341: 1613,2128,2225,1092,1566,717,1972,2012
2342: 1016,1681,910,2658,2569,2560,861
2343: 243,696,2098,1790,1517,2025
2344: 204,2054,2067,2264,1682,564,1069
2345: 245,957,1385,2558,2414,1794,764
2346: 1203,314,2469,2348
2347: 1218,2379,2476,1683,1952,2535
2348: 314,2469,2381,719,1203,2221,2346
2349: 1798,1701,249,2388,1967,2149
2350: 1186,315,1205,2262,2318,308,2458
2351: 982,136,1957,2155,2327,1686
2352: 1625,2516,724,2146,1509,49
2353: 1143,2231,1783,255,2210,2704,968
2354: 1687,1604
2355: 725,1958,1711,1271,2453,1631
2356: 730,622,1208,316,1739,666
2357: 513,257,334,1655,1321,1089
2358: 1091,1209,2401,2006,2112,1267,534
2359: 258,49,1199,2009,703,1569,2310
2360: 728,11,1053,1954,2065,2458,2671
2361: 1748,1594,1987,2467,456,2420,259,2190
2362: 2559,1211,735,1658,51,2299,2365
2363: 1688,1042,746,2469,2041
2364: 628,151,1213,2159,2180,1618
2365: 270,735,1138,2299,2362,2532
2366: 185,187,2661,2239,1690,2237,2635
2367: 1730,1215,2439,2551,1485,832,1733
2368: 1695,1691,1038,2378,2676,2119,115
2369: 145,690,739,320,1216
2370: 265,422,1673,112,2303,2371,544,2162
2371: 740,544,2060,265,1048,2370
2372: 747,1692,2257,2384,1451,1157
2373: 751,741,675,2383,2391,2265
2374: 792,1101,1693,2142,2457,208
2375: 1676,2337,742,1744,224,2304
2376: 1058,638,266,1131,2521,165,2028,2079
2377: 1217,1676,1268,1265,2029,2471
2378: 1695,2252,2368,1735,2119,2443
2379: 1218,2382,2347,745,1683
2380: 270,2082,1066,561,2049
2381: 746,2469,2348,1616,2233,719
2382: 886,1218,464,2379,745
2383: 86,741,2373,2391,1674,1700
2384: 747,1220,1692,2257,2372,2389
2385: 1159,273,1686,2032,2072,1031,2155
2386: 1695,748,1038,1090,2038,5
2387: 1365,365,274,2109,2502,2540,1182
2388: 2349,1701,13,2087,990,1956,1967,2149
2389: 1220,1692,2384,322,572,2066
2390: 1703,1574,106,2319,2108,1376,2647
2391: 751,86,1990,2373,2383,1700
2392: 588,1512,1113,1223,2592,2033
2393: 1706,428,2216,720,1619
2394: 753,2323,1584,1606,2167
2395: 966,2114,2321,2703,1187,275,447
2396: 1224,2487,2115,60,2492,603
2397: 1707,2084,2610,2667,860,2132,2597,2565
2398: 1225,835
2399: 756,192,1626,1288,1983,2243,2248
2400: 324,753,1710,2323,2429,913,2685
2401: 1091,277,582,1209,2010,2358,2006
2402: 2463,1003,1227,167,62,2197
2403: 995,1166,1976,2126,192,1711,2243,1271
2404: 1729,1273,6,761,1948,1994,1762,2433
2405: 865,573,2070,2235,2574,1228,323
2406: 1195,2331,2154,283
2407: 1715,1307,1755,214,2556,2281,2477,1397,1174
2408: 63,509,1046,1971,1229,2055
2409: 1473,717,1972,2012,538,286,2547
2410: 1793,2439,2551,1716,1000,1983
2411: 565,1961,2057,1148,1230,2038
2412: 763,1178,1735,2302,1080,274,2109
2413: 1118,618,287,2120,2140,2169,2459
2414: 2558,1794,1385,2345,764,1290,479
2415: 836,1056,1231,2069,2276,2324,2468
2416: 1719,2272,173,687,1979,2214
2417: 7,288,382,2340,2561,1121
2418: 767,503,2317,2493,1963,2011,918,1797,2566
2419: 1720,475,866,1503,1331,352
2420: 1233,519,2058,259,2190,2019,2361
2421: 1067,745,1722,2064,2670,464
2422: 768,1665,1029,1461,1598,2666
2423: 1723,1122,2174,2706,217,1962,2291
2424: 769,1965,2039,2161,2184,1032,1470
2425: 1234,2107,2428,1085,661,2223
2426: 120,1724,2126,2273,2695,1410
2427: 1544,1589,292,2094,412,2205
2428: 1043,2045,2710,772,1234,2425,661
2429: 1235,324,1710,2400,2485,2097
2430: 1728,2490,466,2609
2431: 2111,2192,2659,1522,2220,1145,293
2432: 510,1974,2055,2231,1783,773,2524
2433: 1762,306,2496,2455,1729,2404,2015
2434: 83,1236,838,2525,2071,2136,2509
2435: 1730,832,2514,2254,1413,2294
2436: 1731,639,2472,467,1725,2616
2437: 1056,2054,2069,2264,776,2460
2438: 1485,1990,1733,2537,1237,1297,2439
2439: 2410,2367,2551,1237,1716,2438,1733
2440: 1091,297,277,2246,1422,2218,2705
2441: 47,1341,1734,468,1191,1665,2312
2442: 1480,1153,201,2543,298,1300,1745
2443: 435,1504,1735,2119,2302,2378
2444: 1423,784,643,1082,2230,1615,2164
2445: 1736,306,2297,2496,221,2300
2446: 786,1047,519,703,2058,2232,2310
2447: 350,2522,1249,328,1489,60,2492
2448: 1326,182,2227,2675,468,1737,202
2449: 1043,1252,1581,2501,1559,772,2124
2450: 350,2522,303,2586,80,2063,2267
2451: 143,1738,1659,2256,2301,764,1290
2452: 1171,2283,304
2453: 1271,2483,1253,2255,1631,2355
2454: 1228,1094,2133,573,789,341,2512
2455: 539,1095,2136,2300,306,2433,2015
2456: 1743,872,1001,1985,123,2582,2674
2457: 792,2374,2271,208
2458: 728,308,11,2360,1205,2350
2459: 618,1313,1254,2120,2413,2249
2460: 1744,487,776,2304,2536,2437,2054
2461: 1079,807,309,2468,1231,2324,589
2462: 1185,1256,2617,2130,599,1311
2463: 1543,1227,167,1746,1750,2092,2402
2464: 1550,169,75,2047,2110,672,1258
2465: 1747,1797,2492,2566,2642,1224,1008,2487
2466: 1260,1057,2289,1173,76,2050
2467: 1748,1594,2361,456,2518,2658,259
2468: 807,2206,2521,2461,836,1231,2415
2469: 314,1688,746,2348,2363,2381,2346
2470: 874,2663,2587,2646,1750,2682
2471: 847,1145,1268,1265,1137,2236,2377,2220
2472: 1731,853,1752,2436,2500,2186,467
2473: 1305,2056,2550,1266,1082,2230
2474: 2653,1753,2030,2335,925,240,2329
2475: 812,1291,341,587,2090
2476: 321,2347,2690,2535
2477: 1715,1307,1755,46,2003,2556,2281,2407
2478: 814,1151,2563,2271,208,1313,2249
2479: 602,2113,2591,1508,1268,2029
2480: 322,20,346,2517,2117,1304
2481: 1158,1546,2100,2259,815,2224
2482: 86,2073,1323,323,2268,1700
2483: 1271,1253,2503,2453,995,1284,1976
2484: 1758,896,2655,2309,1180,907,2720
2485: 324,2429,1070,2097
2486: 817,1966,2564,2202,384,75,2047
2487: 1224,1008,1273,1994,2115,2396,2465
2488: 899,1237,1430,365,325,756,1288,2511
2489: 818,192,1626,446,1166,1724,2273
2490: 1728,1991,2430,466,2672,650,1760
2491: 2278,1337,820,1169,2004,2598
2492: 328,1747,60,2465,1224,2396,2447
2493: 1761,767,503,2263,2317,2418
2494: 1173,1371,1595,2289,821
2495: 1274,770,57,1712,1221,1279,2051,850
2496: 1496,1736,1762,306,2297,2433,2445
2497: 605,2325,2585,398,196,1280
2498: 455,1299,1766,1568,478,2143
2499: 822,1179,121,1419,2129
2500: 227,538,853,2547,1752,1281,2472
2501: 329,1252,1581,2142,2449,1102,2018,2162
2502: 274,2387,198,824,1182,763
2503: 80,2483,1253,2063,1284,1322
2504: 1769,1066
2505: 1359,333,632,2627,88,1975
2506: 2559,1211,1770,649,1404,2686,2071
2507: 451,1285,42,1945,2316,1538
2508: 828,1359,1200,1122,2174,2627,953
2509: 1286,2002,83,1236,2434,963
2510: 1538,165,339,2076,1285
2511: 325,1288,607,899,1328,2488
2512: 341,587,1213,789,1094,2454
2513: 894,2611,1586,1778,423,236
2514: 751,675,832,2435,2254
2515: 1507,623,855,1289,2026,2555
2516: 1625,724,2146,2245,2352,1779
2517: 346,2117,2480,2546,1304
2518: 1780,1681,456,2680,2658,1748,2467
2519: 594,835,1234,792,2045
2520: 1668,977,1781,1667
2521: 1058,807,1131,2074,2206,2376,2468
2522: 350,2447,2450,1489,1998,2577,2063
2523: 837,1047,1086,2058,78,2123
2524: 773,1017,2085,2231,2432,1783
2525: 83,1295,838,2071,2434,857
2526: 47,1455,2720,2007,354,2700,2614
2527: 1604,1094,1291
2528: 489,1903,1432,1680,1784
2529: 0,261,312,841,262
2530: 656,1312,239,2631,1785,2328,2560
2531: 940,1571,1967,2044,2149,2622,990,360
2532: 735,1138,857,2365,1295,719,2221
2533: 844,1164,2255,947,1479,1980
2534: 1172,644,1296,404,2040,2125,2194
2535: 1787,2690,1952,2347,2476,1683
2536: 847,2337,564,2095,1744,2460,2054
2537: 2438,86,1990,2073,2636,1297
2538: 364,2315,2632,2629
2539: 1447,1788,904,1998,2715,2625
2540: 899,365,1328,2387,1182,2284
2541: 455,1299,862,1316,2226,2570,2571
2542: 158,367,2185,1520,850,103,1511
2543: 1480,1153,1982,2442,1448,1300,2716
2544: 368,1379
2545: 1545,43,1790,2287
2546: 2517,1304
2547: 538,286,853,2500,2409
2548: 373,555,928,304,1403
2549: 1792,2714,2668,932,662,244,2037
2550: 1305,2056,2654,2473,1266
2551: 2410,1793,1215,1958,2367,2439,1733
2552: 616,2134,2711,1306,1114,2165
2553: 120,854,1284,1976,2126,2338
2554: 2684,1730,1215,499,1413,377
2555: 102,1333,855,1289,2515,2101
2556: 1715,1307,2407,2477,2604,413,1158,860
2557: 1469,914,1962,2677,1775,379
2558: 941,1572,1767,2414,1794,2345,479
2559: 1211,735,857,2362,2506,1770,2071
2560: 1312,2631,2530,861,910,2342
2561: 1648,967,1346,1121,2417,382
2562: 1439,2135,1743,123,858,1316,2570
2563: 814,2478,1313
2564: 817,1803,2486,1163,1435,1006,384,75
2565: 884,2132,2597,2397,2667,860,46
2566: 1797,2465,2642,2418,2011,1008,761
2567: 1787,892,1798,466,249,2609
2568: 1514,308,565,11,1954,2057,385
2569: 2008,2579,861,1016,2342
2570: 1299,1316,2541,858,2143,2562
2571: 1758,862,1553,1316,2226,2541
2572: 2637,1222,389,118,1303,834
2573: 230,2673,260,2000,1475,1319
2574: 865,1178,2070,2405,1080,1323,2581,323
2575: 1807,2060,2266,2247,508,1968,1048
2576: 392,1477,1177,1736,681,1963,2297
2577: 1489,904,1998,854,1322,2063,2522
2578: 866,2284,607,1340,1328
2579: 2569,1809,861
2580: 1123,1984,2176,2600,231,393
2581: 1365,2636,1323,2109,2574,1080,2073
2582: 1350,939,2615,2674,925,872,2456
2583: 1483,394,2704,1946,1132,2210
2584: 1810,2709,126,1229
2585: 1223,2592,398,2014,402,1280,2497
2586: 92,350,1324,303,2450
2587: 1699,874,1500,2031,2470,2646
2588: 1326,415,1515,2656,1792,2037,2607
2589: 875,1362,900,2620,2700
2590: 424,1327,25,1588,2619,2151,2179
2591: 401,883,602,2479,1508
2592: 1512,1223,2392,2585,2169,402
2593: 404,1517,2025,2040,2156,1108
2594: 1351,2652,454,2334,102,1333
2595: 883,1382,2654
2596: 407,2059,2612,1144,2234
2597: 1563,1384,884,2657,2132,2565,2397
2598: 908,1337,820,1943,2491,2628
2599: 1530,1657,852,636,783,386,409
2600: 1123,2176,2580,231,625,1338
2601: 886,1649,2286
2602: 1550,1404,169,412,2686,2013,2110,2205
2603: 1410,1319,888,465,2000,1490,2695
2604: 1547,413,860,463,2667,2556
2605: 47,93,907,1341,1455,2720,2086
2606: 528,1353,1397,889,2679,1174,571,2292
2607: 1792,662,1553,2226,415,2588
2608: 1345,612,2096,2660
2609: 892,466,2567,2430
2610: 419,1707,2084,2296,2397,2667,463
2611: 1647,894,1411,447,2282,2696,2513,236
2612: 168,2159,1348,2059,2234
2613: 421,461,1184,1524,2664,2314
2614: 1418,354,2700,896,2309,2720,2526
2615: 1690,1350,2582,2653,458,2661,925
2616: 1420,1725,897,1369,1731,639,2436
2617: 1256,2130,2462,2173,423,599,236
2618: 1609,1351,2652
2619: 424,1327,2590
2620: 1106,900,2589,1970,25,2151
2621: 2257,425
2622: 1353,2298,990,1956,360,2531,1967
2623: 426,76,2050,2128,3,1941
2624: 1427,1354,7,1950,2052,2682,874
2625: 1788,904,2539,854,242,2338,1490
2626: 1687,1674,2332,741,431
2627: 1359,333,632,2174,2505,2508,1975
2628: 368,1379,2650,908,820,2598
2629: 2538,1360,2632
2630: 435,1504,2235,151,2020,1618
2631: 1028,1785,2530,2560,910
2632: 1360,875,1362,2315,2538,2629
2633: 1170,1363,1538,2076,2191,2280
2634: 1376,1481,2647,1984,1364,2108,393
2635: 1467,1690,913,1960,2237,2685,2366
2636: 1365,1430,1297,2109,2581,2073,2537
2637: 442,1222,1704,2572,1303,1826,614
2638: 1367,965,547,2014,2088,266,2172,1497
2639: 472,917,1748,1944,2680
2640: 1187,1491,1647,447,2278,1169
2641: 651,292,2094,1371,640,2182
2642: 918,1747,1797,2465,2566,2715
2643: 1437,2712,2104,385,1372,2035,1514
2644: 448,1179,2669,1585,2171
2645: 1440,826,1035,449,1654,530
2646: 874,921,1500,2470,2587,1227,1750
2647: 1376,2634,106,2390,1364,2108
2648: 451,776,1285,836,2069,339,2206
2649: 576,2078,2091,1505,923,529,2023
2650: 1379,2283,2628,820,2004,2258,677
2651: 924,546,288,2153,1507,623,2026
2652: 1351,2618,2594,454
2653: 1509,2030,2474,458,925,2329,2615
2654: 1305,1382,2550,2595
2655: 455,1758,862,2339,2484,1180
2656: 1326,927,182,1515,2228,2588
2657: 1563,1384,884,2121,2132,2597
2658: 1780,1681,456,910,2342,2518,2467
2659: 245,2431,1385,2192,293,1738,2256
2660: 1345,1403,99,2608,2096,1579,928
2661: 458,187,724,2366,1690,1350,2615
2662: 602,1305,1382,929,2113
2663: 2470,1388,2156,1746,1750,473,2682
2664: 1703,421,1574,461,1184,2152,2613
2665: 931,780,999,1721,1672,374
2666: 768,1029,1461,2422,1374,1391,1949
2667: 2296,2397,2610,2604,860,463,2565
2668: 932,2037,2549,563,1551,1142,1515,2228
2669: 1649,448,1392,2644,2171
2670: 1722,2421,2224,1392,464,180
2671: 728,1053,2360,1605,1393,2199,1548
2672: 466,249,2490,650,2204
2673: 767,1394,230,2317,2573,2000,1319,918
2674: 939,858,2582,1743,872,2456
2675: 1326,182,2448,93,468
2676: 1395,985,2065,1691,2368,2119,115
2677: 941,1775,379,1794,2557,2694
2678: 1543,2092,1518,942,644
2679: 528,1452,1353,1397,2606,2718,1174,214
2680: 1780,2518,472,1748,2639
2681: 1769,944,1066,2181,1658,51,2082
2682: 1354,473,2052,2624,874,2663,2470
2683: 304,1345,1403
2684: 499,2554,844,1631,947,377
2685: 1568,478,913,1960,2635,1235,1710,2400
2686: 649,1404,2602,2110,1770,1211,2506
2687: 1409,1544,1589,2181,480,944
2688: 1732,1405,119,993,1973,1988
2689: 102,2101,1609,2219,953
2690: 1787,892,2535,2476,1406
2691: 1808,650,255,2204,1760,1143,1407
2692: 590,890,956,1878,1356,2099
2693: 1409,651,1544,2208
2694: 1423,784,957,1723,2677,379,1794
2695: 120,242,2426,1490,1410,2603
2696: 1411,2611,507,1773,236
2697: 1412,1419,2702,2129,654
2698: 1413,1599,2294
2699: 1804,1286,1636,2260,1977,963
2700: 1362,900,1418,354,2589,2614,2526
2701: 516,2172,1034,166,965,2270
2702: 1419,2129,2697,654,697,2215,2305
2703: 1646,923,2277,2321,702,966,2395
2704: 394,2583,255,2210,2353,968
2705: 78,1267,1091,277,2440,1422
2706: 1723,632,1615,2164,2174,2423,1423
2707: 1292,1424,1097,351,2138,459
2708: 1346,1427,1354,1510,597,1247
2709: 1810,2584,1431,1007,2139
2710: 1434,772,2124,2428,146,661,2223
2711: 616,1435,384,2552,1306,2241
2712: 103,1437,1878,2643,515,2104,2244
2713: 900,354,1970,2007,1191,1438,2144
2714: 476,1792,1439,662,244,2135,2549
2715: 1447,918,1788,1747,1797,2539,2642,1394
2716: 1448,1300,613,2269,2543,2042
2717: 1451,715,1986,2229,1637,2200
2718: 1064,528,1452,2679,389,834,1732
2719: 421,1524,694,2152,2288,880,1454
2720: 907,1455,2526,2605,896,2484,2614