0: 67,91,237,206,130,195
2: 104,44,56,132,150,101
3: 113,76,136
4: 32,78,119,139,255
5: 115,11,142,198,103,89,81
6: 83,203,148,60
7: 43,243,102,154,153
8: 128,105,29,256,152,156,248
9: 110,68,159,188,233,72
10: 57,164,82,112,254,96
11: 115,5,142,151,168
12: 119,108,160,54,175
13: 180,214,126,249
14: 123,185,229,240
15: 125,64,98,137,189,153,85
16: 127,61,191,211,252,39,117
17: 67,91,131,134,193,199,161
18: 53,42,69,204,130,195,165
19: 157,199,140,193,155,191
20: 146,201,208,36
21: 62,124,147,231,213,177
22: 86,120,48,192,216
23: 221,31,114,194,223,230,203
24: 33,116,209,222,225,250
25: 47,93,229
26: 133,231,177,106,77,172
27: 234,73,132,160,163,44
28: 88,102,217,245
29: 256,107,176,215,8,248,212
30: 75,251,181,227,76,174,136
31: 221,114,253,23,251,205
32: 126,119,4,220,249,255
33: 24,59,116,135,138,225,238
34: 71,110,155,131,140,152
35: 87,144,202,209,244,182,93
36: 20,146
37: 66,246,149,156,105,170
38: 219,151,207
39: 157,232,117,16,191,211
40: 57,157,164,199,161
41: 107,100,163,190,145
42: 18,204,165
43: 7,243,167
44: 104,171,210,2,27,132,160
45: 173,106
46: 247,77,172,179,228
47: 25,182,93
48: 22,120,216,226,111,127,184,211
49: 187,240,65,129,235
50: 94,247,77,147,177,145,190
51: 83,197,253,169
52: 85,217,245,200,125
53: 18,69,204,224
54: 129,171,175,210,12,139
55: 95,150,188,212,56,215
56: 234,132,176,215,2,55,150
57: 10,40,158,164,218,82
58: 122,61,223,233,252,114
59: 33,116,135,202,209,227,113,181
60: 6,203,92,242,230
61: 58,16,191,233,252,72
62: 236,21,124,141,167,231,213
63: 255,239
64: 128,15,105,70,98,170,189,241
65: 129,78,139,183,49
66: 37,131,134,149,152,156
67: 17,91,237,134,149,0,206
68: 95,9,159,188,138,225
69: 53,18,224,143,195
70: 64,98,137,241,145,147,213
71: 34,248,110,188,212,152
72: 61,191,233,9,110,155
73: 27,160,163,94,178
74: 166
75: 253,30,169,251,174
76: 174,136,3,30
77: 50,247,46,172,26,177
78: 4,139,255,183,239,65
79: 90,162,186,87,144
80: 92,120,242,192
81: 89,232,117,184,5,198,216
82: 57,10,158,218,112,146,201
83: 6,203,197,51,221,253
84: 143,200,125,246,206
85: 52,217,154,15,125,153
86: 22,192,219,207
87: 35,144,209,222,79
88: 28,245,224
89: 103,218,232,81,5,198
90: 79,129,235,162,186,210
91: 17,67,237,134,0,164,161
92: 80,242,148,60
93: 25,47,182,244,229,35,144
94: 50,247,178,73,163,190
95: 55,68,150,188,225,250
96: 254,130,165,237,10,164
97: 236,133
98: 15,64,70,137,189,241,153
99: 141
100: 256,107,41,128,241,145
101: 222,250,104,2,150
102: 28,217,154,7
103: 89,158,218,146,5,142
104: 44,162,210,2,101
105: 128,64,170,189,8,37,156
106: 45,173,26,133,172
107: 29,234,256,41,100,176
108: 118,178,179,119,12,220
109: 114,251,181,205,135,238,122
110: 34,71,9,155,188,72
111: 127,194,223,48,226,230
112: 254,196,201,208,10,82
113: 182,3,59,202,227,136
114: 31,109,23,205,122,58
115: 11,5,151,198,207
116: 33,24,59,135,202,209,222
117: 39,232,81,16,184,211
118: 214,108,179,228,220,249
119: 32,4,12,220,108
120: 22,80,242,48,192,226
121: 173,180,228
122: 58,233,159,238,114,109
123: 14,244,240,235,186
124: 243,62,21,167,213,137
125: 15,170,189,52,85,200,84,246
126: 32,249,13
127: 111,16,184,211,223,252,48
128: 105,64,241,8,256,100
129: 90,54,65,235,210,139,49
130: 18,195,165,237,0,254,96
131: 66,17,134,140,152,193,34
132: 234,56,27,44,2
133: 236,26,231,97,106
134: 66,17,67,91,131,149,193
135: 33,59,116,227,238,109,181
136: 76,227,113,3,30
137: 15,70,98,153,243,124,213
138: 33,225,238,68,159
139: 78,4,54,65,129
140: 131,193,34,155,19,199
141: 99,236,62,167
142: 11,5,103
143: 69,224,195,84,200,206
144: 87,35,209,79,186,244,93
145: 70,241,147,50,41,100,190
146: 20,201,103,158,82,36
147: 21,213,177,50,70,145,190
148: 6,92
149: 66,246,67,37,134,156,206
150: 55,95,56,2,101,250
151: 38,115,11,168,207
152: 66,131,156,8,34,248,71
153: 15,98,137,7,243,85,154
154: 102,85,217,7,153
155: 34,110,140,19,191,72
156: 66,37,149,152,105,170,8,248
157: 39,19,40,199,232,191
158: 103,57,218,82,146,201
159: 9,68,138,238,122,233
160: 73,27,12,44,171,175
161: 40,164,199,17,91,237,193
162: 104,90,79,186,210
163: 73,27,41,190,94
164: 57,10,40,161,91,237,96
165: 42,18,130,254,96,166,196
166: 74,254,196,208,165
167: 243,62,124,141,43
168: 11,151
169: 75,253,174,51
170: 105,125,64,189,246,37,156
171: 44,54,175,210,160
172: 46,77,228,173,106,26
173: 45,121,106,172,228
174: 76,75,30,169
175: 54,171,12,160
176: 29,234,56,256,107,215
177: 26,21,147,231,50,77
178: 94,247,108,179,73
179: 247,46,118,108,178,228
180: 121,13,214,228,249
181: 30,109,251,205,59,135,227
182: 47,113,93,35,202
183: 239,78,65,187
184: 127,211,117,81,198,48,216
185: 14,187,240
186: 90,79,235,162,244,123,144
187: 49,185,240,183
188: 55,95,71,9,110,68,212
189: 15,105,125,64,98,170
190: 41,163,147,50,94,247,145
191: 16,61,72,155,39,19,157
192: 22,80,86,120
193: 17,131,134,140,19,199,161
194: 111,223,23,230
195: 18,69,130,143,0,206
196: 112,254,166,208,165
197: 83,51
198: 115,5,89,81,184,216
199: 19,40,157,161,17,140,193
200: 52,245,125,224,143,84
201: 20,112,146,208,158,82
202: 35,59,116,209,113,182
203: 6,83,60,221,23,230
204: 53,42,18
205: 31,114,109,251,181
206: 246,67,149,0,143,195,84
207: 38,115,219,151,86
208: 20,112,166,196,201
209: 87,35,24,59,116,144,202,222
210: 104,44,90,54,129,162,171
211: 127,16,184,252,39,117,48
212: 55,248,71,188,29,215
213: 62,21,124,147,70,137
214: 118,228,180,13,220,249
215: 29,234,56,176,55,212
216: 22,48,81,184,198
217: 28,102,52,85,245,154
218: 103,57,89,158,232,82
219: 38,207,86
220: 32,119,249,214,118,108
221: 31,253,23,83,203
222: 87,101,24,116,209,250
223: 58,111,127,194,252,23
224: 53,69,143,88,245,200
225: 33,24,138,250,95,68
226: 120,242,48,230,111
227: 59,135,113,30,181,136
228: 46,214,118,172,179,173,121,180
229: 14,25,93
230: 242,226,111,194,23,203,60
231: 236,62,26,21,133,177
232: 39,89,157,218,117,81
233: 122,58,61,72,9,159
234: 56,107,27,132,176,215
235: 90,129,186,49,123,240
236: 62,133,141,231,97
237: 67,91,0,130,96,164,161
238: 33,135,138,159,122,109
239: 183,63,78,255
240: 14,49,123,185,187,235
241: 128,64,70,98,145,100
242: 80,92,120,226,230,60
243: 124,167,43,7,137,153
244: 123,186,35,144,93
245: 28,88,52,217,200,224
246: 37,149,206,125,170,84
247: 50,94,46,77,178,179,190
248: 71,212,8,29,152,156
249: 126,32,220,180,13,214,118
250: 101,24,222,225,95,150
251: 31,75,253,30,109,181,205
252: 58,127,16,61,211,223
253: 221,31,75,169,251,83,51
254: 112,96,166,196,130,165,10
255: 63,32,78,4,239
256: 29,107,100,176,128,8